0 0 -2.4872882849786846 2.1183174189510963 1.7135198374370966 0
0 0 -1.6279585597507158 1.244545144467029 0.4069004294313532 0
0 0 -1.1820115076881161 -0.15171115553903602 2.014875120265483 0
0 0 -0.5562631050973481 1.1650444980135148 0.4914475601354128 0
0 0 0.26511232993704636 -0.11416226406532082 2.048833313520704 0
0 0 -1.8917674919406426 2.087581169038385 1.6134061403104558 0
0 0 -0.25486203145077146 -0.5257802525403568 0.4816148712277275 0
0 0 0.41637577305272266 -0.5756088614066424 1.91071203038641 0
0 0 -2.6377606431980896 -0.15850050594292275 2.045815218632433 0
0 0 1.7169916344747067 2.0677937176504555 0.936337008017648 0
0 0 -0.4620310162540977 1.8103539033457834 2.044370664752153 0
0 0 3.1000106773279237 -0.5725260378824335 1.2029574402545604 0
0 0 -0.5900473724434718 -0.5920191522778129 1.2990034204552205 0
0 0 -0.9487075821136028 2.127216367251424 0.44566792858496007 0
0 0 -0.675990840487485 1.4369287476360444 0.4037939439230429 0
0 0 1.2744685214379752 -0.38366396704681316 0.417921576673848 0
0 0 -0.6038532939427563 1.91939297162118 0.4134588904943598 0
0 0 0.25611108692199336 -0.11157009213711655 0.43061374714311407 0
0 0 -1.1769681109533607 0.11924924037560469 1.971697650197164 0
0 0 0.8930066845572062 1.8863377910581607 0.476494193370294 0
0 0 1.5183512242637223 2.085564418337336 1.3271132486244466 0
0 0 2.7753349947770793 -0.6069283710236482 1.0022880339532891 0
0 0 -2.72969825967889 1.0858767548593395 2.0032554130239086 0
0 0 0.5463290609678557 1.3853337002439228 0.4416250166042319 0
0 0 -0.5407734213542552 0.9549247579093914 0.4997681573838729 0
0 0 1.3202778661427965 -0.6255068980060741 1.3674234626510051 0
0 0 0.48894392341182513 2.126974171354572 1.0205810932115846 0
0 0 -0.7522022162045761 -0.5546254589005468 1.7009325453663682 0
0 0 -0.8419892710443824 2.1107029891440625 0.8687891481776888 0
0 0 0.4408936508932313 2.1379006842448556 1.5186221216398499 0
0 0 2.527158162803432 1.8321357215619754 2.0081633571349498 0
0 0 2.3835826598552385 -0.5754947165591824 0.8739804287860983 0
0 0 -2.0797203677589335 -0.6363615330923222 1.5417495724398957 0
0 0 2.7195647720992033 2.0812748511874775 1.3153492040170542 0
0 0 2.84929170785336 -0.6092310189926837 0.5278363728204513 0
0 0 -3.1365551560597273 -0.19423031035710836 2.046185299686138 0
0 0 2.752144662398142 -0.5960578895924553 2.0151589973995927 0
0 0 -0.5722711024694025 -0.4157572527831572 2.0181771477114774 0
0 0 -2.3327002861186332 -0.6335434172648984 1.9967285504535643 0
0 0 1.3004244687762432 1.5163534126608156 1.9754984476127264 0
0 0 -1.7362623550773058 2.0857661186824084 0.6409795816861461 0
0 0 -3.0861206909632246 2.1048223829679698 1.7757272958601207 0
0 0 -2.4091178794982744 -0.558786138756078 1.0518676232663648 0
0 0 -0.3664973516396399 2.1375967608470674 1.4051707158875721 0
0 0 -1.7620196755787876 -0.07407482388597164 1.972386319140263 0
0 0 2.4362483211873593 0.6192299318534145 0.42246804175765884 0
0 0 2.1207111774941243 0.6150438810671517 0.4694071248725923 0
0 0 -0.830619461572581 0.999795176935923 0.4562268076446586 0
0 0 -1.34165711003802 0.8757484403497635 1.9928781193395597 0
0 0 3.061602546309353 1.0505386231887732 2.05083741542658 0
0 0 0.5327262937187025 0.7023605483510029 1.9878786144157998 0
0 0 1.3792334363708783 0.40065544872469716 0.5029077731779156 0
0 0 2.1189144519955834 -0.6164020903378551 0.6601006369384412 0
0 0 1.905515411803635 -0.006773758264030039 0.45585918208285825 0
0 0 1.4440717436725796 0.2803639674050502 1.95670851662043 0
0 0 -1.88745378137591 0.1606589088946545 0.49809790796551334 0
0 0 -1.4195547224735205 2.143366013934792 0.85946576005892 0
0 0 0.4282510145460643 -0.5746855552097878 1.037946629879225 0
0 0 -0.10308340003450311 0.2405348211237507 0.4430020433260513 0
0 0 -2.1805505204180076 -0.6075293041161687 1.199619122942643 0
0 0 1.0778623637889622 0.21819579883635343 2.038607341986216 0
0 0 2.040422334656051 2.0692776317867416 2.052663978078236 0
0 0 2.4715963267024543 0.1265522773913489 1.9931114444464955 0
0 0 0.8919682767926274 -0.3861371756271528 1.9628767561226197 0
0 0 -0.3836147082516974 0.5878545170303753 0.42451445216104855 0
0 0 -2.4127257795209833 -0.6303865211302309 1.8260049534603622 0
0 0 0.43956864668968754 1.461541705729666 0.49869754784849385 0
0 0 -2.685675469927219 0.8230282287752708 0.4299774889480018 0
0 0 1.1074061858959254 -0.6452050924702546 1.6980176257371034 0
0 0 2.1256790893512525 0.415435262319242 2.0512119888545595 0
0 0 -2.5336677056695405 1.9861198777438986 2.016945768165408 0
0 0 0.16403631606024582 0.881673340601951 0.43083404359232547 0
0 0 1.5151652409881935 2.139904606771708 1.8557217065057248 0
0 0 -2.1662584021332147 0.3206841265981485 2.0410954414142113 0
0 0 -1.2783061441722603 -0.41894401501495104 0.5020662274870541 0
0 0 0.6695491324693528 1.678267619082362 0.44533676526645183 0
0 0 -0.6953540864760983 1.70433717231288 0.4914281433422717 0
0 0 2.7671369084491406 1.8833631613697095 0.44673915599160463 0
0 0 -1.7333843243583293 0.728721906027719 2.0331767636475075 0
0 0 0.10145881046066307 -0.19654785017275822 0.4996861462325808 0
0 0 -0.15411960246097722 0.6215734225729344 0.46225979521597504 0
0 0 2.154787585641338 1.7210376935906526 0.43481872106190866 0
0 0 0.19670907237946667 -0.6105363618277355 1.5261924164733265 0
0 0 1.2575181480429896 0.4999633473224341 2.02988166446136 0
0 0 0.9792808196609224 0.5065984923764515 1.9555769960184746 0
0 0 1.9282789281246417 -0.10126214065227634 1.9716677053734484 0
0 0 -2.120297506513828 0.22590993116358826 1.9791981345732506 0
0 0 0.43596742565346025 2.1153453748610653 1.984280206425276 0
0 0 2.5268003982704057 -0.37201599350726733 1.9695209247977232 0
0 0 1.771744498404023 -0.1269418182759824 0.47173707837068957 0
0 0 2.538199362458667 1.6823597230804384 0.4876861928038241 0
0 0 -0.8626008915933099 2.1449288909269053 1.6358327051897992 0
0 0 -1.5245993148686514 1.212112860987692 0.4451116556793331 0
0 0 1.0823848794593696 1.8040600822018715 1.9849495179632897 0
0 0 -1.2189306125198018 -0.6078657445975013 1.8608829116883825 0
0 0 -0.2284653963167571 1.5905595252660458 0.4839081138500315 0
0 0 -1.0209781130553575 -0.60531694913259 1.442216107403227 0
0 0 1.3657803370924588 1.2607511203402912 2.0269961054492533 0
0 0 0.788870036232387 1.7457908877365502 0.4139125309197509 0
0 0 -1.8156003698621908 1.2920201057168252 2.038610793059089 0
0 0 -0.042082555118145404 2.091663910120846 1.020524658503953 0
0 0 1.8517668187631866 0.4812335635206637 1.9844395473452716 0
0 0 -1.1896705306754445 0.4596137677166061 2.0508929381471432 0
0 0 0.8729376309190773 -0.05632411539992466 0.4153371948464488 0
0 0 1.1480725724753196 2.072880953255808 1.6989632130181447 0
0 0 0.7963498755982097 -0.6379405690902482 0.8678550904148126 0
0 0 1.1289564724918657 -0.6018566649246395 2.0028042776457005 0
0 0 1.1658189051246088 0.4344011208017976 2.033865022110972 0
0 0 -0.744681904566439 -0.6282729617146943 1.9580615168390554 0
0 0 3.074587442127867 -0.4290579318652443 1.9546395121160454 0
0 0 -1.7302002022997058 -0.6495504565719668 1.6433989783613416 0
0 0 -3.0334237479272064 -0.6036274951451288 1.8073441043013985 0
0 0 0.13771784656933628 -0.20129871275014377 2.0472918753515073 0
0 0 2.3179923807671114 0.15408933657470247 1.9820850131200995 0
0 0 2.031131246739937 0.6925391682412545 0.4423369657910551 0
0 0 -2.329045172563705 1.152527191875221 2.048984862822031 0
0 0 -0.17808757624118732 1.5076264058943434 1.987361908163631 0
0 0 -1.31296109886936 2.0819210573197022 0.9445952464636794 0
0 0 -0.8961012337869119 -0.6228025054438406 1.2738114949894004 0
0 0 -0.2822676940208413 -0.4684513997651498 0.4723225487346143 0
0 0 -0.5192505302345665 0.17115740430073667 1.9847304459941548 0
0 0 -0.44412968766701866 1.5548029459958463 1.9982581447134042 0
0 0 0.5619282799375838 2.0689158774244376 1.6376167051247161 0
0 0 -0.5658401253532355 -0.4022141346399619 0.4109649440436032 0
0 0 -2.90199148323314 1.8772426897791858 2.0076250708814025 0
0 0 -3.0412754905354413 -0.5645685838037369 1.9044982970965225 0
0 0 -2.1057043014761825 -0.6109695806479691 1.9967911218816488 0
0 0 0.3598374288591679 -0.3357808797835373 2.036784825056594 0
0 0 -2.094043194310731 -0.18148616067150902 0.40747738995394733 0
0 0 0.1787496323283726 0.6343188718896768 0.48030463120997313 0
0 0 3.042344374463605 1.9477429181890382 1.9753673352146337 0
0 0 -2.039339671984127 0.26934134659145437 0.4614674298976401 0
0 0 0.8778587471827333 0.05932745093447178 2.0213577436636503 0
0 0 2.9020682882936315 -0.5663791594351504 1.435595254150002 0
0 0 -2.153917284784433 -0.5964536449920301 1.1545107007578854 0
0 0 2.9050752541064124 1.2896616910126224 0.42581619372225465 0
0 0 1.7732155797129927 -0.45930356447164766 0.4371281731987897 0
0 0 0.4924253959213134 2.0964283973046314 1.29381114209575 0
0 0 2.769624169080892 -0.6418069280467125 1.5582092551328726 0
0 0 2.806898890290701 2.067474310338681 0.892292868802329 0
0 0 2.8638542181635245 -0.40288602324159606 2.020727631177492 0
0 0 0.674487128551077 1.85418925086965 2.0388165889057825 0
0 0 0.10669382772447555 -0.579946559656179 0.9011348083187143 0
0 0 -1.151601809155324 1.293983062281294 2.0187991454050414 0
0 0 0.8039733998796654 -0.557035896788534 1.5570258143181321 0
0 0 -2.284867996630665 1.3190282144239942 0.42158467464549654 0
0 0 -3.0497965983826085 -0.641239506082729 0.8574454136641225 0
0 0 2.052223713545514 -0.6158540956760858 1.8558049504599534 0
0 0 -1.242993286021163 -0.29784159483658534 1.9605458760103567 0
0 0 -1.778523873107522 -0.6226656008728046 1.9084641117453904 0
0 0 2.5853220795299148 1.4502981265719603 0.47064928503058656 0
0 0 -0.694684313719653 -0.6271352130015704 0.9419771298019108 0
0 0 -2.405712391860837 -0.029501262790163185 1.9770038434228607 0
0 0 -1.4791993623327242 -0.15965571332026507 1.9632506776654937 0
0 0 1.1978344166136932 1.9845695048095024 0.45197539227767625 0
0 0 -0.17747069026117224 -0.6267174388913441 0.4968286569966638 0
0 0 -2.1657945539464327 -0.5886686290702958 1.7741609900951227 0
0 0 -0.42815251156041034 1.834057856798932 1.9616533523487696 0
0 0 -2.3017036495651393 -0.6074793731140324 1.9738170831537494 0
0 0 -0.17846410140663194 -0.30534053506062575 1.9604909523524277 0
0 0 -2.764425295851534 0.4683158205112763 0.4325196330713188 0
0 0 0.9546327703950919 2.1415130776149276 1.481583916244809 0
0 0 0.8673129164181042 0.8241937048648647 0.43077670774247423 0
0 0 -1.824250789505292 -0.45258773868964597 0.4140286247538918 0
0 0 1.483988177376558 2.0930583111861942 1.564605306671492 0
0 0 -1.9421473835765926 -0.6330765629184316 1.0570530751482288 0
0 0 -2.0816064164261023 2.083295272208911 1.3349310007308572 0
0 0 -0.9962140213115593 -0.6312110869495526 1.82483630186429 0
0 0 2.564294988739654 0.1469148337013667 0.46892920101772995 0
0 0 1.5976328272075095 0.058993760290028674 2.033777966305017 0
0 0 1.4586414278441158 1.0770615621832285 1.9907549505513993 0
0 0 1.9899048496418628 0.13830932520922135 0.4532010136574236 0
0 0 -2.8995091533783905 0.10434253339759958 0.46336097900317164 0
0 0 2.2459094403681155 2.1362712314487555 1.342600838094273 0
0 0 0.7508445292204415 1.7822111070727165 0.4720356232668531 0
0 0 1.1562049112703816 -0.39350557211818304 0.4754119527912396 0
0 0 -0.05424346427624016 0.024209238576687553 0.5003693139289209 0
0 0 -0.49781569574149387 0.6202562783576162 0.4109864195951366 0
0 0 -3.03459324030137 1.7939840055572362 1.9621901856542403 0
0 0 -1.2616875079092433 -0.168223979572105 0.5008614846278684 0
0 0 0.05575279167944336 0.2507990331666067 0.4857716788874158 0
0 0 -1.8670088074333864 1.853877498185905 2.0167840834658772 0
0 0 1.3916378471817668 -0.6387633223706297 0.916162556682146 0
0 0 0.12076843977827556 -0.5683402952723615 1.907084881535899 0
0 0 2.9412599123021437 0.2662004513267572 0.4286143519951796 0
0 0 -0.0007997897786218289 1.4318427172496266 0.4196703262623279 0
0 0 -1.5657930283260793 0.1198713387763829 2.0384496437646797 0
0 0 -0.07051865567896476 -0.5545113125703494 1.6090635898474017 0
0 0 0.1484362843983078 0.47623478797734276 0.437210800665342 0
0 0 -0.408014566790448 1.7553368338415931 0.4183969255029061 0
0 0 2.1586404321584842 1.5896513934429464 0.49792289262910483 0
0 0 -0.5162496702318915 1.9525999579438233 1.97066415960176 0
0 0 -2.5498710521341614 2.092497244717779 1.2254361987039721 0
0 0 1.4332682695561392 -0.6306439300421554 0.7251348681547058 0
0 0 -2.0110805021617058 0.5502058982836429 2.0153364421482265 0
0 0 2.265242683426294 -0.6341025930885245 1.497762233792644 0
0 0 -0.3934538174375817 1.445366785301674 0.49408063987207207 0
0 0 2.3302618299091407 2.0023482855239827 1.9941905958264625 0
0 0 0.5852289110176891 2.1188156882303693 1.0391219191113605 0
0 0 -0.23698775449014464 0.12082496781470187 0.45734189795523106 0
0 0 2.8364385560917658 0.8909669985960207 2.0298412651516053 0
0 0 1.721452212911954 1.43814734844888 2.0341064682528396 0
0 0 2.8804047717592507 -0.6460494840996753 0.6720820476049695 0
0 0 -0.3160211944872229 -0.5568791650253824 1.0143084644250344 0
0 0 -1.1731309415694346 2.104491503105389 1.9626936604583765 0
0 0 1.4247012401058718 1.5223755722347099 0.47619959532824463 0
0 0 1.8596352677098107 -0.5763397554811038 1.7632787627677429 0
0 0 1.457209400745386 2.1303905076480816 0.6624361907654848 0
0 0 -1.5521744876743582 -0.646474667582063 0.6080532438888557 0
0 0 0.799658495367467 -0.5635443079107332 1.3128032755822048 0
0 0 -1.3419848749529784 2.0838592016142172 1.2025850207602622 0
0 0 -2.1013833094604237 0.9200934702113883 2.037070737311988 0
0 0 -2.6492914619560612 -0.4836908397234485 1.994946727746095 0
0 0 2.4861657946682953 1.4105072026093766 2.007119465832295 0
0 0 2.017823433123257 0.5097941494144151 1.9985144900699674 0
0 0 -1.8970556833366792 1.2490822051870802 0.5002727300934046 0
0 0 -1.8180448638256916 1.3481772302937187 0.4541643744379381 0
0 0 2.1770379216796387 0.25197794443084 0.45711710064116173 0
0 0 -1.0045681846091425 1.6287610405804445 0.5000078361793121 0
0 0 0.5974114478278021 -0.6361031334999756 1.3283136638698807 0
0 0 1.3560817057671697 -0.28603265939033107 2.0418352188419844 0
0 0 -2.848358438755618 1.2511656754114424 0.41437033678566815 0
0 0 -0.059699064524116 0.7832586022619752 0.40833489464960704 0
0 0 -2.186389375884638 -0.6110665801022201 2.0150951233012706 0
0 0 1.2187497316551523 -0.22868017756474845 0.47345788525320653 0
0 0 -2.31182273879409 1.8818086087140384 2.049461037548435 0
0 0 0.6970497425988236 0.1744811053994464 0.4517205477449475 0
0 0 -0.5757251188427333 -0.2981012140179322 2.0397744052332216 0
0 0 -2.6368877283088743 1.1703757820829894 2.0391448515254744 0
0 0 -1.8006385414116644 2.0847904689318097 1.4754300313879432 0
0 0 -3.1108612454801037 2.0514330236018523 1.1449353074635122 0
0 0 -0.35937035653631044 0.7515018671183582 0.4431620626958661 0
0 0 -0.42850463414437456 1.1034302354725911 1.9655703581983759 0
0 0 0.8338131276457865 2.136960368645681 1.2719807260473486 0
0 0 -1.8265849384308686 1.8924434671102557 0.44745845669640827 0
0 0 -2.336416684743821 2.0699898533191368 1.6389434727578611 0
0 0 1.4986911336367017 0.20572942257804894 0.41899779677517845 0
0 0 3.1297258463607065 -0.2254159209722717 0.4567501754807647 0
0 0 -1.650282554726745 0.4217715137081335 0.42051209691804026 0
0 0 1.4022211527655335 0.5937840323165999 0.42656419183349414 0
0 0 -2.287587840205987 1.5756489079495333 1.9556332754781658 0
0 0 -1.9386765688140695 -0.3048007981571501 2.0283160919864107 0
0 0 0.9772809021845346 -0.2977465127192169 2.004492190425589 0
0 0 -0.7070033894232806 -0.5576274494606661 1.2706901143178633 0
0 0 0.05783450816694291 0.77850278581467 0.4452630705961572 0
0 0 0.5619005714740353 -0.5637316909767236 0.5566308019950376 0
0 0 -0.9641273491563083 2.0566109413786107 0.7101121922971683 0
0 0 0.5568562079773334 1.475767863963411 0.4798411237192841 0
0 0 0.8402470158951743 -0.5566701422009528 1.6685956112562383 0
0 0 3.0705031425570546 2.078713256980671 1.7285367538596157 0
0 0 2.6204215984278942 0.622986364927038 1.99121065001603 0
0 0 -0.8865930602188423 -0.6132984345720289 0.7923760146559915 0
0 0 2.387305862782922 0.0007105394517330499 2.049606678558383 0
0 0 1.7597020678812454 -0.40001922704447757 0.40788322373928976 0
0 0 -1.904542449440116 0.36880046741925454 2.038535725350033 0
0 0 -0.41390797520974587 2.083068651250159 1.6698040200182795 0
0 0 2.9926815521212573 2.141876179894224 0.6726791172561932 0
0 0 -0.8549343350232621 2.082203572839532 0.8801755640701605 0
0 0 -2.595641259490104 1.025880062352184 1.9819885975677347 0
0 0 -0.8986152901271671 2.1414347232760083 1.4836505323882287 0
0 0 0.03924295384241905 -0.07345985009780542 0.4049564432680005 0
0 0 -2.7051810284106264 1.4876849569160433 1.9966428581334688 0
0 0 -2.862085236078083 1.2364680371868204 2.011034953085483 0
0 0 -3.0850907361160242 1.6739164667771573 2.0251869319090248 0
0 0 -2.635627459075046 -0.6325918521854441 0.5325206656741565 0
0 0 -1.365689066806051 1.922810953914923 2.0086503091795267 0
0 0 1.7153412398500638 0.44594818284846405 1.9841490158113524 0
0 0 -2.3225177646715167 1.5445292023668273 2.0165445753161717 0
0 0 -1.6931001664209187 -0.6419214374922038 0.8065599113329689 0
0 0 -1.9224528740835383 2.0675221122493035 1.538730646170272 0
0 0 1.901517049481595 -0.603076540089476 0.5228781394447888 0
0 0 0.3644980015575201 2.0465385450952933 1.979651942657187 0
0 0 0.05713314355592791 -0.6403214693425785 1.6560165464498042 0
0 0 -1.0120570496017156 1.6550289761512091 0.46279081641714404 0
0 0 2.6739109265736234 -0.5803875470565651 1.8377736110824976 0
0 0 0.849435621742384 1.707469929266143 0.4387868767589418 0
0 0 0.8600889815196728 -0.03951667696829053 0.4256853242534724 0
0 0 1.4297136109517972 1.1068425026732247 2.017417238699121 0
0 0 1.7082471201301024 -0.44709668634023036 0.4411803674945364 0
0 0 1.022063277835902 0.3755881051762959 1.958333593518522 0
0 0 1.4312558999090221 -0.5971359796328706 1.127631548598922 0
0 0 3.1343073196392215 -0.5752333091791562 0.8991593465366572 0
0 0 1.4440895392436817 1.14431602206155 1.954174830626186 0
0 0 2.5530110942532804 1.9848910666271402 0.4762742673156841 0
0 0 2.135764763446634 2.116171348388096 1.0416519828617656 0
0 0 -1.4346797207290125 -0.3903605994819881 0.4408169689435659 0
0 0 3.018443499606793 2.112445122956991 0.955724730882384 0
0 0 2.240918117465111 2.0670888030695815 0.8012457331219948 0
0 0 -2.8468622249915363 1.9497691346565607 0.4730972869715374 0
0 0 -0.21432687590839583 1.0984595797433434 0.45911716615785025 0
0 0 0.24326868989202044 1.6961041022822962 0.40536362839310525 0
0 0 -1.2397294647147339 2.1014980290527983 0.8852249918367247 0
0 0 -0.9280800671627332 1.6981946614035632 0.48470424872648066 0
0 0 2.663851538099113 -0.6337171208710026 1.3128678910087244 0
0 0 -2.3215544464499502 2.0602653916135933 0.642921247202084 0
0 0 0.7224947238095525 1.732727162833427 0.4868729365629788 0
0 0 1.803601598230948 -0.16266273456762448 2.002429123035406 0
0 0 -0.6556825522543068 1.246601818413922 1.9909112311336716 0
0 0 -1.370471250387857 1.491197308001195 2.0506608294016475 0
0 0 2.3358249360348182 -0.6139887793428616 0.9318982027046052 0
0 0 2.183367901987064 -0.5915548901617875 0.8418436058863975 0
0 0 -2.560002262056507 1.0833257041087418 0.42862769882361085 0
0 0 -0.466251790815964 2.0800305573318516 0.5942511622445326 0
0 0 -2.3848872527736633 0.2702776241579127 2.0460939075579145 0
0 0 -2.353350909698992 0.3276953691221193 0.5012937720703021 0
0 0 2.2539774701576745 2.090819907705591 1.8807086597150964 0
0 0 1.6181991868293881 -0.5550690441175863 2.016961324127935 0
0 0 0.32319283140731825 1.6613169361553715 1.9972389516153302 0
0 0 2.242759513061638 2.0600058106786845 1.861732701643208 0
0 0 -0.9635768078799618 0.7264445412179827 1.9964078742475944 0
0 0 1.1766890498062663 -0.6374058887603089 0.6974538609280685 0
0 0 1.2114512270890652 1.8847632928435678 0.4032957621083346 0
0 0 0.048981801407705916 2.1087981774004807 0.47931913063125353 0
0 0 -3.008180970057979 -0.11588221008717492 0.47331177565881777 0
0 0 1.0215546963027862 -0.6400131764242163 1.50321229918664 0
0 0 -3.102432654754374 1.3522239843166095 0.46813298181068785 0
0 0 -0.7632012435305358 0.09252184554015308 2.0254676002378686 0
0 0 -0.24767682129204704 1.1936457413367003 1.9612150325656623 0
0 0 1.7939454647126887 1.9932987864610239 2.0126537185650335 0
0 0 2.3694302158479603 -0.2142707272683293 1.9979498693525546 0
0 0 0.5412646927330882 1.5486235972632676 0.49239545188123635 0
0 0 2.8649926644480184 -0.5957258962572012 1.5685765361359514 0
0 0 3.0016236511393544 1.2133409971971771 1.9703844207876817 0
0 0 -1.717965841456734 -0.03787322768047241 1.9921986500001652 0
0 0 0.5033117009388937 -0.5649251305716567 0.7966839635355121 0
0 0 1.4119736021141538 -0.5639791733672668 0.44606940006626206 0
0 0 -1.8173750823779655 -0.11282244304551914 1.99119518647081 0
0 0 2.730293514569018 1.7744458350410686 0.47811732125233997 0
0 0 1.0762260350824642 1.4739990651739385 1.9619823036514341 0
0 0 -0.31407901106110714 0.19346915565847045 2.0133494727818606 0
0 0 0.9004226007867322 -0.312158187668262 0.4180725387741515 0
0 0 3.051189724859425 1.4364942747857277 2.0280145687954283 0
0 0 -2.9055957632256666 2.1332670205688338 1.2310117186092655 0
0 0 1.4996130303688373 1.5001577674450333 2.0497710223700722 0
0 0 -1.7657998485056736 0.919737848420944 2.0176189643377325 0
0 0 2.3883964856089044 -0.5044102423987471 1.9967460854323427 0
0 0 1.5241353302391092 -0.5651561279957493 1.6790619848598864 0
0 0 -1.5279660459497542 -0.45788566522332297 2.049688372115011 0
0 0 -3.0260255277913566 2.1445253541115608 1.01220967203577 0
0 0 1.1826623118738882 0.5094962362557918 0.47786806439694074 0
0 0 -0.9745810044478285 1.8552678053330205 0.45694644396784445 0
0 0 2.493049534451772 2.1429784405493457 1.7718100817135145 0
0 0 -2.1133298749810647 -0.1816831280970349 1.9592776116142834 0
0 0 0.3748237850770022 2.1461564986685624 1.3539361355112691 0
0 0 -2.593270277935249 2.100337505905802 1.424862120943587 0
0 0 2.8234469565202662 1.515953643060305 0.482448688326924 0
0 0 1.8717287971703591 1.6178391338472549 0.497621925382131 0
0 0 -0.40902529187691217 1.8452576951849011 2.0092403899341984 0
0 0 -0.5089519345017983 0.22385736093042308 0.41812543672845526 0
0 0 0.16843921024447628 1.6532565178898169 0.48564364908092217 0
0 0 0.17305445373254624 2.073323116089193 1.1374351567012977 0
0 0 1.7106867808465829 2.0569793765165434 1.3106375106385941 0
0 0 -0.972253701999032 1.21320479822705 2.041308475029727 0
0 0 2.338312738833489 0.21258950745515104 2.0106057581153824 0
0 0 0.33017236404806605 1.910102565322022 0.44563461394094206 0
0 0 0.4154895644251715 -0.12581796160900383 1.9881548133012905 0
0 0 1.7674817771879132 -0.24230081505490886 0.4356133442550193 0
0 0 0.3180515866079352 2.083195273690494 1.1788267038194558 0
0 0 0.14659149907445546 -0.302764900440748 0.4240968412599042 0
0 0 -2.3203373086738286 2.1187252220626176 1.893437661643068 0
0 0 -2.3311310146160036 -0.5925041649173208 1.2147277002141452 0
0 0 -0.9374693065412578 0.9250264125058649 1.9561174591658093 0
0 0 -3.0441139579187846 1.627224027686889 2.0348970286092083 0
0 0 -2.09858742669707 -0.5234884890034401 2.0082109822569056 0
0 0 -2.167713074702745 -0.5402845017512146 2.027382045476798 0
0 0 1.1975395854168918 0.5376540615254346 2.0230717488748535 0
0 0 1.5036503206557539 2.092460337490042 0.8635345055711707 0
0 0 2.976956648221501 -0.5879857876676924 1.1606849378976007 0
0 0 -1.2630041617619705 -0.6285317180813583 1.1499319159312198 0
0 0 0.34995216448640853 1.687543754607596 2.028977093406363 0
0 0 0.12154523454296351 -0.6006793917906228 0.9527360073775337 0
0 0 0.7653516163921239 0.6118694012674435 2.033667458460711 0
0 0 2.5708695985010133 0.6716133889752733 0.4419827509608233 0
0 0 -0.22180658861068814 -0.6113915058143318 1.2088171786719402 0
0 0 -1.8213789325417014 0.7613111785601847 0.4559752959247587 0
0 0 0.9578081281859987 -0.04164815711346026 2.025774256589084 0
0 0 -0.263920607863696 2.113599526719715 0.9270888728962394 0
0 0 -1.4962588596042732 -0.5571231090885163 0.8430099469284476 0
0 0 -2.5065739025884612 1.6546182195128647 0.4315988316006766 0
0 0 -0.38070148824419014 1.6164387029305047 2.016869726792997 0
0 0 0.4180050686015204 0.5659623643961922 0.4277052358680018 0
0 0 1.4549715768584717 -0.5825414884271447 1.9025759508228632 0
0 0 0.4102645990056768 0.1977662796740174 1.967362613983664 0
0 0 -1.1954145715953866 2.1358568445740844 1.3306001396236153 0
0 0 -1.7397452779665092 0.842052063342573 0.41632855188927864 0
0 0 -2.4555492496928983 -0.5294170343177191 2.0126343375250806 0
0 0 0.7793426750790164 0.7206146365215349 0.4892353889503749 0
0 0 -1.798059851936999 0.5122699546864797 2.0191729083349936 0
0 0 -1.1183297308422415 2.0651475753365647 0.6881926838090675 0
0 0 1.5749215779144086 0.3149131860660028 0.4396625135705159 0
0 0 2.9761683078174848 -0.5647945415823765 1.788051458072164 0
0 0 0.47977236439038595 -0.4367296973909618 0.4995522524106847 0
0 0 -1.5976643215507296 1.035120271000127 1.9692194330854766 0
0 0 -2.487468743701288 2.1301158919144783 0.642228067495769 0
0 0 -0.6861358553775454 2.0531291177351125 0.5946156729404687 0
0 0 2.209065999722589 0.29603429823957983 1.9609336339364023 0
0 0 0.4891028858590425 2.103898362463594 0.4741698004081928 0
0 0 -0.18202713616832478 1.139617269548425 2.0232335728397075 0
0 0 2.3004288651847213 0.6255435852500861 0.4956987173581773 0
0 0 0.8220942360234056 2.134149261228214 1.6482155381497683 0
0 0 -2.3897230947155346 -0.14704271286277049 0.4758643024326784 0
0 0 0.841066302716929 -0.04549742217006669 1.9677945531476175 0
0 0 2.391417681451201 -0.23118871524685547 0.4858998593573445 0
0 0 2.8541703792903332 2.0420837813426216 0.41000070019963997 0
0 0 -2.982751186456945 1.970173447430245 1.9834911825346162 0
0 0 -2.8236031303555498 0.875771298832918 0.4588708671865086 0
0 0 -2.0127599701565235 1.3367657349047157 2.0458371066325673 0
0 0 -1.6633557969431425 2.1240439324301237 1.9754779795300808 0
0 0 -0.3087229041892523 0.9908891828436324 2.035458059555417 0
0 0 -1.6574379547557805 0.7522192321268464 0.4036424448210174 0
0 0 1.779520148621068 -0.06176748032710444 0.4629114208161266 0
0 0 0.9519451573856594 2.051065630306119 1.7475719453091167 0
0 0 -1.8746891447671938 2.070265990842511 0.5597409630363829 0
0 0 -2.923818964735769 1.3592528328805529 0.48425006144068805 0
0 0 2.5321770112832915 -0.42390747850376065 0.43071062952773576 0
0 0 -0.15380928356426793 2.073311010537024 1.2937366405124304 0
0 0 0.8684236364774662 1.1752113535541848 0.5003302880000545 0
0 0 0.9347976840888839 2.094638044361416 0.7492059173258176 0
0 0 1.6188646457736269 -0.16782757230746803 1.9548615511969063 0
0 0 2.3858841090768594 0.3206757428223518 0.5013852711043155 0
0 0 -0.9714099104563214 0.6225618591109008 1.9671931380162313 0
0 0 -2.5497462961615067 -0.5907086463737972 0.443223216187841 0
0 0 -1.1030483752979676 2.0768485754929884 0.6652201958103356 0
0 0 0.537276088185862 1.1602230430965697 1.9843565091970314 0
0 0 0.5978588795802038 2.062587691148454 0.5743221664434839 0
0 0 2.4939889287633026 -0.5659814162815808 2.0240493625247513 0
0 0 -0.310038756781176 -0.5884648228777671 0.4855019308709946 0
0 0 -2.1504586970243764 0.7953632084342954 2.0392274823172243 0
0 0 -2.8130810009535616 0.9714567429444214 2.020735454572214 0
0 0 1.6858235263751125 1.2030044175224213 0.4668652583311258 0
0 0 1.32774978674881 2.096268250248325 1.6988692128828662 0
0 0 -2.593877093953129 0.5650288782799822 2.0389794514166235 0
0 0 -2.9259714231717204 -0.5959901510276666 1.6177601590274102 0
0 0 -2.771729350953335 0.044311308071571576 0.4701706349123761 0
0 0 -2.149275917696582 -0.6317255068959562 1.2883687473189207 0
0 0 3.072603806099269 -0.19403695411688981 2.047235377794736 0
0 0 0.9358613290549274 0.9521197687384093 0.48910974825368925 0
0 0 0.34171500985962133 -0.6105146314057208 1.3440108267942286 0
0 0 -2.107624015107008 -0.5786294684655535 1.1252848331677512 0
0 0 1.9742054064294035 2.1192545879075526 0.6197388254972421 0
0 0 3.074707475117907 -0.4653080086928698 2.050056298796302 0
0 0 1.0128012489522291 1.5186946445502933 0.5005950026041117 0
0 0 2.544027833741179 2.1079135824869573 0.44145333015300237 0
0 0 -3.0721177336788412 0.20009057869731628 0.4151192157538741 0
0 0 2.457274511539656 1.978565010752036 0.4590857416191221 0
0 0 -2.297846053551629 0.8296461218462277 0.4717160568978245 0
0 0 0.6768936440576154 0.32892227229072557 0.4130412728194208 0
0 0 -2.0478004511942767 -0.6267296304618328 1.6268325376737236 0
0 0 1.9845903565396759 1.2144785769682092 0.427297297377461 0
0 0 3.083880734475329 1.061843509163573 0.4873755050103419 0
0 0 1.5001177113193824 0.8688072172944579 2.0521397057829835 0
0 0 2.2291572208488883 -0.6285696061131325 1.3409292409350084 0
0 0 1.0350133798860304 -0.5621298702203128 0.6753758055402216 0
0 0 0.8704876142818572 2.1482446189695494 1.5046285864924844 0
0 0 0.9914164630947484 2.070739485982788 0.6684661035547979 0
0 0 -2.8030029368164824 1.6622124621995662 2.0505088027424607 0
0 0 0.7238581649040752 -0.583217272580874 0.6335527049592257 0
0 0 -2.2523013151733604 1.1801663050987876 1.9835772621537495 0
0 0 2.4715246275565494 1.4350186209063636 1.9546229617652013 0
0 0 0.006639932713413899 1.1393521462592393 2.0088773253943364 0
0 0 -0.31405097849653263 2.0518957985829127 1.6691205176551958 0
0 0 0.01598491590251383 0.24047759045730654 2.008279181020105 0
0 0 -1.5797711368775098 0.9036912005117042 0.4756394942419687 0
0 0 -1.3960070056717824 2.070571147218675 1.8916793754282926 0
0 0 2.380167166201659 0.12770179674001148 2.003526325152499 0
0 0 -0.46031110864706637 1.4801398081769033 2.0187758017427115 0
0 0 3.0066773934163527 0.034636376933439905 2.0469958951929623 0
0 0 -3.0793364861581347 0.04909155103050988 0.4118914445622619 0
0 0 -3.0105883129934443 -0.604633167662685 1.890257909964539 0
0 0 1.3193899695130549 2.069066446232798 1.3534421971016757 0
0 0 -1.8471984762376754 2.13177047901289 0.8381061423865841 0
0 0 -1.8364823201733735 1.3213668753000405 0.4457329195298423 0
0 0 -2.0553038341898624 -0.5649302351993477 1.5867989369849236 0
0 0 -0.6070104660880671 1.8110732556996088 1.9772527557213355 0
0 0 -1.3760200115292562 1.565242343353172 0.48727265284459353 0
0 0 1.6367119763832259 2.0850914480181686 1.908813036920922 0
0 0 -2.923085046713143 0.15853963433557938 0.45669374636321447 0
0 0 0.6492991348635142 -0.6258804191638201 1.1313644112298684 0
0 0 0.9771469268502013 2.016572069537599 1.987178273173304 0
0 0 2.5491430854327346 -0.5726104712938596 1.7612962467159055 0
0 0 -1.8450388060924017 -0.2805425133308139 2.0111994121676515 0
0 0 -1.050489988481694 2.066956937658691 1.3668570691791662 0
0 0 0.13254608193495354 0.3526420057968671 1.9671269513676761 0
0 0 -2.2253712176553 2.137652776949901 0.589398226329293 0
0 0 -0.850816943215007 2.141920099100885 0.8354310258044786 0
0 0 -1.5560612359117871 -0.6228285294197147 1.7492333402686253 0
0 0 -0.4107596306541925 0.2338355472099347 1.9898533601353412 0
0 0 1.4982910622668069 0.7947999880421674 0.41552813741551575 0
0 0 0.4455460775350142 1.155755528071149 0.45513838262903095 0
0 0 0.49816821948920254 -0.39444245271167677 0.44992385163005955 0
0 0 -0.6505607343599347 0.5338587699465391 2.0069021278537855 0
0 0 1.2082698626896766 2.058084849079579 0.8906280241438681 0
0 0 -0.5815266237676036 -0.6106868956566904 1.844936486927894 0
0 0 -2.530574744039903 0.42555909485394716 0.46028687083901976 0
0 0 0.9436987218345463 2.075223802430763 0.603052730827147 0
0 0 1.2598306178020362 0.9689683770070736 0.4727475282216014 0
0 0 -0.8665825806964391 0.3266675597922577 0.4425219743659524 0
0 0 -2.487484923453573 -0.6343851481191316 0.8346718513633768 0
0 0 -2.9296085750298984 -0.6233453944282041 1.8671652491421724 0
0 0 0.1063780453060641 -0.5687530705895536 1.6524955954867033 0
0 0 2.492493707460003 0.4024070434107875 0.4633590556813729 0
0 0 1.0179949753891995 1.1324725745608166 2.013479378207115 0
0 0 -2.3179468798161547 0.6840120948765198 2.002168465912856 0
0 0 -2.03696407679777 2.092110014204213 1.20224354469448 0
0 0 -2.880544006199447 -0.15236296331453691 0.4487301036648621 0
0 0 0.16843003213446117 0.10134792677648397 0.4728031617802354 0
0 0 -2.052610745399418 0.5172237661525072 2.0397134538580914 0
0 0 -1.5327360022451826 -0.6313999517910078 1.000653594882415 0
0 0 -0.36803601069944625 0.08533323677656512 1.985204374857589 0
0 0 -2.635324111444159 -0.5629885927646618 0.9181118354898525 0
0 0 -2.4790983252159315 0.5036579129380572 0.45964596647871003 0
0 0 1.589244014170065 2.113145876359741 0.6510010176779271 0
0 0 -2.648413224591817 2.057742431838399 0.6492214721931049 0
0 0 -1.5998114989882637 2.083222707302806 0.8221016316782045 0
0 0 -1.7864419539955543 1.133355068362277 1.9631914874625749 0
0 0 2.3290606084270467 2.1010901277596297 0.8586138018810515 0
0 0 -2.546671120210585 0.7884291350933017 0.41348073193324586 0
0 0 2.262489123916093 -0.5968157290753706 1.3013946678490478 0
0 0 -3.0475469414059795 -0.6071668970667077 0.4262616172814313 0
0 0 -1.2958986070588305 1.7850959165827833 2.001208637425369 0
0 0 2.3646801138820237 1.895248473078709 0.4106010560769864 0
0 0 -1.1016045682942477 -0.30459346640330076 2.0228415870344283 0
0 0 -1.1963699463255355 -0.5008572948156056 2.0375430632930116 0
0 0 -1.0610218528492297 2.13446773585017 1.5091769824263621 0
0 0 1.2740669287006146 0.5593702281765203 0.40919307562372864 0
0 0 2.386354837508512 0.9902321027337972 0.4936979155591389 0
0 0 1.2956245548654843 2.0579697892333373 0.9524279341789942 0
0 0 1.8881370819488597 2.108004543322047 1.3421779221270878 0
0 0 -2.2973834237593245 -0.3708914502756604 2.0318901777586356 0
0 0 0.6275547347256372 1.473570967280833 0.4388247829817574 0
0 0 -2.714945006768187 1.7456928417310051 2.0395845324314523 0
0 0 2.8941861667577635 1.9728112318366617 1.9942401961156442 0
0 0 1.1353298018469857 -0.6346871245344234 1.4179820787669632 0
0 0 1.1087854938051613 -0.23639397366728532 2.027640426636874 0
0 0 -0.10271397854753772 -0.12600367471357998 1.9725846934410844 0
0 0 -1.6774510481625209 1.8986366684051734 0.5020255820468744 0
0 0 -0.7512137586572853 1.90352528371934 0.4048999987720159 0
0 0 1.8133601880866435 -0.6459017427642537 0.7968817340439904 0
0 0 0.736098965116506 0.01561227803144194 0.45564322530225254 0
0 0 3.132826260405168 2.063743418620965 1.1043697802393586 0
0 0 -0.6170989095069381 2.1017488723455777 1.2805051889084624 0
0 0 0.1453294904104956 -0.15409644930654098 0.4070728957811547 0
0 0 1.4738873955137466 2.0575831281999877 0.9526616940590104 0
0 0 -0.21930144697084408 -0.025781053696165457 0.47903282198621144 0
0 0 -1.9473124735187575 1.078850061990198 1.9533233129893404 0
0 0 1.7435461117153421 2.062354820837725 1.8858182154740928 0
0 0 0.1823928334199869 2.064210591781811 1.5853560264563504 0
0 0 1.6593148863156424 -0.6229104364603812 1.397894881650568 0
0 0 2.6460233005472764 2.1391225319554303 2.037580387947485 0
0 0 -0.2295007449793336 1.9855629739783864 1.973282608895952 0
0 0 0.5175229413352058 -0.1426731163448154 1.9897228801924634 0
0 0 -1.3313311347692238 -0.5987521714693529 1.6620811376417681 0
0 0 -2.1660333073016247 1.0557713615735516 1.9587151199524202 0
0 0 2.395196363577634 2.126048780509684 1.746535908229847 0
0 0 0.7368181188029759 -0.5846857342949816 1.8902040149054864 0
0 0 -0.5821681317897123 2.0576975677641403 0.7448106301948509 0
0 0 -1.6062962249494384 1.3494772988824517 2.02779166755379 0
0 0 -2.7289874298288614 2.070326404007991 0.7336084473728098 0
0 0 0.6618970868725791 -0.35482849986687937 0.502597446136477 0
0 0 1.268040089991307 -0.07118846442987703 2.0355623706214674 0
0 0 -1.6378359487503649 1.3992952397129175 0.4958790779583666 0
0 0 -1.3777219944896806 1.1689526079219206 0.46281293531253775 0
0 0 1.8254559099240275 2.082564060035664 0.6967775731880685 0
0 0 -1.9510931410575785 2.103846558700303 1.0807720227714004 0
0 0 0.7267870162309977 1.7155419197497206 2.0409056316665617 0
0 0 -1.1352653114738112 1.5985247219621008 0.46924612656939535 0
0 0 2.880880176763135 0.5012229109728439 1.9712738841830895 0
0 0 -2.500623779352619 -0.23465004780175103 1.9886007073224325 0
0 0 -2.599994736921615 -0.2867729936040082 0.4854119310980469 0
0 0 1.5355999905216287 2.073906178095325 1.982422029533315 0
0 0 1.9596880891301858 2.095897968023321 1.1571925804708865 0
0 0 -2.924655453825899 2.1278028162625375 1.320136506820072 0
0 0 1.4153304100329578 0.7858905809370902 0.4122876978954826 0
0 0 -2.328258402954547 1.8683523058126046 0.49524220835736454 0
0 0 2.7200045473928984 -0.6136593540989426 0.47193573591051474 0
0 0 -0.3525729398404227 1.0833299144587865 0.4916956260550851 0
0 0 2.350765475214553 1.4679935385778158 0.42618859084176264 0
0 0 0.9972694452517183 0.08290624574566385 1.9636919977900653 0
0 0 0.10295089891810694 1.206566220701578 0.48971083809661164 0
0 0 1.2401014593772937 2.0684698682133185 1.9583299867498951 0
0 0 -2.3879527117534813 -0.5585932536574965 0.7449176102648304 0
0 0 -2.575204524181316 -0.2988054036465897 1.9996115887408141 0
0 0 -2.2024590419473533 -0.6115959185931072 1.7056488970602062 0
0 0 1.397234379758082 -0.6184498094296775 1.5154092943421247 0
0 0 -1.6646321963993296 1.3768198445664777 0.5006682791635425 0
0 0 -2.3319258202932613 -0.5719036690455108 1.7683267312479358 0
0 0 -1.4581896911960244 0.9373523844286318 1.9667398052747407 0
0 0 0.997830473635755 2.07104373070627 0.5049601970986695 0
0 0 0.5314104767567231 0.16588751412907332 1.9604541503221942 0
0 0 -0.1363880682359735 2.120299748279024 1.7949591549246526 0
0 0 2.1194677045900825 -0.6012473047036935 1.2651717059659635 0
0 0 1.8160885890308567 2.134513265290921 0.5841764105981208 0
0 0 -1.491159756854676 0.2607732865529643 0.49667017185507334 0
0 0 -0.28477636182827837 0.3616702380597655 0.44625324874294225 0
0 0 0.2452497172104855 2.130992463690677 1.32166736253013 0
0 0 2.7231598756202633 2.093968347700531 0.5880093872657284 0
0 0 0.9079472611212775 -0.33801474079241123 0.47148138776072845 0
0 0 0.4230517613710463 -0.6433887784173107 0.7917647483912487 0
0 0 1.6244930560919126 2.120799995464383 0.5509428992280812 0
0 0 -2.389792289739929 1.099301686774289 2.001659621381377 0
0 0 -0.2359639181633182 -0.2270470716642562 0.40393727145507496 0
0 0 2.4904996829250825 -0.25627924161839033 0.42053297541266166 0
0 0 0.8784079346012188 0.881751419776047 1.9655401039706826 0
0 0 -0.46909540451100584 1.7578917309134987 0.46794979242795387 0
0 0 -0.5857937052744195 -0.6134743727400163 1.2614240539327561 0
0 0 -0.9903806298932483 1.3863278601256508 0.48963617858879327 0
0 0 -1.4440250987441423 -0.5586645817726188 1.9560371571230573 0
0 0 -2.29442704717066 -0.07026336303040193 2.0112888181645663 0
0 0 1.7730899581506643 -0.3392237147699393 0.44136432684236604 0
0 0 -1.0106390886559464 1.3997456715931909 2.028654992390355 0
0 0 -1.5310761076423542 1.3060399710666897 2.0174554025680216 0
0 0 0.3345906913049994 1.6009149288680684 2.0510114389710616 0
0 0 0.7590924154665917 -0.633608680699139 2.0177679077175315 0
0 0 2.6798275853415827 0.28378039251210074 0.4181662721731275 0
0 0 -2.1203235350136165 -0.02165709954872297 0.4862441795610263 0
0 0 0.8741912028860854 1.6926220961976697 0.4989851610597814 0
0 0 -2.480976253275977 1.8772077603382729 0.4203621628804909 0
0 0 0.7264527327359303 1.9481374067132122 2.0469541881917284 0
0 0 3.0017213464118413 2.1229826597992574 1.9867385777769926 0
0 0 0.38200196789647967 -0.5736625398718929 0.9912199890058221 0
0 0 -0.8280572656960747 1.979057161463521 0.4250596207122559 0
0 0 0.5200122811956338 -0.4283157801437856 2.037854686615853 0
0 0 -0.7901653510020856 1.1246434225867301 1.974923405230751 0
0 0 2.3176106854550653 2.1043515222430993 1.1786608026680723 0
0 0 -0.8875931080519379 0.270980830056716 0.49271203782604234 0
0 0 1.5662393086392568 -0.5722952802693553 1.3100551205700015 0
0 0 -0.6653741018754111 2.0934239011199303 1.9716732083589936 0
0 0 -3.1294522033583583 -0.6258693779178284 0.6869335800298828 0
0 0 -2.3025113751661888 1.6201475525615947 0.49824855275527113 0
0 0 0.6384675200156318 0.5640044776899835 1.956682275693213 0
0 0 -0.8807219612910426 0.8981494352547874 2.0383673286314936 0
0 0 -0.31560592577644053 0.16164774412435146 0.48587713663171117 0
0 0 0.3394305554721577 -0.2466457018364927 0.4563257787548246 0
0 0 2.830934247939437 1.8769556344448437 0.4037066216077154 0
0 0 0.06367696249548072 1.9106779977180766 1.9942749791982108 0
0 0 -1.7607112777086487 2.1494399813556733 1.1945125310999019 0
0 0 -0.5633563748444503 2.0714899857795857 0.4704743851200335 0
0 0 0.06981325022241736 0.4527789502720314 0.4669873953595346 0
0 0 -0.7472631990313454 -0.6284504153619499 1.7964896953747167 0
0 0 1.7250596732582508 2.089766054015677 1.433329687719498 0
0 0 2.9732167736002184 1.5279116847596994 1.978517582195338 0
0 0 -3.1035781458935108 -0.5999820302958345 1.824113425769197 0
0 0 -0.3798486017126459 0.9688575327602298 0.45793662233272836 0
0 0 -1.2181767823959253 1.6362380596746033 2.0361630402352953 0
0 0 3.095508259901539 -0.6496592887339241 1.6738233442842871 0
0 0 -0.714045510314369 0.5737585362329258 1.9877606263592535 0
0 0 1.315692487747186 -0.6051844682383818 1.5531558579136284 0
0 0 2.856721962378069 2.107031896241878 1.2951284381801738 0
0 0 1.3958572097645918 0.6465743103644723 0.4866300357236196 0
0 0 1.126822240045886 2.0553135592984275 2.008051866410802 0
0 0 -2.275230251085891 2.125642889860492 1.795990426287296 0
0 0 -2.736116806193931 2.104182814888222 1.276214564369665 0
0 0 -0.88386637753243 0.7067350318384975 0.43579909289814256 0
0 0 -1.0995801952169946 -0.6058391809431729 0.4656721907083291 0
0 0 -1.7539439053260963 2.1465719032560484 0.9048609594147179 0
0 0 -1.361078047040896 1.6077008604151157 1.9556181365571883 0
0 0 2.998223799003589 0.40471236496392404 1.9555574234252537 0
0 0 -1.0225747473443172 0.2623472050222576 2.0290852236687495 0
0 0 2.4174169829036645 -0.5738283831018383 0.8560264585865055 0
0 0 2.838592053606564 2.1149124308376255 1.3470244284549207 0
0 0 -0.674290408239028 1.9547553939256928 0.4848736440153194 0
0 0 -0.9694166700631612 2.1006861727047497 1.5678509926811615 0
0 0 -2.678565369015722 0.4110524826406958 0.4272929386486103 0
0 0 2.8595744256981552 -0.5604043830927747 1.8867182673584668 0
0 0 2.0408828048363246 -0.2034389694295745 0.49692187746888106 0
0 0 3.001149313803573 1.0203926451914307 0.4702729725227096 0
0 0 0.2009208055955658 1.9427934475984185 1.9621266981126237 0
0 0 -2.3800519660892774 -0.6242395662574014 1.7717573153233734 0
0 0 -2.1788344028878166 0.36425999871437253 0.46782651759965954 0
0 0 -0.9978042124242217 2.1159340832256714 0.5549577773402079 0
0 0 -3.0415335630792972 -0.62205815256632 0.4744797704331085 0
0 0 -2.6177790790481197 1.0412796195933984 0.45026495667376887 0
0 0 0.5908143710298015 0.6888763994766174 0.42064665773315324 0
0 0 -2.9141192627456194 1.0861108607642258 0.4645622492470749 0
0 0 0.4643817206389822 2.0890276432505654 0.7755491008817235 0
0 0 -0.3100977575803383 2.081523790123015 0.4707270922495196 0
0 0 0.5927132265512176 2.075712545545504 0.8669154007792985 0
0 0 0.26490100976836084 -0.5982643471795088 1.2237376972332474 0
0 0 -2.8377917750381707 1.3407421867772953 0.4170088589327148 0
0 0 -0.3990506005029628 0.2586965069800383 2.051811243706129 0
0 0 -3.060380727035998 1.1817533464354488 2.023444070067388 0
0 0 0.5603163521922996 -0.62601920404072 0.8909731767993294 0
0 0 -1.8761748667190012 1.887562236477055 0.4807068414976281 0
0 0 0.3202215066847107 1.5469046019216772 0.47674756489680914 0
0 0 -1.1725263990757764 0.058373129206273466 0.4423036958602916 0
0 0 -1.5931566866621656 2.0640745740182234 2.0303320850588005 0
0 0 1.1841204633744944 -0.5530705399961635 0.5940985247474739 0
0 0 -0.7822851269513151 -0.15059780953534285 0.48661187810345763 0
0 0 1.2314142736135123 1.3858060771467595 0.439841015271363 0
0 0 0.1627220935944682 2.064243255307903 1.4694512353312978 0
0 0 2.9119970419197765 0.9458583190901815 2.0080408009577995 0
0 0 -2.5554216861606798 -0.5894939295101675 0.6719409668552488 0
0 0 1.919510568040045 -0.5577369806312067 0.8790869696311119 0
0 0 -2.457670328826416 1.8519158975214822 0.439604650367312 0
0 0 -2.968981947522519 1.564781420928086 0.42717381513493236 0
0 0 0.3357707073477254 -0.18675989071643873 2.024474560131343 0
0 0 1.4633720226325702 -0.624800266222141 1.2461878337560623 0
0 0 -3.133783365659475 0.5382422451956834 1.972655819178319 0
0 0 0.08319083013775641 2.1355028830075837 0.5304581311033056 0
0 0 1.459958625699338 -0.6144925345862013 0.6694304635193495 0
0 0 2.9998848340920548 2.134463252191086 0.9094994753425076 0
0 0 -0.32011488303714497 -0.4762793954707478 2.0207045504722974 0
0 0 -0.3535753031140034 -0.563992659169551 1.6052269446088716 0
0 0 -0.4584436979485469 -0.586729485992419 1.834681360525224 0
0 0 1.9486011990753944 2.1379457555330634 0.6414908748511715 0
0 0 -0.08115817811503767 1.6260863115240405 0.43130227389445286 0
0 0 -0.2836714193518448 2.0817937573513996 0.9672468651561447 0
0 0 -2.60829432469339 1.4481791312194556 2.0355736996234173 0
0 0 3.009837182723097 0.9127518279420568 2.043061398551033 0
0 0 -1.5235358439839468 0.0835830406119098 0.42419287536830574 0
0 0 -1.3200015685223516 -0.6443154059984288 1.2717836537664682 0
0 0 -2.2812405191572163 -0.6188181491078202 1.0462771622884635 0
0 0 0.30228052622880197 1.3321581414983992 0.42222140393561003 0
0 0 -2.609814448258412 2.1276687581024922 1.8924198116633386 0
0 0 1.3817619202709661 0.34272747095438993 2.0012613211809014 0
0 0 0.8027292237522654 -0.004207034497849316 2.036573851779144 0
0 0 0.7907089387429265 0.8535393049749433 0.44319473177373414 0
0 0 0.789403150547066 2.0796326482706062 1.981515019418941 0
0 0 1.670889876984571 2.088157911141211 1.0240850821718992 0
0 0 -0.7330031217117834 0.12796431684967513 2.0204598423645193 0
0 0 -3.0068528302890747 1.7079507109703245 1.97291079704882 0
0 0 1.6046555908899656 2.111693815188469 1.6898156674251974 0
0 0 -1.0058211629302436 -0.5518816594631695 0.44924121408864226 0
0 0 -1.7857743031864974 -0.41045939357845906 0.4737479773871348 0
0 0 -1.4336802494566985 -0.05062173244616641 1.9637357362691672 0
0 0 3.1315686431948357 -0.6386264424702526 0.6145799314212633 0
0 0 -1.2434975349166322 0.6800977082861899 2.020299511520407 0
0 0 -0.26505679589078923 2.088592473804296 0.5765631558355193 0
0 0 -1.641901391964794 2.0837738629708182 1.4319958836163496 0
0 0 -1.2604575225040888 -0.565242364463231 1.7071409634694996 0
0 0 0.4756360108903692 1.2237021844062308 0.44629373188233445 0
0 0 -2.3149204157223475 -0.627473161387063 1.965183632814281 0
0 0 1.2529712849879813 1.6945204012774109 1.9942199440045258 0
0 0 2.062588966819386 2.1014080466013745 0.5900165332744864 0
0 0 0.1445906749225334 1.2329410672032486 1.9943415456993654 0
0 0 2.764163941464248 -0.03740220937035055 0.4498555218270097 0
0 0 -0.8464258635906994 -0.5506883938107225 2.0044750649937626 0
0 0 -1.275932788927051 -0.5616439074008905 1.6705973677575365 0
0 0 -1.4735389054706451 2.089838560836828 1.0997862005324066 0
0 0 -1.2702146653540543 1.6144014956453525 0.46749507574124516 0
0 0 -1.0441945082013673 2.0851235037398252 0.9905112205003388 0
0 0 0.7072751496627259 2.0847274648144625 1.3863475746698048 0
0 0 -0.8836285618727953 2.1232070415006126 1.3347611475672063 0
0 0 -1.703102872522103 -0.6285355710806722 1.361493654884248 0
0 0 0.4844492366612898 -0.586254573429315 1.9685060093983329 0
0 0 -0.24934818833353 0.3421683911451048 0.48607184228358347 0
0 0 0.23284764085391751 1.552811496172631 1.9807494726931305 0
0 0 -2.746928634036786 2.0529760186529673 1.076455235173924 0
0 0 2.2081675789067354 -0.588795731969632 0.81589915331966 0
0 0 -0.6848012606761524 1.2273102511972533 0.42323681368111155 0
0 0 3.118475259102932 0.5018892984319498 0.4395478413566041 0
0 0 -2.272445408450552 2.139734855728883 0.7661665874458049 0
0 0 2.0324073608519386 1.1176342861563142 2.019911624296863 0
0 0 -2.99240776159922 1.4872494165502224 1.994480765842469 0
0 0 2.107673695002658 2.1334828973389555 1.1217019396354382 0
0 0 -1.7836692504987537 1.7711593380491253 1.9685869600259824 0
0 0 -0.6178045669029175 2.0577916893723223 0.7221732412423006 0
0 0 1.6221692880900465 1.446914191291605 2.0372120386559183 0
0 0 0.6382701432008062 2.1070523180639062 0.8195834317355307 0
0 0 -2.993214712792101 1.8771055069167735 0.487338188556953 0
0 0 1.8682260660791696 2.0667837234187303 1.5526995260582688 0
0 0 -2.1765190804901797 0.7371773475445405 0.4189773687394318 0
0 0 -2.1052941837200985 0.1327085591527083 0.5020130857075992 0
0 0 1.5781595576395535 1.831325652508365 0.4540813830386192 0
0 0 -2.3305880577618456 0.3913486766187607 0.45379907503660155 0
0 0 -0.968226039843918 -0.37372864273559636 0.4800235394308795 0
0 0 1.841387859151042 1.547679508214076 1.9998901588773212 0
0 0 0.30105004067327323 -0.21355424605365014 0.48488197279264367 0
0 0 1.114165505250135 1.6699389609086388 2.037967448777489 0
0 0 -2.7552447997396152 1.1991711758785024 2.006290910450124 0
0 0 2.5145628526793287 2.121737981465752 1.6945198617098085 0
0 0 -2.1420559621404935 2.116652261260025 1.6268663221155877 0
0 0 -0.4335179522915218 1.3614345491760187 0.43508944126467486 0
0 0 -0.999793783777359 -0.0934419922912233 2.026213248353198 0
0 0 -0.18085658021392925 2.076835733685368 1.6964824011878805 0
0 0 -2.653588823000804 2.0975927919885313 1.8227086144540479 0
0 0 -0.8337972643738207 -0.19744164297811406 0.4769986349939448 0
0 0 1.4117689456995537 -0.5340143678748646 1.997807347184883 0
0 0 0.7395469301568061 0.38425598019787155 1.99650089266481 0
0 0 -1.360024704702946 0.5201691671264539 0.46177249950272325 0
0 0 -0.49106661467685964 -0.6006206295662695 1.8466354536442566 0
0 0 -1.2300054942098417 -0.5571032170283254 0.5174797106077995 0
0 0 2.6973879961153804 2.141081293517301 1.8957674944840763 0
0 0 2.4803353888783084 1.479736721397903 0.40867837262398155 0
0 0 3.1185020190016486 1.5231664891259291 2.0156483864382615 0
0 0 0.9630386421732791 -0.4260172215874727 0.4750201294195796 0
0 0 -2.5502851848988026 1.3528221811190584 0.4184577032873986 0
0 0 2.5168573071785474 2.0582298484916715 0.5415284617816205 0
0 0 0.7916410844684276 -0.6158129907464711 0.9954550443518034 0
0 0 -0.36022386369321113 0.04069826645375085 1.9731408308541825 0
0 0 -2.8381285401460947 1.4167200187690638 2.044390319306479 0
0 0 -0.17495808143038927 1.3430670178093345 0.49917347529910794 0
0 0 0.14726824762458168 1.6639708729285594 2.041202239922255 0
0 0 -2.6112468681502037 1.759556751719501 0.4587260565267143 0
0 0 1.8649117578083132 2.087304710377045 1.0041787670848799 0
0 0 -0.024523092876355346 -0.5651047372070468 1.1786005023132435 0
0 0 -0.42584126081590323 0.18638045897908861 2.0223137085132485 0
0 0 3.0587739593050394 0.42684989230219805 2.0478938796107404 0
0 0 0.07464520081840842 2.0725521698111393 2.05203421724826 0
0 0 2.057184109389497 0.0014103328903284362 0.4851170551507157 0
0 0 -1.69556002359759 0.667163367212207 2.0294011299480617 0
0 0 -1.8850598347157552 -0.5804274696393419 1.7551144162290175 0
0 0 -3.1025164550395377 -0.6120128069989439 1.5423800079623449 0
0 0 0.8869261368614776 2.059456554628812 0.9611134342056987 0
0 0 2.009716741161416 2.090746794413307 0.4571973124360459 0
0 0 -1.1672200544489526 -0.6291550330206723 1.3686312259810651 0
0 0 2.9586186491783177 -0.6070193382431608 1.939511069493487 0
0 0 -1.6073187027221 1.2558511262192575 2.0162106601138055 0
0 0 -1.5137308374739573 -0.5609106202823837 1.5595769265387585 0
0 0 2.220086002875801 1.8017840799295206 0.46197264508547153 0
0 0 2.982461823005722 0.3817785154739646 0.4431548746149019 0
0 0 -3.0861524317615596 0.5528826302451806 2.0123109232801806 0
0 0 -1.8942422065610434 0.06450439724944101 2.0139228228962684 0
0 0 -0.9684078088498738 1.0956111574920206 0.4078048525825143 0
0 0 -2.6961294135943015 2.033620893633878 1.998522919657522 0
0 0 -0.03827486443703876 -0.5601398646116413 2.028172466967536 0
0 0 2.5673420564301974 -0.5794927880468237 1.8339043406273134 0
0 0 -2.568059348002741 -0.275361473918752 2.022817311574568 0
0 0 -0.9284381199951945 2.117076323308597 0.8965218675160505 0
0 0 0.6054152305729517 2.1280474579716513 1.5931583995075485 0
0 0 -1.3334287288598012 -0.28211964910983633 2.0030556259614776 0
0 0 -2.6552636863981847 -0.34264540831168255 1.9621713002041927 0
0 0 -0.05864037635099573 -0.10272760979318707 0.4969580790668321 0
0 0 -3.0637029114536323 -0.42754296200610553 1.9916484911820862 0
0 0 -1.1378601944963713 -0.6335610654876398 1.5326973855084745 0
0 0 -1.9268480218723365 0.14146453029177297 1.9908808105217881 0
0 0 -2.3289017545356487 0.5357758937318853 0.47150294424196226 0
0 0 -0.06496263820244952 0.9327890466460607 0.48879931551040867 0
0 0 1.8375136147006774 -0.48506587748435726 0.43156880484587223 0
0 0 -0.09115280151447225 1.093448701931035 0.44051978131491487 0
0 0 0.9173588286476146 0.5211696974855802 0.4763958842669278 0
0 0 3.0031615178830275 2.1099087748565273 1.613261960274718 0
0 0 -1.3724895732649376 0.43417271766808774 0.49135578567927596 0
0 0 0.850066288240503 -0.6085151672138152 0.42621590390992015 0
0 0 0.648257549278493 1.2132707965919807 2.0181659961023253 0
0 0 1.1124365187852732 0.07099797055640134 0.4856001100837567 0
0 0 0.2574616272506711 2.110030611854866 0.7006630498879793 0
0 0 -3.109181694725962 2.103164008109422 1.137036610663702 0
0 0 -0.4727387127760876 -0.5683612657618338 0.8043070524022808 0
0 0 -2.0344448334938647 2.058815215256929 1.5841483088368764 0
0 0 0.3347086435387161 -0.41415107206555435 2.031489677582086 0
0 0 -0.7930595202707438 -0.3019140194782266 0.5010387971097329 0
0 0 -0.3551842382880679 -0.6018603412382564 1.3446979338545826 0
0 0 1.7132279604709444 1.893349784020691 1.955456359578598 0
0 0 2.593852818251934 -0.6464117184548381 1.832753846223682 0
0 0 -0.9239617105117204 1.968676599510476 0.4683743828204643 0
0 0 -2.8717811939693325 -0.03843550325392531 2.0245058329292394 0
0 0 2.988552412623883 2.120233636964339 0.9520582334753731 0
0 0 -0.04096885311844645 0.8710225244800756 0.45225712717879407 0
0 0 -0.8171879073156632 0.8194533124156238 2.022416230070533 0
0 0 -0.9421792727488345 1.2928181070958886 2.0006758482049705 0
0 0 -0.35438943082922814 0.04529683322921885 0.46363859606385094 0
0 0 -2.1682409544594887 -0.41051177146380224 1.953502907999023 0
0 0 2.303736428697607 -0.08275657227617761 1.9856310152185586 0
0 0 -2.6080319971110444 1.2048247009692241 1.9791530364927161 0
0 0 -0.005263081912781242 -0.359921822346863 2.0137960768969374 0
0 0 -2.831262062476337 -0.627025832480691 0.7915459681938226 0
0 0 3.1200603923449215 -0.5572568654603203 0.8404805705279546 0
0 0 1.962840784056544 2.101984491073109 0.663858025189672 0
0 0 0.18027795875765884 -0.6385828481457416 0.4786806897821958 0
0 0 0.9949269687428908 0.5864959460573977 0.4533258943745687 0
0 0 -2.673177990252216 0.7511118806156531 2.0338366910503254 0
0 0 1.544405239798901 1.2252678050849517 2.0125894872007346 0
0 0 0.26171526327701855 -0.09276067360168494 2.0461787506336986 0
0 0 1.7817242624643503 -0.5700161789629754 0.8072441251560447 0
0 0 0.47865362863222183 -0.5962209731916701 1.557819959341116 0
0 0 -1.2968533187804696 -0.4676581303860625 0.4926161990957867 0
0 0 -2.8404458985556 -0.5559507641310728 1.9213500367921257 0
0 0 1.3617442609244295 -0.43094865744986643 1.9976796086866644 0
0 0 -1.1003716349292882 1.6870190760647399 0.4200454947202994 0
0 0 -0.45934609689262773 0.6603539483517433 1.9975872897629954 0
0 0 -1.4915019735828565 1.8458702432711023 0.4167412322809896 0
0 0 1.2413666861728752 0.83019234712897 1.9900661932471255 0
0 0 1.4038797864029533 0.3435085120726801 2.0249919126906057 0
0 0 1.8311649803284427 0.9631723885558996 0.41381862717045936 0
0 0 0.5219315341433823 1.8182743603727742 2.017272776994257 0
0 0 -0.9347485227455885 1.8753133129330617 0.42842726295099287 0
0 0 -0.8286279742243856 -0.581936338943664 1.1635301899979962 0
0 0 -2.8764105672381213 0.5979501319880565 0.47322309511092897 0
0 0 -0.12586560505021316 1.7653362740310714 0.4627613054319861 0
0 0 -1.917236660161451 0.05079099144234134 0.4948202896407421 0
0 0 3.013710185061539 0.025302505819992938 0.45426633944593653 0
0 0 -0.21331252603916484 -0.09465915439706452 0.47763109973863715 0
0 0 0.8299938012034338 2.139072825699361 0.6226462061599094 0
0 0 2.1044346421452085 0.45327212772283554 0.496400215223914 0
0 0 -2.2877880068321677 -0.12972745162669175 0.4385432301481226 0
0 0 2.7990147593830352 1.2771764616384718 2.016682800309547 0
0 0 1.22061597571882 2.0539787985636986 1.6657907387514121 0
0 0 1.3459728916547107 -0.23076328739280771 0.4995122188054155 0
0 0 -2.196391956517505 1.8646368010546295 1.9881899699792998 0
0 0 -2.8243247784912495 1.5762700552007123 0.4385621385945857 0
0 0 -0.0047959057500683855 2.0659829229414983 0.7268395930858216 0
0 0 2.0639694817395116 0.2163245130533875 0.418107984618609 0
0 0 0.7511697961826331 1.9782806678662717 1.997095463804457 0
0 0 -2.452522599598705 2.07504280745158 1.5686014988539048 0
0 0 2.2347890528822436 -0.6352945398363108 0.949843332922138 0
0 0 -0.9212937782486623 -0.5552417828229641 1.1591827655173637 0
0 0 0.5873662268222688 -0.3620026088960906 1.9677797025063235 0
0 0 2.8837832618401604 0.046068819971897046 2.02199606907965 0
0 0 1.724838790967909 -0.5821940670739407 1.862034704959319 0
0 0 0.8192755437074433 0.7368433996882657 2.0430517385920988 0
0 0 0.8797006587768523 0.24238652273583672 1.9531364338378725 0
0 0 -2.2243583668602738 0.52216053092044 1.989870677510849 0
0 0 -2.0282909691582907 1.3918830439857344 2.0351517779977457 0
0 0 -2.7608864217540603 0.3321628117542126 2.006684490006033 0
0 0 -2.2861917481054386 1.467437806505796 0.4537947626030747 0
0 0 -0.19446259003150734 0.33189943294998303 2.0145547010976252 0
0 0 -1.2320604004101419 -0.590727422293422 1.8859638138899129 0
0 0 -2.1248448211402593 0.17095148598074772 0.41712139102036594 0
0 0 -0.3030195165852354 0.18620156520604503 1.978132575567466 0
0 0 2.5010782998131864 1.2537691443905836 2.002351067672075 0
0 0 1.4987186949182156 -0.6451303628284877 2.049240143248823 0
0 0 -1.5422120530102843 -0.43730323103911184 0.4640624500093986 0
0 0 -1.8452745262649106 1.7130167246997388 0.42755795822828846 0
0 0 -1.1972295156463642 -0.6059543873371136 1.226264532818616 0
0 0 -2.271342720164633 0.637221808535017 0.48371549807697334 0
0 0 -1.0187445353295397 1.2626923947527111 0.48441716673065893 0
0 0 -2.115375532315261 2.081862218701374 0.6852680381920537 0
0 0 -1.405944604949751 -0.6125043814663789 0.631539320539289 0
0 0 -2.127017264558778 -0.40053521641730194 2.048190446361435 0
0 0 -2.106458799074885 0.7615072455287315 0.4335634614125662 0
0 0 -2.92231091999734 2.139883916306521 1.2353203749870305 0
0 0 -1.7513514613653982 -0.6098064071313523 1.967179150677478 0
0 0 -2.0699487136070625 1.8243329291341313 2.0001216615879467 0
0 0 1.3632002032720907 -0.4989705501939876 0.456228689041146 0
0 0 -0.47204613587615585 0.4397414376333866 2.009374214358097 0
0 0 -0.8436275110653151 1.159386736514471 1.9627921788926181 0
0 0 2.187373386887347 0.9140759027434195 2.0244884496532363 0
0 0 1.9804549911819587 -0.5563842600795639 0.6883562601914451 0
0 0 2.9725259170806124 2.040502434353238 0.44792140858584795 0
0 0 -0.9332447888253927 -0.64427871764755 1.5138835472196839 0
0 0 0.6116046895479728 0.8846259150477676 1.9885911249016126 0
0 0 0.6091213572238088 2.07331809905808 1.0886909187109102 0
0 0 1.6288422398187556 -0.5695225280743645 0.6607140945524129 0
0 0 -0.13691800435220003 2.078792742570238 0.9042869944964231 0
0 0 -2.7275820232849575 1.7798765882017962 2.013617816055852 0
0 0 1.129428709140588 1.2487432106423244 1.9725687879396179 0
0 0 1.5587131018028604 1.5315478445907422 1.9935443742743684 0
0 0 0.5556699311171407 1.4451938042034485 0.4766824088705811 0
0 0 -2.2460089504793133 1.6394945945348611 2.0236139053426982 0
0 0 -1.7262924445186572 1.2908353435859106 0.490186254516946 0
0 0 -2.6233940455092974 -0.00913445005694502 0.44078132837012274 0
0 0 -2.842010412441185 2.1179022338201756 0.5313282833262661 0
0 0 0.004380458410224719 1.695046190724909 2.047603315965739 0
0 0 -0.12956337949182117 2.071467465351381 0.9733914216745388 0
0 0 2.992614732761453 -0.0924914897172271 2.011771323265306 0
0 0 0.6754644022491663 -0.2643296077205728 2.0123010262646606 0
0 0 -0.5214304465495259 2.0597777506912083 1.7767834839495031 0
0 0 1.9684299928170788 0.5671127083292657 1.961027886446641 0
0 0 -1.2829750488866662 2.1491588401583526 0.9899056090831243 0
0 0 -3.097687566894327 -0.04760673555975092 0.43968441324578367 0
0 0 2.457397652323051 2.134624654165319 0.7945711408718809 0
0 0 -2.221525650994997 -0.6014024705065828 0.4142662893107786 0
0 0 2.995098776675338 -0.4020217147856544 1.98923041554045 0
0 0 -1.9748474972079564 1.6285001661109353 0.43821535282507484 0
0 0 -2.1559381693067063 0.821877015416701 1.9951692309375837 0
0 0 2.594614739932805 1.0482855637885835 0.4944755368208237 0
0 0 -2.2608651877273767 -0.6401615622216847 1.4295226198399105 0
0 0 0.6267035531877458 2.0632241073703237 0.6540438487926585 0
0 0 -1.2644433858317041 2.0983781694612595 1.0347735139863015 0
0 0 -0.9285460292637011 2.0295591733317586 0.48343546306800733 0
0 0 -1.46200499414907 2.1163020492337665 1.9405383621269636 0
0 0 0.7409882928787819 1.598051044382072 2.0115252501585337 0
0 0 -3.1249520646352567 -0.6359551392905654 1.836413355276901 0
0 0 0.8170949031396835 2.1033762915720544 1.7102153237650104 0
0 0 -0.9924572203694222 0.5785670478073677 0.44456025264258603 0
0 0 0.25212727590458694 2.103406651587387 1.7983295431398219 0
0 0 -2.6416888978912882 -0.644518860279502 0.6397523506861609 0
0 0 -0.09014744491608262 -0.5781759503131583 1.3155255611288592 0
0 0 -2.071548929886608 -0.3523230852512391 0.5005518657333996 0
0 0 -1.700204395064534 0.16222014844935262 0.48727019792752 0
0 0 -2.7351764516560064 1.6499202805482243 0.42648940713987005 0
0 0 0.32616701307444806 0.3363132820501795 0.47273237550308866 0
0 0 2.3882530940934243 1.122832438334534 0.4529838160097992 0
0 0 2.9499509072819547 -0.38329551153280184 0.502820761016079 0
0 0 0.3730094343615238 -0.6129212423193728 0.9085395544960272 0
0 0 -1.0610077548807926 0.7807535023941141 1.9550839759514378 0
0 0 0.08684323482878042 1.8795981039254548 2.0142071959297816 0
0 0 -2.5250354707609124 -0.5907353197956029 1.9087071428787818 0
0 0 -2.3697028073171533 -0.28929042434633034 0.42380536365513455 0
0 0 0.7152946393561517 2.1323546352135345 1.194157853033352 0
0 0 -0.23769344181672603 1.350538212724191 0.42661357254698384 0
0 0 3.052467453457381 -0.6131131941203998 2.036480780858359 0
0 0 -2.4278264737452715 -0.1505042554502689 2.0438211190177986 0
0 0 0.19040012254814043 -0.426598203341894 0.4421797149125912 0
0 0 1.1247869679256466 0.8692015760419805 1.9996678735557283 0
0 0 -1.590508846463382 -0.6203141388129902 0.44895524979460655 0
0 0 -2.120514804790443 2.1028908830455153 0.8748122210902854 0
0 0 -0.6051405931521634 2.1463282543466953 1.3040868474728486 0
0 0 1.8317281464423552 1.2445650061887938 2.00711708759361 0
0 0 1.682903966347074 2.1442448736544413 1.0496199628529774 0
0 0 -1.0887547860907123 1.6045339834488888 1.9888600195887904 0
0 0 -0.08840207277749501 -0.31964061532446086 1.958767104088274 0
0 0 -1.477379518144084 -0.5965904944082474 1.449081701905229 0
0 0 -0.5877282087556468 -0.563220458008364 2.024344563104099 0
0 0 2.6838247370459767 1.4941384999325746 0.4764895804664083 0
0 0 -1.8139855987300249 1.1955116037820992 0.4035776493107067 0
0 0 2.8844337583729462 0.08063877396612718 2.0400192279880596 0
0 0 -0.4415863048824358 -0.5869003403018356 1.3868227391297139 0
0 0 1.7762056747687573 -0.24941976178788283 2.0109571674684106 0

