0 0 -1.06008307821727 0.006741049574431224 1.964290226861394 0
0 0 1.8174140909577972 0.5562960627860383 2.015580712226159 0
0 0 2.0346199184735267 -0.6063371747619446 1.007977542303536 0
0 0 0.07603132286638514 -0.5675659851214057 2.012581066031362 0
0 0 2.875871886976957 2.0888031522208728 1.8633893852648034 0
0 0 1.4169395652903978 0.07182180474111521 1.9640917029073752 0
0 0 1.713642587776686 2.112758719375219 2.004684722677557 0
0 0 -3.129337087162862 1.444638886784681 2.0327747060290955 0
0 0 2.146866411877265 1.3766345579892854 2.008106300974394 0
0 0 0.5767295330549116 -0.6001433298565493 0.6809019894371084 0
0 0 3.122629379921829 -0.4597467535543318 0.4749560553853328 0
0 0 -1.0726203458777621 2.0889513431168565 1.9709717172788972 0
0 0 -2.026701104394985 -0.6328617497332905 0.568717929966756 0
0 0 0.4415863834445859 0.01797286304923551 0.46761575482293516 0
0 0 -0.10838778488475631 -0.15794106919477557 0.43599666780549085 0
0 0 2.076654286270652 -0.5914049112819193 1.9818441396279058 0
0 0 -2.991490034873105 0.9106548286161689 0.4467890424546319 0
0 0 2.1225485213129316 0.3753647040104616 1.9827849707917915 0
0 0 1.5817939044021276 0.8881831611501732 0.47799134558046286 0
0 0 -1.9457943002374993 2.096857586735015 1.0400036794063836 0
0 0 -3.095800439310157 0.25144715916343174 0.4553629936800342 0
0 0 -2.2161662359135876 0.5004215273773465 2.0378559848486866 0
0 0 2.4680990893230605 2.0053659402687725 2.0212513844714586 0
0 0 -1.455135483476021 1.4622890981625394 0.48550542672331687 0
0 0 -1.7661609284301887 -0.3018954978380519 0.49285259922667923 0
0 0 0.13515022528974852 -0.599154938502696 1.5762233621728632 0
0 0 0.5005664397202123 -0.41836192309316544 0.43004901851706523 0
0 0 -0.9721640846386452 2.0854871419003276 1.5411912096082019 0
0 0 -2.3752526598756285 0.16638883116692416 0.4153794376475898 0
0 0 -1.2127923113858634 0.41058812271993006 1.983720794936572 0
0 0 -0.5318979213956387 -0.583067091126602 1.944378147144485 0
0 0 2.5946771270920275 1.0469863080309472 0.4905549119405732 0
0 0 2.271374229560296 -0.46139588990963487 2.018709421301638 0
0 0 2.6625764944670927 1.029359397434352 0.44549681797168017 0
0 0 0.2111852438249664 0.27350834968878623 0.4508948058044312 0
0 0 0.25733111677100684 0.9494824798527111 1.9952344391241201 0
0 0 1.9809816488509524 0.47842856117025234 2.0038137470742754 0
0 0 1.0477569711222525 -0.23829862012652292 0.4666126331001631 0
0 0 1.8707572813151723 -0.138186727295474 2.0326734079050652 0
0 0 -1.1548946716414195 2.0661263456775534 1.1478243578879772 0
0 0 0.13694087081475725 0.8723748386413896 1.99893417749607 0
0 0 0.6943496622516871 0.8423077445028497 2.03551863532928 0
0 0 0.004801039010405628 1.671511640868175 0.4868033691194681 0
0 0 1.8329846087824055 0.6684696330043767 2.0338571782380437 0
0 0 1.4891991019794606 0.12613738644634853 2.0028029794581483 0
0 0 -1.4957334791651027 0.7920082978784777 0.46675640713910993 0
0 0 -0.9976820367475945 1.097308489813139 0.4140930136951698 0
0 0 -0.7927851000689543 1.241843823393153 0.45204679585847296 0
0 0 -2.3699659946577882 2.094624590131012 1.4054451824186776 0
0 0 2.0998891676933873 0.5319099399004685 1.9681729018659797 0
0 0 -1.4306805972490517 0.7810294007216703 2.0345161283115427 0
0 0 0.7631532363997211 -0.6312559397061404 1.839472852342295 0
0 0 1.3759725240688345 2.1361157617667286 1.3750122131347051 0
0 0 0.5091866420648254 -0.5904913799781601 1.1813172790037094 0
0 0 0.3810917716113136 2.096668925598686 1.9072371394730616 0
0 0 -3.1049742617518286 2.068286811608239 1.7917874186354954 0
0 0 2.7886946000366217 1.3638060182514504 0.4447120704289572 0
0 0 2.521744042555878 2.108218465732435 0.7481194294510498 0
0 0 -0.7541926222520723 -0.6000917108399886 1.3498340941506954 0
0 0 0.8042943642956302 -0.03618044682282662 2.022305391695494 0
0 0 1.4008525270888432 -0.521570157800535 0.5004888966467126 0
0 0 -2.2009536962097265 1.7186083504791136 2.0487286215010805 0
0 0 0.6095324041744314 2.138707730564022 0.7316558719308722 0
0 0 -3.118779948729899 -0.5688708177813888 0.7717837950382567 0
0 0 -1.0241680296307418 -0.5964051027444253 1.3185844678155179 0
0 0 2.438719035880915 -0.42057626590530006 1.976765732103004 0
0 0 -1.9628615325736676 2.1423199653284364 1.6977543624215448 0
0 0 -1.746752615741457 2.0881412832103488 1.1339259159862214 0
0 0 0.5121841913273588 -0.6204822679783919 1.3646842693371393 0
0 0 -1.55740208816748 2.0524153859893457 1.1358806730271194 0
0 0 1.149587094603766 -0.07872224420732854 1.962194208688018 0
0 0 -0.8976816716823666 0.17518765484391974 0.4747131820771463 0
0 0 1.986478923699023 0.5421491637368658 2.027105683151017 0
0 0 -1.3167253487061386 1.1418112967254925 0.4936456719728891 0
0 0 -2.0700025176175423 -0.6040250363444577 1.3263533535911847 0
0 0 0.14006024025383246 0.6088323957543553 2.0344306398485186 0
0 0 -0.15341272476329104 0.14548943284125782 1.976508384585471 0
0 0 2.342034442627499 1.6533269443600547 2.0049457744603854 0
0 0 0.6807387691943316 2.076492010661604 1.1565325414046754 0
0 0 -2.554760560094311 0.12234156843191657 2.0279031402282 0
0 0 -1.2570437458102568 1.896238012677926 0.4713997783052074 0
0 0 -0.20098474443710002 -0.5656365621052333 1.2820206209178284 0
0 0 -2.3446616508452496 1.458632150829316 1.9919879558074038 0
0 0 -2.604594721346977 2.07699736023066 1.5886578346874607 0
0 0 -2.5502786518278033 0.6612736930986849 2.0407182128075574 0
0 0 0.9527373799040939 2.017479297458328 0.43175565044295994 0
0 0 -2.921755418849541 2.052444869418812 0.5276694395099191 0
0 0 0.8133597401195032 1.50917786710959 1.9842818315053092 0
0 0 -1.2224706631165494 -0.6002748153910986 1.2963087170513645 0
0 0 0.44683364874655673 1.175242177389064 2.010211028739513 0
0 0 0.5551834473063808 -0.6165153951637157 1.1668537950862095 0
0 0 0.05746247481488398 -0.135599793027386 0.46912693065646305 0
0 0 -2.683444653143979 0.524723044834593 0.44895607213769373 0
0 0 2.380790381462199 2.086707798143292 1.1894305590279564 0
0 0 -0.5438633474923682 0.6288402788891283 1.9780196177364469 0
0 0 -2.3144641601185936 -0.6201770578460717 1.111302282846669 0
0 0 -2.8470048419648113 -0.5672524022770693 0.6419947396724083 0
0 0 0.7250172390382787 -0.07551359906608224 0.4763334237616105 0
0 0 -1.4633147788394727 1.396336638342409 1.9837382269026833 0
0 0 -1.3871269583680543 0.4568778683902097 0.48150799511709896 0
0 0 2.8131230704019856 1.7730208124884805 2.0231748794972964 0
0 0 -0.07560409901794829 0.18091414474301182 1.9984835114647708 0
0 0 -2.664542643783739 -0.3648180616400065 2.0041288353724487 0
0 0 -1.5869798671747666 -0.08871352404655242 2.0147214821042922 0
0 0 -1.405952231703096 -0.28478424069234487 1.9651959122992646 0
0 0 -1.7212076182461766 0.06861461985077355 2.007906734092136 0
0 0 -0.6469967406468422 -0.5961476205529783 0.6600570225392288 0
0 0 -1.4208131345894044 0.5908207139428603 0.4548221357663529 0
0 0 -2.3206313215627494 1.3632959799700497 0.4440781179761004 0
0 0 1.6203874316884823 2.1448335555079425 1.6442594815090137 0
0 0 2.2955384936653385 -0.6170712019448572 1.270687209008881 0
0 0 -1.0797872240606519 2.068680881290156 0.7166213915712347 0
0 0 0.6801583106284603 0.7634261231898853 2.01960930516897 0
0 0 -2.466630908881392 2.117431847807432 1.5192252612068158 0
0 0 0.1685420682519898 -0.6264190932945 0.7998323123164865 0
0 0 2.8530260878673213 2.117865742916268 0.7944125029739038 0
0 0 -1.5966507280707425 -0.1483924315478391 0.4256793130548375 0
0 0 -2.7112962011966446 2.1138277930621303 1.8409743412405373 0
0 0 2.6868207749760504 -0.5836044495197552 0.7250880863183686 0
0 0 0.28169157555242785 2.0789093159847534 0.4781811176408979 0
0 0 -0.8153075462158057 0.8917272110777801 2.050117319990063 0
0 0 2.769091337522 -0.6352473579602667 0.7845948779036852 0
0 0 -2.7312526515373103 1.555244744295783 0.4425931402347836 0
0 0 -3.077997934085011 -0.6212573077963814 2.019977696768467 0
0 0 -0.1310858897035465 1.2475929103305026 1.972349111736171 0
0 0 -1.570327194295661 -0.5741173739540859 1.5361464652153634 0
0 0 1.4917475428455491 1.4578576357220003 0.48053299034825103 0
0 0 -2.2475159392863064 0.7508031430522246 1.966570891329366 0
0 0 1.2845068906271786 0.8747979142112878 0.4904107805990582 0
0 0 0.032490945530567306 2.1109086118154146 1.5618163602193502 0
0 0 -2.6595546799720564 -0.6235059358694834 0.884098584733352 0
0 0 2.6404814859784134 0.26135625204435453 2.0278579407623925 0
0 0 -0.1597690965210381 -0.5897108898888164 1.8817602957144173 0
0 0 -2.8063165234679843 2.1218260962835185 1.4231179679376962 0
0 0 2.1416191965259745 -0.6422345609825604 1.1899183138288034 0
0 0 -2.572091694637803 2.0667927023816257 1.2499984779322821 0
0 0 0.020352944201050605 0.8729526354100419 1.9825461704070193 0
0 0 -1.139747059972391 -0.6268127840964837 0.680675988795616 0
0 0 0.5713026499553795 0.09495623010200915 1.9691171708701622 0
0 0 -0.6862662208508605 -0.585755199796621 0.7659471568677196 0
0 0 0.41639291694566305 1.8512503748343907 0.4871746431799354 0
0 0 0.5168036869695136 1.1304312561795353 0.46743496343093394 0
0 0 -2.0177929616739014 -0.42108961393773714 1.9618936864967855 0
0 0 -0.6362880656854868 -0.6013672165939252 0.6630680360973433 0
0 0 1.6143706882535627 -0.13474380680396658 0.48904102626170576 0
0 0 1.906495708121546 2.089864903450283 1.3229766883811906 0
0 0 1.3995672669038726 0.6528988542395782 0.4229747870361822 0
0 0 0.019978935940374143 -0.5775178328220394 1.420454604263122 0
0 0 -0.8317731524458387 1.219536505052068 1.9750733164219283 0
0 0 -0.7234524480185791 2.051825949518757 0.4462924744156612 0
0 0 -2.050632320425561 1.4338573172983122 2.0322561935054186 0
0 0 2.1489168075843423 -0.5780578161644212 1.7481474527213616 0
0 0 0.5823445469643511 0.8326154291482477 0.4612645645069293 0
0 0 -0.4368791264593481 1.6678502562159492 0.4208551963441508 0
0 0 -2.181817897918657 0.31887159853984026 1.9776286354113541 0
0 0 -0.913907026262319 1.6615652324734287 0.42996877889080254 0
0 0 1.045541417250349 -0.28241584938924347 0.46949847840884673 0
0 0 2.786508920755783 -0.6315723374103701 1.3882734473374034 0
0 0 0.8843992737320203 -0.608433646729692 0.6135978927900921 0
0 0 0.7333457750089325 0.22360551998438083 0.4138543226074882 0
0 0 -1.2619969848060668 0.6439415973306921 0.437732337005567 0
0 0 -2.566649346950345 1.7059755194326922 2.046876596432071 0
0 0 2.328882476190964 0.23254459889297396 0.44977867220814793 0
0 0 -1.954994188816032 0.07274119378882482 1.9919928691382704 0
0 0 2.798612825736485 2.1188253744879333 1.2389825232127691 0
0 0 0.5183350006152501 -0.4086916804068206 2.0060233728997208 0
0 0 -0.9717190124231543 -0.6355589578510155 2.0243025108291928 0
0 0 -0.4805744601571176 2.084453987974345 0.4361916311037165 0
0 0 -0.9940922432536916 0.6925140949725574 0.40702544216402037 0
0 0 0.9043452750985415 -0.5499302315285917 1.9630408485709574 0
0 0 -1.8685478291490334 0.5291343849526322 1.9677481372996153 0
0 0 1.7186830582250758 0.7599698191024711 2.0019669873075894 0
0 0 2.4825640150666386 -0.6263153547520957 0.6533460984554043 0
0 0 -0.657026237442071 2.1186381865887958 1.0095266671084135 0
0 0 -1.1659183247303295 -0.564606102033155 1.6664083026646106 0
0 0 0.49339805682218874 2.0923064973611005 1.326623468867835 0
0 0 -0.2991975856202771 1.7953408474797639 0.4127586877489653 0
0 0 2.541148230662409 -0.5070141033022368 0.4362260065665988 0
0 0 -2.9175716420777156 2.0357015226247173 0.40683228852254627 0
0 0 -1.9541202545059064 2.1012749449987194 1.0971288839679423 0
0 0 2.1398537452108437 0.3333918338409454 1.991820156470845 0
0 0 -1.555064144516385 -0.06458255724716311 0.4246444058794878 0
0 0 0.32837653793748744 -0.5504986434381574 0.4475063221448443 0
0 0 -1.1846290578466794 -0.3978920692916763 2.017786031549628 0
0 0 -1.066482149268385 -0.22039041949955607 2.023173314212286 0
0 0 -0.26140886955434883 2.1430733657437298 1.712492400043243 0
0 0 -0.6561111535134456 0.8245264285325862 2.015405904050696 0
0 0 2.3611176133928993 1.6120219157518203 2.0225910115723593 0
0 0 1.366640187193128 -0.23491415965976536 1.9759034348653395 0
0 0 1.2833802437600692 0.05361532944263747 1.9532108726035067 0
0 0 1.666135319196985 -0.5509172135517015 1.3986302336121792 0
0 0 0.462923921892207 -0.6398679395864026 1.7857812263179846 0
0 0 -2.6210888126041314 -0.6435300616215418 1.6624269411810768 0
0 0 3.1235496769640436 0.37660792030412604 1.9547855206521865 0
0 0 -1.6644551464825408 0.3685356650603364 1.9846853847339387 0
0 0 -1.37918222638736 -0.4783395792234151 2.0197029059384 0
0 0 -1.3061943209255216 2.052408260145872 1.055557056550327 0
0 0 -1.362020148451475 0.16010765456117404 2.024110023911834 0
0 0 1.4370653352531004 -0.16837198380991425 2.0454859542720123 0
0 0 -1.8094077091595955 0.37811205191701014 0.44869082728842224 0
0 0 -1.3608729058443765 1.9208196607090808 0.4135343273097798 0
0 0 -0.553664055874318 2.1048853049290086 1.454864374397787 0
0 0 1.85840358113371 1.1519797169181316 0.4511121264732836 0
0 0 -2.814148175320991 -0.17051747083358193 0.4416341687629912 0
0 0 -2.0577759850570176 2.1411379104675548 0.9648580269380153 0
0 0 2.130402065067141 -0.5612194879733483 1.9513483279845003 0
0 0 2.82274791787537 0.5278854137388385 2.0267399309641316 0
0 0 0.7266234745559075 0.5391372548124274 1.997471806292845 0
0 0 -2.0096917404662835 -0.15242517056816385 0.4983373454553014 0
0 0 -1.833324809864301 1.4237891084871683 1.9783590802130062 0
0 0 1.6318455718478209 0.8626062120028672 0.44783695728792217 0
0 0 -1.2319373556104403 0.9400256250241712 2.0031524195532784 0
0 0 2.113402924783558 -0.5578483108986851 1.7855253716389525 0
0 0 -1.359431415372298 -0.3280070189263893 0.4861789224726216 0
0 0 -0.2335851589599902 2.140287779200408 1.4295531550787086 0
0 0 0.15654869027020757 -0.6306131624485041 0.7412738340190919 0
0 0 0.8691741985235923 1.5802027103068268 0.4747435936198573 0
0 0 0.4177407648353739 0.31216286678319327 1.9647652255445114 0
0 0 1.9431183844420206 1.5082338254652903 1.9553683772457158 0
0 0 -0.7900744525327918 -0.5846010929331764 0.7385860655816552 0
0 0 -1.8201010656843466 0.3304946000197808 0.4567924549408535 0
0 0 1.9231589482560238 -0.601298143304654 0.5890943958019635 0
0 0 2.515185652500067 1.3459397869054937 0.4565110717681373 0
0 0 2.79950640635205 -0.5892063810618742 0.9384943719686945 0
0 0 -1.8966946948405203 -0.22111814724386025 1.990381057779993 0
0 0 -2.8266379640808563 -0.4824367474017639 2.01569466520851 0
0 0 -1.5463270783866552 -0.5458320547357736 0.4186322774656144 0
0 0 -0.8711505742360188 -0.560597986765363 1.849870257319052 0
0 0 0.7452703571232155 1.441396336260413 1.9953462040109615 0
0 0 3.0324043092913664 0.8488565139185555 0.4042154963911714 0
0 0 -2.9607928219559136 2.0710806559865844 0.6718736155717306 0
0 0 0.24201823162281544 2.0720512864946548 1.4985184189332075 0
0 0 -2.3767686409010396 1.8101052630400607 0.42774310283511685 0
0 0 1.0444872670400827 -0.586311226271911 1.757926284375163 0
0 0 2.363177734300617 2.11303215092044 1.5548255306169887 0
0 0 1.6559744381700447 -0.12732873456153238 2.0212483255382425 0
0 0 -1.8285688052816447 1.697121508662043 0.4123936702020171 0
0 0 -0.9386266845315459 -0.23586727949068198 0.40756833795777603 0
0 0 -1.145055919271642 2.1124814159450267 1.2627244055750309 0
0 0 1.1771283859197537 0.07812573437553971 0.44668607926703985 0
0 0 0.8760795487552411 1.1003633784672788 1.9720150402009577 0
0 0 1.1596007170938094 1.3135397427906075 0.49305058268489454 0
0 0 1.1012445908262096 -0.561170513743628 1.6918776677745357 0
0 0 0.47367868968029336 -0.6170856956513404 0.4692376358998396 0
0 0 -1.0641927787586627 2.0606484647966647 1.3547476910085345 0
0 0 -1.47057522495798 1.7803216396476322 0.4933702287600691 0
0 0 -2.4220636878086514 1.8202952842939182 1.9687756682570605 0
0 0 2.3172537516220357 1.9568794667061453 1.9854025992609956 0
0 0 -0.8679124897948598 2.1050702874315257 0.9112386466537249 0
0 0 1.670169374774269 -0.5685004315284099 1.3201464961532585 0
0 0 2.7710632287222374 1.8152964390447732 0.453965948727002 0
0 0 0.9088543428300779 1.3817745948338476 1.9851613191592032 0
0 0 1.709271912504735 1.1834539904634187 0.4284078696852476 0
0 0 -2.5406204309012237 2.099601608998181 1.0321521316167641 0
0 0 0.9956491818529836 -0.17404746796789405 0.4803851737944307 0
0 0 -0.5565701097311284 -0.12070895741017762 0.4045355046527883 0
0 0 -1.4765847743948621 2.0425849712272672 1.959838430672102 0
0 0 0.1975814902219284 -0.5979277418944258 1.9707203064685583 0
0 0 -1.5109359398009865 -0.17355949398523118 2.051012329104378 0
0 0 0.3309632723302154 0.46590236270389407 2.0181881593366238 0
0 0 -1.3765111709030853 0.7248604421850529 0.46135550439025685 0
0 0 -1.519642384906965 0.7404770275095482 0.46899159487738074 0
0 0 -1.6108631774123332 0.5602667187735431 2.01894018625226 0
0 0 -2.546405243298408 -0.48055106842569884 0.4885814693768381 0
0 0 2.9792808845818204 1.6879697087906786 0.45828150928936173 0
0 0 -3.0144395082701076 1.4126513643671477 0.4168052478655986 0
0 0 -0.022892759657358486 -0.6305951816190454 1.0855795538203938 0
0 0 -0.14877560927772482 -0.013149475294899182 2.0444136936400716 0
0 0 2.0216068149823867 -0.14131155325635136 1.9864159626577378 0
0 0 1.6765156469508415 0.9527257764279558 0.44336213337284525 0
0 0 -0.04308883674821562 0.7310806660701534 1.9539227294909582 0
0 0 -1.2283916160989858 1.8245307196593286 0.48337703433660595 0
0 0 -1.6140594545411855 -0.42108414795794946 1.9610946708209576 0
0 0 -2.212379244059219 1.888926821212406 2.0209943820609544 0
0 0 2.3386408124072684 -0.5957922241617404 1.7262375679670543 0
0 0 -1.1621454352889635 2.1110877973701756 0.48416049047574017 0
0 0 2.202054670087409 -0.5840070231051941 1.8810944238918084 0
0 0 -2.1362630640742406 1.9720483768064445 0.42942157102086864 0
0 0 1.3566381254807132 2.120451407796513 1.3774308818011773 0
0 0 3.1305210461411557 -0.635493764247322 1.7534147168506788 0
0 0 0.1468818526620299 0.6608759766830388 2.0167749694757995 0
0 0 0.558613983579785 1.0003052816301325 0.49910392828486616 0
0 0 1.6473394624463147 0.1620758407924937 0.4660382389771106 0
0 0 2.3862086238422195 0.41609889251144505 0.45417926201912784 0
0 0 -0.6089402080345536 -0.48840622147054713 2.0192834147220746 0
0 0 2.863584932755855 2.0689216007149387 0.725812925429532 0
0 0 -1.8643302233009589 1.7276963422073617 1.9927616022948051 0
0 0 1.566110783889357 1.6336153939021452 1.9777505961939859 0
0 0 0.5171529344982169 2.0920936708409554 1.5530315306430529 0
0 0 0.5472263252667728 1.567343841392663 0.44707056547176605 0
0 0 -0.5970393212107958 0.9891678139487377 0.44993680185910323 0
0 0 -2.9131092291938323 1.3275176432469664 2.030420380322663 0
0 0 0.7400936175037245 2.114360602311934 0.93842517162605 0
0 0 2.153713969599152 1.3691748901650043 2.048365364001097 0
0 0 1.099501803130714 -0.6113861975772608 1.6932766276272098 0
0 0 0.5278844165443579 1.3458116323667595 0.47354247465521226 0
0 0 -0.9818468186442844 -0.11333650912386695 1.9755752152663328 0
0 0 -2.340931386038611 0.28780036540274356 1.9995822057649493 0
0 0 -0.029406132018956033 2.1258971412054706 1.002985114844102 0
0 0 -0.7654246576501404 0.8314456300347559 0.4880049774718024 0
0 0 1.5133641045178665 1.2925561578363483 1.9878700341071156 0
0 0 -1.6600038373757633 2.145182148008678 0.8143295082219659 0
0 0 1.1571782450612513 -0.4971282512222923 2.0260913261761844 0
0 0 0.8313615719875065 1.2853101026442275 2.0252558234621536 0
0 0 0.9408426089835205 -0.5678374651236495 1.9979692699378262 0
0 0 1.0770727985786 2.083695819172349 0.990204992327436 0
0 0 1.0924642921780192 2.1309752629527887 1.3149717737280078 0
0 0 -2.4315016527956197 0.04213918793209903 1.9988736004050613 0
0 0 -0.3099642230568942 0.2556321502957064 0.4202613934154824 0
0 0 -3.08669037280781 2.134257421026766 1.6784853850980965 0
0 0 1.6264911296285183 2.1195663474600845 0.4172905000152165 0
0 0 2.358046347329597 1.963294071811809 0.4355923210494803 0
0 0 -1.8728875060154546 2.100686571606743 0.48392680754102857 0
0 0 -2.2107709340017876 1.6205774789791192 0.43796184792963155 0
0 0 -1.3059354930035332 -0.598061869538465 1.217799297063384 0
0 0 -1.2144406999968917 -0.3032260583802502 2.0107428506650376 0
0 0 3.03552512021398 2.1384932620691655 1.3919650600208242 0
0 0 2.6129821791325476 0.82343613436375 2.044259189224582 0
0 0 -0.2800091052530935 2.098037225815049 1.172644688135143 0
0 0 -3.001205016669201 2.0660008387109166 1.5486628032870142 0
0 0 0.5599725026557825 2.1124374508112815 0.9491608969442914 0
0 0 -2.524379675043185 2.1473243249854947 1.4248808346438577 0
0 0 0.597475819966395 -0.5570039397653781 0.7816829427365442 0
0 0 0.462977191047365 2.0852454649837306 1.751325741503795 0
0 0 1.6529854030848616 1.6942501037386994 0.49390769716147265 0
0 0 -0.21811065219415138 2.0817509841268866 0.6223455702876778 0
0 0 -1.893323223908167 0.6472435136329286 0.48201544956082276 0
0 0 0.19472745623274212 1.739528423514155 2.036829875301045 0
0 0 0.9082285626732238 -0.5395644232318979 2.037688621596801 0
0 0 0.1774391219352749 0.33843983338565264 0.47025779616214913 0
0 0 2.682517288224907 0.9785609495393102 2.0130476484282096 0
0 0 1.2410708117597649 2.048874210696386 0.4654552290253743 0
0 0 -1.0971900393038787 1.0748642406715725 0.405266402674197 0
0 0 1.9938424714347072 2.082203517491998 1.2086048733374841 0
0 0 -0.4994108409760911 -0.6428714411832339 1.5506294471331947 0
0 0 -2.9672076944538244 -0.03817362569479288 0.4793566296545734 0
0 0 1.6320441523177802 -0.008781453704529318 0.46978574105840354 0
0 0 -2.105092335586737 0.6815946516607432 0.4934872294661472 0
0 0 1.383949491232559 -0.6170463243431064 1.9564570437302882 0
0 0 1.6115151932284713 1.5904187828919014 0.445368971938109 0
0 0 1.5777934632841255 1.6507485597391083 2.047484216792205 0
0 0 1.7500214180960851 2.069059607823432 1.7863848430997422 0
0 0 -0.692373528264679 1.542292757236862 0.43602952132609873 0
0 0 0.6409669631400852 -0.20702898224560118 1.9540373264933022 0
0 0 0.9710065784844772 -0.5855384087319822 0.5142046876378369 0
0 0 2.7783264141944644 2.056788665994652 0.940260502302928 0
0 0 3.0337458538310207 0.8934868401780449 1.9625764174886098 0
0 0 -2.2794894272152533 -0.5356872443446898 1.9766612227529858 0
0 0 1.8571624023406024 1.6255055567541012 0.4239039116590284 0
0 0 -2.3700246602371684 2.106346188763517 0.520611301238614 0
0 0 -0.2727967944890306 -0.18210551952027787 0.4450836457428571 0
0 0 -0.2729129192320876 0.2831001202858586 0.40924380224366896 0
0 0 0.5081389050411724 1.1414678149014497 0.4363451560146906 0
0 0 2.7347219357128045 -0.6070654714256192 0.7993003082357244 0
0 0 -1.7453519957371812 0.6157980473577784 0.4688089653195706 0
0 0 0.1128311339473198 1.0147707311395067 0.4658538690164552 0
0 0 0.9926327195579949 -0.6169861427482217 2.0474636356802964 0
0 0 2.3388315719388144 0.005369996968180191 2.015435252886948 0
0 0 1.3164327963769829 1.47991386936877 2.0330966670167228 0
0 0 1.2738972520568081 2.124349291906694 0.9972800355794178 0
0 0 2.0982794921103434 0.3063798703563567 0.40615012447177723 0
0 0 0.052538327003186946 -0.5777368743360964 0.7912369284396872 0
0 0 -1.0938563249016702 1.0389921100729973 0.4245503987098892 0
0 0 -2.990351316918704 2.1042084883485623 1.9013622362721065 0
0 0 1.4534713280422373 1.6912506874229216 2.0492979316259 0
0 0 2.6046883928807576 0.8260688425065958 0.46909114895754134 0
0 0 2.4163038286105216 2.090072486805084 1.0964950063515533 0
0 0 -2.917676655889551 1.1010014510462338 0.4734412639963953 0
0 0 -0.9086034569913797 0.024041879897371388 0.484402721012378 0
0 0 -1.2591147771833189 0.8577680816492779 1.9997479421875468 0
0 0 2.5945780764826125 2.12791968527915 0.422652757431789 0
0 0 2.3384595551780425 -0.6323255041970992 1.4075216270605015 0
0 0 -0.01026163339061581 -0.46963794668534753 0.4205888514041267 0
0 0 -0.7393587285253322 -0.59006705051458 0.5151630437920847 0
0 0 -1.390748204139881 2.110557898091693 1.5835719646555606 0
0 0 -2.2726351660550628 0.05645364605864278 0.46023025958557484 0
0 0 -1.0059361565961993 1.7421275657026933 1.987885442122412 0
0 0 -1.7349753601325337 2.1256354529239676 1.2598531445188983 0
0 0 -0.419832200316121 -0.43267237495841115 2.0182036787922604 0
0 0 2.2555831337235945 -0.24263943384281095 0.474285400419759 0
0 0 0.14450622263127233 -0.593856076523577 1.444097775597407 0
0 0 0.934051077851719 0.046487951292572216 0.465915472025222 0
0 0 0.9809019658476954 2.0779530815190457 1.3944072590269898 0
0 0 -3.072921722205647 0.7073172543659783 0.4486174481689219 0
0 0 2.4102685713319696 0.7066307207576019 2.0383435865198916 0
0 0 -0.0750799761768941 1.7383978233086423 2.004960044102079 0
0 0 1.0168311719826582 2.098970140070964 1.8952203447155447 0
0 0 -1.4792021347521296 1.5479281315987186 0.4685677767494729 0
0 0 -2.205210499876543 0.4947610178924302 1.9734210201709206 0
0 0 -0.3372909762590588 1.9210825122767228 0.4147550093621416 0
0 0 -2.743916826416193 2.0614080932600958 1.7042653432089225 0
0 0 2.826698481898637 0.6913616576929704 0.4288133205903669 0
0 0 3.1333529636045316 2.092366872376539 1.8485182721105016 0
0 0 1.125268425455399 -0.5986967718424479 1.3398052884659135 0
0 0 0.8567555543340943 0.2748574827026051 2.0013302733285734 0
0 0 0.9652798082201315 0.7090447670033209 1.9544419620800526 0
0 0 2.944238008758111 -0.43615652095854895 0.4972947903480015 0
0 0 -2.8364322644655777 -0.622694733904344 0.866976629485757 0
0 0 -2.9175749487442193 -0.5356540755346768 0.43555494619966817 0
0 0 1.548667347615317 -0.6088899308306037 0.9451818816270727 0
0 0 0.09817800565763912 0.9667093638234214 1.968194120562089 0
0 0 1.6224414343655464 0.3553884303615694 1.9623478090676678 0
0 0 -2.4140679299151078 0.9546907918083962 1.9749670570330258 0
0 0 -2.3316563699257813 1.5581071009622944 2.0521861855757093 0
0 0 2.1210670449434588 2.080125699014193 0.8380770204517209 0
0 0 2.6037835002590315 2.1120116885522577 0.9887538644118068 0
0 0 1.0289914713144022 1.7070135445930485 0.4577672002550772 0
0 0 -2.304210768948482 1.7002208675731143 0.49516143324347506 0
0 0 0.7761468590381138 2.144493923691841 0.6226564644844381 0
0 0 2.980855499687534 2.1140564322016204 1.2441298217986423 0
0 0 2.4331642961263578 1.988942108873512 1.991315555805759 0
0 0 -0.2595745051567606 1.689440467405462 0.43200053675302463 0
0 0 3.1263993742924896 2.0817814794542886 1.2646581045110574 0
0 0 -1.404925083305339 -0.018915995992679346 0.4145845542315343 0
0 0 -0.19348292080445884 2.129392819024498 1.960809973399756 0
0 0 1.5702869463712243 -0.5889413066552835 0.9043166834573402 0
0 0 0.5837571649064137 2.0608839490854294 1.5499631380247856 0
0 0 0.6176772142496301 -0.5926263525560851 1.9280428568701982 0
0 0 3.1391901693087183 0.9732676915580263 0.48850547733037486 0
0 0 -2.9199176942891683 1.9121619847559257 2.0368205534438695 0
0 0 -1.7830171490652877 -0.4774043198467497 0.4809820959066816 0
0 0 -2.967253012532517 -0.18529174782513858 1.9597469628462814 0
0 0 -0.7043813354783435 -0.14536355138139267 0.4716974404044403 0
0 0 -2.959200177113468 0.6917460345795521 1.9840518313579356 0
0 0 -3.1366616359545856 1.153082192816373 0.45882590682862767 0
0 0 -1.5597274922528765 0.15313138839710227 0.4410736512770821 0
0 0 0.20153705609127304 1.608102855320445 1.9877106759131977 0
0 0 1.485436577441388 -0.6123873137798486 1.871156204148118 0
0 0 -0.38171349135768695 -0.5875779310539333 1.2359508011932498 0
0 0 0.208281424860842 2.091923781070757 0.8256016501837324 0
0 0 2.378192392207273 1.4505151545676747 0.4520276250406656 0
0 0 1.1567464180525207 0.7128697340956112 0.40431169462409056 0
0 0 -0.6224869034734444 1.8082324446366742 0.43010709891686827 0
0 0 -2.8413363021825244 0.7858989054317478 1.9802433415384815 0
0 0 -1.3490844448745065 1.0840099012054152 0.4861107388756031 0
0 0 3.096410646490865 2.1059284593600793 1.8815319684538658 0
0 0 2.2528082204057513 2.0722745912320715 0.7038236922014607 0
0 0 0.5437124048494812 1.7435754928724723 2.0272602817387284 0
0 0 1.2722230699901766 1.7418614913574857 0.4608245545948435 0
0 0 -1.615015179626367 -0.6380801306589985 2.0174366980234115 0
0 0 1.3169278440647263 0.006682451708487358 0.4907574644847823 0
0 0 1.2814265224433674 -0.5690761922486403 1.866327977587035 0
0 0 -3.055131917390037 2.1473261494895297 0.5985309434356829 0
0 0 1.3626738912786704 0.5028068719721599 2.0155262118959434 0
0 0 -0.8391778686926101 1.5686887174224828 0.44042147418693844 0
0 0 -2.8398399210132648 1.100618434224571 0.4247291480353206 0
0 0 2.623575125094022 -0.2822496751131758 0.4244573417861106 0
0 0 -2.8445141730163086 0.016130568762633524 0.47855947892054096 0
0 0 1.551128590639328 -0.585345056310355 1.8387826285747553 0
0 0 -0.5339227037158785 -0.22299648968389207 0.4900908438597712 0
0 0 -0.8074628396302921 1.7515738117201172 1.9993446357311166 0
0 0 0.21089474823700716 0.683402896102759 2.0399717610469583 0
0 0 2.1600580415824275 2.0763444790520755 1.9763122516606413 0
0 0 1.0427822684642987 0.6031797344569518 2.01724425009157 0
0 0 -2.4567594162371735 -0.6393487733404326 0.6994628136824322 0
0 0 2.2428598423469372 2.134476271327956 0.4563021826248469 0
0 0 -0.10717149600842024 -0.20619775972485344 1.9690999131551257 0
0 0 -0.5038677165522212 0.9531680856980733 0.44536092797799864 0
0 0 -1.9504085634557233 -0.48626076284067143 0.41536525581176775 0
0 0 1.8617465944995093 2.1090047389881867 1.6996768734198293 0
0 0 0.5335365712153992 -0.6093982268108249 1.1209623488278033 0
0 0 -0.07883915173129541 0.9645418195379933 0.47161746323585163 0
0 0 -1.0214421734657049 2.093012832089607 1.034565121850687 0
0 0 -0.09253135173406513 -0.5804130622672974 0.872612393641997 0
0 0 2.8313231931623326 1.4523980071935607 1.9585840819506761 0
0 0 -0.019591068529405398 0.8158582688357232 0.4573699075414184 0
0 0 -2.6095118437131077 -0.5643820774477812 1.0421672015983137 0
0 0 1.6737537012253583 -0.6017742001210418 0.9626296251949675 0
0 0 1.3480216987778553 0.3530144942775759 1.9809612137941914 0
0 0 2.4818940167325714 0.7632087814134356 0.49080061869766023 0
0 0 -2.219463972134373 -0.5740669614894436 0.5642579122613922 0
0 0 1.6778619713359868 -0.648522201676198 1.5541862222953953 0
0 0 -2.0842302262518095 1.5760289617882004 0.5015111420283516 0
0 0 2.4430279475798713 -0.5851354274538665 1.1097726450327983 0
0 0 1.2196974611035172 -0.22006552450844108 0.4278112182066496 0
0 0 -0.7146485627911989 1.9850634227351518 1.9655709962694246 0
0 0 2.642166709535476 0.2427296965071688 1.9735379226437733 0
0 0 -2.20744147476403 -0.07601374491612478 0.46788243595784307 0
0 0 0.3818046114976168 0.3294117610799365 0.4689651941555941 0
0 0 -2.454964078702792 0.6274572284962041 0.45635764717087945 0
0 0 2.767271603062124 -0.07469171380289918 0.46883624319655115 0
0 0 -1.3092491167161153 -0.544230439280333 2.0276594875122522 0
0 0 1.6044786409522613 1.9381512536757042 2.0345141896435415 0
0 0 -1.3409253348374999 -0.3741210993713584 0.45539317146688996 0
0 0 -0.22126961059023031 -0.6176143951874811 1.2890802951663392 0
0 0 2.5467302220955546 2.108953676424294 0.45271863307005544 0
0 0 1.2983774007122824 0.7841126355738293 2.003204757675641 0
0 0 -0.3945591052976365 0.31201971273624773 2.0390835312095694 0
0 0 -0.9320543356786972 2.0801491739574405 0.4904648974711676 0
0 0 -2.388935148980901 2.1229788555090083 1.8675352294769614 0
0 0 -2.2266965194522417 0.7980487587439427 0.45963878660766455 0
0 0 2.59921347133068 0.9185563253343478 0.4951037252693242 0
0 0 0.8217682264553017 -0.5869242932854724 0.5080619525162507 0
0 0 0.31411425417178673 1.4325731573307414 2.052586004688103 0
0 0 -0.9832293881703467 2.1407522351191237 1.6724216790416064 0
0 0 -0.9665470248887349 0.12006741293526302 2.0040639041626926 0
0 0 2.4194475532495785 1.64637767132008 2.0363173025985075 0
0 0 -1.1686380099052442 -0.4775216049906519 1.974804518911257 0
0 0 0.3441994585446553 -0.22006948648408486 2.0255258915833547 0
0 0 1.68449440610636 0.4203453587900643 1.988214943069656 0
0 0 -0.9135029838581485 2.096798249163596 1.0055439498813121 0
0 0 2.775497119343016 1.6738061596702656 2.0031258758809383 0
0 0 2.1187555206710407 0.36955109028732547 1.996118057316528 0
0 0 0.37615414536775527 -0.6080824364310495 0.5432383851518994 0
0 0 1.7279626759809652 0.5007441588319985 0.4826485008774182 0
0 0 -2.809895573749943 -0.6392746759673937 0.8918959441943355 0
0 0 1.3490295882322743 1.0842994363821095 1.9601770141941786 0
0 0 -2.633323379507248 1.7712957811474623 1.9721970638882123 0
0 0 -2.2127659797679216 -0.02637900250731451 1.9598034693107564 0
0 0 0.6526406795245139 1.1118671252813244 0.4861922824615851 0
0 0 2.9055242206415848 0.4056090062434201 0.48267742683949566 0
0 0 -0.29536760023187014 0.7379824648929256 0.47078230944204724 0
0 0 2.2831708392412136 1.0143729179440515 2.027057461190968 0
0 0 2.7284136613905883 -0.6118387867695525 1.8618318940093266 0
0 0 2.014519143228971 1.0102729383196074 1.995309014898613 0
0 0 -2.3282632905572145 -0.5765996785660259 1.499846271274504 0
0 0 0.6885745955638485 1.0648993009036072 0.47128603910203737 0
0 0 0.06565837325192536 0.5708863142733454 2.0371020795217833 0
0 0 -0.25846562346646706 -0.5686895083954084 0.9216088203125649 0
0 0 1.5655251240509118 0.8830972792675102 2.0121415271313556 0
0 0 -2.297030310771679 2.0675223324728753 1.8724806984954947 0
0 0 1.5763349226571153 0.9657771720540438 1.9717278728415404 0
0 0 -2.227145926635685 -0.03814509974701319 0.42162814622493616 0
0 0 -2.831326912709624 0.7372595684482588 0.4496697462476361 0
0 0 1.8945484047592238 -0.6134753127747494 1.4863616947004419 0
0 0 -1.9429945074887807 0.3571313789935552 1.9755862747837687 0
0 0 -2.8153507076593183 1.8676927924721374 1.9540632093474413 0
0 0 2.1018241726314404 1.7230426724875183 2.035588612995859 0
0 0 1.9046693063409341 2.0981748712481854 1.5101006678026743 0
0 0 2.360624906908577 1.8216010464168158 0.4365691156362761 0
0 0 1.9499051583294484 1.686433684001514 2.0432998791599988 0
0 0 0.9474276731602567 0.3100518610533495 1.9590290928187317 0
0 0 -1.3296904495602673 0.8021503677968036 0.41527387356332046 0
0 0 -1.2249942557606461 0.6849824272501888 0.42323558808051265 0
0 0 1.0762825854899987 2.105568306287271 1.7170569810537155 0
0 0 2.8507860940891403 0.9791098216632013 0.4620070387530719 0
0 0 2.5777757651654083 1.4487659208664816 0.47721156706815737 0
0 0 -1.4547229026601405 0.15145249292808782 2.0153268443153296 0
0 0 0.8430897288923402 1.7704826304813726 2.0441589400845936 0
0 0 -1.108948596557644 1.0779600730665713 2.032149532757469 0
0 0 2.0780130610802274 -0.4142162314220814 1.9910307773018603 0
0 0 0.5686346771236122 -0.4009237141811466 0.4359143191323491 0
0 0 2.2295600817608454 -0.20845294924936986 0.48164248391248776 0
0 0 -2.7461427854804032 -0.5512381890919429 1.2444354501093127 0
0 0 0.842100333333053 1.3822840047420706 0.4663084449457049 0
0 0 1.593562920839596 2.056370605756289 1.3226872717507494 0
0 0 0.8253833307935361 0.08569610038288389 0.44489897755546215 0
0 0 0.7275924357562968 1.2370902690739514 0.409588513795324 0
0 0 1.6748223457381926 -0.5520033558734561 0.7230071338830555 0
0 0 0.7669730044381611 0.8611460730108269 1.959877881321074 0
0 0 -0.03655836676385116 1.5711213596050928 0.41810788436639856 0
0 0 -0.4572369215875054 0.8368381085156458 2.0239764667854296 0
0 0 2.8183007914218985 0.9696766611500158 0.43334689779952407 0
0 0 -3.060479979835376 0.0059964225417772354 0.4777043448682431 0
0 0 1.7659225987265916 2.059946014069388 1.1627894641436995 0
0 0 -0.10905167940516769 -0.6060671107166746 0.8919554776081126 0
0 0 -1.406454839769054 2.086324337777576 0.6702947582196921 0
0 0 0.09997589761911296 1.3247975423942566 1.9727239290858698 0
0 0 1.1870787875072226 1.1997846191888302 1.9911455916594434 0
0 0 -1.7557716160490129 -0.5695959204656191 1.4503947429070363 0
0 0 -3.060458502319852 2.1304860011111546 0.8958647486635027 0
0 0 1.4648313105084352 0.10107649928937323 0.44954007494122994 0
0 0 -0.12244160973823881 -0.624748693121782 0.4200074214274311 0
0 0 -2.639533906743865 0.493954318349328 0.4630578999547259 0
0 0 0.26509798503530924 2.0994437176429015 1.858149093987829 0
0 0 1.86991023205338 -0.23621304207820493 2.007707363579786 0
0 0 2.3227072657638166 -0.2918646785492056 0.43697672480628325 0
0 0 -3.0559162876582797 0.3483874799303007 1.985015861750203 0
0 0 -2.1692804609831153 1.4546596853208602 1.998852661622803 0
0 0 -2.7868171042904266 -0.5762920835959686 1.8203152475571212 0
0 0 -1.914652310309185 0.15089658654790794 1.958941172833263 0
0 0 1.0817680403010623 2.0864585358106327 1.4523817358485627 0
0 0 -0.29554609582353786 0.9707502881177206 0.47747275488660834 0
0 0 2.456056620689612 -0.3748787779954328 0.48302891421977323 0
0 0 -2.01773025467823 2.1435528698636723 1.5726726361248762 0
0 0 2.0657626077441815 -0.5524683441464338 1.2974680643792484 0
0 0 -2.385817441820781 -0.6056087489955595 1.0587907846298432 0
0 0 1.8747232704836776 -0.12668568473552033 2.0290468456575415 0
0 0 -3.040148606785961 0.49615692122562405 0.5024484171403797 0
0 0 -1.2490183304680742 1.4638423190962555 2.0046747031608865 0
0 0 0.2978878227710311 -0.5641210272028467 1.1942666227688545 0
0 0 -1.8794243019453447 -0.6176934477796407 0.5549773592866235 0
0 0 1.8511228170877887 2.123484807837317 1.3366198766180606 0
0 0 1.421555137828924 1.6115688667852688 0.4161282076359959 0
0 0 -1.3926461820265674 1.1356238936706873 0.48554708067676267 0
0 0 -2.8950561458168784 2.148407579837187 1.4602559577499334 0
0 0 -1.2617123286452596 0.009554588907834005 2.0200649046856505 0
0 0 2.6115519247397287 2.136367581352206 0.49148540944694585 0
0 0 0.923893989507329 2.0753611582641645 0.43942145516270925 0
0 0 0.08979435087336674 -0.1158742696966345 2.04242045256087 0
0 0 -1.1841007357476792 0.8165042462202476 0.405580876013643 0
0 0 1.9170450130000702 1.2959661476336553 0.4698746615281265 0
0 0 -1.0624320588569098 2.089092190586889 1.1998107558533913 0
0 0 0.30235496956431973 1.0744608328394294 0.4538427943358949 0
0 0 1.1752178842687213 -0.5733074607594959 0.5934161613026174 0
0 0 2.6848812176846373 2.1256578709490483 0.7228301625299706 0
0 0 -2.912651719270845 2.0668199005554024 0.5467450335969507 0
0 0 -0.20784335298543377 1.7306020937493816 0.4825783871556968 0
0 0 -2.5953944086412735 -0.6126436768188195 1.8346368929550407 0
0 0 1.318624252832291 -0.5927164147975299 1.8288360682012508 0
0 0 0.40262012407367775 0.563976787537614 0.4722094959264339 0
0 0 -0.5008213712095189 0.9426057860168862 0.4266280779234509 0
0 0 -1.046987190231878 -0.5577495469830454 1.329337382201349 0
0 0 -0.7532883158813459 1.2740502983005053 0.4206058397111381 0
0 0 -1.4027948070816827 -0.5740316434533423 0.4673234217478498 0
0 0 -0.9970104581178174 2.0965515859609907 1.808035201007524 0
0 0 -1.8289636039513477 0.6673107448851401 2.012772135227261 0
0 0 1.5294009916776625 -0.11211155440079823 0.40305814175414245 0
0 0 2.634430206434459 1.5776588152968254 0.41725168666315093 0
0 0 -1.224829401909967 -0.1279703597362507 1.9736508524353125 0
0 0 2.2972332620687466 2.080861563474604 1.1215158918005939 0
0 0 1.2931835596198242 0.7378798382895784 0.4171189114076499 0
0 0 1.091173145002375 -0.5531422162092325 1.450601047457318 0
0 0 -2.6478842941192813 -0.6473042491020518 0.4572894539753505 0
0 0 -1.7336642039198382 0.39556443863255963 0.414932282087751 0
0 0 1.752755996355341 2.095844510012083 1.9221134921746597 0
0 0 2.8687800546328237 1.0990283142717536 0.4728480271320292 0
0 0 -1.947641555382606 1.7097656997763975 0.41720924277591154 0
0 0 0.3483466320110349 -0.26488304547374053 2.0391012216366438 0
0 0 2.053407916649755 0.1673249927574768 0.41124063452464976 0
0 0 -2.157907342349767 2.0868376530903805 0.8543715637637015 0
0 0 2.014852005681271 -0.33733931755480784 2.0060612989698967 0
0 0 1.5373097070682915 2.09463345812311 1.1113093449986886 0
0 0 1.449067929642994 0.04139950829736416 0.49087170043980377 0
0 0 -0.10215481535380189 0.8682335853333081 2.033444281857046 0
0 0 -2.3687221747081084 -0.5518814474541913 0.8762288400064556 0
0 0 1.5036981834151648 -0.5930362564911182 1.577507747791348 0
0 0 -0.2739785152764358 -0.6160582250305289 1.1172403044329662 0
0 0 0.13906955416145728 0.2539392173225882 2.0515801420327664 0
0 0 1.4637046127656017 0.6242655542166446 0.4163859192627267 0
0 0 -1.6680787649670255 -0.6460003542430506 1.3349442745891489 0
0 0 -1.7644510729338458 2.0773980037754747 0.4661733495094429 0
0 0 1.6644666218022053 0.4361089983655937 2.0421373486983887 0
0 0 3.0884975671250396 0.726825071076902 0.4748265315420417 0
0 0 -2.5829413688317824 0.2810158997667106 0.4101741295582483 0
0 0 -2.068743051750495 1.494381627920667 0.4897615393678679 0
0 0 2.986273068630367 1.077090969167177 0.4774684020031482 0
0 0 2.277143105743569 1.4319090906332548 2.025768490243645 0
0 0 2.1050777755718917 -0.6175752269685075 0.7812524885812346 0
0 0 -1.2135239892080225 2.060989398463482 1.2434323209617517 0
0 0 1.4560888065838204 1.2010836386055344 1.983118052614143 0
0 0 0.027883272916074286 1.7897988060236683 2.0388795408744 0
0 0 -0.9358668716630931 1.111817069288007 0.47594314356241896 0
0 0 1.0431035252953391 1.9323797951420476 0.4170677774168752 0
0 0 0.9543069881456026 -0.5537106816040875 1.6437463981719338 0
0 0 1.0403495298248968 1.3661675111728642 1.96199387778818 0
0 0 -1.5909318203738454 2.1462198145377784 0.8495283541303834 0
0 0 1.947144201311426 -0.6348518235574854 1.0066437094029899 0
0 0 -2.648422163077358 -0.5885032122682317 1.4084467361166626 0
0 0 0.30574128358030705 2.097602426530827 1.159278623893561 0
0 0 0.6003719564763261 0.4041204018464519 2.030094452158777 0
0 0 2.8230982206239617 0.7627345226678883 0.42391175496365097 0
0 0 -0.8048499238925082 -0.5588853174862805 1.4377605702808403 0
0 0 1.2372878884227632 -0.5778214125206478 1.7246130438008032 0
0 0 -0.4290501698306137 -0.6007754184140108 0.6491701304181563 0
0 0 0.8690395417894399 2.1071075887296065 1.7898121767243882 0
0 0 3.0932456679393807 0.33897777134447205 0.47124049002189683 0
0 0 1.55865394506431 1.2651659573329923 0.484932418163583 0
0 0 0.6307176952493898 0.47603909708267644 1.9941899905823404 0
0 0 2.969745300302953 1.2912402711370259 2.010493399312136 0
0 0 3.08118944895537 1.8445041096206338 0.44650310490753287 0
0 0 2.822405863864856 0.3930211365895171 2.0405129729325617 0
0 0 -1.274825515715453 0.9205672524581179 2.033689208719677 0
0 0 2.826462101046526 0.6885519576999259 0.48445667214415133 0
0 0 2.8184065789923824 1.586070123666673 0.43011626537622805 0
0 0 1.8462730757079449 0.506447226257084 1.9616048409006726 0
0 0 1.7870877627956432 2.1230912828784847 1.4123319974555575 0
0 0 -2.275317240122961 1.4241421385527857 0.4359966054133606 0
0 0 -1.2156054553873734 2.1168316364410313 0.4441304390759099 0
0 0 1.3663209440126183 0.16809078690542778 2.0114329616879187 0
0 0 -2.8681870631067845 -0.034841371432462354 0.4726665451500348 0
0 0 -3.1411718704556395 0.9835509196912566 2.0119464117786343 0
0 0 -0.07081004702410132 2.0710739464138017 0.7903432904896525 0
0 0 0.13277077340555943 -0.5580757984444291 1.137004494752662 0
0 0 0.17250016277256286 -0.6006887026302725 1.6132384192251568 0
0 0 0.8042131628097944 1.2279394298973971 0.42676105594582536 0
0 0 0.09729583857976953 2.074507506725646 0.5328602813550597 0
0 0 -1.1324623384023118 -0.64979218567161 1.569696156433074 0
0 0 0.9334645317443311 -0.36707944355817745 1.9823833342148152 0
0 0 -1.005292351782467 1.937220628672854 2.0310680829319163 0
0 0 -0.5583273096179675 2.1476213680436445 0.8009358542667144 0
0 0 -2.416609657593625 0.39979038956571133 0.4917182826930454 0
0 0 -0.8110314837333457 0.7176694383456768 2.0171924383625353 0
0 0 1.497659199938009 2.115540029443806 1.5042951794446007 0
0 0 -1.9399702499609048 -0.6279046899985676 0.5548997419422377 0
0 0 -0.7286557945295793 0.10586853268258944 0.4726430908983402 0
0 0 1.302781109466788 -0.5393747409413461 2.0406668590915182 0
0 0 3.0359595547323286 -0.6132261733319522 1.961707975282873 0
0 0 0.6185469598813587 -0.3311789002565457 1.9628066702002265 0
0 0 1.7465598119519354 2.128856307672543 1.5517613773981442 0
0 0 -2.7342333965418204 2.1002689156306484 1.4411228561162972 0
0 0 -1.4277044147620492 0.21508411152163098 0.49876966988071036 0
0 0 -0.1204191938960828 -0.5747811652519481 1.9722708562219953 0
0 0 0.14819860676945673 0.19555952629174178 2.0186996172774165 0
0 0 -1.024168924668997 2.136420013654731 0.4110689161955975 0
0 0 2.6408421889006073 0.8381940568573236 0.49116338359807654 0
0 0 -2.712209113225291 -0.568350933301744 1.7230714174196506 0
0 0 0.48099661569606633 1.1119199023737034 1.9810677138570774 0
0 0 -0.4175612962077415 2.1020092427506056 1.4711559112215438 0
0 0 -0.7859868650155679 0.424652541403848 1.9606952014018093 0
0 0 -1.4327193112838228 1.8271613198911132 0.4159145972405017 0
0 0 1.9282302774268176 -0.6257723147886571 1.2485257392285192 0
0 0 -1.742539735233767 2.1337113896060798 0.8623864192059215 0
0 0 -2.6129577381215894 1.828363327002849 1.9806063255060238 0
0 0 2.743152258739343 2.148806203034529 1.4225443373681037 0
0 0 -3.050102202335141 2.0055629388731697 1.9868089452987072 0
0 0 2.82440383991287 1.871074356969675 2.023213310477577 0
0 0 1.0064544833311801 0.14773901424151226 0.46012766816868633 0
0 0 -1.870156154418216 2.1235622798149434 0.784425622359887 0
0 0 1.1570887178583975 -0.40923922028704207 1.9681478520804787 0
0 0 1.791403200293347 0.9275673292413453 0.4954838797235386 0
0 0 -1.9580309474849984 2.0837228755653485 0.9376805838539845 0
0 0 -1.7731878089260162 -0.6373482222790543 0.6811498646564849 0
0 0 0.242818175498003 2.1099818988867467 1.4126923722749891 0
0 0 -0.6069456010935421 -0.5887059416442921 1.3883756323209393 0
0 0 1.4318976010306992 2.071549561023621 0.4039123501658308 0
0 0 -0.31300806416503013 -0.08650092851882918 2.013366742825148 0
0 0 -2.0569113855306327 0.14573419383425612 0.4223387625822661 0
0 0 2.6259168105265394 1.7920578078121656 1.9663177587437344 0
0 0 1.0246440294609718 -0.5947135141960209 1.5456589135190342 0
0 0 1.7845889770456287 -0.11225752776677611 0.4608623360234275 0
0 0 0.38151850738537396 -0.568695297918496 0.5040271070859157 0
0 0 -1.6050165171479833 0.4033688441907818 0.48322720108965644 0
0 0 -1.7838501856756408 2.1011357466557765 0.891681993021407 0
0 0 1.6446233942716715 -0.5546758931415106 1.4058253664355522 0
0 0 2.8600218940309787 -0.6272297179811841 1.105082279978443 0
0 0 0.535889999746638 1.1918769054641971 0.5025502862818302 0
0 0 1.2713763905517084 1.5125647225714698 0.4275948413540782 0
0 0 -0.7498309450244482 -0.6385941455122235 1.7236685342233662 0
0 0 2.8550031643128664 -0.6047543749880342 1.845529870656712 0
0 0 -0.8239034012632556 2.064060643723857 0.4731836400476398 0
0 0 1.0458530667698387 -0.23576727582535972 0.4255068186165505 0
0 0 -3.066716596409612 1.3426098481465583 2.033636946744412 0
0 0 -3.060857660657052 1.637745072108088 0.4174840376540986 0
0 0 -2.175657574151497 -0.6456618004636532 0.510614496936852 0
0 0 0.20030682143296907 -0.6203690982205139 0.8679450384289698 0
0 0 -2.802507425593567 0.24043775713622562 1.9869780585743428 0
0 0 -0.6619913086489699 -0.6183548265975833 0.690967453716633 0
0 0 -0.43310317239112184 0.7559057281238002 1.9738352226056568 0
0 0 -1.162924207403146 2.118285324028528 1.9487312975043651 0
0 0 -1.4513051548679818 2.089965303376829 1.857380928205297 0
0 0 0.04904459261220495 -0.29513147874210977 0.4147221315088474 0
0 0 -2.7111691174637444 2.097888352987435 1.1031803905690643 0
0 0 1.069341127683109 -0.5656856514385666 1.3883700825297922 0
0 0 1.2035133858927791 -0.33115805263330444 2.0284799598819347 0
0 0 -1.2217543810311589 0.49015160463306073 0.4510504536125055 0
0 0 2.520374521497728 -0.5948539317327965 0.6459944177696647 0
0 0 -3.0176368452341094 -0.0007005171179976788 2.0050256352437836 0
0 0 0.6015364843790665 2.1277319612270142 0.6352115210771805 0
0 0 -0.8566745688329176 1.5134274498958458 0.4511294876846156 0
0 0 -2.403693736810219 2.0345957532257657 2.035001809815135 0
0 0 -2.282039973999744 -0.5934211183913647 1.6470092764861044 0
0 0 2.282464361839348 1.7319544237294868 0.4764589468994348 0
0 0 1.9715386698232722 2.067127593835439 1.14464383781897 0
0 0 -1.1969408900011183 -0.3006558547773359 0.4706823613885833 0
0 0 -2.734969999030217 1.5409924880297428 0.4433813964470611 0
0 0 1.9186607499380974 -0.5511611365808469 1.1970189550474082 0
0 0 2.064350032301398 -0.3352770757002035 0.48788003841617256 0
0 0 3.0362040988384953 -0.6397973060961457 0.6382484708749282 0
0 0 2.6362260225549043 0.5584640284633484 2.013106018375733 0
0 0 0.974325660459507 0.40140651975737685 0.40630613316730846 0
0 0 -1.7398495661883198 2.0717682438642213 1.7573330083094263 0
0 0 -1.4974276108898998 -0.643848478697606 1.0539177847538719 0
0 0 -3.1387262407719616 -0.5958047399895452 0.9983140933648792 0
0 0 -2.942948380639123 1.9962985219780356 0.41900828278079283 0
0 0 -0.23645524438114052 -0.11720652878405513 2.042598746276572 0
0 0 -1.068871825366183 2.1252127636878564 2.0229253650621075 0
0 0 -2.620672481503363 -0.5620846813046052 1.828359118056277 0
0 0 -2.368840996757264 -0.14523348545357062 0.49631304947627586 0
0 0 2.154054830596066 -0.18100112832704762 0.44018542592323306 0
0 0 -2.2426280974564112 -0.2717597710838897 1.95772187463621 0
0 0 0.9718341345486365 2.055935391024113 0.6937898775623048 0
0 0 -2.6168490039311996 -0.37787713156738834 1.9642726143153397 0
0 0 -0.8003726931113344 0.4712831897483616 2.0438090289880564 0
0 0 -2.8134931559125116 2.114553893821622 1.5904879579698759 0
0 0 0.7608204959132854 0.23221591197814717 1.9752756877097428 0
0 0 0.7267825919162192 -0.6022079329942158 1.314088109089183 0
0 0 1.7280184130774332 0.8792810981218018 0.4833187876408276 0
0 0 2.9911989704551365 -0.1931193465291028 1.9739921885856373 0
0 0 0.020070452016682783 -0.5898185365011299 1.6112837005705007 0
0 0 -2.9289844189707694 1.5109386853152726 0.491191317685833 0
0 0 1.197933108937657 0.29971114363654305 0.46427019511100676 0
0 0 -0.07490810643578216 -0.5971871465136389 1.871021030662253 0
0 0 1.9630754202212808 0.3470809069475601 1.9817826347935101 0
0 0 0.7101473849811377 -0.571417140616501 0.6071065041632537 0
0 0 -0.36012955504576327 0.10467412378901264 1.9808675094345085 0
0 0 -2.9142065595048305 0.5865671127135279 1.99035128700334 0
0 0 2.067213606611415 -0.5343854916581063 0.45928257047761667 0
0 0 0.9359335538633191 -0.6492428944058484 1.7663135634546405 0
0 0 -1.4194213444519528 2.070834177563853 0.6402130773522766 0
0 0 -0.6717335769722617 1.8715615198697104 2.029962420705949 0
0 0 -2.3556791700657564 -0.6429202082684089 0.7114175105927572 0
0 0 0.6062727877205858 0.5406858450044829 0.47643723704023544 0
0 0 -1.2855345064796562 1.8298667225844898 0.40737838360860357 0
0 0 -0.5263271824609626 -0.4354413521099587 1.980606994768485 0
0 0 0.9912865966442617 0.06292916482215638 1.9775324615837757 0
0 0 -3.0122738892586476 1.0772256249469079 1.9921888100923186 0
0 0 1.5573757040541487 0.5910132069556637 2.043634561939718 0
0 0 2.8025105467487545 -0.5608600623808151 0.5673982555424144 0
0 0 -0.3903930774898581 -0.5654951304054028 1.7839878953129356 0
0 0 0.28725591543182816 2.135590312520794 0.74362199778706 0
0 0 0.3677854967146317 -0.5924957331627156 1.8995532966299387 0
0 0 -1.1850280352973956 -0.08465263216933616 1.961254699302775 0
0 0 1.264100278811517 -0.14034016769778623 1.9953578675144996 0
0 0 -0.8767990096248979 2.0558735020674224 1.2570053407246253 0
0 0 -2.0537523062713205 -0.647927413479144 0.982498355195502 0
0 0 -2.670283382122203 2.0744898947734836 1.4921093560985925 0
0 0 2.245618537971108 1.7324426175164167 1.953734919474702 0
0 0 0.16832161992764716 1.4288047169321472 0.471604434053294 0
0 0 -0.7612540831537431 -0.6334141107913558 1.26141569347406 0
0 0 -0.21657919435820894 0.516785033723228 1.974461751266484 0
0 0 -1.9752268112280773 -0.6190158076828196 0.9905063486162198 0
0 0 -0.9167302666343073 1.0408562087946374 0.4101184727306777 0
0 0 -0.16078539331291308 1.1265240996314765 2.0489940501573107 0
0 0 -2.1643789300850105 0.9300524103983305 0.44460095818215684 0
0 0 2.8562888588750006 0.16692244016060087 0.4813957098273246 0
0 0 -0.7677178410899006 -0.5667198426275133 0.8105440046620469 0
0 0 -0.1975042308862922 -0.5366557940454233 0.4287617242229562 0
0 0 -1.8256493768904862 1.066723221899713 1.9981470211600207 0
0 0 0.3507963788736319 0.7332335599101718 0.5015078317802278 0
0 0 -0.8922541881204076 2.055555173713934 0.477815054331691 0
0 0 3.0151865251998062 0.9832348103124131 2.0118491245011976 0
0 0 -2.476332103596938 2.1245291366042762 1.8380120915422067 0
0 0 2.328772858607733 -0.6270050900630628 1.6152284774097927 0
0 0 -1.5103969480301618 -0.6446218672056234 0.7789947650852118 0
0 0 -2.38169687630546 0.5815470092912443 0.48837831367422946 0
0 0 0.628578724650585 2.0892403445775125 1.3067712107448701 0
0 0 1.071498177735795 0.5885592906268915 1.9582141068274375 0
0 0 -1.9607856433231305 -0.23801922255214825 0.4325163956193183 0
0 0 -0.2639167094499708 -0.5824497911994029 1.913998022264424 0
0 0 -1.9195998153562737 0.03758759137125445 1.9896502602749377 0
0 0 0.6033577438511006 2.1427778018847494 1.0511958055188115 0
0 0 -2.9215908058062117 1.2078176345553453 0.42042643126668433 0
0 0 1.4305631564727177 -0.591324502603829 1.3741268602503078 0
0 0 -2.411990443708374 0.6622436717919946 0.4491263935822374 0
0 0 -2.113869784916353 -0.5657721732192746 0.6196278573940361 0
0 0 3.01264206379261 2.09796349164427 0.8065467256969912 0
0 0 0.9294636475953846 2.0788789834440555 0.9529650430530666 0
0 0 2.691673712120549 2.0887925016039244 1.5550578053205621 0
0 0 -0.15362738755200134 1.1076093343402034 0.47831551114561877 0
0 0 2.195271418831279 0.28566350519494565 0.43783565068349384 0
0 0 -0.7350386640862507 1.7576965329069918 0.4853926790299212 0
0 0 3.0247976158655074 2.101853262370848 1.2597768373741283 0
0 0 -1.632076073437955 -0.6109313664616831 1.9406235605600164 0
0 0 1.0569513606350576 -0.6402849081282225 0.9238506843407391 0
0 0 0.10129569389820503 -0.5868899677968324 1.2225301397397854 0
0 0 2.423232281074089 2.085400221255037 1.7147409907664104 0
0 0 -0.0696384952446838 0.3604336728640025 1.9699893443794323 0
0 0 -3.1080928021395815 2.1397372015161435 1.802978626843248 0
0 0 -2.325787353671732 0.2054810672865327 2.0527843326562687 0
0 0 -1.6989620177119062 0.6575557213821399 0.4201724878713362 0
0 0 2.218304727676114 -0.5741260897971996 1.9382698350010148 0
0 0 -1.1158178811042179 2.123379009064929 0.5242407722500584 0
0 0 -2.4268496379839295 -0.11525181484914093 0.4695481371177782 0
0 0 -2.043815824138667 2.1450481471476164 1.997976456015085 0
0 0 -2.277821189663265 0.009922279925158928 0.49045096832300317 0
0 0 -2.2997712553138703 -0.5423616474267894 0.47597245041199954 0
0 0 -3.088448150914218 1.3053511011564447 1.977129924384164 0
0 0 1.0698604304160169 2.086866193375829 1.6785094827381377 0
0 0 2.3190456809794275 2.1171517759529292 1.6169976261662977 0
0 0 -2.261715387091242 2.1188543980193986 2.046932133798859 0
0 0 3.0621453585814526 2.0652256387965666 1.053719737814418 0
0 0 0.06542776361084313 1.8039731773635712 0.46254531903834173 0
0 0 -1.4050227486103906 0.7503922159828174 1.9943227398654222 0
0 0 0.9875133230166426 1.1938899348844687 0.45713944759926506 0
0 0 1.9932439168605542 1.3865719915095327 2.0209471536135837 0
0 0 0.07075390355813216 -0.6472921451860194 1.6160171238852221 0
0 0 2.6923567715560432 1.41501095739294 2.0270688127753607 0
0 0 -1.411169239354693 1.111643137856321 0.43586455862009565 0
0 0 2.7300194161924995 0.8568992857165976 0.41898322055197335 0
0 0 1.427701598099259 0.8756696198483367 1.9886160661451076 0
0 0 0.8966482954902402 1.1436695673503336 2.0195726343879 0
0 0 -1.7776359762329228 -0.5973925417516714 0.5153691727591763 0
0 0 1.6892337943470563 1.601238764656349 0.44058481633595126 0
0 0 1.5139451765245502 1.6004455700975526 1.964426515484007 0
0 0 0.16332787233043478 0.10206897016003935 0.4431444515321601 0
0 0 -0.19363997951704714 0.8607229851128713 0.45530794664937957 0
0 0 -0.6402316834970727 -0.030688184109776362 1.99027947307304 0
0 0 1.3121094959007413 1.0155629724202468 0.4036465173356647 0
0 0 -3.110590827792038 1.0176232385598756 0.4280606963273321 0
0 0 0.2899508600227483 2.13058271194768 1.769947206753496 0
0 0 1.1417490447649516 1.3750393330764277 2.0194526343725494 0
0 0 -2.302913116202135 1.7253115757081503 1.9624482145985414 0
0 0 -1.787268233416522 2.080530471150305 1.5699684277613055 0
0 0 0.5483555290689508 0.9396858988780339 0.4499744077805181 0
0 0 0.0016218382392896302 1.2060778571638846 2.021913819649442 0
0 0 1.0487500241739331 1.4992081718276793 1.969336455459489 0
0 0 2.3334968208412192 -0.6214218348812302 0.5540326485525683 0
0 0 -0.8271469419570026 0.2700614418944004 2.0131957466159136 0
0 0 0.3148846828435379 -0.5919261330772385 0.49354102235867503 0
0 0 2.488478870433882 2.053747999647178 1.1471484023930243 0
0 0 1.3736195766038088 2.0703006472085836 0.7597585835360758 0
0 0 1.3957014879204142 0.07240707113857336 2.0033748707592176 0
0 0 -2.449163121103445 1.9001472641760404 0.418599288634797 0
0 0 0.9133879900171884 0.501763580035566 2.0265033790162392 0
0 0 0.4302418357767861 0.11295895868213046 1.9915068948599683 0
0 0 2.435427597390162 2.1431570091825884 0.7888288523100357 0
0 0 -0.41659679180407583 -0.5614791870371889 0.65983415264738 0
0 0 1.701019110400428 2.0678966224454958 1.2744205560259854 0
0 0 -1.8734341637648337 1.9640506355836134 2.0307125405535764 0
0 0 -1.6909986538958448 1.7179111206356492 2.00747439722606 0
0 0 2.240371213720839 -0.5898259398016554 0.4648197825199707 0
0 0 0.12097298759319308 -0.6099468091704348 0.8050122809081501 0
0 0 1.4746994360614893 -0.6164151621748952 1.115187077155237 0
0 0 -1.3508963597045511 -0.4527809786890711 0.4499905379988174 0
0 0 -0.8598949118347581 1.5719002614292152 0.4034484327017679 0
0 0 0.905302973332625 0.7761652933260665 0.4180794500312186 0
0 0 3.1235003700822475 1.6423289822294997 1.9727263633593415 0
0 0 -1.2441987454644365 0.04486106664318912 0.5008091388084637 0
0 0 -0.9920841183283642 2.0597155709794115 1.859538280785915 0
0 0 2.467197301111863 0.7292581939423304 0.44668814288059144 0
0 0 -0.05929923890227462 0.020639166207642612 2.020169776915773 0
0 0 -2.0560619732783225 1.179377757656359 0.487336951682387 0
0 0 -0.6630602363386942 0.5940329518152461 0.4811842136230009 0
0 0 -1.075242660084295 1.0096605245146728 2.0268490941669137 0
0 0 1.4038389515528014 -0.1906989638393013 2.02505554623069 0
0 0 -2.0796453811479143 -0.6282701718669752 1.2992667372463056 0
0 0 -1.238894158114637 2.1228394482419084 0.9160669011982849 0
0 0 2.1320255691345418 1.81451584417473 2.0483544580558 0
0 0 2.373840348103955 -0.10613101772660771 2.0348074894576738 0
0 0 -0.14702025361456172 1.0584140374573667 0.429852345760554 0
0 0 1.549344604261048 0.8450100378032848 1.97373960707356 0
0 0 -2.584971684632035 -0.2046461912304347 0.4911085572258834 0
0 0 -0.7671968499425899 -0.6482338736532991 1.377650277730021 0
0 0 0.4382423733024181 0.7111406297217815 0.40544057917549137 0
0 0 0.6567865267953197 2.11338857516383 1.4814754072171286 0
0 0 -0.6981525516819604 1.24467323583674 1.9607972838262766 0
0 0 2.3416702210647653 1.9649647973825568 1.9999571327933983 0
0 0 2.827124592076755 0.4328866231235784 2.0218400297033385 0
0 0 1.0718045287853455 -0.6182807287640164 0.7661941765697247 0
0 0 2.0365122925818735 1.9511939475043316 0.4171191556261056 0
0 0 0.8957667573536519 0.30407975971807144 0.42186849529644244 0
0 0 0.1089845896855306 1.4542462766195319 0.4078579107684549 0
0 0 -2.846867965607569 -0.5669327972375684 1.6003872934828989 0
0 0 3.112871781423027 1.6281726014703766 2.034703288045704 0
0 0 -0.7930286248718783 1.7124914108488858 2.051786875228664 0
0 0 1.0953183194945293 -0.5986298470935423 0.43023267571479884 0
0 0 -1.1806156996309973 -0.6410326754396973 1.346567885231464 0
0 0 1.7182950683558325 -0.1418745887736319 1.9582132909892715 0
0 0 -2.112854205574142 -0.03257306019157802 2.0288956184581113 0
0 0 1.1070731482434608 2.1195748731358046 0.7259239771979944 0
0 0 0.3943747194509424 2.080433861336928 0.513833766878242 0
0 0 -2.5209043613497624 -0.6125424357193707 0.5998112665287221 0
0 0 0.43937603024723826 1.7349466536982037 1.994649459452289 0
0 0 2.99110144941132 0.9056602196851107 2.0051720814091754 0
0 0 0.8470213008493954 2.073959273472093 0.9170009444318051 0
0 0 -2.4957082964401938 -0.348153172887133 0.4472662022162589 0
0 0 -1.5573818069807102 1.0008382509019933 0.49135848588034237 0
0 0 -1.7393114313574023 1.6273157294397558 2.039051923776322 0
0 0 -1.489513408346777 0.808252280880019 0.4616640226340759 0
0 0 -1.9524228854831294 1.0751071833812558 0.46266722086150813 0
0 0 0.7678471386180825 0.0036894762837611506 0.442318125966766 0
0 0 2.35573679683623 0.40329287287996873 0.46969624198356363 0
0 0 3.0535938792072157 -0.6099435650491447 1.130094970943794 0
0 0 2.094500707922296 2.0874340664591955 0.7383612312850009 0
0 0 0.1108146984958629 1.8793808214014363 0.49466190438895885 0
0 0 1.4462501024181496 -0.6240405455871407 1.806224518743076 0
0 0 -2.487124256122527 0.5708839177334892 2.0372763957528557 0
0 0 -0.7896451715407982 1.366121573363875 2.0501791164994665 0
0 0 0.0558986997488824 2.077558571537378 0.8044005844305266 0
0 0 -1.2300426363494799 1.7076202660379434 0.47878735845031084 0
0 0 -0.5235285183567946 -0.5911642638262882 1.8761250753299459 0
0 0 -1.7627197987101184 1.4529127935780772 2.0185536432273423 0
0 0 2.779640850603709 -0.4230800622091795 1.9595643359812545 0
0 0 -0.8902021074798374 -0.5265186787272784 0.47152115471894884 0
0 0 0.9447896606894277 1.1984372201455618 2.0271392938193857 0
0 0 -0.5266170366721967 2.0632107421528945 1.3164789069085732 0
0 0 -0.49401231566903103 2.0287878842685645 1.9739057770296595 0
0 0 -0.7489987574777075 1.5089664332610175 2.029610013963345 0
0 0 2.339088449856911 2.1090102011323237 1.3262815113866073 0
0 0 -0.6457683022386815 2.130928626513371 1.9408718537830385 0
0 0 0.8056050291073555 2.1126264050265355 0.5694385793980388 0
0 0 -3.138337955281694 -0.5777477603897814 0.5652219850966841 0
0 0 -0.3864179559544394 1.9209476640732819 2.0374812696779765 0
0 0 1.4106619781185668 2.097391403832337 0.9608880604702319 0
0 0 -2.0922658354052346 2.149612442913736 1.7448502486543493 0
0 0 -1.1614918017126283 -0.5582528951741128 1.1267123221032789 0
0 0 2.65124697868975 1.372175916463596 0.41643782348507064 0
0 0 -2.2969180129872226 -0.31415195517599104 2.00347054138337 0
0 0 0.8326826200551354 -0.569017229628042 0.42876690921019023 0
0 0 0.2779013543149267 2.061154838756795 0.6939953741759746 0
0 0 -2.282233684232992 -0.6425426225888689 0.4165555924034975 0
0 0 1.2190546607638026 2.111952564427793 0.5654085903436643 0
0 0 1.291885203084279 1.519784789269085 2.052958280565107 0
0 0 -2.272555964487833 2.137952860477172 0.5021644038078494 0
0 0 2.907573683891581 -0.3176251969930679 1.9817287941318527 0
0 0 2.120766815010902 -0.1273214134831091 1.9793875565963983 0
0 0 -1.8266737996391655 0.19573718358458092 0.49724146559150706 0
0 0 -0.9619550300732929 -0.42816874886856127 2.0350290990924367 0
0 0 -1.7742284364174161 1.4170932871006674 2.051165077847539 0
0 0 -2.9842536892620872 0.24228602352442696 0.4900049662528849 0
0 0 0.3690126163397305 -0.6378211578481967 0.8725814546433575 0
0 0 2.340040089093786 1.946736861105837 0.46423938828386746 0
0 0 -0.6639482300957589 -0.5564238501154481 1.580888055216017 0
0 0 2.5996193993633163 2.1405661603854877 1.6826427377557762 0
0 0 0.4718715419833259 2.12410841760612 0.9087563546517723 0
0 0 -2.529788812431845 1.466500851060485 0.40528818047626947 0
0 0 -2.4485192992183187 -0.6440718907303522 0.8517604459491548 0
0 0 -0.3886481475365855 2.0994873352252412 0.7054379707097531 0
0 0 -1.7067998361144099 1.5761830541639805 2.0189975637601885 0

