0.43977925 -0.31877178 0.7345442
-0.39924636 0.48678485 0.81832546
-0.39331818 0.8945451 -0.54831094
0.7525215 1.3890457 -0.7642394
0.39959124 0.6423191 -0.69257087
0.34919518 0.035609357 0.83964676
-0.69956666 0.59631777 0.8277598
-0.48205528 0.6913975 -0.83790433
-0.18838704 -1.2539197 -0.13551192
-0.28459692 1.1137235 0.026246991
-0.014131465 1.0860386 0.5492473
0.27806056 1.0781554 -0.832847
0.21319243 -0.7811645 0.6883362
1.1102813 0.038630564 -0.6864911
-0.03513189 -1.4867872 0.3942317
0.27335703 0.9500499 -0.5788831
0.5705656 1.2119334 -0.07228602
0.32630947 -0.2123868 -0.6766897
0.20093544 1.1692542 -0.2831257
0.21840967 1.1273705 -0.4490316
0.0551907 -0.010263203 -0.87891114
0.20782654 -0.570614 0.7025712
-0.07795657 -1.2368878 -0.66121995
-0.15498245 0.42217785 -0.82587445
0.3584756 -1.153739 0.08493059
-0.17597382 1.5698603 0.8173812
0.55781084 1.0433272 -0.7410139
-0.6929732 -1.1203321 -0.6781062
-0.7693904 -1.3831013 0.42633596
-0.58866876 1.0678456 -0.25239238
0.8707016 0.32615748 -0.6484379
0.9468022 -1.5534564 -0.63313156
0.14718649 1.1140233 0.45085004
-0.5482625 1.3262398 -0.66877013
0.55141366 0.3155167 0.73447996
0.1857024 -0.3957631 0.78036344
-0.20699187 -1.0940083 -0.7341046
-0.10196953 -1.0251435 -0.23045298
-0.82857335 -0.06438563 0.99679554
0.13797273 -0.7261686 0.86956584
0.12364067 1.2231252 0.18098252
0.12838513 -0.72387916 -0.6616606
0.68001705 -1.2659472 0.16261004
-0.6844174 1.4764265 0.46277803
0.17366295 -0.33349013 -0.7959403
-0.26638037 0.026705805 -0.7797459
0.2312567 1.0244354 0.48805025
-0.5326007 -0.025442064 -0.8273111
0.152076 -1.1572491 -0.6113323
0.101786904 1.1899768 0.6483787
0.31323376 1.1241647 -0.25569424
-0.7586258 1.1273253 -0.8701744
-0.13496974 1.413556 -0.37615108
-0.8191636 -1.3915225 0.6821475
-0.09013086 0.98997 0.6996234
-0.28807586 -1.3748289 0.56528324
0.23591019 0.3174022 -0.68666375
0.19673716 0.73436314 -0.7014074
0.24451749 0.1270813 -0.57874185
-0.81181014 -0.3126116 0.62922966
0.36347872 0.5113374 -1.1481934
-0.036993247 -0.80075014 -0.6785259
-0.24176912 0.8275796 -0.4620457
-0.045833196 0.21965756 0.8961672
-1.4422045 -0.7366231 0.90655106
0.108090915 0.217343 0.44175974
0.25153342 0.36361882 -0.8132759
-0.56054413 -1.2117137 0.41795114
-1.188509 -1.3528082 -0.19548605
0.45674232 1.165445 -0.73684853
0.2064958 0.95773363 0.87002045
-0.11746039 1.054387 0.846585
-0.08970286 1.1804591 0.7937665
-0.15257443 0.154085 0.7500084
-0.51697785 1.4411954 0.035448637
-0.10280895 0.90921754 0.43343377
-0.35764506 -0.6893805 -0.47763488
0.0055445945 -0.41382074 -0.8347999
-0.9806334 -0.6625753 -0.907774
0.21086824 0.8561254 0.6739044
-0.23372504 -1.4821985 -0.2646344
-0.3473427 -1.2333013 -0.25570357
0.007542346 -1.0653747 0.7912332
-0.25495088 0.40410942 -0.99023575
0.97555166 -1.3298746 -0.6824657
0.34765297 0.80122906 0.9801151
-0.26073247 1.3273087 0.24964015
0.069246225 1.1852719 0.03665391
-0.48475042 0.7681344 0.8161117
0.051148288 -1.3382814 0.12934475
-0.269951 1.2139571 -0.419885
0.2990835 -1.2736653 0.3389215
-0.04898105 -1.3865061 0.34004948
0.65239686 0.43842575 -0.9710766
0.67142487 1.4817113 -0.583875
-0.38434175 -1.203409 -0.34565872
-0.58053166 1.1629156 -0.7564319
0.15910926 0.20823444 0.93194425
0.015200615 0.7841901 -0.5109344
0.4363186 1.3640443 0.09868346
-0.2854626 1.1214722 0.77015287
-0.301943 -1.013564 0.6378481
-0.4335894 -0.20238136 0.7661026
0.15173544 -1.2728997 -0.77580494
-0.3875876 -1.2741802 -0.2634563
0.47601905 -0.15593696 -0.75382704
0.7763887 -1.4301571 -0.08114141
0.12685478 1.1181608 0.04757881
-0.3983131 -1.3695004 -0.35814673
-0.34897062 -1.3389918 -0.65350664
0.3986926 -1.5890707 -0.23512529
-0.15414119 -1.1066297 0.7509103
-0.2369455 1.0723448 -0.42927432
-0.26182547 -0.0055138296 0.939581
-0.52265894 -1.2896887 0.050767936
-0.21933092 1.4076574 0.021666126
-0.3587366 1.1667198 -0.14855008
-0.21287902 -0.07959049 -0.8839351
-0.30277616 1.1478535 -0.22980554
-0.47617373 1.1246009 0.64969146
-0.24392365 -1.3327248 0.62406856
-0.6082095 1.1792084 0.88091457
-1.1400812 -0.381849 -0.7428917
0.42188048 0.17615215 1.0189761
0.20541927 -0.96940523 0.6619328
0.0040276647 0.8110858 -0.6823911
0.9732259 -0.74708164 0.79902166
-0.85657233 1.2241837 0.67020166
-0.14475204 1.2867048 -0.15213116
1.0202636 -1.5206529 -0.9286147
0.33118638 0.2264645 1.0179952
-0.15643391 0.9265982 0.46526793
-0.15767248 0.95470005 0.7942742
-0.2611284 0.689184 0.8421251
-1.0145222 -1.044193 -0.7909093
1.0659006 0.44867995 0.76206607
-0.4845576 0.29146054 -0.60164994
-0.21527825 -0.9567041 0.73546124
0.20396754 -1.2653856 -0.3593549
0.3896654 1.0646422 -0.61196136
-0.2276882 -0.9957508 -0.6830654
-0.7409476 -0.60813516 -0.78294665
-0.293763 1.2116373 0.27959678
1.1943544 1.201384 -0.9305828
-0.87099224 1.21064 0.5806574
-0.09610275 -0.3731925 0.6950246
-0.034496933 1.2662836 0.5061798
0.40712667 1.1221721 0.5613833
0.1491689 1.2768434 0.41115627
0.5894951 -0.0027387526 -0.7734624
0.1405981 0.83595216 0.3458282
0.78812546 0.032846604 0.8610938
-0.4138959 -1.2834253 -0.06363635
0.0011418292 -1.3797997 -0.2101396
0.54738533 -1.145622 -0.5789814
-0.44297987 1.3843305 0.71556693
1.6427916 0.11860447 -0.68486875
-0.4874712 -1.1138195 -0.57446086
0.21063349 1.3549181 -0.27009183
-0.8158782 -0.56561977 -0.7539324
-0.9175274 -0.86706847 -0.6449576
-0.637674 0.3851542 0.6663093
-1.0706143 -1.1147283 -0.59925973
0.81965226 0.03858907 0.6294053
-0.052859087 -0.95230865 0.82097787
0.00092959404 -0.9629111 0.57759285
-0.08574714 -1.1841717 -0.8210945
-0.0893415 1.0573748 -0.5530598
-0.19611219 0.9922751 -0.47985724
-0.29251656 -1.3545067 0.3488439
0.26363486 -1.4219501 -0.11843573
-0.5209994 -1.1449875 -0.8505349
-0.5560853 1.2753525 0.9277795
-1.1371335 -1.285187 -0.53540236
-1.3304756 -1.1853083 -0.6019091
0.6620768 0.36128038 0.68767744
-0.14030993 0.8007437 -0.42893094
0.19529499 1.3288915 -0.26690704
-0.6024472 -0.17612171 -0.6738434
-0.23070268 -0.11706768 0.88346165
-0.06072075 -0.9037829 -0.5980834
-0.13234517 -1.2168864 -0.37672758
0.18355925 0.18847553 -0.8778245
0.12324702 -1.0948436 -0.65848726
0.31464115 -1.4541352 0.23843884
-0.09238154 0.6525966 0.69497806
0.15850575 -1.0704414 0.8883959
-0.21201555 -0.58480597 -0.37927443
-0.13820122 1.0801651 -0.7009978
-0.7666525 -1.4476677 -0.34161708
-0.06888115 0.043634236 0.055913232
-0.78600883 1.2733638 0.73178715
-0.14811118 0.65075004 -0.6648177
0.14511362 -1.4635746 -0.76098573
0.15377437 1.0187396 0.80538136
-0.31129226 1.4214402 -0.12188816
-1.8054849 -0.51394826 0.62418085
0.5251396 -1.4327185 -0.43194532
0.6721718 0.7738878 0.7119365
-0.8353607 -0.8891111 0.22041829
-0.68696105 1.0015308 0.81901616
0.43119892 0.7260491 0.796099
-0.6038469 1.5120223 0.04195657
0.02128464 -1.2722247 0.3411472
-0.8688838 -0.54159933 0.91949326
0.6734193 0.08819767 -0.7315412
0.1030779 -0.935434 0.76916236
0.5037007 -0.9911353 0.7526078
-0.025564704 -1.0828998 -0.7360845
0.28169686 0.31522873 0.1459363
0.64267296 -0.26548508 -0.72465265
2.0639756 -0.036368992 -0.798934
-0.96646243 -0.8482135 0.9456418
0.497793 0.04965979 0.73969704
-0.2870865 0.35907987 -0.503187
0.4867241 -1.0931374 -0.7438721
0.18506761 -1.218454 0.55955654
0.45500574 -0.6022592 0.8726223
0.22122385 0.095512144 0.95219624
0.14346851 -0.81388026 -0.582562
-0.62104905 1.3416421 0.0044297627
0.2572567 -1.0169402 0.6593341
0.10530285 -1.1426579 -0.57475513
-1.1391757 -0.89187294 0.79683626
-0.34983152 1.0813001 -0.39661676
-0.57925445 1.8856103 -0.24556708
-0.11073943 0.023499336 0.6133155
-0.2558945 1.6336294 -0.675741
-0.19221969 1.115742 -0.48966184
-0.6325121 0.6615537 0.15396282
-0.27806783 -1.1748235 0.85435057
-0.79730856 -1.4212925 0.8166348
-0.25190574 0.42383072 0.37005457
-0.111333646 -1.2193311 -0.18151973
-0.924146 -0.8992813 -0.6393908
-0.085063376 0.93406194 0.2653958
-0.42224494 -1.2849287 0.31469017
-0.6831641 -0.8053363 0.7778454
-1.5383015 -0.82287437 -0.47657734
0.25743014 1.3693956 -0.036966044
-0.40746912 0.33517742 -0.8982445
0.6533106 0.6108058 0.8243999
1.1318603 -0.50858307 0.75309724
0.7412229 -0.2765825 0.59015256
0.6735925 0.7991175 0.79872525
1.2740567 0.09146247 -0.9782947
-0.3988591 -1.203689 -0.41386887
0.086487345 1.538742 0.31262156
1.0512776 -0.61048645 0.4942989
-0.09080354 0.44627365 -0.7752647
0.2277794 1.0688694 0.35010025
-0.08897915 1.0705144 -0.5261583
0.36119303 0.19451071 0.81320465
-1.3008155 -0.66568416 -0.7618593
-0.5004728 1.6767701 0.07462954
0.20831098 0.74610335 -0.7737717
-0.31973234 1.2274868 -0.024404828
0.09050872 -0.861134 0.6666772
2.1471002 -1.519256 -0.7532399
1.2460529 0.12687053 0.6384686
-0.13799112 0.95908767 0.8088899
0.8177997 -1.4845355 0.41653466
-0.6255611 1.2420862 -0.07269178
-0.6447533 -1.2692429 -0.70738363
-0.9156507 1.025093 0.4915461
-0.20548831 1.2852002 0.3973295
0.057867136 -1.4101318 -0.097791635
0.110840425 -1.3302346 -0.34374872
-0.78733766 -1.3167789 0.68278176
-0.41558596 -1.0372009 -0.9898984
-0.54083496 -1.2216871 -0.05213816
0.13982625 -0.90432864 0.7286459
-0.23677969 -1.1635865 -0.17671157
-0.1487329 0.7845849 0.8678737
-0.51004046 1.4264448 0.4139841
-0.07570374 1.1783785 0.49407583
0.54894155 -0.06665824 -0.8724359
0.09903294 -1.3690093 0.1621529
-0.13548109 -1.1812124 -0.2293751
1.0689824 -0.33533445 -0.81127375
0.31400117 0.26760557 0.5867692
-0.1813157 1.4506317 0.6218704
-0.39186004 -1.2648013 -0.33293247
0.20232503 -1.2188703 -0.7463865
-0.16986331 0.92376703 -0.68986887
0.92110527 0.08394991 -0.4772877
-0.43356487 -0.5141279 0.82516426
0.31198543 0.057294186 0.56292564
-1.7058046 -0.7407002 -0.44406852
-0.38651806 -1.3947889 -0.19494244
-0.3317182 -0.9494198 -0.60007113
-0.7970449 -0.92961514 0.738712
-0.21361096 -0.8121529 0.81013334
-0.1919945 1.4116153 -0.13532735
-0.56704575 -0.72672004 0.84508985
-0.27953887 0.64887184 0.6421798
0.14183457 -1.2814523 -0.698743
1.092845 0.2175279 0.78464824
1.3609726 0.13650563 -0.87579733
-1.3744789 -0.30000952 0.8617581
0.13848148 -0.59359086 0.79392606
0.71300805 0.7105374 0.8016434
-0.017597934 1.3025659 0.07217993
0.30848932 -0.6792704 0.8565169
0.4150631 0.5696631 0.38300297
0.72677225 0.42566815 -0.65754443
0.3745273 -1.4062521 -0.60601324
-0.0656043 -1.5194331 0.61154073
0.24279873 1.6670138 -0.0032906702
0.27786765 -1.4747883 -0.39135972
-0.4213145 1.2070686 0.92539704
0.33255282 -0.18438864 -0.2871314
0.25689107 -0.5926771 0.897961
0.091090456 0.04729971 -0.8961634
-0.35274744 -1.3329418 -0.21933852
-0.05676016 1.1732103 0.61678886
0.45613933 1.3342415 0.2472901
-0.0010289848 -1.1105839 -0.68850094
1.2261728 1.3290318 0.38247564
0.18354405 0.53656226 -0.69685775
-1.0003822 -1.2618377 -0.5292211
0.3910736 -1.0912215 0.78984994
-0.059017625 1.2086089 0.6570622
0.21792457 -1.358116 0.2673596
-0.2701996 1.0245407 0.7320167
-0.34908348 -1.2218293 -0.47676036
0.5387156 -0.388468 0.6171542
0.63849837 -1.1542615 -0.8049077
0.2158231 -1.0162143 0.72855777
-0.14031118 -0.99477834 0.6453924
0.49654168 -0.4768522 -0.6891985
-0.35582706 0.50981736 -0.9128197
-0.33905333 1.0513569 0.77983147
0.26365015 0.5990895 -0.8656398
0.50275177 -1.0226549 -0.28514716
-0.44746652 -1.5658218 -0.45893043
-0.5858405 -0.19421701 0.7382956
-0.09847275 1.0064102 -0.5301577
1.0813656 0.16419165 -0.8088471
-0.2187411 1.0527531 0.7721767
0.1758833 -1.1270763 -0.6554679
0.18200986 0.09497172 -0.6538862
0.14844085 -0.9295951 0.51297635
0.7955481 -0.71799195 0.782032
0.1851445 0.74680704 -0.6394914
0.70545894 0.77896816 -0.7492418
-0.31646758 1.2906848 0.68043
0.32479206 1.1094317 0.25842085
0.038720105 -0.6505486 0.7727013
0.10834634 -1.0659894 0.30778614
0.5951905 -0.42154506 0.8696939
-0.36915585 0.36174792 -0.83852285
0.043937583 0.59305567 -0.9714126
0.055113245 -1.3990501 -0.023834616
-0.1580435 1.1923267 0.241344
-0.93496716 1.5932559 -0.2110655
0.109648414 1.1737525 -0.631197
-0.8046045 -0.6047114 -0.8958907
-0.91681916 -1.1846468 0.06866057
0.36263308 -0.7187219 0.8925084
-0.68473303 0.9760376 1.0429622
0.08630347 -1.2582408 0.23559001
0.092130974 1.1702389 0.85610825
0.10880724 1.4298934 0.3658037
0.8808049 -0.44401482 0.6578253
-0.4017485 1.0523623 0.70024574
-0.55651176 0.56235486 -0.78101856
-0.2935095 0.15927401 0.53945005
0.09063507 -0.78285265 -0.50387466
0.44583514 -1.2625967 0.029194418
-1.3651552 -0.75873053 -0.61228704
0.07011916 1.2416556 0.78827983
-0.53714955 1.0560485 0.566379
-0.28034666 -0.640469 -0.8723885
-0.49740395 -1.2852966 0.13535793
-0.5343574 1.1492679 -0.4549735
-0.051891916 0.45113206 0.252987
-0.022596803 -0.58496267 0.7834721
-0.1145974 0.86249775 -0.81744593
0.07371872 -0.80952984 0.78099614
-0.14219104 1.2576038 0.41394755
-0.43526432 1.1956987 -0.25937584
-0.9380573 1.219169 0.66631824
-0.046662092 0.9578071 0.8294714
-0.4910026 1.3377239 0.73517686
0.8427598 -1.0231689 -0.74192894
0.55677664 -1.2456014 0.57502156
-0.15378916 -1.4580227 -0.09995236
0.5955101 0.09846928 0.7530317
-0.2810717 1.3733453 0.21890016
-0.52028096 1.4218513 -0.5373306
-0.8929324 -1.2488327 0.43170387
0.7380726 1.4834213 -0.7306552
-0.12073808 -0.17151056 0.7225546
-0.5558473 -0.53154474 -0.6557761
0.5489463 -0.093023725 -0.78850216
-0.45055142 -1.0318357 0.6737195
-1.1285896 -0.19776075 -0.696208
-0.22672732 1.1109736 -0.5927877
-0.096720986 1.4714754 -0.42649326
0.67236423 -0.9632062 -0.62702084
-0.49035263 -0.97195405 -0.5577225
-0.80069864 -1.3334968 0.56026065
-0.20487384 0.84505266 -0.7319798
-0.24421872 -1.3491857 -0.76180166
0.5230047 -0.864957 -0.66668326
0.108143196 -0.9257089 0.5688243
-0.28844503 -0.8126093 -0.8545688
0.24709578 1.1042552 -0.011985695
1.5560694 0.2159286 0.6828598
0.20352486 -0.9086674 0.874907
0.13255131 0.09508356 0.810298
-0.15112637 0.99411505 0.8492486
0.8184009 1.3134944 -0.8773537
0.29582724 -0.9008957 -0.65657127
-0.2550003 0.7020606 -0.65138304
0.12703763 0.9584796 0.7990891
-0.041242234 1.1120528 -0.85662746
0.47000188 -1.0528762 -0.70863396
-0.60640967 0.6023127 0.53367996
-0.20896281 0.7389305 0.63478935
0.18138148 -1.2591184 0.22985272
-0.8389782 -0.23089902 0.46435747
0.52460796 -0.41464785 0.83208424
-0.2406883 -0.24822201 0.6890914
-0.036468532 0.85367197 -0.6576911
0.24379452 1.1807708 0.313076
0.07350184 1.3485945 -0.78740966
-0.2895844 0.80390555 -0.6913863
-0.26310104 0.09501719 0.7476799
0.30437618 0.31421283 -0.7569369
-0.061057303 1.3461378 0.21137485
0.44674444 -0.009347538 -0.7566465
0.47539905 0.15794413 0.68892497
-0.6171446 1.3537481 -0.0715959
0.45796615 -0.15340208 -0.64623725
-0.624362 1.310764 0.07616259
-0.50599974 -1.5245941 0.47686836
-0.22915824 -0.99238 -0.4963201
0.32182202 -0.8119859 0.67896193
-0.32000068 0.4451081 -0.6488022
0.047244098 -1.0324128 -0.5213421
-0.04338285 0.5209076 0.7643426
0.30122393 -0.8660358 0.64324147
0.04688675 0.83641875 -0.5644506
-0.0018620725 0.28053945 -0.9699284
0.73357105 -1.3769512 -0.50474244
-0.49963093 -1.2540013 0.7356583
0.04415783 1.2169456 0.6233053
-0.5239291 1.5767269 0.24374029
0.21318927 0.026879754 0.79973954
-0.4077647 1.2043468 -0.37585816
0.31270987 1.0215724 0.7979998
0.24388385 -0.39609545 -0.87794214
0.45612988 -1.2649043 -0.8170164
-0.48023584 1.3065574 0.62042886
-0.5008574 -1.2630104 0.6599092
-0.33368644 1.2280389 0.3044877
1.5854537 -0.4109569 -0.8512886
0.6521159 -0.6811424 0.7026512
1.4345074 0.12458475 -0.7672122
-0.5112988 0.9494576 0.639424
-0.19123341 1.2617913 -0.30842957
-0.47171602 1.2232677 0.015413419
-0.9218168 -1.2599436 -0.65320224
-0.031477273 1.0950505 0.11397155
0.5871698 -1.3393433 -0.2911066
-0.39524776 0.6333963 -0.61369944
-0.4636021 1.3176619 0.85350806
-0.2466089 -1.0931388 0.16693926
-1.0304564 -1.2700748 -0.349667
-0.117766365 1.2017678 -0.62815523
0.16104567 0.30331597 0.61761475
-0.56103003 1.2507187 0.29123393
0.8352744 -1.0076815 0.63141954
-0.41910785 -1.046342 0.7272561
-0.008795636 0.5891391 -0.5697998
-0.3466856 -0.82793283 -0.484376
0.2827382 -1.4818059 -0.21600321
0.122973524 1.2906568 0.656434
-0.38115114 1.0959166 -0.3964367
-0.20384802 1.1078888 0.1094415
-0.5101734 -1.1670052 -0.4394985
0.16160822 -0.97065544 0.7020138
0.05119223 1.3055631 0.25154907
-0.1795175 -1.2443196 -0.426578
0.64923364 -0.7901519 -0.7267245
-0.6811059 -1.1285702 0.91432434
-1.1786003 -0.7349566 -0.6889717
-0.10654201 -1.2356969 -0.3357308
0.10467543 0.1432784 -0.8154281
-0.020649102 0.8018424 0.717126
-0.27468246 1.0438834 -0.48966756
0.095707975 0.73983926 -0.75855815
0.58278435 -0.16270961 0.73062164
-0.111571826 -0.107279375 -0.50706136
-0.4278833 0.7963692 -0.75989544
-0.618789 1.0228893 0.9823862
-1.5796372 -0.9901219 -0.6141916
1.0393437 -1.3063458 -0.8254563
0.7423457 0.57561797 -0.7817778
-0.12575835 -1.109889 -0.5932904
-0.6687487 -1.489463 0.7130205
-0.0017653747 0.8017832 -0.5161025
-0.37269524 0.65968484 -0.6893502
0.0716417 -1.0813692 -0.076070234
-1.408862 -0.67672116 0.81407243
-0.12536272 1.1318141 -0.714249
-0.7491025 1.2178996 0.6062574
-0.89518535 1.254657 0.7158531
-0.09751194 -0.18828645 -0.68789667
-0.18594222 0.8263423 0.7166638
-0.05434862 0.9195118 -0.5979137
-0.62676156 -0.4138903 -0.62799823
-0.08999213 0.71129173 0.87873375
-0.15674734 -0.4478797 -0.07014621
-0.3932028 1.1427156 0.24399635
-0.067105964 -1.2375958 0.4763809
-0.20654608 -0.96264654 -0.59401816
-0.56207055 1.2700961 0.51668006
-0.5806802 -1.229381 0.62272847
-0.6748834 1.3618783 -0.24062964
0.34192708 -0.56190455 0.93285334
-0.41177827 1.0502802 0.91048414
-0.119373955 -0.40813324 -0.9072627
-0.6268571 1.2313699 -0.1130711
-0.8788163 1.3711226 0.56689936
-0.1819326 -0.04320458 -0.63591397
-0.45070586 1.2287945 -0.11950681
-0.2098844 -1.1681036 -0.8149985
0.35459822 -0.09465309 0.69039685
-0.42807272 -1.2756885 0.03244349
-0.2913169 -1.268082 0.37972787
0.5344225 1.1140459 -0.7282043
-0.57558024 1.3548108 -0.29872662
-0.54282665 0.8452648 0.8291722
-0.06798545 -1.1271191 0.74242246
0.013209189 0.3599584 -0.7827773
-1.0074475 -0.84859616 -0.6596708
0.2800821 0.86060524 -0.5998267
0.41214293 -1.094382 0.32392406
0.5824308 -1.4172357 -0.66508245
-0.45368233 1.0616723 -0.5099092
0.39884344 -0.9680818 0.619307
-0.5518845 -1.0370308 -0.9623898
-0.26926237 -1.3136357 -0.14249606
0.34896103 0.9226449 -0.66958684
0.70799226 0.9200054 -0.7095098
0.446244 -0.8566298 0.6048203
-0.24414842 -1.2300864 -0.8244158
0.13652112 -0.20733713 0.8878922
-0.5958107 -1.2773968 -0.5658797
-0.28921863 -0.7704014 -0.55747885
-0.09684067 0.8295752 0.6100788
1.2021478 1.3719213 0.071659826
0.30144024 -1.4474261 -0.47545198
-0.40260154 1.3243475 -0.51312435
-0.20959745 1.100507 -0.9671782
-0.2749502 0.6222089 -0.6573569
-0.21188767 1.1715434 0.623151
-0.6547698 -0.67100555 0.8533745
0.74591583 0.7606908 -0.7148104
-0.7628565 1.2443432 0.5100169
0.03320513 -0.87793404 -0.66056526
-0.58550274 0.866587 -0.5301224
-0.30831835 1.0239141 -0.6266325
-0.15659487 1.3125726 -0.25809678
-1.5013695 0.030555708 0.6097444
-0.34026262 0.8180057 -0.6980819
0.19171493 1.1581447 -0.4607787
-0.23314871 1.1949914 -0.3564196
-0.088806994 0.09548592 0.8530265
0.005295515 -1.0865515 0.8527812
-0.1726551 -1.205664 0.6366684
-0.90669495 -0.8562619 0.7496794
-1.0035858 -0.017710635 0.6996881
-0.029091904 -1.3603543 -0.57173496
0.38320163 1.0620048 0.60994685
-0.21581027 1.1931486 -0.036631115
-1.1629374 1.3950899 0.81661713
-0.44007096 0.04017926 -0.7482446
-0.36528397 1.2247804 0.48378807
0.035946738 -0.72908986 -0.9610253
-0.24782538 0.8822803 0.596871
-0.058547582 -0.86843884 0.7280105
-0.417566 -1.3394386 -0.12538715
-0.38816816 0.028530667 0.8138362
0.4171129 1.0738611 0.6646008
-0.5165345 -1.6829656 0.6679934
0.64476395 0.36767027 0.872095
0.44512916 -0.6095852 -0.8972586
-0.05029915 -0.6131464 -0.73374015
0.10963125 0.8533208 -0.50392205
1.0783365 0.3898044 -0.58477306
-0.66256875 1.2588238 0.4916761
0.3351729 -1.2475234 -0.69849443
0.10890776 1.3323215 0.6049339
0.59348774 0.44880804 0.74905443
0.76221746 -0.44275087 0.7249069
-0.019742664 1.2297217 0.37668452
-0.36013106 1.176823 0.09373885
-0.09035546 -0.3602188 0.7021665
-0.30351147 -1.1178362 0.91052383
-0.44043547 -1.1685809 -0.5443295
-0.18551025 -0.7146386 -0.71837515
0.5948337 0.63147575 -0.5993591
-1.6032069 -0.39984298 0.78255117
0.24916661 -1.3194793 -0.6957627
0.46114644 -1.0742528 -0.79956263
0.08387618 -1.2404358 -0.6093343
0.8505577 0.25571978 0.7762672
-0.03733545 1.0619181 -0.865635
0.02088012 -0.39596096 -0.7809864
-0.3263518 1.2528554 -0.75561064
-0.056746192 -1.1323923 0.7297148
-0.19140732 -0.036328185 -0.6443141
-0.37102625 1.2099127 -0.48053703
-0.048919193 -0.5906563 -0.60323554
1.3531824 -1.0537609 -0.33932588
-0.5764386 -0.4967282 -0.5338907
-1.2136867 -1.061352 0.8893012
0.27023578 1.1707115 -0.6411552
-0.5469377 0.46725807 0.4871532
-0.08498048 -1.4240463 -0.87668324
-0.5161156 -0.24606812 0.70067024
-0.32643756 -0.93944037 0.6993639
0.23920444 -1.2438428 -0.13397181
0.24443261 1.1745374 -0.9159595
0.67549354 -0.5891375 0.94889516
-0.52780765 -1.3976105 0.7095543
1.1290942 -0.1074975 0.8838133
-0.23087184 -1.0140404 -0.457495
-0.31890193 -0.93003905 -0.71583974
-0.3187026 -0.59446764 -0.7551302
-1.13754 -0.9280042 0.7859248
-0.5200103 -1.0462024 0.7628242
-0.31099135 1.1886779 0.2692669
-0.81845087 0.9100842 0.8328844
-0.27968478 1.1003572 -0.21789506
-0.6745702 -1.3375399 0.6864837
-0.102296695 -1.1344347 0.6033646
-0.37224647 -0.94568115 0.80460745
-0.301404 -1.5668114 -0.57795936
-0.9821601 1.0046073 0.8276392
-1.2355996 -0.7041368 -0.7453648
0.34976894 0.10479703 0.8630972
-0.013936209 -1.4713612 -0.45683932
0.17539647 1.4437981 0.6380153
1.4288089 -1.3263658 -0.67837757
-0.73450327 0.60360116 -0.76311743
0.28501883 -1.0029843 0.8985202
-0.6739696 -1.179243 0.68917644
-1.2994975 0.48982397 -0.7942318
0.32474375 0.32454428 0.87142146
0.31293267 1.3856494 -0.67157274
-1.0302377 1.6008347 0.35235217
-0.24807522 -0.42044708 0.9218038
0.19424124 0.21959414 0.43883464
0.6347684 0.07315348 0.7007068
0.31407362 -1.3045225 -0.765851
-0.27630088 1.330933 0.67268074
0.34056646 -0.94412285 0.5708067
-0.20457764 -1.3639108 0.32712215
-0.03731587 1.2575095 0.49026254
0.11247381 0.95546263 -0.5817209
-0.9404162 -0.50144833 0.50447017
-0.055746425 0.6122676 0.7166153
-0.64191616 -0.28522578 0.7473302
-0.24551198 0.82857376 -0.47846648
-0.31217995 -1.4603671 -0.018450094
-0.2291356 1.1786611 0.77358216
-0.04836154 -0.23323973 0.84160715
-0.4111826 -1.2313212 0.6694535
-0.35359043 -1.3064929 -0.15025292
0.017626652 1.1982261 0.7018222
-0.4245058 0.23397759 -0.8269915
-0.17684077 0.82058954 -0.55867827
-0.53286177 0.8308235 0.9206888
0.0056084055 -0.6185687 0.923313
0.08535903 -1.3234501 0.53350693
0.3492128 -1.1279901 -0.704802
0.12528743 1.2342217 0.39398745
-0.5540988 1.0910391 -0.45156378
-0.23274684 0.9512213 -0.42676848
-0.16001591 -0.78826517 0.13904305
0.28242558 0.7587239 0.69813126
0.27308717 -0.49886218 0.8314946
-0.408959 1.1210139 -0.72425807
-0.3394048 1.3171681 -0.8866953
0.5230805 -0.4595657 0.6649913
-0.07839002 -1.2672367 -0.6212627
0.07399892 1.0221113 0.93939525
0.20732786 0.52442735 -0.78690016
-0.24084722 -1.3973495 -0.28045133
0.24552342 -1.239175 -0.75577164
0.20662092 1.4202827 -0.6899253
-1.4743952 -1.4862741 0.7555073
-0.6081277 1.2401946 -0.6725925
0.40058663 -0.21078585 1.0404491
0.016752753 1.423537 0.1611646
-0.15619226 -0.64138997 -0.29082927
-0.12220062 -0.15239315 0.8712244
0.052307587 1.2086407 0.3710757
-0.34737518 1.1460025 -0.62727165
-1.4182547 -0.5699762 -0.8500121
1.0265841 -0.7101903 0.91218436
-0.80058134 -1.5510141 -0.027695945
0.2010871 1.1662146 -0.78408194
0.9644168 0.032916732 -0.76090866
-0.57813305 1.1794292 -0.3874683
0.22851951 1.1647109 0.47000164
-0.651946 1.3160349 -0.38149515
0.51945126 1.1713448 -0.88603175
-0.47139686 1.0440459 -0.7143723
-0.2783268 1.2005678 -0.68530744
0.2979879 1.4211559 -0.829294
0.2308451 0.7015048 -0.73122823
0.3591575 -0.52698326 0.7722822
-0.18200405 -0.8519469 0.66141427
-1.0278863 -0.98184735 -0.69458
-0.2750834 1.1595886 -0.20364642
0.18585011 -0.7679135 -0.6073566
-1.6096017 -0.5477399 -0.78154784
-0.3358914 0.6388601 0.7894376
0.26097527 1.0848669 -0.082051866
-0.7873505 0.026678998 0.8827262
1.4270337 0.8509582 -0.9130713
1.1566508 -1.3251488 0.53358996
-0.5066249 1.2483696 -0.21921842
-0.106308416 -1.4105608 -0.22786896
-0.5711795 -0.9446763 0.29591653
-0.3088662 1.2069577 0.11817716
-0.174298 -0.98070556 -0.20502362
0.65596485 -0.6458338 0.7728915
1.1599396 -1.048011 0.10250752
-0.110543385 0.89912784 0.67732006
-0.08706294 -1.0326445 -0.70346564
-0.6106968 1.5201447 -0.3169959
0.5202182 -0.26298156 0.5264193
-0.37588558 -0.31873965 0.78754485
-0.25148866 -0.44532308 -0.5694832
-0.18566957 0.11036039 0.6595105
0.12864001 0.06297803 -0.76262957
-0.34939733 -0.9700824 0.4889295
-0.1851588 -0.77262914 -0.64254504
-0.85630333 -1.1996056 0.74666256
0.57618606 1.154353 -0.48758465
-0.63475436 0.9447308 -0.5964807
0.42217642 -0.81003696 0.70233077
-0.077243224 0.5205329 -0.71551716
-0.09913887 0.028984176 -0.73117197
0.42341104 -1.456673 -0.08528568
-0.43477303 0.0030491906 0.73398453
0.021419322 0.8974142 0.5574331
-0.6409693 1.124071 0.8149629
-0.23302606 -0.88092995 0.82448524
-0.46767637 1.1291482 0.79489917
-0.9465207 -1.1584272 -0.90208894
0.20606396 1.3528403 -0.015461351
-0.11134815 1.0479441 -0.5390117
0.0983996 1.0530394 0.5588109
-0.36735317 1.0535469 0.60135984
0.90042484 0.49156645 -0.58338994
0.84154516 -0.6795395 1.1653961
-0.31618458 1.1472818 -0.8854814
-0.39116654 -1.2328961 -0.69782716
-0.27733633 0.8056466 0.697505
-0.33200553 -0.28580004 -0.48094887
-0.5694275 1.2020253 0.8693873
0.6247269 -1.3949137 -0.7040339
-0.11766862 0.9014436 -0.7775323
-0.27810264 1.0521661 0.69059473
0.026073107 -1.0960141 0.6629377
0.23106578 0.39100713 -0.61434895
0.26686957 0.21374157 -0.34376043
-0.1554893 -0.96628124 0.51875573
0.012236493 1.1340986 -0.7013879
-0.28392532 0.383198 -0.8743901
-0.631158 0.4063545 -0.81119496
0.34000856 0.08479377 -0.7045288
0.23782298 0.042219464 -0.6272272
0.05104391 -1.3245628 -0.8941249
-2.2987983 -0.94111305 -0.88634574
0.40221912 -1.3319196 -0.60636526
0.6343564 -0.05297682 -0.7628427
0.45573646 -1.2253553 -0.6983911
0.57661545 -1.0503442 -0.6945605
0.056591544 0.28967157 -0.8956834
-0.20589247 1.1816769 0.3721821
0.6676056 -0.6981152 -0.8273102
-1.050181 -0.08141073 0.71544397
0.2456256 -0.8685063 -0.42653936
-0.22834595 -1.5351626 -0.0031736174
1.1695865 -1.2565416 0.20487197
0.1649779 1.1451274 0.62030834
-0.5130618 1.155486 -0.5633568
-0.21503378 -0.573494 0.7542954
-0.24775955 1.0429791 -0.5297433
0.9575547 -0.3369313 0.8143638
-0.19669639 -1.4353504 0.045014985
-0.681992 -1.3816001 0.5243962
0.47676486 0.308052 -0.90413874
-0.7014919 0.34622148 -0.89197457
-0.50197375 -1.1829709 0.514057
-0.1913106 1.349304 -0.05198476
0.26792687 0.82793283 0.84812874
-0.3682305 -0.04819845 0.35563186
0.5776577 0.9832505 0.6917569
-0.30301625 1.3268068 -0.35451946
-0.8436657 0.42927077 -0.8000123
-0.030293508 -1.0453149 0.7057845
-0.40757462 -1.063489 0.7438877
-1.2965839 0.083618455 -0.7352866
0.111331105 0.3084375 1.0558751
-0.6339075 0.7865367 -0.43761396
-0.49238014 0.4993666 0.96107113
-0.033686128 -1.3170668 -0.07300212
-0.562126 1.2080114 -0.5680587
-0.4788251 -1.1313365 0.897338
-0.3834285 0.45736974 0.37040177
0.15501475 0.29382807 0.67820114
0.0013593052 -0.99200344 0.6191458
0.37460795 -0.4703985 -0.68763596
0.038627725 -0.2157181 -0.75734997
-0.38416216 -1.3740424 0.21675216
-0.07107931 -1.2069476 -0.5582848
-0.7888716 0.19827798 -0.7286158
0.36194825 1.0440031 -0.4638304
0.6960615 0.15443973 0.60265595
-0.3170156 1.2313042 0.8148902
-0.14229044 -1.0543206 0.6186922
-0.6151597 1.4566123 0.4931752
0.2709017 0.57459056 0.68916494
0.8466303 -1.2483865 -0.017507933
0.5500756 0.19207706 0.93004936
-0.25529107 -1.0963786 -0.7692912
-0.74632865 -1.4033606 0.5880523
-0.19430517 0.7647438 -0.78597885
-0.56678545 0.3085238 0.90617734
-0.5710417 -1.4884269 -0.29762307
-0.3790913 -1.4226497 -0.60996187
-0.64579386 1.0545466 -0.81117773
-0.19790168 0.732658 -0.51872385
-1.6625826 -0.8769602 -0.93701583
-0.33600575 1.1640512 0.3765171
0.19918169 -1.3838865 -0.47734803
1.1864507 -1.1525714 0.6400734
-0.15243821 0.967302 -0.56669533
-0.61929715 -1.3994391 0.6633121
-0.27560642 -0.8066915 0.7414277
-0.7841886 -1.1782669 -0.47645882
0.24491218 -1.4080042 0.6943099
0.90354836 0.83948153 -0.7744268
-0.42400813 1.1018773 0.39751485
0.27174643 -0.034559216 0.36811504
-1.0016879 -0.12933849 0.66614395
-0.54277986 1.3794166 0.45930287
-0.49232244 -0.84000397 -0.8486204
-0.021359256 0.17338303 -0.8486795
-0.30536216 -1.234402 0.6316423
0.2911461 0.22200081 -0.8346725
-0.4067699 1.2412498 0.12977198
-0.909118 1.4459354 0.13355857
0.17929865 -0.06287204 0.5874123
-0.21980177 0.6101201 -0.8862523
-0.24321279 1.0129511 0.7669228
0.4180564 0.2763481 -0.886713
0.10730568 -1.2225227 0.7668296
0.61073405 0.53902274 -0.72965366
0.7263693 -1.0410725 -0.5989958
0.2264617 1.3232489 -0.8627442
0.18669891 -1.2906361 0.22062285
0.038353242 -0.69987285 -0.9959374
-0.2549581 0.9609598 -0.20819362
0.48085737 0.2390848 -0.68798935
-0.121832825 1.2799209 0.73347265
-0.008240597 0.4339212 -0.63061154
-0.5625235 -1.0319178 -0.13798524
-0.21210511 0.9644537 -0.698081
-0.6963695 -1.3812841 0.61811084
0.30721113 -1.0425279 -0.5729045
1.091494 0.27907613 -0.6629087
0.30405122 -1.0075332 0.76412874
-0.15492499 -1.3281507 0.23887111
-0.70056325 -0.9543808 0.82356936
-0.18333837 -1.3510039 0.74140817
-0.24606287 1.3246298 -0.20884386
-0.06146371 -0.6735827 -0.49875754
-0.10694549 -1.407747 -0.43485495
-0.88034517 -0.9022668 -0.6815122
-0.20835593 1.024361 -0.7016888
0.875313 0.6102105 -0.81107384
-0.6432473 1.1308378 0.7359664
1.1730086 -1.2376889 0.553093
-0.15639886 1.1035131 -0.536905
0.77514094 -1.3101736 -0.5617467
-0.17802736 0.48177525 0.7955236
0.7000251 -0.26584718 0.81107825
0.8019654 1.414896 -0.48870152
0.31164074 -0.5057878 0.7173556
-0.043457158 0.5441941 0.78428453
-0.86050445 -0.4142739 0.78831714
-0.20233367 1.1043452 0.5569902
-0.81746775 1.6034076 0.51111734
0.1401232 -1.3563554 -0.7525152
-1.153567 0.28314975 0.8367959
0.4049799 0.409012 -0.84063673
0.6560294 -1.0793241 -0.3847963
0.13905038 -1.2186888 0.69743043
0.54421055 -1.3011466 -0.442156
-0.5316637 -1.295393 0.83946323
-0.0631296 1.3266898 -0.13761868
0.007822939 1.0927242 0.5552597
0.54247355 1.3601618 -0.40785173
-0.75144637 -1.3870784 0.54332435
-0.2401239 -1.39752 -0.12008065
0.3872516 1.3068327 -0.47237962
-0.22895303 0.5956708 -0.67068213
0.07156308 -1.1817163 -0.5294514
-0.30027542 1.2218126 -0.43967167
-0.51809806 1.2933939 0.6190669
-0.084382094 -0.8997403 -0.594786
0.073568605 -0.9124912 -0.77045494
-0.37640986 -0.9609288 0.9569349
-0.22970727 -1.144451 0.2799572
-0.7133482 1.5347023 -0.24371614
0.12430173 -0.7320915 0.4730057
-0.45111758 -1.2922248 -0.44623742
-0.20699464 -0.046224814 -0.84190243
0.55896366 -1.0010709 -0.6941193
0.19253437 -0.7068997 0.6692468
0.4373393 1.3211519 0.20717092
0.013645343 -0.9025264 0.7679919
0.13633022 0.16285841 0.73810834
0.5560116 1.4376177 -0.027478473
0.202953 0.8780833 0.71464235
0.3607897 1.4558977 -0.26690158
-0.02781576 1.2733082 0.50772226
0.8015477 -1.1378591 0.38390684
0.15879917 -1.2895453 0.6174712
0.51169235 -0.21860006 -1.0890821
-0.47847345 1.1664717 0.77588195
-0.13981806 0.18312886 -0.76274693
0.3398331 -1.1314387 -0.55137485
-0.39891788 1.0117391 0.57726926
0.329266 -0.6495897 -0.7047418
-0.33518043 -0.51707464 -0.6217412
0.19652787 -0.5755581 0.54184234
-0.86804646 -1.2132885 -0.06872739
0.5703163 -0.67829806 0.92634517
-0.39093748 -1.1445781 -0.6740982
-0.2670053 1.3737118 0.7092048
-0.15420957 0.63508767 -0.5509849
-0.12801877 1.1008036 0.493196
0.6611633 -0.2347639 0.6782561
-0.42284796 -1.0680306 0.43882522
-0.22458269 -1.34811 0.7106069
-0.35600862 1.0971209 -0.5782247
-0.40023136 0.83027 0.50933135
-1.5139893 -0.5949951 -0.65183336
-0.058252692 0.9846736 -0.7827314
-0.3737137 -1.0464854 0.7621976
-0.42083412 -1.3537024 -0.68146527
0.2593736 0.8369838 0.50280005
-0.14348938 1.1840149 -0.21043934
-0.6982106 -0.92216384 0.95033747
-0.7087825 1.2200176 0.050032355
0.40106222 -0.8958335 0.4306054
-0.20335852 1.4072963 0.49462906
0.072797045 1.2290432 0.5558073
0.3896034 0.38437673 -0.65597254
0.004389848 1.064839 0.34170994
0.057754 -0.87374556 0.5279437
-0.44656324 1.3440925 -0.21607617
-0.66761535 1.5338942 0.48580837
-0.326231 -0.91008836 0.78160197
-0.18791127 0.65612495 -0.8553215
-0.7098819 1.1546078 0.6405131
0.71891296 0.9609615 0.72711164
0.25568625 0.9179441 0.9486005
0.3980957 -1.5789179 -0.6729083
-0.11588625 -0.31837925 0.923145
0.5379301 -0.15140374 -0.9713353
-0.0320986 -0.60758096 -0.8002508
-0.15159634 -1.2589462 -0.45810995
0.57838386 -1.02077 -0.6565321
0.03397537 -1.3273782 -0.2945504
-0.25661963 -0.23789458 -0.69037956
0.8250427 -1.5524347 -0.3497725
0.4823161 -1.3529212 -0.6016687
-0.41791663 1.2579805 0.7044314
0.13831921 -0.8508448 -0.37556174
-0.12503728 0.7484612 0.643562
0.49841252 0.27582315 -0.79826134
0.54565006 0.53592855 0.73478013
-0.06256419 -1.3669145 -0.30031344
-0.51607555 -1.48692 0.64008796
-0.13629808 1.4760463 0.21225545
-0.1303604 1.3385737 -0.35971883
-0.043423023 0.88619083 0.6841957

