-2.1508002 0.15265742 -2.9709303 -0.54406226 0.3407166 0.11963012
0.0 0.0 0.0 0.0 0.0 0.0
0.0 0.0 0.0 0.0 0.0 0.0
0.0 0.0 0.0 0.0 0.0 0.0
0.0 0.0 0.0 0.0 0.0 0.0
0.0 0.0 0.0 0.0 0.0 0.0
0.0 0.0 0.0 0.0 0.0 0.0

2.9405444 -0.8224946 2.2878895 0.94788754 -0.046684317 0.13410334
-2.2465415 -0.21399252 0.40291393 0.9228358 -0.34672087 0.13794295
-1.4838953 -0.8404499 2.8330061 0.8952551 -0.25837535 0.12262815
2.4424617 -0.4248915 -0.5017441 0.92490244 -0.2147545 0.11505926
0.0 0.0 0.0 0.0 0.0 0.0
0.0 0.0 0.0 0.0 0.0 0.0
0.0 0.0 0.0 0.0 0.0 0.0

2.646906 0.9946283 2.7746086 -0.99154663 -0.23115145 0.11950124
0.0 0.0 0.0 0.0 0.0 0.0
0.0 0.0 0.0 0.0 0.0 0.0
0.0 0.0 0.0 0.0 0.0 0.0
0.0 0.0 0.0 0.0 0.0 0.0
0.0 0.0 0.0 0.0 0.0 0.0
0.0 0.0 0.0 0.0 0.0 0.0

-1.8280145 -0.87723553 -0.74185336 -0.73587334 -0.0783088 0.126947
0.0 0.0 0.0 0.0 0.0 0.0
0.0 0.0 0.0 0.0 0.0 0.0
0.0 0.0 0.0 0.0 0.0 0.0
0.0 0.0 0.0 0.0 0.0 0.0
0.0 0.0 0.0 0.0 0.0 0.0
0.0 0.0 0.0 0.0 0.0 0.0

-1.741582 0.18292381 -0.60280883 0.6711352 -0.21013965 0.12095689
2.1219106 0.7161983 3.0380595 0.30926916 -0.22014965 0.13623276
0.0 0.0 0.0 0.0 0.0 0.0
0.0 0.0 0.0 0.0 0.0 0.0
0.0 0.0 0.0 0.0 0.0 0.0
0.0 0.0 0.0 0.0 0.0 0.0
0.0 0.0 0.0 0.0 0.0 0.0

-0.21677329 -1.4417884 -0.5859667 0.018312663 -0.20158638 0.13024181
2.0413187 -1.1839638 2.2482026 0.33221227 -0.38092405 0.13286802
0.0 0.0 0.0 0.0 0.0 0.0
0.0 0.0 0.0 0.0 0.0 0.0
0.0 0.0 0.0 0.0 0.0 0.0
0.0 0.0 0.0 0.0 0.0 0.0
0.0 0.0 0.0 0.0 0.0 0.0

-1.4412638 -0.6474174 0.6591076 0.53557867 -0.22008131 0.13024573
0.0 0.0 0.0 0.0 0.0 0.0
0.0 0.0 0.0 0.0 0.0 0.0
0.0 0.0 0.0 0.0 0.0 0.0
0.0 0.0 0.0 0.0 0.0 0.0
0.0 0.0 0.0 0.0 0.0 0.0
0.0 0.0 0.0 0.0 0.0 0.0

-3.082849 0.70436394 2.7000306 0.37634254 0.36509374 0.117073946
2.0531962 0.79785085 -0.5165698 -0.0097152125 0.19394426 0.1168324
2.1316235 0.2766177 -0.045317322 0.005450981 0.3512039 0.12174925
0.0 0.0 0.0 0.0 0.0 0.0
0.0 0.0 0.0 0.0 0.0 0.0
0.0 0.0 0.0 0.0 0.0 0.0
0.0 0.0 0.0 0.0 0.0 0.0

1.7739199 0.065396234 -1.1730562 -0.9221716 0.32553247 0.11347766
0.0 0.0 0.0 0.0 0.0 0.0
0.0 0.0 0.0 0.0 0.0 0.0
0.0 0.0 0.0 0.0 0.0 0.0
0.0 0.0 0.0 0.0 0.0 0.0
0.0 0.0 0.0 0.0 0.0 0.0
0.0 0.0 0.0 0.0 0.0 0.0

2.2090278 0.16209804 0.9989518 -0.75699514 0.03438651 0.13933042
1.7824407 -0.52073884 0.36311334 -0.92854226 -0.342564 0.12905544
-2.29426 -0.84155667 -1.6801832 -0.9234732 -0.27456033 0.11031424
0.0 0.0 0.0 0.0 0.0 0.0
0.0 0.0 0.0 0.0 0.0 0.0
0.0 0.0 0.0 0.0 0.0 0.0
0.0 0.0 0.0 0.0 0.0 0.0

-1.6344167 0.678942 -1.8828162 -0.9932947 0.14609739 0.12826283
0.0 0.0 0.0 0.0 0.0 0.0
0.0 0.0 0.0 0.0 0.0 0.0
0.0 0.0 0.0 0.0 0.0 0.0
0.0 0.0 0.0 0.0 0.0 0.0
0.0 0.0 0.0 0.0 0.0 0.0
0.0 0.0 0.0 0.0 0.0 0.0

2.2848852 -0.6557168 -1.7442011 -0.6888048 0.40525013 0.11798103
0.0 0.0 0.0 0.0 0.0 0.0
0.0 0.0 0.0 0.0 0.0 0.0
0.0 0.0 0.0 0.0 0.0 0.0
0.0 0.0 0.0 0.0 0.0 0.0
0.0 0.0 0.0 0.0 0.0 0.0
0.0 0.0 0.0 0.0 0.0 0.0

2.122193 -0.14462258 0.81439024 0.56460017 0.32338166 0.14464726
0.0 0.0 0.0 0.0 0.0 0.0
0.0 0.0 0.0 0.0 0.0 0.0
0.0 0.0 0.0 0.0 0.0 0.0
0.0 0.0 0.0 0.0 0.0 0.0
0.0 0.0 0.0 0.0 0.0 0.0
0.0 0.0 0.0 0.0 0.0 0.0

1.5739084 -0.014427732 -2.3204124 0.36401445 -0.15282668 0.14444897
-2.6027136 0.7829893 -0.41034344 0.13804829 -0.21186103 0.12775895
1.5892264 -1.472983 2.4141147 0.5665102 -0.075642794 0.117111064
0.0 0.0 0.0 0.0 0.0 0.0
0.0 0.0 0.0 0.0 0.0 0.0
0.0 0.0 0.0 0.0 0.0 0.0
0.0 0.0 0.0 0.0 0.0 0.0

-2.3205962 0.80854994 -2.8687897 -0.70822036 0.37791863 0.14189348
0.0 0.0 0.0 0.0 0.0 0.0
0.0 0.0 0.0 0.0 0.0 0.0
0.0 0.0 0.0 0.0 0.0 0.0
0.0 0.0 0.0 0.0 0.0 0.0
0.0 0.0 0.0 0.0 0.0 0.0
0.0 0.0 0.0 0.0 0.0 0.0

2.6576204 1.0329362 -2.948537 -0.56294805 -0.23265481 0.13123249
-2.840076 0.90824366 -1.7286428 -0.2927267 -0.268167 0.120626576
2.312316 -0.7470088 2.3941216 -0.31454542 -0.4135396 0.11567251
2.601228 -0.9172276 -3.1415303 -0.7520573 -0.30570102 0.112907514
-1.9284955 0.3750737 -0.15055872 -0.987141 -0.28350207 0.12574993
0.0 0.0 0.0 0.0 0.0 0.0
0.0 0.0 0.0 0.0 0.0 0.0

-1.7865125 0.40895978 -2.754384 0.9564676 0.2481917 0.14195137
0.0 0.0 0.0 0.0 0.0 0.0
0.0 0.0 0.0 0.0 0.0 0.0
0.0 0.0 0.0 0.0 0.0 0.0
0.0 0.0 0.0 0.0 0.0 0.0
0.0 0.0 0.0 0.0 0.0 0.0
0.0 0.0 0.0 0.0 0.0 0.0

2.3619769 1.2021661 -0.022396728 0.94237757 0.015171298 0.13815664
-1.7853435 -0.10893804 -3.0072997 0.95519483 0.41663218 0.12435132
0.0 0.0 0.0 0.0 0.0 0.0
0.0 0.0 0.0 0.0 0.0 0.0
0.0 0.0 0.0 0.0 0.0 0.0
0.0 0.0 0.0 0.0 0.0 0.0
0.0 0.0 0.0 0.0 0.0 0.0

-2.0247438 0.28549188 2.1055095 0.78755265 0.2470526 0.1490465
1.5040326 -0.40897226 -0.3038358 0.9072508 0.14563835 0.14912544
-1.382132 -0.4317645 2.174106 0.9881842 0.23049897 0.13212536
0.0 0.0 0.0 0.0 0.0 0.0
0.0 0.0 0.0 0.0 0.0 0.0
0.0 0.0 0.0 0.0 0.0 0.0
0.0 0.0 0.0 0.0 0.0 0.0

-2.7308779 1.4615915 -1.614345 -0.8762667 -0.35379472 0.1362905
1.3331395 -1.1022621 2.6852438 -0.8167936 -0.16150069 0.12737162
0.0 0.0 0.0 0.0 0.0 0.0
0.0 0.0 0.0 0.0 0.0 0.0
0.0 0.0 0.0 0.0 0.0 0.0
0.0 0.0 0.0 0.0 0.0 0.0
0.0 0.0 0.0 0.0 0.0 0.0

-2.4627256 -0.027231138 -3.0844367 0.42882028 0.31015474 0.11044455
2.4307568 -1.256346 -0.6996206 0.2633779 0.11396533 0.13353194
0.0 0.0 0.0 0.0 0.0 0.0
0.0 0.0 0.0 0.0 0.0 0.0
0.0 0.0 0.0 0.0 0.0 0.0
0.0 0.0 0.0 0.0 0.0 0.0
0.0 0.0 0.0 0.0 0.0 0.0

-2.1838067 1.0038701 1.8911511 -0.5982653 0.3639548 0.13515536
-3.070105 -1.5431623 -2.390114 -0.8500032 0.13362698 0.13688268
1.9694574 0.46366635 0.83674467 -0.58105075 0.11043207 0.13791932
-2.499743 -1.1955022 -2.8539 -0.8787547 0.13610569 0.14718878
-2.0683935 0.5015305 2.0961335 -0.87776625 0.32990834 0.13095386
1.9093138 -0.4658495 -0.2680732 -0.80790293 0.059904426 0.11259549
0.0 0.0 0.0 0.0 0.0 0.0

1.9296668 -0.91483635 2.8853037 -0.48782086 -0.033898547 0.12157392
-2.1148963 0.59457743 -0.32342342 -0.07170954 -0.27501702 0.11002037
0.0 0.0 0.0 0.0 0.0 0.0
0.0 0.0 0.0 0.0 0.0 0.0
0.0 0.0 0.0 0.0 0.0 0.0
0.0 0.0 0.0 0.0 0.0 0.0
0.0 0.0 0.0 0.0 0.0 0.0

-1.8055251 0.3991039 -2.3832345 -0.96294147 -0.13748114 0.1485794
0.0 0.0 0.0 0.0 0.0 0.0
0.0 0.0 0.0 0.0 0.0 0.0
0.0 0.0 0.0 0.0 0.0 0.0
0.0 0.0 0.0 0.0 0.0 0.0
0.0 0.0 0.0 0.0 0.0 0.0
0.0 0.0 0.0 0.0 0.0 0.0

1.6184212 -0.73649824 0.1539618 -0.1703862 0.0965783 0.11432237
0.0 0.0 0.0 0.0 0.0 0.0
0.0 0.0 0.0 0.0 0.0 0.0
0.0 0.0 0.0 0.0 0.0 0.0
0.0 0.0 0.0 0.0 0.0 0.0
0.0 0.0 0.0 0.0 0.0 0.0
0.0 0.0 0.0 0.0 0.0 0.0

1.9588877 0.047855515 0.61230665 -0.53558666 0.36334738 0.11659935
-2.2723773 -0.85950047 -1.544236 -0.75061375 0.20845012 0.12447279
2.4414399 0.6972591 1.4120729 -0.6852724 0.34070826 0.14345723
0.0 0.0 0.0 0.0 0.0 0.0
0.0 0.0 0.0 0.0 0.0 0.0
0.0 0.0 0.0 0.0 0.0 0.0
0.0 0.0 0.0 0.0 0.0 0.0

2.84582 1.115526 1.0137105 -0.017934036 0.247778 0.11967405
0.0 0.0 0.0 0.0 0.0 0.0
0.0 0.0 0.0 0.0 0.0 0.0
0.0 0.0 0.0 0.0 0.0 0.0
0.0 0.0 0.0 0.0 0.0 0.0
0.0 0.0 0.0 0.0 0.0 0.0
0.0 0.0 0.0 0.0 0.0 0.0

-1.723433 0.641269 -0.3575368 -0.004878721 -0.08564721 0.12336301
0.0 0.0 0.0 0.0 0.0 0.0
0.0 0.0 0.0 0.0 0.0 0.0
0.0 0.0 0.0 0.0 0.0 0.0
0.0 0.0 0.0 0.0 0.0 0.0
0.0 0.0 0.0 0.0 0.0 0.0
0.0 0.0 0.0 0.0 0.0 0.0

-2.2026653 -0.59240264 -0.08247048 -0.9644694 0.30041164 0.12245267
-0.460464 -1.492544 -2.9370232 -0.7965691 0.26837716 0.12713538
0.0 0.0 0.0 0.0 0.0 0.0
0.0 0.0 0.0 0.0 0.0 0.0
0.0 0.0 0.0 0.0 0.0 0.0
0.0 0.0 0.0 0.0 0.0 0.0
0.0 0.0 0.0 0.0 0.0 0.0

1.6557978 -0.5033587 2.7696373 -0.8481005 -0.076629356 0.14440632
0.0 0.0 0.0 0.0 0.0 0.0
0.0 0.0 0.0 0.0 0.0 0.0
0.0 0.0 0.0 0.0 0.0 0.0
0.0 0.0 0.0 0.0 0.0 0.0
0.0 0.0 0.0 0.0 0.0 0.0
0.0 0.0 0.0 0.0 0.0 0.0

-0.8023787 -1.4678078 0.8828985 0.056760173 -0.38211244 0.11366058
0.0 0.0 0.0 0.0 0.0 0.0
0.0 0.0 0.0 0.0 0.0 0.0
0.0 0.0 0.0 0.0 0.0 0.0
0.0 0.0 0.0 0.0 0.0 0.0
0.0 0.0 0.0 0.0 0.0 0.0
0.0 0.0 0.0 0.0 0.0 0.0

-1.4393834 -0.7579011 0.7321274 0.8184306 0.0031783557 0.121184535
-2.6216102 0.62256044 -0.99828345 0.99347293 -0.010796566 0.12694147
0.0 0.0 0.0 0.0 0.0 0.0
0.0 0.0 0.0 0.0 0.0 0.0
0.0 0.0 0.0 0.0 0.0 0.0
0.0 0.0 0.0 0.0 0.0 0.0
0.0 0.0 0.0 0.0 0.0 0.0

-2.988251 -1.3621229 2.9960823 0.5236744 0.3851144 0.12252888
0.0 0.0 0.0 0.0 0.0 0.0
0.0 0.0 0.0 0.0 0.0 0.0
0.0 0.0 0.0 0.0 0.0 0.0
0.0 0.0 0.0 0.0 0.0 0.0
0.0 0.0 0.0 0.0 0.0 0.0
0.0 0.0 0.0 0.0 0.0 0.0

2.2849622 -1.0252042 -0.17361285 -0.97454053 0.2367727 0.13548167
0.0 0.0 0.0 0.0 0.0 0.0
0.0 0.0 0.0 0.0 0.0 0.0
0.0 0.0 0.0 0.0 0.0 0.0
0.0 0.0 0.0 0.0 0.0 0.0
0.0 0.0 0.0 0.0 0.0 0.0
0.0 0.0 0.0 0.0 0.0 0.0

2.45879 -1.1959108 0.5845728 -0.9261476 -0.07353434 0.11520316
0.0 0.0 0.0 0.0 0.0 0.0
0.0 0.0 0.0 0.0 0.0 0.0
0.0 0.0 0.0 0.0 0.0 0.0
0.0 0.0 0.0 0.0 0.0 0.0
0.0 0.0 0.0 0.0 0.0 0.0
0.0 0.0 0.0 0.0 0.0 0.0

1.7291855 1.0046248 -0.72721463 0.75622237 -0.037484303 0.1379883
-2.9544158 -0.7289255 -3.050061 0.84110165 0.32335696 0.12367472
0.0 0.0 0.0 0.0 0.0 0.0
0.0 0.0 0.0 0.0 0.0 0.0
0.0 0.0 0.0 0.0 0.0 0.0
0.0 0.0 0.0 0.0 0.0 0.0
0.0 0.0 0.0 0.0 0.0 0.0

1.7996407 -0.4945729 0.21199077 -0.5322033 0.1901889 0.13750273
2.7451072 0.874653 1.0070097 -0.5306596 0.20440377 0.1157263
-2.9042265 -0.9822632 -1.7846491 -0.35267943 0.34386513 0.11146869
0.0 0.0 0.0 0.0 0.0 0.0
0.0 0.0 0.0 0.0 0.0 0.0
0.0 0.0 0.0 0.0 0.0 0.0
0.0 0.0 0.0 0.0 0.0 0.0

2.7382855 -0.78044367 -0.9265849 -0.74927896 0.42124164 0.14541061
-2.14166 0.47828078 -1.9688457 -0.5634313 0.37367958 0.118781894
-3.0742426 -1.2282817 -1.1606084 -0.22205663 0.16488975 0.13141596
-3.1084223 0.7268524 2.288632 -0.17098127 0.290843 0.11896108
0.0 0.0 0.0 0.0 0.0 0.0
0.0 0.0 0.0 0.0 0.0 0.0
0.0 0.0 0.0 0.0 0.0 0.0

-2.1540895 0.9097396 1.3953316 0.9708789 0.3772623 0.114425234
2.181767 -1.2454134 -0.5131482 0.68421626 0.11729137 0.13415568
-2.108206 1.0683151 2.6092496 0.5683414 0.14541268 0.12395585
0.0 0.0 0.0 0.0 0.0 0.0
0.0 0.0 0.0 0.0 0.0 0.0
0.0 0.0 0.0 0.0 0.0 0.0
0.0 0.0 0.0 0.0 0.0 0.0

-1.9133483 -0.5010476 -1.9688652 -0.9844859 -0.16980053 0.11569431
-2.0555658 0.4125627 -1.7034078 -0.8619775 -0.33740392 0.12614685
0.0 0.0 0.0 0.0 0.0 0.0
0.0 0.0 0.0 0.0 0.0 0.0
0.0 0.0 0.0 0.0 0.0 0.0
0.0 0.0 0.0 0.0 0.0 0.0
0.0 0.0 0.0 0.0 0.0 0.0

-1.6408054 -0.6008412 1.7031851 0.8210696 -0.39037535 0.12490525
0.0 0.0 0.0 0.0 0.0 0.0
0.0 0.0 0.0 0.0 0.0 0.0
0.0 0.0 0.0 0.0 0.0 0.0
0.0 0.0 0.0 0.0 0.0 0.0
0.0 0.0 0.0 0.0 0.0 0.0
0.0 0.0 0.0 0.0 0.0 0.0

2.062809 0.35221967 2.9163864 -0.048097864 -0.21511142 0.11188653
0.0 0.0 0.0 0.0 0.0 0.0
0.0 0.0 0.0 0.0 0.0 0.0
0.0 0.0 0.0 0.0 0.0 0.0
0.0 0.0 0.0 0.0 0.0 0.0
0.0 0.0 0.0 0.0 0.0 0.0
0.0 0.0 0.0 0.0 0.0 0.0

-2.1319432 0.6069757 -2.586822 -0.5083755 0.3668648 0.14022301
0.0 0.0 0.0 0.0 0.0 0.0
0.0 0.0 0.0 0.0 0.0 0.0
0.0 0.0 0.0 0.0 0.0 0.0
0.0 0.0 0.0 0.0 0.0 0.0
0.0 0.0 0.0 0.0 0.0 0.0
0.0 0.0 0.0 0.0 0.0 0.0

2.2633095 -0.96013784 1.6966583 0.98856306 -0.20554604 0.13381381
-2.0516295 -0.36217856 2.168096 0.8619457 -0.38652533 0.13051154
2.9183402 0.83167785 0.17992465 0.8819645 -0.37674424 0.11920356
0.0 0.0 0.0 0.0 0.0 0.0
0.0 0.0 0.0 0.0 0.0 0.0
0.0 0.0 0.0 0.0 0.0 0.0
0.0 0.0 0.0 0.0 0.0 0.0

-1.7323707 0.8450553 0.94545084 0.9034134 0.40717888 0.13919047
-2.8052797 -1.2254804 -2.426089 0.8120892 0.35799205 0.13953526
0.0 0.0 0.0 0.0 0.0 0.0
0.0 0.0 0.0 0.0 0.0 0.0
0.0 0.0 0.0 0.0 0.0 0.0
0.0 0.0 0.0 0.0 0.0 0.0
0.0 0.0 0.0 0.0 0.0 0.0

-2.0143263 -0.7274952 1.0949476 0.6889576 0.37842274 0.14691739
0.0 0.0 0.0 0.0 0.0 0.0
0.0 0.0 0.0 0.0 0.0 0.0
0.0 0.0 0.0 0.0 0.0 0.0
0.0 0.0 0.0 0.0 0.0 0.0
0.0 0.0 0.0 0.0 0.0 0.0
0.0 0.0 0.0 0.0 0.0 0.0

-2.8237953 1.0057963 -2.3836145 -0.52981734 -0.27389055 0.14872754
0.0 0.0 0.0 0.0 0.0 0.0
0.0 0.0 0.0 0.0 0.0 0.0
0.0 0.0 0.0 0.0 0.0 0.0
0.0 0.0 0.0 0.0 0.0 0.0
0.0 0.0 0.0 0.0 0.0 0.0
0.0 0.0 0.0 0.0 0.0 0.0

2.2134047 0.87049615 -0.98742294 0.7924621 -0.38248667 0.11138812
-1.5449584 1.2845693 0.753369 0.44476345 -0.3214086 0.120710984
0.0 0.0 0.0 0.0 0.0 0.0
0.0 0.0 0.0 0.0 0.0 0.0
0.0 0.0 0.0 0.0 0.0 0.0
0.0 0.0 0.0 0.0 0.0 0.0
0.0 0.0 0.0 0.0 0.0 0.0

-1.9280418 0.14115383 -1.1538638 -0.7807439 -0.36373624 0.11412934
-1.9507421 0.7543466 -1.6099623 -0.9655443 -0.3345377 0.12158343
0.0 0.0 0.0 0.0 0.0 0.0
0.0 0.0 0.0 0.0 0.0 0.0
0.0 0.0 0.0 0.0 0.0 0.0
0.0 0.0 0.0 0.0 0.0 0.0
0.0 0.0 0.0 0.0 0.0 0.0

-2.108026 0.031690132 0.033921175 -0.90370375 0.3653732 0.13351694
0.0 0.0 0.0 0.0 0.0 0.0
0.0 0.0 0.0 0.0 0.0 0.0
0.0 0.0 0.0 0.0 0.0 0.0
0.0 0.0 0.0 0.0 0.0 0.0
0.0 0.0 0.0 0.0 0.0 0.0
0.0 0.0 0.0 0.0 0.0 0.0

2.6956718 -1.4629152 1.1460124 -0.81227726 0.22584446 0.12850712
2.843132 1.4023678 2.465372 -0.7075552 -0.0683255 0.13048154
0.0 0.0 0.0 0.0 0.0 0.0
0.0 0.0 0.0 0.0 0.0 0.0
0.0 0.0 0.0 0.0 0.0 0.0
0.0 0.0 0.0 0.0 0.0 0.0
0.0 0.0 0.0 0.0 0.0 0.0

-3.0108566 -0.8775309 3.0067902 -0.49470925 0.40839514 0.12666519
0.0 0.0 0.0 0.0 0.0 0.0
0.0 0.0 0.0 0.0 0.0 0.0
0.0 0.0 0.0 0.0 0.0 0.0
0.0 0.0 0.0 0.0 0.0 0.0
0.0 0.0 0.0 0.0 0.0 0.0
0.0 0.0 0.0 0.0 0.0 0.0

2.5888536 -0.9732371 -2.8066444 0.42241225 -0.30260217 0.13142702
-2.2675314 0.5590181 -2.0871236 0.71238244 -0.3626342 0.12473485
0.0 0.0 0.0 0.0 0.0 0.0
0.0 0.0 0.0 0.0 0.0 0.0
0.0 0.0 0.0 0.0 0.0 0.0
0.0 0.0 0.0 0.0 0.0 0.0
0.0 0.0 0.0 0.0 0.0 0.0

2.2317474 0.60541385 -2.3621767 0.9048148 0.029206993 0.14793351
1.7606673 1.4860805 -2.2518196 0.9920069 0.00019700806 0.11240725
0.0 0.0 0.0 0.0 0.0 0.0
0.0 0.0 0.0 0.0 0.0 0.0
0.0 0.0 0.0 0.0 0.0 0.0
0.0 0.0 0.0 0.0 0.0 0.0
0.0 0.0 0.0 0.0 0.0 0.0

-2.7917476 -0.7981471 0.46509358 -0.77147347 0.38201517 0.13448489
0.0 0.0 0.0 0.0 0.0 0.0
0.0 0.0 0.0 0.0 0.0 0.0
0.0 0.0 0.0 0.0 0.0 0.0
0.0 0.0 0.0 0.0 0.0 0.0
0.0 0.0 0.0 0.0 0.0 0.0
0.0 0.0 0.0 0.0 0.0 0.0

2.4846234 -1.3345555 2.3900335 0.98161393 -0.068558246 0.11860665
-2.8969321 -1.1511357 2.103276 0.52661914 -0.38500145 0.11504586
0.0 0.0 0.0 0.0 0.0 0.0
0.0 0.0 0.0 0.0 0.0 0.0
0.0 0.0 0.0 0.0 0.0 0.0
0.0 0.0 0.0 0.0 0.0 0.0
0.0 0.0 0.0 0.0 0.0 0.0

1.7680061 0.80621934 -2.4501882 0.9482223 0.121147364 0.13681488
0.0 0.0 0.0 0.0 0.0 0.0
0.0 0.0 0.0 0.0 0.0 0.0
0.0 0.0 0.0 0.0 0.0 0.0
0.0 0.0 0.0 0.0 0.0 0.0
0.0 0.0 0.0 0.0 0.0 0.0
0.0 0.0 0.0 0.0 0.0 0.0

1.7516174 -0.46098965 -2.844253 -0.89191705 -0.27525458 0.11946018
2.7785125 -1.0638571 1.8740481 -0.6834914 -0.19499068 0.12335071
0.0 0.0 0.0 0.0 0.0 0.0
0.0 0.0 0.0 0.0 0.0 0.0
0.0 0.0 0.0 0.0 0.0 0.0
0.0 0.0 0.0 0.0 0.0 0.0
0.0 0.0 0.0 0.0 0.0 0.0

2.1128986 -1.3314414 -1.4100755 0.8133492 0.14939438 0.11376443
0.0 0.0 0.0 0.0 0.0 0.0
0.0 0.0 0.0 0.0 0.0 0.0
0.0 0.0 0.0 0.0 0.0 0.0
0.0 0.0 0.0 0.0 0.0 0.0
0.0 0.0 0.0 0.0 0.0 0.0
0.0 0.0 0.0 0.0 0.0 0.0

1.9566811 0.6919665 2.287667 -0.9982316 -0.020076916 0.13413261
-1.6814486 -0.22789693 -0.32736123 -0.81286645 -0.37147924 0.12006419
0.0 0.0 0.0 0.0 0.0 0.0
0.0 0.0 0.0 0.0 0.0 0.0
0.0 0.0 0.0 0.0 0.0 0.0
0.0 0.0 0.0 0.0 0.0 0.0
0.0 0.0 0.0 0.0 0.0 0.0

-2.097655 0.6448922 2.1900747 0.8757179 0.2032865 0.13130212
2.2176716 0.38555235 0.30125841 0.9976799 0.21466741 0.112485714
2.154504 0.014386031 -1.1022124 0.82852346 0.42476055 0.123025425
0.0 0.0 0.0 0.0 0.0 0.0
0.0 0.0 0.0 0.0 0.0 0.0
0.0 0.0 0.0 0.0 0.0 0.0
0.0 0.0 0.0 0.0 0.0 0.0

2.27202 -0.34075326 2.180347 -0.9334197 -0.17535353 0.12547205
0.0 0.0 0.0 0.0 0.0 0.0
0.0 0.0 0.0 0.0 0.0 0.0
0.0 0.0 0.0 0.0 0.0 0.0
0.0 0.0 0.0 0.0 0.0 0.0
0.0 0.0 0.0 0.0 0.0 0.0
0.0 0.0 0.0 0.0 0.0 0.0

-2.4145935 0.86929464 1.4015495 0.90187037 0.42327562 0.14464353
2.7784014 1.1077394 -0.03453991 0.87487215 0.2482223 0.13397782
2.5011783 0.71826327 -0.6832757 0.79258084 0.40179247 0.13188754
-2.2421715 0.053737897 2.8257654 0.8714148 0.39920458 0.13222809
0.0 0.0 0.0 0.0 0.0 0.0
0.0 0.0 0.0 0.0 0.0 0.0
0.0 0.0 0.0 0.0 0.0 0.0

1.1291112 1.3516246 1.7595063 -0.78588957 -0.30068827 0.14730275
0.0 0.0 0.0 0.0 0.0 0.0
0.0 0.0 0.0 0.0 0.0 0.0
0.0 0.0 0.0 0.0 0.0 0.0
0.0 0.0 0.0 0.0 0.0 0.0
0.0 0.0 0.0 0.0 0.0 0.0
0.0 0.0 0.0 0.0 0.0 0.0

-1.6129631 -0.5764235 0.03839633 0.65425 -0.13491279 0.14217742
-2.8783927 1.2361456 -0.8179591 0.3558321 -0.29188254 0.14179464
0.0 0.0 0.0 0.0 0.0 0.0
0.0 0.0 0.0 0.0 0.0 0.0
0.0 0.0 0.0 0.0 0.0 0.0
0.0 0.0 0.0 0.0 0.0 0.0
0.0 0.0 0.0 0.0 0.0 0.0

2.9838195 -1.2665757 0.2549076 -0.17225654 -0.40722603 0.13319461
1.5945526 -0.10841023 -2.8967857 -0.21181002 -0.10540631 0.13161576
0.0 0.0 0.0 0.0 0.0 0.0
0.0 0.0 0.0 0.0 0.0 0.0
0.0 0.0 0.0 0.0 0.0 0.0
0.0 0.0 0.0 0.0 0.0 0.0
0.0 0.0 0.0 0.0 0.0 0.0

2.1793547 1.1124992 -0.085252486 0.8034932 0.18783237 0.122685015
-1.2478215 -0.92446816 1.546535 0.7723772 0.29301235 0.13504028
0.0 0.0 0.0 0.0 0.0 0.0
0.0 0.0 0.0 0.0 0.0 0.0
0.0 0.0 0.0 0.0 0.0 0.0
0.0 0.0 0.0 0.0 0.0 0.0
0.0 0.0 0.0 0.0 0.0 0.0

-1.2132272 1.4437603 1.7456173 0.92044675 0.37350303 0.13293022
-2.249227 0.87921566 1.5416156 0.6664452 0.32133964 0.14944266
1.8081485 0.038838796 -0.7607963 0.90471786 0.4241819 0.14608428
0.0 0.0 0.0 0.0 0.0 0.0
0.0 0.0 0.0 0.0 0.0 0.0
0.0 0.0 0.0 0.0 0.0 0.0
0.0 0.0 0.0 0.0 0.0 0.0

1.5669221 0.22443123 -2.0223556 -0.7163561 -0.25266248 0.12281548
0.0 0.0 0.0 0.0 0.0 0.0
0.0 0.0 0.0 0.0 0.0 0.0
0.0 0.0 0.0 0.0 0.0 0.0
0.0 0.0 0.0 0.0 0.0 0.0
0.0 0.0 0.0 0.0 0.0 0.0
0.0 0.0 0.0 0.0 0.0 0.0

-2.0512724 -0.8265575 -0.043310877 0.56352085 -0.180691 0.1340741
-2.7665157 0.884296 -1.7359041 0.34824806 -0.26984 0.11510639
0.0 0.0 0.0 0.0 0.0 0.0
0.0 0.0 0.0 0.0 0.0 0.0
0.0 0.0 0.0 0.0 0.0 0.0
0.0 0.0 0.0 0.0 0.0 0.0
0.0 0.0 0.0 0.0 0.0 0.0

-1.6956019 0.46704835 1.7244631 0.98762673 0.30604306 0.14816426
1.5242087 1.0463206 -1.0116646 0.8895683 0.41743335 0.117130354
0.0 0.0 0.0 0.0 0.0 0.0
0.0 0.0 0.0 0.0 0.0 0.0
0.0 0.0 0.0 0.0 0.0 0.0
0.0 0.0 0.0 0.0 0.0 0.0
0.0 0.0 0.0 0.0 0.0 0.0

1.8055819 0.34424832 -2.1525083 0.7317032 -0.21433721 0.11593444
-2.2040012 0.82867867 0.9932592 0.74684805 -0.2998528 0.119226195
0.0 0.0 0.0 0.0 0.0 0.0
0.0 0.0 0.0 0.0 0.0 0.0
0.0 0.0 0.0 0.0 0.0 0.0
0.0 0.0 0.0 0.0 0.0 0.0
0.0 0.0 0.0 0.0 0.0 0.0

-1.7688278 -0.03842976 -0.39573592 0.34645823 -0.08528249 0.12418397
2.2939608 0.36717725 -2.688101 0.009343777 -0.24103126 0.11927595
-1.8605654 -0.19051309 1.5301777 -0.3007214 -0.3415798 0.118395574
0.0 0.0 0.0 0.0 0.0 0.0
0.0 0.0 0.0 0.0 0.0 0.0
0.0 0.0 0.0 0.0 0.0 0.0
0.0 0.0 0.0 0.0 0.0 0.0

-2.3055089 -1.0734093 -0.1489881 0.6841176 -0.38553768 0.13726822
0.0 0.0 0.0 0.0 0.0 0.0
0.0 0.0 0.0 0.0 0.0 0.0
0.0 0.0 0.0 0.0 0.0 0.0
0.0 0.0 0.0 0.0 0.0 0.0
0.0 0.0 0.0 0.0 0.0 0.0
0.0 0.0 0.0 0.0 0.0 0.0

2.5284784 -0.62963575 2.7188456 -0.16745414 -0.3182755 0.14699481
0.0 0.0 0.0 0.0 0.0 0.0
0.0 0.0 0.0 0.0 0.0 0.0
0.0 0.0 0.0 0.0 0.0 0.0
0.0 0.0 0.0 0.0 0.0 0.0
0.0 0.0 0.0 0.0 0.0 0.0
0.0 0.0 0.0 0.0 0.0 0.0

-1.7538898 0.84094316 0.3312737 -0.24716495 -0.09664141 0.14985782
1.9639442 0.859513 -2.0415049 -0.49587107 -0.22107308 0.13746282
0.0 0.0 0.0 0.0 0.0 0.0
0.0 0.0 0.0 0.0 0.0 0.0
0.0 0.0 0.0 0.0 0.0 0.0
0.0 0.0 0.0 0.0 0.0 0.0
0.0 0.0 0.0 0.0 0.0 0.0

1.7587681 -0.051690836 0.9254495 -0.37199587 0.42265496 0.14822204
1.5156341 0.3307337 -1.2112938 -0.48279577 0.40715227 0.12038782
0.0 0.0 0.0 0.0 0.0 0.0
0.0 0.0 0.0 0.0 0.0 0.0
0.0 0.0 0.0 0.0 0.0 0.0
0.0 0.0 0.0 0.0 0.0 0.0
0.0 0.0 0.0 0.0 0.0 0.0

1.6410362 -0.37785843 -0.7835504 0.87857276 -0.11723221 0.13024035
0.0 0.0 0.0 0.0 0.0 0.0
0.0 0.0 0.0 0.0 0.0 0.0
0.0 0.0 0.0 0.0 0.0 0.0
0.0 0.0 0.0 0.0 0.0 0.0
0.0 0.0 0.0 0.0 0.0 0.0
0.0 0.0 0.0 0.0 0.0 0.0

2.8897076 1.3020829 -1.658437 0.22475547 -0.10503979 0.1316421
1.924093 1.3842396 -2.883697 0.23858748 -0.021775758 0.13837318
2.5447073 0.87897116 -2.7338858 0.56064636 -0.39977083 0.14266218
2.2579067 0.24246241 -1.6846462 0.017645177 -0.4117476 0.14858764
0.0 0.0 0.0 0.0 0.0 0.0
0.0 0.0 0.0 0.0 0.0 0.0
0.0 0.0 0.0 0.0 0.0 0.0

2.430979 0.5961591 -0.8339008 -0.17425196 0.42449048 0.13924724
0.0 0.0 0.0 0.0 0.0 0.0
0.0 0.0 0.0 0.0 0.0 0.0
0.0 0.0 0.0 0.0 0.0 0.0
0.0 0.0 0.0 0.0 0.0 0.0
0.0 0.0 0.0 0.0 0.0 0.0
0.0 0.0 0.0 0.0 0.0 0.0

2.6895452 0.8500955 0.33550152 -0.20396188 0.3145484 0.120939165
0.0 0.0 0.0 0.0 0.0 0.0
0.0 0.0 0.0 0.0 0.0 0.0
0.0 0.0 0.0 0.0 0.0 0.0
0.0 0.0 0.0 0.0 0.0 0.0
0.0 0.0 0.0 0.0 0.0 0.0
0.0 0.0 0.0 0.0 0.0 0.0

-2.0594103 0.5280445 -0.5050186 0.69116807 -0.15373278 0.13638659
-2.094454 0.7151683 0.45541418 0.63697 -0.13825577 0.1296094
2.1056037 -1.0255113 2.5492764 0.68668824 -0.23313697 0.1420092
0.0 0.0 0.0 0.0 0.0 0.0
0.0 0.0 0.0 0.0 0.0 0.0
0.0 0.0 0.0 0.0 0.0 0.0
0.0 0.0 0.0 0.0 0.0 0.0

-1.9628755 0.25725818 -2.7334354 -0.97491306 0.41230837 0.13115206
2.8177063 1.1815678 1.990244 -0.87332606 0.24615784 0.13627736
0.0 0.0 0.0 0.0 0.0 0.0
0.0 0.0 0.0 0.0 0.0 0.0
0.0 0.0 0.0 0.0 0.0 0.0
0.0 0.0 0.0 0.0 0.0 0.0
0.0 0.0 0.0 0.0 0.0 0.0

2.4135425 0.77734184 -2.0266793 0.59604436 -0.28555337 0.122256935
-1.5125105 -0.61092156 0.40541193 0.6253271 -0.10314485 0.13683984
-2.5078373 -0.4608434 -0.43527707 0.8244773 -0.36633536 0.11325989
0.0 0.0 0.0 0.0 0.0 0.0
0.0 0.0 0.0 0.0 0.0 0.0
0.0 0.0 0.0 0.0 0.0 0.0
0.0 0.0 0.0 0.0 0.0 0.0

2.4172168 0.2993812 0.03441097 0.8758672 0.33280858 0.114122175
-2.2062268 -0.60596895 2.628061 0.40881678 0.4241151 0.13393077
-1.720918 0.9164214 2.2175164 0.5097041 0.23049146 0.11698663
0.0 0.0 0.0 0.0 0.0 0.0
0.0 0.0 0.0 0.0 0.0 0.0
0.0 0.0 0.0 0.0 0.0 0.0
0.0 0.0 0.0 0.0 0.0 0.0

2.048679 0.6946009 0.23733968 -0.05050914 0.28827572 0.13399686
-2.3792624 -0.34783977 2.6133764 -0.6244258 0.31030762 0.13609377
0.0 0.0 0.0 0.0 0.0 0.0
0.0 0.0 0.0 0.0 0.0 0.0
0.0 0.0 0.0 0.0 0.0 0.0
0.0 0.0 0.0 0.0 0.0 0.0
0.0 0.0 0.0 0.0 0.0 0.0

2.955089 1.1678698 -1.8746825 0.99612486 -0.38888445 0.112607494
1.7760409 0.6594301 -1.634146 0.7979454 -0.10448693 0.14391366
0.0 0.0 0.0 0.0 0.0 0.0
0.0 0.0 0.0 0.0 0.0 0.0
0.0 0.0 0.0 0.0 0.0 0.0
0.0 0.0 0.0 0.0 0.0 0.0
0.0 0.0 0.0 0.0 0.0 0.0

1.7112942 0.2546257 -2.2654865 0.57252795 -0.296849 0.11641714
1.7322625 -1.4296477 -1.998093 0.8413697 -0.2827091 0.13660616
-2.2287822 0.95513827 -0.47785893 0.7047901 -0.21127425 0.14069895
-2.3908963 0.5793466 -0.7796996 0.94551635 -0.20436576 0.11256489
0.0 0.0 0.0 0.0 0.0 0.0
0.0 0.0 0.0 0.0 0.0 0.0
0.0 0.0 0.0 0.0 0.0 0.0

1.9317197 -0.20112789 0.5505908 -0.08470902 0.17948034 0.13692437
-1.5374086 -0.34242108 -2.4457536 -0.009046314 0.277908 0.12523618
2.1048882 -0.1648952 0.47878954 -0.71615416 0.3383497 0.11424353
0.0 0.0 0.0 0.0 0.0 0.0
0.0 0.0 0.0 0.0 0.0 0.0
0.0 0.0 0.0 0.0 0.0 0.0
0.0 0.0 0.0 0.0 0.0 0.0

2.022982 -0.30089444 -1.6343085 0.8824219 0.11007939 0.13039806
0.0 0.0 0.0 0.0 0.0 0.0
0.0 0.0 0.0 0.0 0.0 0.0
0.0 0.0 0.0 0.0 0.0 0.0
0.0 0.0 0.0 0.0 0.0 0.0
0.0 0.0 0.0 0.0 0.0 0.0
0.0 0.0 0.0 0.0 0.0 0.0

-3.061387 -0.81631815 0.014619103 -0.7639547 -0.12276139 0.14766502
0.0 0.0 0.0 0.0 0.0 0.0
0.0 0.0 0.0 0.0 0.0 0.0
0.0 0.0 0.0 0.0 0.0 0.0
0.0 0.0 0.0 0.0 0.0 0.0
0.0 0.0 0.0 0.0 0.0 0.0
0.0 0.0 0.0 0.0 0.0 0.0

2.246849 0.60980546 0.25255018 0.6271026 0.23561558 0.13431984
1.8898712 -0.6889804 -0.082248606 0.5455555 0.1423092 0.12863179
0.0 0.0 0.0 0.0 0.0 0.0
0.0 0.0 0.0 0.0 0.0 0.0
0.0 0.0 0.0 0.0 0.0 0.0
0.0 0.0 0.0 0.0 0.0 0.0
0.0 0.0 0.0 0.0 0.0 0.0

1.4631785 0.50758415 2.6413784 -0.25452986 -0.16632013 0.13128383
2.1099935 -0.41834924 2.341351 -0.43221554 -0.15128112 0.1297266
0.0 0.0 0.0 0.0 0.0 0.0
0.0 0.0 0.0 0.0 0.0 0.0
0.0 0.0 0.0 0.0 0.0 0.0
0.0 0.0 0.0 0.0 0.0 0.0
0.0 0.0 0.0 0.0 0.0 0.0

1.7187607 0.11257135 -2.853716 0.9568164 -0.21495032 0.115251996
-2.5490777 0.86919487 -0.7100814 0.9667343 -0.3199189 0.116608605
0.0 0.0 0.0 0.0 0.0 0.0
0.0 0.0 0.0 0.0 0.0 0.0
0.0 0.0 0.0 0.0 0.0 0.0
0.0 0.0 0.0 0.0 0.0 0.0
0.0 0.0 0.0 0.0 0.0 0.0

1.7842108 -0.2062976 -0.6587425 -0.99859107 0.1346911 0.13600014
2.186111 0.9148381 0.2362329 -0.95713425 0.12568364 0.1208735
0.0 0.0 0.0 0.0 0.0 0.0
0.0 0.0 0.0 0.0 0.0 0.0
0.0 0.0 0.0 0.0 0.0 0.0
0.0 0.0 0.0 0.0 0.0 0.0
0.0 0.0 0.0 0.0 0.0 0.0

-2.6381552 -0.736358 -1.4888833 -0.8076796 0.37048644 0.14915182
-2.3290207 -1.2676299 -0.7064391 -0.90094066 0.34740138 0.14974107
-1.8752441 -0.91239613 -2.33341 -0.8901282 0.131811 0.12321128
2.4658947 1.3656547 1.5241555 -0.96654963 0.12830353 0.12578207
0.0 0.0 0.0 0.0 0.0 0.0
0.0 0.0 0.0 0.0 0.0 0.0
0.0 0.0 0.0 0.0 0.0 0.0

2.724778 1.1109296 -1.8304487 -0.21795474 -0.19253054 0.11594458
0.0 0.0 0.0 0.0 0.0 0.0
0.0 0.0 0.0 0.0 0.0 0.0
0.0 0.0 0.0 0.0 0.0 0.0
0.0 0.0 0.0 0.0 0.0 0.0
0.0 0.0 0.0 0.0 0.0 0.0
0.0 0.0 0.0 0.0 0.0 0.0

-2.865125 -1.4440472 -0.8211551 -0.80804586 -0.18203159 0.14657985
-2.2419865 0.6011339 -2.0908344 -0.90964043 -0.33228743 0.11006737
0.0 0.0 0.0 0.0 0.0 0.0
0.0 0.0 0.0 0.0 0.0 0.0
0.0 0.0 0.0 0.0 0.0 0.0
0.0 0.0 0.0 0.0 0.0 0.0
0.0 0.0 0.0 0.0 0.0 0.0

-1.5918205 -0.4458686 0.9205236 0.39988148 -0.22979966 0.1336979
0.0 0.0 0.0 0.0 0.0 0.0
0.0 0.0 0.0 0.0 0.0 0.0
0.0 0.0 0.0 0.0 0.0 0.0
0.0 0.0 0.0 0.0 0.0 0.0
0.0 0.0 0.0 0.0 0.0 0.0
0.0 0.0 0.0 0.0 0.0 0.0

-1.5605958 0.37920982 -1.7386026 0.8199201 0.30877256 0.14940974
0.0 0.0 0.0 0.0 0.0 0.0
0.0 0.0 0.0 0.0 0.0 0.0
0.0 0.0 0.0 0.0 0.0 0.0
0.0 0.0 0.0 0.0 0.0 0.0
0.0 0.0 0.0 0.0 0.0 0.0
0.0 0.0 0.0 0.0 0.0 0.0

-1.831253 0.11343598 1.3116585 0.76687163 -0.39446718 0.1485526
0.0 0.0 0.0 0.0 0.0 0.0
0.0 0.0 0.0 0.0 0.0 0.0
0.0 0.0 0.0 0.0 0.0 0.0
0.0 0.0 0.0 0.0 0.0 0.0
0.0 0.0 0.0 0.0 0.0 0.0
0.0 0.0 0.0 0.0 0.0 0.0

-1.2710778 0.4476258 -2.5763838 -0.89258224 0.37175837 0.13171436
0.0 0.0 0.0 0.0 0.0 0.0
0.0 0.0 0.0 0.0 0.0 0.0
0.0 0.0 0.0 0.0 0.0 0.0
0.0 0.0 0.0 0.0 0.0 0.0
0.0 0.0 0.0 0.0 0.0 0.0
0.0 0.0 0.0 0.0 0.0 0.0

-2.8746135 -0.9620575 -1.8243794 -0.88871336 0.30502108 0.12448814
1.6473929 -0.5605423 0.90761775 -0.54067767 0.26877186 0.1461621
1.9449111 0.3649002 0.9147883 -0.60916555 0.24533242 0.12871279
0.0 0.0 0.0 0.0 0.0 0.0
0.0 0.0 0.0 0.0 0.0 0.0
0.0 0.0 0.0 0.0 0.0 0.0
0.0 0.0 0.0 0.0 0.0 0.0

-1.819468 -0.8763623 -1.3167104 -0.87459785 -0.13834533 0.11550004
-2.3165925 -0.37553382 -1.2919233 -0.8412197 -0.3509741 0.13506846
0.0 0.0 0.0 0.0 0.0 0.0
0.0 0.0 0.0 0.0 0.0 0.0
0.0 0.0 0.0 0.0 0.0 0.0
0.0 0.0 0.0 0.0 0.0 0.0
0.0 0.0 0.0 0.0 0.0 0.0

-1.7504437 0.5929392 0.3717168 0.8484889 -0.3453605 0.13719158
2.2537973 -0.3712787 -2.144524 0.799287 -0.40564075 0.12255883
0.0 0.0 0.0 0.0 0.0 0.0
0.0 0.0 0.0 0.0 0.0 0.0
0.0 0.0 0.0 0.0 0.0 0.0
0.0 0.0 0.0 0.0 0.0 0.0
0.0 0.0 0.0 0.0 0.0 0.0

-1.847854 -0.78685355 -0.14545815 0.21913002 -0.0980487 0.11806609
3.1254063 -0.9860289 0.9046117 0.33055356 -0.32039726 0.14712536
-2.3379183 0.52340144 -1.5959901 0.005443249 -0.397646 0.14926606
-1.884149 0.19614206 -0.2416097 -0.1667169 -0.09199162 0.14391978
-2.2487855 -0.23109391 0.73588467 0.1753968 -0.3016603 0.14266576
2.7760592 -0.8654129 1.5348198 0.21044616 -0.3590948 0.14694744
2.2861845 -0.980545 -2.6437383 -0.54616547 -0.37566504 0.124418154

-1.6151614 -0.20503499 1.9945579 0.62077737 0.37218767 0.13855362
-2.3437114 -0.95349544 1.210727 0.97840554 0.40952143 0.1405494
0.0 0.0 0.0 0.0 0.0 0.0
0.0 0.0 0.0 0.0 0.0 0.0
0.0 0.0 0.0 0.0 0.0 0.0
0.0 0.0 0.0 0.0 0.0 0.0
0.0 0.0 0.0 0.0 0.0 0.0

2.611118 0.7295939 2.5961125 -0.88006127 0.27082038 0.14828926
0.0 0.0 0.0 0.0 0.0 0.0
0.0 0.0 0.0 0.0 0.0 0.0
0.0 0.0 0.0 0.0 0.0 0.0
0.0 0.0 0.0 0.0 0.0 0.0
0.0 0.0 0.0 0.0 0.0 0.0
0.0 0.0 0.0 0.0 0.0 0.0

1.9581181 0.55670416 0.30380073 0.2906066 0.12935488 0.12734139
2.6249712 -0.48616955 -2.4765294 0.43030998 0.39068475 0.14985055
2.8139644 1.2825816 1.6020323 0.6540467 0.15032625 0.13968436
-2.1529782 -0.13647032 -2.9977343 0.21939164 0.27389365 0.14169717
-2.1336966 0.47523344 2.064378 0.011053104 0.36869097 0.1434491
1.6376183 0.07821233 -0.07174012 0.54548776 0.09461027 0.13583183
0.0 0.0 0.0 0.0 0.0 0.0

2.8682199 -1.049723 -1.9255033 -0.5711064 0.38910222 0.117726885
2.84848 -1.0788527 -1.7951938 -0.74620694 0.25351566 0.11718243
-2.539848 -1.0686363 -1.4060423 0.145428 0.3932933 0.14543958
0.0 0.0 0.0 0.0 0.0 0.0
0.0 0.0 0.0 0.0 0.0 0.0
0.0 0.0 0.0 0.0 0.0 0.0
0.0 0.0 0.0 0.0 0.0 0.0

-1.9715828 -0.8515314 -1.8974447 -0.08370696 0.19034001 0.14114472
2.4297395 0.2548905 0.10634471 -0.49700305 0.21705961 0.14812739
2.359955 0.48682234 0.25900194 -0.3402083 0.26567206 0.13831674
1.4734603 -0.61083555 0.6153125 -0.085967146 0.14596686 0.14833081
0.0 0.0 0.0 0.0 0.0 0.0
0.0 0.0 0.0 0.0 0.0 0.0
0.0 0.0 0.0 0.0 0.0 0.0

-2.1063387 -0.3532918 -2.3625207 -0.9737957 0.17249581 0.1462808
2.3945389 0.34282732 1.255832 -0.9976642 0.4036287 0.13864094
0.0 0.0 0.0 0.0 0.0 0.0
0.0 0.0 0.0 0.0 0.0 0.0
0.0 0.0 0.0 0.0 0.0 0.0
0.0 0.0 0.0 0.0 0.0 0.0
0.0 0.0 0.0 0.0 0.0 0.0

-1.8289392 -0.25355402 0.86263055 0.94618714 -0.03221217 0.1306056
-2.4883955 -0.7713471 2.3458176 0.9262291 -0.3405161 0.13847594
2.5803866 -1.1806151 -2.3990736 0.964298 -0.19037713 0.13574749
2.3291533 -0.8556821 -2.9945707 0.99122655 -0.2986132 0.12161336
0.0 0.0 0.0 0.0 0.0 0.0
0.0 0.0 0.0 0.0 0.0 0.0
0.0 0.0 0.0 0.0 0.0 0.0

-1.7425482 -0.38896477 0.32080552 0.4231096 -0.02656607 0.1490948
2.391338 0.8017184 -2.3444848 0.5674738 -0.1442971 0.12304333
-1.9521977 -0.96321154 1.4133344 0.018081166 -0.33054405 0.12122602
-2.4587193 1.0380753 -0.43117705 0.84278435 -0.41787872 0.13138875
2.6429408 -0.74277705 2.6658802 0.29770726 -0.14501683 0.119067
0.0 0.0 0.0 0.0 0.0 0.0
0.0 0.0 0.0 0.0 0.0 0.0

1.6989136 -0.15566456 2.6880553 -0.75398076 -0.42133608 0.13304934
0.0 0.0 0.0 0.0 0.0 0.0
0.0 0.0 0.0 0.0 0.0 0.0
0.0 0.0 0.0 0.0 0.0 0.0
0.0 0.0 0.0 0.0 0.0 0.0
0.0 0.0 0.0 0.0 0.0 0.0
0.0 0.0 0.0 0.0 0.0 0.0

-2.5383048 -0.60995823 -2.6931298 -0.95428556 0.325153 0.12500986
-1.7733829 -0.82292813 -2.8193693 -0.72879624 0.10086088 0.14180802
-1.9981788 -0.16057672 -1.778224 -0.62727886 0.35029587 0.11253225
0.0 0.0 0.0 0.0 0.0 0.0
0.0 0.0 0.0 0.0 0.0 0.0
0.0 0.0 0.0 0.0 0.0 0.0
0.0 0.0 0.0 0.0 0.0 0.0

-3.0002382 -1.049917 1.0602862 0.97966707 0.16600087 0.14890769
0.0 0.0 0.0 0.0 0.0 0.0
0.0 0.0 0.0 0.0 0.0 0.0
0.0 0.0 0.0 0.0 0.0 0.0
0.0 0.0 0.0 0.0 0.0 0.0
0.0 0.0 0.0 0.0 0.0 0.0
0.0 0.0 0.0 0.0 0.0 0.0

2.2236543 -0.50731665 0.9449685 -0.8340055 0.3304386 0.1123397
0.0 0.0 0.0 0.0 0.0 0.0
0.0 0.0 0.0 0.0 0.0 0.0
0.0 0.0 0.0 0.0 0.0 0.0
0.0 0.0 0.0 0.0 0.0 0.0
0.0 0.0 0.0 0.0 0.0 0.0
0.0 0.0 0.0 0.0 0.0 0.0

-2.5125856 0.7148206 -1.0212351 -0.9789426 -0.13502519 0.1432543
0.0 0.0 0.0 0.0 0.0 0.0
0.0 0.0 0.0 0.0 0.0 0.0
0.0 0.0 0.0 0.0 0.0 0.0
0.0 0.0 0.0 0.0 0.0 0.0
0.0 0.0 0.0 0.0 0.0 0.0
0.0 0.0 0.0 0.0 0.0 0.0

-1.8975608 -1.0606757 -0.73178756 -0.9867376 -0.1611822 0.14688343
0.0 0.0 0.0 0.0 0.0 0.0
0.0 0.0 0.0 0.0 0.0 0.0
0.0 0.0 0.0 0.0 0.0 0.0
0.0 0.0 0.0 0.0 0.0 0.0
0.0 0.0 0.0 0.0 0.0 0.0
0.0 0.0 0.0 0.0 0.0 0.0

