0 0 -0.7236473020589309 1.454756791572659 2.025614075977612 0
0 0 -1.7662553131410212 2.0627116566483354 1.8562676616502929 0
0 0 -1.136421499204681 0.9441899742085091 0.44175054935819746 0
0 0 1.2341559260823685 2.0720528110067447 1.06398762168712 0
0 0 2.663550485669279 0.6646572552813743 2.01074353745106 0
0 0 -2.784883156260107 0.676919605496304 0.5028253327932817 0
0 0 1.8408919657700311 2.079589550735906 2.007710105340122 0
0 0 -0.2711653067487596 1.8135809949341175 1.9826085493395147 0
0 0 -3.1195598253750667 -0.5778432428501961 1.3493959648484526 0
0 0 0.1405908706555481 -0.5514647837927189 0.9147392816493454 0
0 0 0.615582834760199 -0.02062847592434247 0.42364496319526623 0
0 0 -0.6642628644601918 0.587570758471381 0.5016510119293596 0
0 0 0.6025842378735708 1.473001160780438 1.9560214621161278 0
0 0 2.579327582597182 2.0892706181231038 1.6766134669344501 0
0 0 0.6689419182595073 0.9714534650594662 2.0082730218011267 0
0 0 0.8522723616918402 -0.27407486867774566 1.964080031248077 0
0 0 2.846636081174787 2.0946858494939007 1.7705766781219971 0
0 0 -1.5898834593729987 2.05841698423234 1.1209650457775528 0
0 0 -1.0744337312721806 2.105247911194482 1.3522527317518662 0
0 0 -0.18581760210803422 2.11829813987182 1.439139053474662 0
0 0 2.523503506764804 0.3296182565616185 2.0516292625127126 0
0 0 0.21627335692493244 -0.224024683903282 1.9707663726801852 0
0 0 1.2695619947719692 1.336043879507968 0.5020451429951878 0
0 0 0.06357393067413142 0.48796982164207603 0.4102642252730173 0
0 0 -0.9857331977666184 1.9729687697490121 0.4741333251770077 0
0 0 0.524124072808394 -0.022288914014178762 0.47851295998676135 0
0 0 -2.62442406503615 1.8330685668884505 2.022210959024971 0
0 0 0.7012357843782082 1.3189827498978994 0.46597078670630177 0
0 0 0.756187918077138 0.4901917364683359 0.4716078644176732 0
0 0 -2.5684587000299834 0.5585947927572679 0.42063836027295065 0
0 0 -2.2204096096601527 0.717372274049644 0.42325372128348626 0
0 0 -1.898279375766671 1.9306587739650183 1.9556863527885737 0
0 0 -0.30294927338436173 1.7700027112977808 0.4785981748130296 0
0 0 0.5434658960197107 0.058227488745939526 0.4143318599335477 0
0 0 0.5700253622864229 1.0041708347356348 2.003993264302189 0
0 0 2.69252216195122 -0.6157568338087425 1.6276668047822793 0
0 0 0.8979332256651258 -0.5823267813668929 1.699353979105299 0
0 0 -2.805109608466177 0.4676235132277675 1.9572018703565321 0
0 0 2.5507211206958447 0.653095377650627 0.4049881809751955 0
0 0 3.100863417430512 2.0664622567776956 0.7662384391850043 0
0 0 3.102752032824836 0.7980318090673981 2.0164440358478983 0
0 0 -1.6904157102409196 -0.5659247634400093 1.7203755410943522 0
0 0 -0.025306245503804448 2.1486735102452448 0.6541800669004627 0
0 0 3.049051209220398 -0.44561188662447115 1.9996853404492967 0
0 0 0.03297599221051195 0.9096884317973337 0.41637247612562356 0
0 0 1.843245358555487 1.6756838608109417 2.00858954335844 0
0 0 -0.1223112672568587 -0.15957506692631984 1.9946459379945463 0
0 0 1.8482709917062294 1.8967641696676598 0.44698815491612565 0
0 0 -2.723228386232474 0.027878840782724956 2.038734842763537 0
0 0 -1.4475505092605327 1.462733801086826 0.44685061654237446 0
0 0 1.6992901141281136 -0.5116746968242492 2.027942074581377 0
0 0 0.030844561735856146 1.703563504107353 0.43827887747526173 0
0 0 0.4261519596864556 0.41366424229471477 1.9927677136729225 0
0 0 -0.5573691578356978 -0.12244167998175604 0.40435170183525593 0
0 0 0.756194292819345 2.1076926187698244 1.0781779623024348 0
0 0 -2.301013000108438 -0.6232803363620676 1.8086124963176726 0
0 0 2.1834739559919703 -0.2579539922750198 1.9954121610441753 0
0 0 2.8858016061999887 0.4730052637847051 2.0144316373052886 0
0 0 2.284018764596162 0.1885863110020265 2.006737601592898 0
0 0 -0.8650908050708446 0.0360470660057024 1.981516538202369 0
0 0 1.546426532775791 0.042059423822552344 0.4703112061788298 0
0 0 -2.730682922848192 2.088871874941973 0.6527424744344085 0
0 0 -2.6198775406568675 1.0285468816954695 2.0362754692207594 0
0 0 0.06224685748879866 0.9286090948175556 2.0443779823817696 0
0 0 3.064157811397478 2.091307698644939 0.8926254354031888 0
0 0 -2.3491643435603384 2.0740567740234743 1.084898602534163 0
0 0 1.6364802714790816 0.5033720369933612 2.044714578458303 0
0 0 -0.7889089737616524 2.070708239141024 0.9391456674026653 0
0 0 -2.9449668198091654 0.622395615881016 2.01662828978439 0
0 0 -1.2249508047610327 1.0570134374235363 0.49440231744460983 0
0 0 1.128564116652937 2.1457157743052817 0.4940725297810764 0
0 0 2.68055301731461 0.9374497551781071 0.4676881378332809 0
0 0 1.8390025291370122 -0.6296255053655324 1.533322115447753 0
0 0 0.3836813374506325 -0.04638937772725915 0.437748789175576 0
0 0 2.4696059813262723 -0.5527502601987284 1.5942700185693561 0
0 0 -1.1793528842868974 -0.62977945591728 0.5351908443443473 0
0 0 -0.26600281323716546 -0.6110809849669303 1.8989559922563275 0
0 0 -0.931319590845693 -0.37847814533258073 1.9898019262007578 0
0 0 -0.8398514825710524 0.4318608385039855 2.020229346238739 0
0 0 2.059845490898808 -0.6138349328617017 1.0624089988131713 0
0 0 -2.7321125030198417 2.0943418789511092 1.8179722373158749 0
0 0 1.0524962411983738 1.1143149463345754 1.9841347680578392 0
0 0 -2.5882490439392276 -0.5954591452384146 2.0071609475475105 0
0 0 -0.9460539262506145 0.9879312981881132 1.99546628478512 0
0 0 -0.7629399537546853 -0.56204915307619 0.6146189808000652 0
0 0 -1.105289619629723 0.1759135019085326 1.9964224644750388 0
0 0 2.1839301419973856 0.9980944831525249 0.46186042311309405 0
0 0 -2.304332657078117 -0.3160066482124848 2.052990735030228 0
0 0 -0.7094606394071299 0.9773907473098975 0.4348902315707023 0
0 0 -0.7884283306286877 -0.6416413100126099 1.141947894886448 0
0 0 -2.279496600276521 -0.5597424499216213 1.3079022518900896 0
0 0 3.112536849865095 2.133952282425257 1.3623764288937465 0
0 0 -1.3337297446676093 -0.6033769713046608 1.5048989180064172 0
0 0 -3.074166941738111 -0.6425113836032754 0.7343292743494564 0
0 0 2.741404036470181 2.1171986043376014 0.42626348327246344 0
0 0 -1.8644657093497874 1.5316796061705447 0.42302025209849436 0
0 0 -1.1290712291631047 1.378306706074954 0.47031503030663957 0
0 0 -2.060970911783066 0.3633724178321137 2.0295854169531067 0
0 0 -2.624345179155461 2.0713806378792166 0.6870222139560348 0
0 0 -0.9377704799059505 -0.5966150272902739 1.0861954256995965 0
0 0 1.5556635571316102 0.24860775197232632 0.42315443597230085 0
0 0 2.2946867223006358 2.118762517119731 1.986031109815911 0
0 0 2.4567518679356795 -0.558760852712765 1.0341785503201049 0
0 0 1.581915819456567 -0.31095971664314637 2.013218609941294 0
0 0 1.8936531838176665 0.23967097170546114 0.48351179361976027 0
0 0 -0.4638624058909846 2.0709552760662637 0.4646640420645939 0
0 0 -2.380944380463923 -0.6148065793808246 1.1523315966773398 0
0 0 2.5163981098724637 0.012967343470689174 1.980739901258219 0
0 0 2.0372093355239684 0.11594105386635245 0.40916860069202454 0
0 0 -0.8948480774081116 2.1254879963574504 1.0482437202885835 0
0 0 0.681956604424212 -0.34836477429349877 0.466910321238621 0
0 0 2.0213488438167113 1.6662551268002586 0.423402250636022 0
0 0 -1.0438963493503643 1.2707503256381734 0.4855616087885658 0
0 0 -1.7275057921391503 1.2217226107870756 0.41034755904799347 0
0 0 0.8053213140367741 0.6002866355367427 0.4580590342120744 0
0 0 1.6481166339030784 0.8659300270743502 0.4204101005399761 0
0 0 1.6517387198671516 -0.2817579579183973 0.4217313378272962 0
0 0 -0.3771405190077437 0.9444317854092334 2.0478578897706354 0
0 0 1.9474625610383276 1.2009783978631288 0.4563187323644853 0
0 0 -1.8786048380474514 2.0680663611525443 1.6241481035215175 0
0 0 2.6774466537019794 0.6685897671128753 0.484417674894298 0
0 0 -1.7576861420794996 2.1102031450503302 0.5805988548670336 0
0 0 2.1710183198004698 0.7208135797910693 0.4069613171195786 0
0 0 -2.6091399659023597 -0.45121151298481665 0.45966061862618735 0
0 0 0.8427626797940229 1.2459509183971995 0.4186972910426926 0
0 0 -1.1655636958410018 2.0932107723612 1.445785780444284 0
0 0 -1.6648142285059788 -0.5659890775517302 0.6957499073845016 0
0 0 2.9943178361505067 0.22561058292040526 0.4973707812053536 0
0 0 0.22075973405582472 1.819799474013965 0.5011409499877401 0
0 0 1.779900930453361 2.1188603785561773 0.7634608775365223 0
0 0 -2.183331138377153 1.709585214201433 0.48650935364041403 0
0 0 1.8050222201332513 -0.5779959569050268 1.2099689123326094 0
0 0 -2.715831390337728 2.138292485615281 0.9356551906434577 0
0 0 0.9644670276321579 0.5457255051169354 0.4603553253737446 0
0 0 1.2891026494495188 -0.6460141358671554 1.0790938124477165 0
0 0 -2.0242730774277877 -0.43383533847331646 1.978386264648918 0
0 0 -2.5707469110283445 2.073982276594979 0.772607502129752 0
0 0 2.629890384026642 0.33477566479457943 2.0315658510991206 0
0 0 1.3011776980143184 0.6555423667872928 0.4217137328571524 0
0 0 1.4637845825736742 1.7697569409069411 2.0204197326578788 0
0 0 2.2361460358299583 2.077720484737336 0.6058552579269284 0
0 0 -0.5873176040004675 -0.5617480171935902 1.0849898555922308 0
0 0 -2.6582625179669694 -0.4640657312361811 1.971974462137844 0
0 0 -1.6618819011498183 0.3912770050449793 1.9941604251223757 0
0 0 -0.7509838833197833 1.4548126055326225 0.4089005197504638 0
0 0 1.104723953163389 1.1316614607149569 1.9757168312791191 0
0 0 1.3248200436052961 2.130794194729574 1.4861138606554514 0
0 0 1.3560465888705577 2.117143421008073 2.030877526083362 0
0 0 -0.6848678496615768 1.930838996227213 0.4262248623557663 0
0 0 1.8106014044771035 0.8096065305474356 1.954050939972221 0
0 0 2.485816750706343 -0.2860366851002041 0.4625737397177022 0
0 0 -1.898654224158815 1.4692247126017286 0.44924799605278276 0
0 0 1.0988767702950888 1.1255977482434891 0.4388585876251472 0
0 0 0.1898394875742877 0.3747393577060535 2.0130184093292858 0
0 0 0.18094127604977173 0.19299774276614245 1.9671666727012105 0
0 0 2.490948435451413 0.41577948144768206 2.01521445003268 0
0 0 1.3026195851595794 -0.5929412499194917 0.8444496360870325 0
0 0 -0.935558577762321 -0.08290621014657273 0.5011920912553283 0
0 0 -1.8478158737303045 0.8566968109458439 2.0185214305177213 0
0 0 -3.0809272216284076 0.5926923433681828 0.472755771390064 0
0 0 0.1880406419747116 1.1827781624687947 0.457538885630955 0
0 0 -1.1643533269199113 2.093831374621215 1.0272367502820887 0
0 0 -1.4365822364458916 -0.25713879393651506 1.9766730440884643 0
0 0 2.4852876872985465 1.0177327805241008 1.970678904097173 0
0 0 0.9192818292907798 2.0896934224698054 1.0430156922416471 0
0 0 -2.8266238472467062 2.0411616059498083 1.9884022265241879 0
0 0 1.2338531136344226 0.654002871301008 1.953957462339003 0
0 0 -0.1581657992275134 1.239962309659006 1.9887805691324651 0
0 0 1.2001207487371435 2.128533398410942 0.5851089341736018 0
0 0 -0.12202418092303802 2.08867280643201 1.210082575759891 0
0 0 -2.1998225096276323 0.20465601393150068 0.42446051992206646 0
0 0 2.743882926907186 2.092142587688455 1.0859093940837456 0
0 0 1.0468454534188494 0.978462147497458 2.03445942979566 0
0 0 -2.8840122460486928 0.003094053670497865 0.43805093521602 0
0 0 2.4047519355714604 1.7930979586654414 1.994854284602616 0
0 0 2.9742993066424006 1.910954276073925 1.965615433816701 0
0 0 -1.5075955791294655 -0.5534028366753883 1.9996423557870704 0
0 0 1.225196343316803 -0.5641983148030776 0.8258313748224264 0
0 0 2.7666418193496094 2.0949240560654 1.1615366112583487 0
0 0 1.191570410155804 -0.09891704278756053 0.42829159325652755 0
0 0 -1.957118898742093 0.8993426808646237 0.45687526092561503 0
0 0 -0.08215570976429643 1.6041908620653487 1.978734724826347 0
0 0 -1.3899069388426046 2.098956250410426 1.5039579346898428 0
0 0 3.101909450726864 1.7537445073416305 1.9764163517693758 0
0 0 1.5323025419320118 -0.6431845277001424 1.2775813574411483 0
0 0 2.2903888228973006 0.715184258703025 0.48544282312057085 0
0 0 -2.8403801751239506 0.3300883844191087 1.9907891940622364 0
0 0 -0.8101860424740557 -0.6125061764981716 1.7689095890832265 0
0 0 2.86565400240983 1.6499703330722821 0.44259937029927754 0
0 0 -0.48932143973558606 -0.6407809155126023 0.417866234285318 0
0 0 0.32244052093501185 0.5817806644825299 1.962212645581597 0
0 0 -1.6555803590500595 -0.21555061964423516 0.4476537428621238 0
0 0 0.33334720046905053 -0.5786563586468938 0.41660946844400526 0
0 0 0.5441015510624916 2.046247800763884 1.9557823373994592 0
0 0 -2.0053657775633162 -0.5986763279088403 0.6918804820565645 0
0 0 -2.259709285500576 0.0900987869080605 2.035452054638047 0
0 0 -0.26399082709512456 2.1488371290300146 0.511796873248797 0
0 0 -0.20749091475266557 2.0951592602113096 1.1487285173912305 0
0 0 2.8239799037643536 0.665772042010859 1.9531033373557125 0
0 0 -1.8870656562556318 2.0761956757643447 1.2851913996981033 0
0 0 -3.0189327959774825 0.8441631652048993 1.9928054854845447 0
0 0 3.0893530693854157 1.505459613689297 0.4281114014740087 0
0 0 -2.8949871794636866 1.6051077268156175 2.0134961513676934 0
0 0 0.8932214742247764 1.942789601425581 0.4453629517051857 0
0 0 -1.3152498403634114 1.6337013741080322 2.008113590544891 0
0 0 0.039099445335913696 1.9040730679904676 1.9537772828029465 0
0 0 3.023867146947066 1.0032395771035456 0.46135124609173905 0
0 0 -0.31401355487710836 1.301883082431719 2.0181523282910545 0
0 0 -2.7630861166297067 -0.626975063724172 1.9356386987328211 0
0 0 2.8550870791624625 0.06329239081451221 0.4690510753696764 0
0 0 -0.48734403530200066 2.1473804325223327 0.8371521116889238 0
0 0 -2.080061251814627 2.064079938930732 1.7099610008889021 0
0 0 2.6240109452911726 1.2546342331682458 0.47679071739325674 0
0 0 -0.38881595138536174 1.214012953739217 0.48812911678665905 0
0 0 0.13994696188440736 -0.5644216489714011 1.6993537175832947 0
0 0 -2.958699935066638 -0.6486343316449519 1.092012626234606 0
0 0 2.619362190616541 2.1360408645305733 0.9492973095283512 0
0 0 -2.051881080122123 2.1110873131570296 0.4336985865580689 0
0 0 1.336925707162104 -0.6322896334640284 1.7151681109191024 0
0 0 -1.6413808349967494 1.2812852062725408 0.4956315595756374 0
0 0 0.2244360347715837 2.0883371468821603 0.8281220350520284 0
0 0 -2.241792719698987 -0.6165010151185224 1.5337688478928713 0
0 0 -1.7701517327295975 1.0870938265973795 2.0020530577714615 0
0 0 0.12375317638401606 -0.637357047168561 1.331786165455969 0
0 0 -2.17498230220107 1.6199231953763051 0.4527174737647932 0
0 0 2.101196985602857 1.0925686472519585 0.43579008680560316 0
0 0 1.5449798357173483 1.2062469076069238 0.4193888999990125 0
0 0 -3.0675251380264337 -0.630494153860357 1.3906125586575466 0
0 0 1.5572263205027639 -0.13991514887516743 1.961335185771314 0
0 0 0.09810882454602465 0.9464128849313378 0.4179126732191719 0
0 0 -2.3190850597475774 2.123227555153849 0.6007916373819062 0
0 0 2.087851010414748 -0.4958386063110982 1.9887243551105716 0
0 0 0.6922615097893661 1.1521653513866192 0.47810203476006985 0
0 0 1.5415316056080979 0.5966168665144762 2.004078492995649 0
0 0 0.4537242047441943 0.312615305011926 0.43544996432885597 0
0 0 0.6648711875200681 0.9233135537971242 1.9954680222145034 0
0 0 2.941747093156752 0.44220590023049955 0.42813362802134636 0
0 0 -1.2435251424173188 2.1382892975593215 1.8868824719335933 0
0 0 -2.011151868377724 0.13661568105617483 0.4056161072940251 0
0 0 1.2445941679239292 -0.5663038643306508 1.951658459515688 0
0 0 0.9935058475284197 0.9468844901672897 0.47954027592610127 0
0 0 -2.7544438197015375 1.1756640872702153 0.4996020968453676 0
0 0 -2.828893271654544 2.1355620861135076 0.8525025353387574 0
0 0 -3.075767581341759 -0.5798183412432683 0.9428704037247203 0
0 0 -1.3235593643083963 1.5355598760670126 0.49099988960192764 0
0 0 -1.610285592097162 -0.2584115184745299 0.41611319725685636 0
0 0 2.301798443477086 0.9724259851716157 0.45644530238810954 0
0 0 0.4947615290105367 -0.4763291833257728 0.4081668799579774 0
0 0 -2.0980399303808106 -0.6210993061104535 1.2418973074029989 0
0 0 2.1996745852521116 -0.5954684903346232 1.3840872753989921 0
0 0 -1.134476362713476 0.5750218024525107 2.0063439964271956 0
0 0 -1.7247053743026595 -0.044639657590953785 0.41337096406113194 0
0 0 -2.342356476678738 -0.5706258047490242 1.2432091173638993 0
0 0 1.0272991747579754 1.8934040976790063 1.9776786985928407 0
0 0 -1.8013957710269424 -0.648120427417642 1.8379295631467685 0
0 0 0.4168264361058909 0.16807850135918168 2.0376809536720435 0
0 0 -0.029193462520722413 2.0266200249505415 1.9630045135233438 0
0 0 -0.3861870398263436 1.2556981824773752 0.4177063885574983 0
0 0 1.2856417854330937 0.09342633279758805 0.44483285381555515 0
0 0 1.5005857295094227 1.9843480559815043 1.9947577572912474 0
0 0 -0.34655553824719076 -0.5507054980481569 1.4286213807096502 0
0 0 2.15011158551477 -0.6383299198468564 2.049804723463459 0
0 0 0.0813662223647671 2.1331844944757012 0.7212213005195914 0
0 0 1.2826510227600565 1.938798524126615 2.0095000804610157 0
0 0 -1.0423333979165714 0.8251703370468344 0.43723540129176486 0
0 0 -0.8473777633365494 -0.5906620552828448 1.109042948760468 0
0 0 -1.6737394717797287 0.14255680797757075 0.4231604958928954 0
0 0 1.1807604103856066 2.027438643114933 0.42955899465337777 0
0 0 -1.0634888773465607 2.0865230403585526 1.5108942840261057 0
0 0 -2.40459237979201 2.0651327365596512 0.8177313768561083 0
0 0 -0.9772170910494444 2.0846835579266614 1.4285797328444496 0
0 0 -2.525170556381766 -0.5518628493891224 0.927000535789854 0
0 0 2.0395355197747813 1.9091753835938594 1.9994773723233725 0
0 0 2.4866071878515887 -0.41076273295775434 0.4451719363518103 0
0 0 0.965651436421405 0.990871002970543 1.9834829818795718 0
0 0 2.875003221279937 1.7053281265051774 2.043920208898442 0
0 0 2.401112191962085 -0.6160360824104405 0.6953925516861041 0
0 0 1.008883929373381 2.0910007360495158 1.875798312745751 0
0 0 2.6733704817856445 -0.6471286863179724 1.3792231013245473 0
0 0 -2.8461617592922557 0.27294184793180176 1.9856770356714013 0
0 0 -0.4573987359185687 0.06532347413788808 0.47619274892662333 0
0 0 -2.8406879329109573 -0.3877258831750483 1.977339827095073 0
0 0 3.0886687014250045 0.381144135494924 1.986725319148225 0
0 0 2.983070837162674 1.786528463599666 0.4594692505816623 0
0 0 3.1339083494372852 0.8473670945625542 0.4554842826410861 0
0 0 1.7825360355661273 0.6009208961479684 2.0291248412033003 0
0 0 1.2828623352923998 2.0531400199785512 1.218997113318721 0
0 0 -1.974231224103206 2.135830626270358 1.8038849407736535 0
0 0 -2.3363868270605574 0.2491179473616969 0.4689729364596743 0
0 0 1.4982540364315389 -0.5876295135643121 1.7566793646158765 0
0 0 -3.1109695539475313 0.37211174826459736 0.45901539304032357 0
0 0 1.9601575499887218 0.7003424892795667 1.9958612681832033 0
0 0 -2.7909979765400603 -0.5988911463693631 1.9553772212103446 0
0 0 3.005051174246934 2.119424371697037 0.7353656440387586 0
0 0 -0.9594736795607188 2.134995295981554 0.9202641699624392 0
0 0 0.0014025220928077786 2.069598305544183 1.5332641519180001 0
0 0 1.6095002546507073 2.088780622152229 1.1244999178232291 0
0 0 -2.0445623963339736 0.7146771688223734 0.4338919635285444 0
0 0 0.8174857073583963 1.2624697953639357 1.9646620544424866 0
0 0 2.1520961831587364 1.0391301473095336 0.4791434514906008 0
0 0 1.210284033095669 0.7766900020908307 0.4909290592520793 0
0 0 0.1713675867488984 1.4395495583579767 2.039625071027176 0
0 0 -0.44726874526116944 1.3155704367332863 0.4198848315847158 0
0 0 2.2073478647790523 2.119925565509236 2.0411676833046553 0
0 0 -2.060656612893103 0.032333634122165056 0.4382867139651314 0
0 0 -0.7257576186073522 -0.173825060705596 0.4750958344214782 0
0 0 -0.8568555502541013 1.0540885104171065 0.44445326584664324 0
0 0 -1.972879092511996 1.8112217031591193 0.4233636942130622 0
0 0 2.330789715634652 -0.6352068275913292 0.5873507887257513 0
0 0 -2.4127864060274535 2.0769370415688138 0.8871236761261792 0
0 0 1.3807731253933513 0.9829602539627478 1.968167765008475 0
0 0 1.735902344754102 -0.5804640419923188 0.6569170608579653 0
0 0 0.8683427160799297 2.1236170115629918 0.42523311052634505 0
0 0 1.5504276819166742 0.5632369486730806 2.0488249184206935 0
0 0 -2.3744593815703396 -0.5884414453263032 1.2107588223567438 0
0 0 1.8916219533959762 1.854161062009487 2.01911260974709 0
0 0 -2.4799351159644676 1.9183486108677117 2.0399108920228164 0
0 0 2.293322347373307 0.33756618571402575 0.4366175164423205 0
0 0 2.0385157080516594 1.500533025694503 1.960254160771091 0
0 0 -2.3475140760006985 -0.6308117598299332 1.0392477291401947 0
0 0 -1.2687545724247908 -0.5599155347149147 1.6406586667265282 0
0 0 2.4893433537025915 2.118049948980219 1.6044723548866562 0
0 0 -0.7533462682563301 2.1169988447341948 1.974812170657092 0
0 0 0.28871165121876574 2.096859465121665 1.7341875243391904 0
0 0 3.139600693161979 -0.5892981291849904 1.9476602922197714 0
0 0 -1.7335614161471675 -0.3610002401353487 2.0152553190234768 0
0 0 -0.9312484897753737 2.1193674750213334 0.5016209027228357 0
0 0 -2.444520821680483 -0.6089915649983546 1.3351645378503019 0
0 0 -1.0033644356411484 2.055182560990255 1.9263203616536413 0
0 0 -1.6859289291531283 0.7602457489524275 0.4931574905216909 0
0 0 -2.69500201867995 2.0758857836197655 1.7832217422033567 0
0 0 1.9848552223386857 1.053557352510885 2.0467515575003477 0
0 0 -0.33063295363181533 2.135133853794379 1.926657421021798 0
0 0 -1.12534424834208 2.107463204545212 1.7781841799204832 0
0 0 -2.2385300909850354 2.1358053151024965 0.5787637930468861 0
0 0 -0.9598028774729608 0.6157440153144267 1.959676821329209 0
0 0 -0.2589358272016593 2.113353241655213 0.8748218903210875 0
0 0 -0.830736542670429 0.012616721660442476 0.475187969978085 0
0 0 -2.87201705601175 0.5496044253362773 0.41742301320864506 0
0 0 -1.2570326843087536 -0.02980457557467464 0.4881290899721479 0
0 0 -2.944797108097869 1.0309925943898959 0.4358186445647936 0
0 0 2.9893807341767316 2.020791754370535 1.9671994514843139 0
0 0 -0.7990485970078072 1.2713628389974356 0.4890217622341101 0
0 0 -0.05698790270367082 2.079707914195496 0.9232874664291107 0
0 0 -2.0100418807405243 2.071261539008839 1.9750966128095908 0
0 0 -2.2412276148853727 2.1130914284977047 1.0049655541655078 0
0 0 2.4633175532711737 0.587656642562141 0.4923345388077175 0
0 0 -2.626917926748214 -0.040400867998971024 0.42847844930148327 0
0 0 -3.137500456247467 -0.6051595968095684 1.6567229856811967 0
0 0 -2.2130346211059813 0.7978747438114777 0.4739063545068485 0
0 0 -1.9145535587981082 1.5631731493661747 1.95470259199134 0
0 0 0.3235276956016815 -0.6315306171650015 0.9575439650375027 0
0 0 -2.550805465184816 1.5016183538313068 0.45127692671357944 0
0 0 0.47116313228374285 0.22128192651772516 2.048455144829557 0
0 0 1.107016765579644 -0.06806785534671389 2.036721046591024 0
0 0 -2.213505220010936 1.3013142510751523 0.4520257525393898 0
0 0 -1.3421389644840542 0.7590848680697617 2.003229513847317 0
0 0 -0.5097720231563829 2.0608471561064956 1.5191903081748415 0
0 0 2.4158739489842107 -0.6462488713779104 0.9199923083361489 0
0 0 2.3608470791756924 0.972117918362339 1.9991829341151948 0
0 0 -1.352153082195695 1.7409894553596688 1.9612727147589757 0
0 0 -0.26596843065637676 1.5393454026750508 0.4698208092224978 0
0 0 -2.8018115123358274 0.3592064604418802 0.46504492506668826 0
0 0 -0.006962836524742944 2.1284928398018046 1.1810365502336424 0
0 0 2.1360168013042076 2.113738196542146 1.838361494906386 0
0 0 2.1883647822966443 1.8594510919988212 1.9830275536820894 0
0 0 -3.064922457652276 -0.27443938953888036 2.002862053710783 0
0 0 -3.087677716197282 -0.5773570977587326 1.1103565545124208 0
0 0 -1.3746161996170805 0.7693599894903034 2.0273868992028614 0
0 0 0.4206003289086029 2.06333822464669 1.9893832251962322 0
0 0 2.977451263394004 2.0814454744418383 1.4834253481025061 0
0 0 1.34666946475821 1.810814324798509 0.4739310811153591 0
0 0 0.08042106389139292 -0.5504501339769847 0.4287347355143758 0
0 0 0.49075462872931386 1.7907132948303726 2.0349911843714765 0
0 0 0.4138897150197578 -0.23080881807548614 1.9634638580852908 0
0 0 1.3050680634282514 -0.5679005946592721 0.7315715724616665 0
0 0 -1.8237801634068909 -0.648308374771847 1.901161149435121 0
0 0 1.6471971219390147 1.584745506187294 0.49659685719932856 0
0 0 2.0291829244649735 0.0643452710991278 2.0193005983786083 0
0 0 0.6175510430637337 2.0962107795001717 0.7778509894606636 0
0 0 1.0042393746778764 1.1365680453126925 1.9764659131822193 0
0 0 -1.8049452946673799 0.8204155560651656 2.024255298583305 0
0 0 2.2108906217974233 1.9128045739110953 0.4103090254517462 0
0 0 2.041169143515037 -0.6373506401806392 0.625715996026382 0
0 0 1.064696898883887 2.1417832342163488 0.9547395922010927 0
0 0 -1.4737577687388257 2.050578297856892 1.285040219371219 0
0 0 1.9735500876317476 1.6270997471576882 1.9600758445645745 0
0 0 0.30325496494832294 0.5852541102033666 0.44579952589166627 0
0 0 2.553745420115675 2.052949178370792 1.2687120390233588 0
0 0 2.6753006677504088 0.36448831275524185 2.04521839768123 0
0 0 -2.9782900617592882 -0.30107399509768795 0.4515299831211803 0
0 0 -2.4877355100288847 0.7581916630062684 1.9687257998638565 0
0 0 2.8950189115179104 -0.15629775219639086 0.4203022032851915 0
0 0 -1.9579337784887751 0.8550625836082586 1.9968011209525196 0
0 0 2.6580640473676223 2.133490377362576 1.2242739247398675 0
0 0 2.791538203981329 -0.6311496502043583 1.4347677986315783 0
0 0 0.829369731716934 2.0577652285277686 1.3610094734812477 0
0 0 0.12484044491934654 -0.5527034086103573 0.7654025460216334 0
0 0 0.10314848924910303 -0.17160191205918895 1.9825741378837374 0
0 0 0.5730161697151779 -0.20363358281554245 0.48882911743374935 0
0 0 2.571310053144317 -0.24120388936922466 2.0009509735867246 0
0 0 -1.9712477305082508 -0.6356726404275657 1.7623403408621006 0
0 0 -2.9054796977385355 2.1360083561465517 0.5163740129476247 0
0 0 -0.05388148076334387 -0.5643825933895155 1.6440727164588314 0
0 0 -0.2578717326873905 -0.3129680764363567 2.006420486085683 0
0 0 1.2660364439957705 0.9271492131636163 1.9916851813028413 0
0 0 0.9553186247309426 2.095904883977853 0.7425243410560485 0
0 0 -1.161918490503607 2.0611286957235975 1.9926298150828998 0
0 0 -2.8965231694670504 1.4820725025626438 0.43841473372300577 0
0 0 -0.28929171150385624 -0.5779782866594618 1.0037029116667795 0
0 0 -2.692644828255438 2.132030774406151 1.2947787826123325 0
0 0 0.27326873696251486 1.4562449648369296 0.4061968852277257 0
0 0 2.483828782782906 2.13354012446742 1.3996644706523242 0
0 0 1.2949291985532545 1.7920225110888357 0.5026958263186854 0
0 0 -1.0676978589371182 -0.3619965791306423 0.4210988571814748 0
0 0 -1.0267262807723552 0.63954081005324 0.4578657380346439 0
0 0 3.0155116759596075 0.9603409666285501 2.038397825954946 0
0 0 2.624908908769944 -0.6291949335545168 0.8656806960835272 0
0 0 1.5651766315082076 0.8338305249047984 0.49800975287839866 0
0 0 -1.594884764373485 -0.6001817009545047 0.8030210261600869 0
0 0 1.1433189691251489 -0.612696618878569 1.75890906057086 0
0 0 1.29670762333419 -0.5609338824119927 1.3986680571999814 0
0 0 1.5196007775288436 0.6303665099375502 0.41563753374877166 0
0 0 1.4438950173530731 2.0870292734312867 1.855868812019444 0
0 0 -2.519054349025952 1.0856389818845054 2.0363292868952305 0
0 0 2.2328009121757013 2.1054914309303063 1.8917676687859033 0
0 0 -1.6415052689191776 -0.5758320074896279 1.4598228025287767 0
0 0 2.08849668006032 0.599538800561731 2.041254638165683 0
0 0 -2.0036094578255463 -0.48678893633053466 1.9887846136558607 0
0 0 -0.3356278159338606 -0.6478503474347357 0.9469640932972483 0
0 0 1.677832885339206 -0.6101752195009578 0.9466063570675447 0
0 0 -0.10181707890845137 2.0917192985785684 1.9096882966757847 0
0 0 0.25632076225584477 -0.07588022503527125 0.4393749158281596 0
0 0 3.1310354859818466 0.549408284883705 0.4322555681679092 0
0 0 -1.6823113524898474 2.090158608259118 0.5286704579712239 0
0 0 1.606622213043221 -0.5899527188640123 1.9237163192794544 0
0 0 3.06012663651586 -0.39179517419795373 0.49154668565058934 0
0 0 2.187576953848592 1.1794675074886443 2.015152778701146 0
0 0 -1.6282722856687308 -0.6176755499780158 1.7973582652954916 0
0 0 1.7550066923442973 -0.5854915871710327 1.000028587413706 0
0 0 0.6615111243274856 1.5587150961311813 0.4632597866221351 0
0 0 1.592814368685091 2.0344576742308673 1.9852460667290197 0
0 0 -2.012405717485338 -0.42334063985278725 0.44095371223592594 0
0 0 0.3039161062075473 0.9042811858715565 0.40692655107925235 0
0 0 2.720961742744535 -0.526929579938662 1.9532868444690434 0
0 0 -2.5580678740636444 0.9276229340680529 1.966596250167547 0
0 0 -1.3573216509826282 2.0993518228966552 0.6608969709984936 0
0 0 -1.706195639704689 1.1385405791375642 0.40867839378846726 0
0 0 2.4060589150634364 1.0721235866293959 0.46887745948308523 0
0 0 -0.4690321481492843 -0.5830320284713366 0.8363469837466556 0
0 0 -2.294940684570305 1.9186941509290445 2.0423655142718973 0
0 0 0.7241400127477848 -0.2662931593550235 2.0250784429647153 0
0 0 -0.10042900530251453 -0.37624359983350164 0.4391592090892301 0
0 0 -1.1890015867900308 -0.33856579926181674 0.43386985490041985 0
0 0 3.0811610490904346 1.3193269859972387 0.4375136055479111 0
0 0 -0.22814887293622732 0.4839548872308894 0.41708514398688723 0
0 0 -2.8755868846793216 -0.42860592397722663 2.0146781294225438 0
0 0 -0.5559190815190784 1.2721423964742913 2.0368157852429833 0
0 0 -0.3215749982114722 0.6310892904488976 1.9714177004974394 0
0 0 -2.557162837531477 -0.5803427500422664 0.5758030546602881 0
0 0 2.2437285314524162 -0.624852442967107 1.4248230455859823 0
0 0 1.0539531610037605 -0.5537233747814745 0.9241931554744875 0
0 0 -1.8951920472772354 0.14325417216555514 0.48017393382402207 0
0 0 -1.4375628425666873 0.2521009650344491 2.045963932787138 0
0 0 2.4289016326714234 0.7729228989871681 0.45599928534034195 0
0 0 2.2958800169734115 0.33355548904816235 2.0485110093926613 0
0 0 -0.8335165664619013 0.3375071332117706 0.4130459112314293 0
0 0 2.041658616525379 -0.13350076430870916 0.49769614895238556 0
0 0 3.117138117100499 1.3295658831661383 0.47632760441888333 0
0 0 0.6543516485941989 -0.5796005010565657 1.272178146645817 0
0 0 -2.23203573345861 -0.5966449423489582 1.8711442945545484 0
0 0 2.00791833138135 2.1303605668253596 0.47708840868506663 0
0 0 1.5386233292589848 0.4928028827306825 2.0523920865580068 0
0 0 2.9068117540469336 0.4014322168050356 2.0408819637116182 0
0 0 -3.012415453618445 1.6908547536963778 0.40493930788437615 0
0 0 -0.9115635732524399 2.1040336333228935 0.9430900391931455 0
0 0 3.0870190778412425 -0.5547671954635531 1.7340022980936154 0
0 0 -0.2990779401349175 1.3620219194331942 1.960252443653232 0
0 0 0.49969969413555493 -0.34247056060086756 0.4975369686358846 0
0 0 -1.2596021494612222 -0.2939507157264716 0.4340601387546389 0
0 0 -2.3022518257687157 0.21404879695076529 0.46067148437488425 0
0 0 -0.7979506778204013 0.2122030162130587 2.042085325589185 0
0 0 1.7169813857399978 2.0500779741548296 1.9611173419293615 0
0 0 -1.2127565140929202 -0.5857042528865959 1.206444125900433 0
0 0 1.290338598185599 0.6278427215215141 0.49272143039584637 0
0 0 -2.877750236205445 0.8703271360692084 2.003610317377267 0
0 0 -0.03330244019140416 -0.5836316603788718 1.4853407431162633 0
0 0 -1.6173240012637142 1.39945502472406 0.40985614799326964 0
0 0 -1.7310159084950616 1.9691972429978095 0.43044802926982195 0
0 0 0.8614580098347169 -0.6330115038141193 1.842290210742604 0
0 0 -1.8649558092826932 0.01970266185886349 2.00293581773371 0
0 0 -1.631842075724138 -0.571100421100704 1.5762350084392251 0
0 0 -2.3999193256550857 2.0746703971603515 1.6638029196344217 0
0 0 1.2553604794946605 -0.5555609920081872 0.4224847129848913 0
0 0 0.3263437062511092 -0.5640447786049974 1.731946885927968 0
0 0 2.1076261777533185 -0.061082162476294055 0.4725849530332997 0
0 0 1.046951694155604 1.364913931392973 2.0114983166218807 0
0 0 -1.6342487767395348 0.056272952873825055 0.4479939780141202 0
0 0 1.8440375487045717 1.3992781882531444 0.4540277801344199 0
0 0 0.17905907763020368 2.115726261096456 1.64659614859785 0
0 0 1.816559143798269 -0.5964110790930697 1.4922399723059963 0
0 0 0.6511210605158597 2.1440790609197933 0.9271529040956185 0
0 0 -0.4010702836050033 -0.23522014564642468 2.046876574751684 0
0 0 1.2660485306946958 2.1306718325309584 0.6571101565194467 0
0 0 -0.7146564746344342 -0.551992894001055 1.0784705319568337 0
0 0 -1.8995716947562697 1.081600754541664 0.4258016370802815 0
0 0 -1.0238003456305909 -0.5628456179107022 2.044967174863686 0
0 0 2.6863619414263873 0.7106454875677539 2.038978136160956 0
0 0 2.606767897285727 1.8956145525775983 1.9530182006583319 0
0 0 -1.3651935628801721 0.6441653419367053 2.02258888394367 0
0 0 0.793021057971008 1.7499973486114124 0.4388817295899642 0
0 0 2.976683946246288 1.2288250294212348 0.41190448560468684 0
0 0 -2.021421415706844 0.8278632920547828 1.95435629038398 0
0 0 1.69359400289399 2.1235763730611783 1.4927712509942481 0
0 0 2.685201695444732 0.8822271522374907 0.457382880473574 0
0 0 -1.8822019281597673 0.9634535274004978 0.4333287883568775 0
0 0 2.3964842431654363 1.4891244288541607 0.46939484803280096 0
0 0 1.916989967081534 -0.540277312077009 1.9554142684661457 0
0 0 -2.6033961766545213 0.7111529106900469 1.9877810272778311 0
0 0 -1.3458394580873785 -0.19249226962771704 1.9720936716575492 0
0 0 1.3689354454549898 -0.63673750721203 1.15234294240021 0
0 0 0.35425071072824466 1.4832816671267188 1.9805991999286268 0
0 0 -0.9373148933618802 -0.5844705893341895 0.9873342544506031 0
0 0 -1.7456003584730553 -0.2676957757250058 0.47856597871208095 0
0 0 2.3504663805851145 2.137732508829041 0.4867232110717141 0
0 0 -0.13219826908274213 2.0376192465914817 0.4426140200550771 0
0 0 1.7322844683270855 2.1227947390226802 0.8601546794010749 0
0 0 -1.5715628149952383 -0.6179550585674598 1.6284150879952506 0
0 0 0.5195378935920587 1.0069878153144973 0.4604846906208593 0
0 0 1.061030789581495 2.0983490360607897 0.6709125740157462 0
0 0 1.3065123348243066 -0.00530391352934545 2.0036642334627572 0
0 0 1.926172793124108 2.063143836166219 0.5682143272607192 0
0 0 0.34549242392968793 -0.06077953411612902 1.9643007117883047 0
0 0 -0.7228533767246819 -0.34474572444287754 0.47844418604974415 0
0 0 1.030356289115704 2.0006587735764114 2.0324031682638486 0
0 0 1.3709264703766593 -0.2908822856347899 1.9898713927287217 0
0 0 2.863935130471595 1.612507982186237 0.42454358411862825 0
0 0 1.218067013979578 0.5292113794616269 1.976166665868639 0
0 0 -1.2561741662117754 2.065521471124324 1.0955494979214997 0
0 0 1.644338520144693 2.131880028270536 0.7017073413585482 0
0 0 0.9720971537679493 1.1244853502603447 0.4382110153882167 0
0 0 1.0848675887635721 -0.5773052881107299 1.5450293140485487 0
0 0 1.3745764347730134 0.4791127334226035 0.49606599399090257 0
0 0 1.6767726796760956 2.071233219405314 1.4372322032547888 0
0 0 -2.7165505654648867 2.0890854635100866 1.195141677586081 0
0 0 -3.092724707649527 0.19897131392332912 2.03507427980197 0
0 0 2.1409194831244562 1.8777918829762277 0.45727643171510635 0
0 0 -0.3839945930240778 1.0390425969649608 2.0090576926241672 0
0 0 2.467800463184453 2.060447919342064 0.9090437217244373 0
0 0 -1.5146160343464568 2.1225498807801033 1.8879902003853246 0
0 0 -2.6934132754779103 -0.5903989558423268 1.3907832201823818 0
0 0 1.8715451385158026 -0.27050949140222436 0.44026056833741567 0
0 0 -1.247041611404832 0.7174598773745271 0.48246814778067015 0
0 0 -0.6916528201412291 0.06373861856905128 2.0096844199929746 0
0 0 1.6179549047444768 1.6712357547152414 0.47369099019721006 0
0 0 -2.3621672475638897 -0.5833499879447963 0.6149819198010866 0
0 0 -0.9393648514986488 1.5193289110846655 2.0011690486957314 0
0 0 0.3229312657233807 1.6494082157056196 1.9842772764859697 0
0 0 2.868512591607584 0.7857025399028159 1.9650933778223978 0
0 0 2.994562243915155 -0.510963503985232 0.5023381718218335 0
0 0 0.18726300432295462 0.9173457399058049 1.9748685697621218 0
0 0 2.838640158334905 -0.5622747337798177 0.7034844535486044 0
0 0 -0.8282455261427164 0.9238765613820077 1.9903460701131066 0
0 0 -0.1293552630695447 0.21768192413976895 1.974814245110207 0
0 0 2.886200214906567 1.1625758680445817 1.9895872180092855 0
0 0 2.2130626938028817 1.6219473767414672 0.40583258893587204 0
0 0 0.25716170873835154 2.0227974344810162 2.0294261124986686 0
0 0 -2.50307744846811 -0.43819483636790935 0.49887732118445494 0
0 0 3.1012895870128405 2.0886321482667354 1.9043549320674529 0
0 0 1.1525287721474164 -0.5987121052102513 0.714670161885725 0
0 0 0.9741243412074443 -0.6226209225371766 1.8510965119128864 0
0 0 -2.9026072850221807 0.45398786524311996 2.0469396591376 0
0 0 2.703359250567737 0.798426420772002 2.013876872741473 0
0 0 2.5983463401035385 1.830328361177463 0.45250140795716065 0
0 0 -0.9786505896951647 -0.07276002289417849 2.0136840278343007 0
0 0 -1.8079699782242118 1.05184201511337 0.4386991981422804 0
0 0 2.830176147722903 0.112576838819192 0.4232866399432037 0
0 0 1.3000199479884067 2.1376097199509805 1.0898373205015357 0
0 0 3.127640226072442 -0.5661001856029964 0.5525436163733908 0
0 0 0.0090378169467491 -0.24609659652102 0.4790769869778648 0
0 0 -1.4057251164001274 1.8028886109048547 0.4922784031316285 0
0 0 -2.0917471757150907 1.589956053610657 2.0047307825466083 0
0 0 -1.742631686499055 -0.5796400953837793 1.3099724619681412 0
0 0 -0.5447734607159798 -0.5986857334857312 1.3882745026659782 0
0 0 2.20516239293116 1.7584388165317464 1.985563507281337 0
0 0 -1.3672004791456358 1.1416998878777491 2.0352466018315685 0
0 0 -1.0282290715126754 -0.5641644914293691 0.5420911244307292 0
0 0 0.14367004669264416 1.5960529364666802 2.0453165468400982 0
0 0 -2.5699995060343133 0.22858421708337262 2.0460393083118733 0
0 0 -1.86363887708529 2.0779585655558614 0.9886845201512051 0
0 0 0.7662600575741045 1.7409150413108587 2.0447549738845563 0
0 0 -2.488950857978006 -0.05325393254699784 0.4816164164614911 0
0 0 -3.1084058397606413 0.5596997491385016 1.958837934677263 0
0 0 -1.0994923979322837 2.114838576553348 1.5963972718916946 0
0 0 0.15374817757127612 2.0515766286904435 0.7213257385516739 0
0 0 0.966040225041807 1.0176283985080778 0.41702068031623807 0
0 0 0.014262546348442928 -0.5326517741324477 2.039962238191605 0
0 0 -2.181605785433754 2.1216363120229755 1.4353028812014943 0
0 0 -2.701493534981117 0.20448439828485854 2.0524101673392434 0
0 0 1.172269298156289 -0.5999305098827992 0.9824003345893895 0
0 0 1.0815946487046686 0.2505363174468511 0.5004112368121449 0
0 0 1.1341959431110133 2.146690364010415 0.9662567694317494 0
0 0 1.0547811727565213 2.149321183747964 1.0906649130413397 0
0 0 0.3026454399288081 1.276245941975484 2.0289004792884997 0
0 0 2.49569300430013 0.617449606405774 0.4411270972292387 0
0 0 -2.323346342414073 -0.6323664833903289 1.0537012779363877 0
0 0 1.289636100644703 2.1222740956838373 2.021042393049353 0
0 0 2.2581068266157445 2.101373244662475 0.9022990866922083 0
0 0 -2.48894876316652 -0.5975072299384243 0.5084682269727209 0
0 0 -1.3451919723930865 2.147991313098026 1.7706434065761816 0
0 0 -2.782054249256762 -0.47336440628277043 2.0249969895290487 0
0 0 3.011692902574495 -0.1789536066573132 0.48896239070384917 0
0 0 -1.311181085697791 2.0896138748863797 0.62110287248068 0
0 0 -1.8485133871896522 0.11940072265328339 0.476259363978923 0
0 0 -0.272914772501748 0.5988360155620083 0.48685716923387157 0
0 0 -1.337514861549792 -0.6469971867277651 1.3655750612264796 0
0 0 2.7727595288374305 0.6742290444098513 0.4031054975920021 0
0 0 -0.5333051504930286 1.7908701722779174 0.45565220630997727 0
0 0 -1.5388833890146976 -0.641782104065463 0.6280247586257179 0
0 0 0.4158029760663977 2.148914409761889 1.8642632255645792 0
0 0 0.6705737112213943 0.7807969951098745 0.4276770754457524 0
0 0 -2.98074081501274 0.35229897784037256 2.0482426225869768 0
0 0 -2.599661361284884 0.6677720288074123 2.004974400093445 0
0 0 -1.1334606141640298 2.1149734767716146 1.9915254736792012 0
0 0 -1.4591398903061634 0.7965029056658492 0.48712191291536033 0
0 0 -1.3995618188614374 -0.579423243681672 1.666643190838454 0
0 0 -3.1235177657276982 2.1050364294388766 0.506682005780503 0
0 0 -1.690832767358017 0.5301655125127791 0.453892607331981 0
0 0 2.6895049683635204 1.084515689968101 2.0208078849112754 0
0 0 -3.0747694963149064 2.1363070424147015 1.3382154319924102 0
0 0 -2.7408915262190905 1.9429895699992972 2.0193547023928384 0
0 0 2.3830931746504627 -0.5520989369334837 1.6183285458269234 0
0 0 0.8768211834875475 1.9292439663504626 0.46253342095537264 0
0 0 1.048978828419103 1.9458142443903135 2.010222958233914 0
0 0 0.8445729142580882 -0.639864223236599 1.357037624812917 0
0 0 0.22850650268525952 -0.5558544682876323 0.9992271075676291 0
0 0 -0.020548804235833273 -0.43733740397965737 0.4440002285335486 0
0 0 0.2776318509859661 2.058819361693044 1.3694174857323238 0
0 0 2.7195224423827034 1.657662977530806 0.4346835776579372 0
0 0 -1.1930014115156382 -0.5012166511076905 0.418962930914595 0
0 0 -0.3053222371626876 -0.38645480638630847 2.023827913540798 0
0 0 0.6221326173276815 2.072184087642438 1.2323071876298255 0
0 0 1.4357877922243718 -0.5836447718503921 1.9667236023188808 0
0 0 0.7436976115849592 1.8035931259038358 0.4213413690204415 0
0 0 0.32721749815914647 0.47218207396124545 1.978875156281196 0
0 0 -0.8562944769787229 -0.5837213905226788 2.0365480593770275 0
0 0 2.551831837071367 1.735410825510422 0.4334972062696476 0
0 0 -1.1281742561254364 0.501048764783369 0.48589285499520873 0
0 0 -0.686017946293846 -0.16473955658398576 2.0343890438256125 0
0 0 -1.8608933658562663 -0.5971768311936734 2.047202492288273 0
0 0 -2.0163925151132145 2.1373179895652514 1.993357142167558 0
0 0 -1.221237729014033 -0.6482383240892762 0.7107429716484308 0
0 0 -2.9150920030278535 -0.6046520686757813 0.9976037856846429 0
0 0 -1.9703343267072368 2.119966794534013 0.7392860644569097 0
0 0 -0.8115000590738912 0.2524487318525078 2.0413159932530847 0
0 0 2.2138870894227356 -0.5626554475581578 0.9977589782148516 0
0 0 0.6449633548431919 -0.6481602095007366 1.3793578184503237 0
0 0 -2.0716430025684094 -0.649991697062517 1.6482508982055128 0
0 0 2.814779936739786 0.8402324507257766 0.4865060970799844 0
0 0 -0.6512561175246483 2.1086611039053476 1.2735888479041557 0
0 0 1.7682263926033581 2.0642609266973304 0.8205753899810235 0
0 0 1.7020175473272747 2.1401751576591375 1.5161639399484999 0
0 0 1.656424943004807 2.072895557312597 1.144166479300163 0
0 0 -2.534461412593257 -0.2303548626169878 1.9598198170667414 0
0 0 -0.8306499428823186 2.069897997213585 0.9494459279732962 0
0 0 -1.2580451289780388 0.04346252866841416 0.47753545398339703 0
0 0 1.3642802586423226 -0.6038711144527589 1.0554417391568562 0
0 0 1.8844871795283211 1.2428865459184553 0.4669211851360774 0
0 0 -1.8834141101718134 -0.26900152046542614 0.43835447470476463 0
0 0 -1.3454602152577584 -0.5969315748259558 1.086141317329533 0
0 0 -0.9163552643311563 -0.6425973805691041 1.3987943262955191 0
0 0 -0.8803560798326044 2.0871452554668997 1.6245023805619692 0
0 0 0.8323246251446843 1.786081814870472 0.46665351642584807 0
0 0 -1.114208121167831 1.042816872760472 0.47491110136118253 0
0 0 -0.7362915944541975 1.9137277136844253 0.4681977011163636 0
0 0 0.8718577875002866 0.8736287229097888 2.0165620974312217 0
0 0 2.4732860224537427 -0.63167188180049 0.6245281843322719 0
0 0 -2.0758627107288197 1.1404752424698057 0.40821111632670504 0
0 0 3.011934940678195 1.321074156081331 0.41360301648251285 0
0 0 -0.8911161557283234 -0.6457703375933674 1.363409740602365 0
0 0 -0.7028264158864239 2.0568957669427617 1.7481579991865592 0
0 0 2.6278741950877924 1.8470250968636022 0.44207774461272076 0
0 0 -0.8489732437891337 1.2386433992894463 2.029277773810534 0
0 0 -0.5864038010278572 0.06801349726635753 2.01405040343184 0
0 0 3.008954079359868 -0.27682707795846984 1.969784034416774 0
0 0 1.6571572025308878 0.6937209734766274 2.031148673939439 0
0 0 1.487765598376142 0.5633263176998959 0.45107200766388533 0
0 0 -1.9381190993457793 0.13268277828317065 0.4880386164248972 0
0 0 -0.6766742149206597 0.36735732235828045 2.0030231284640827 0
0 0 -1.8252356671064836 1.1657172409955479 2.0234891276857105 0
0 0 2.1114053071107994 -0.5647402514429092 1.7813318277837134 0
0 0 -0.8841045733981354 2.079533980849501 0.5768758899568143 0
0 0 0.07622453557991715 0.44219294399030573 1.9763458240518181 0
0 0 2.370238224807591 1.394552638097445 1.9860036884226901 0
0 0 2.5741477717888133 0.27916159127103857 0.4450592208854216 0
0 0 1.605347643396577 2.075585534372162 1.1437349999676683 0
0 0 -2.946451075519345 -0.6141212843159614 2.0067158653427652 0
0 0 -1.3462407067508326 0.4807051656839392 1.9805236509766448 0
0 0 -3.018939559566914 1.7084256462682432 1.9710151978168 0
0 0 0.7441065792910444 1.072011644090655 0.47330076684897604 0
0 0 -2.727517010459565 2.1484171639031446 0.7280790710507881 0
0 0 2.6217842982377855 1.5246663449070506 2.023820200993087 0
0 0 -0.5549443413142701 -0.5761343317745127 0.7393062238345396 0
0 0 1.296638948391574 -0.1838433638274235 2.0262278132844265 0
0 0 -1.1903370307075316 -0.3264095975078454 1.977598411562846 0
0 0 -1.7450843311812556 -0.578108195520147 1.8400217220821882 0
0 0 -1.422917019479546 1.404333347925036 2.0010510995939192 0
0 0 1.6255136478887557 -0.5065174650265938 0.4506379956964297 0
0 0 0.4798641118106044 -0.5724050758477717 0.41729732071859327 0
0 0 -0.8066627284077348 -0.5707171445071317 0.9391765485215082 0
0 0 2.6586010954343813 0.7282368924613962 0.4280173503002136 0
0 0 -2.472100951078004 -0.5724547384056198 1.8974713759358177 0
0 0 0.8839324772849224 1.185667240267525 0.4443141832095737 0
0 0 1.792798301854294 -0.55446588253468 1.5888483377635927 0
0 0 -0.3074903142681107 2.0811741868834943 2.0335006608438797 0
0 0 1.9441975331677792 -0.5653958471565119 0.5256629521141878 0
0 0 0.5970638696938408 2.09776711660777 0.7812620062990754 0
0 0 2.560528368914037 2.09346572814817 0.4544233703563836 0
0 0 -0.9978355551290181 -0.07294041261400908 1.9795849921480193 0
0 0 1.0682163158053068 0.750853585050018 0.45779979991993447 0
0 0 -2.73427521828079 -0.5831436539804349 0.9071205735136717 0
0 0 1.4357221773448519 -0.3917072896737277 0.4122221616376286 0
0 0 -0.6531308018450637 -0.5519631661416453 0.5972277653222932 0
0 0 -0.6271812437550568 -0.5962147127134252 1.5099994510772536 0
0 0 1.2582798262840447 -0.5671160966967397 0.9640128870158821 0
0 0 -0.8258470041644155 0.863626365954125 0.4385340668339448 0
0 0 -1.0369245663495756 -0.5763747898686595 1.5815973268107641 0
0 0 1.48774721849629 2.1047798995051314 1.945871299382901 0
0 0 1.41321710890288 1.052918902641832 1.991862023354882 0
0 0 -0.3129608375516071 0.353643132496544 0.4837476853096957 0
0 0 -1.9231578967429432 2.074960397313881 1.3844167117464932 0
0 0 -2.2453447862553277 0.2124529936596804 1.9997859130706541 0
0 0 0.4728762862495075 0.6266247425182354 0.4327270686633248 0
0 0 0.05902427110652786 -0.4582629650253658 2.0274196182755126 0
0 0 0.1989302759904903 0.36928132879447595 0.47934594211198744 0
0 0 -0.6426888406385567 -0.6370651499397468 1.6037236995829434 0
0 0 -0.30318076311788955 -0.6274884533761782 1.7566436633173694 0
0 0 2.8056887601488 -0.6269026874878363 0.5455512164030393 0
0 0 -0.3129333046902878 -0.6455121014633289 1.2828514213268651 0
0 0 2.2356238326426148 2.0858609132505332 1.99103825004156 0
0 0 1.178176111689715 -0.2654570806462395 0.4351376318577962 0
0 0 -2.436381438094928 -0.03770572005165129 1.9742241683792403 0
0 0 2.962955746629957 0.06623348807672236 1.9973436792987185 0
0 0 -2.702083393461048 -0.03258258136787229 0.4037603693858359 0
0 0 -1.395884408792693 2.1014408541965635 1.7562682540595205 0
0 0 -1.3055403958892886 0.8730474051451256 1.9998113522684013 0
0 0 0.9704665387467388 0.735066336481845 0.45889327697189175 0
0 0 -0.86218840082645 -0.4704598600546954 0.42184468373107764 0
0 0 -1.9446156352330617 -0.24956081323933654 1.9687537456659336 0
0 0 -0.7773155803620404 2.082161772565505 1.6601361714361083 0
0 0 -1.6424489175358234 2.11725389346274 0.6604315648063462 0
0 0 -1.7820512778670334 0.6501343940430933 1.9648346448613854 0
0 0 2.736899919660848 2.1029496533825127 1.5572219374854133 0
0 0 3.017995378678079 0.887924037709269 2.038602667497647 0
0 0 -0.7902436562731827 1.2920184946305369 2.0413378159596602 0
0 0 0.23080382250379206 1.7758875542399106 2.0442126060407597 0
0 0 2.483731319721299 -0.6059174141942223 1.8547061008642458 0
0 0 0.4663529571029694 1.2007913434078672 1.95734290921063 0
0 0 -1.547787170773294 0.34367577426048357 0.43312534229053323 0
0 0 -1.20086463077548 0.6458135004231977 0.41744751582796347 0
0 0 -0.5627215023992762 2.14341449071431 1.6035320906707196 0
0 0 0.8860743681960317 0.5520707384691395 0.403056074103716 0
0 0 -0.8709621044456743 1.6386037662141473 0.4462112567242197 0
0 0 -0.5929733005636395 -0.2749616852586574 2.0022962203033385 0
0 0 -2.275360044024374 -0.6332175212077102 1.1484431694671418 0
0 0 -1.3160034119635757 0.5152518746372048 2.0273939249252773 0
0 0 2.7824444150908842 -0.6041799909114485 2.029506565416073 0
0 0 -0.9015124501411389 2.0866315492014387 1.980498346537182 0
0 0 2.0660999478944655 -0.6006044325292703 1.0481253937136585 0
0 0 -1.979133206752682 -0.26216696887863566 2.008362267867073 0
0 0 -0.16170292609778913 0.8470206032848706 0.4394557537117664 0
0 0 -2.5494780108969177 0.05831778639215679 2.034073610279595 0
0 0 -1.1478537781678486 0.30858133774727337 2.0039794935958453 0
0 0 -1.3864662918553352 1.7300433096826693 2.0161349374433013 0
0 0 0.43466382981257157 -0.5794865074348259 1.5090870639550393 0
0 0 2.214824679373944 -0.6239537783267577 1.0683703378244913 0
0 0 2.5742766383070066 -0.13189744851129392 2.0139322097715957 0
0 0 0.2806728927926545 2.1001177993313735 1.1128704377819314 0
0 0 -0.9647390778507043 0.8008872055993457 0.4382507947216453 0
0 0 2.259073941391379 -0.5895194167046136 1.7381186941177094 0
0 0 -2.757119624734894 1.9844089295223484 0.413552183213158 0
0 0 2.748310670601783 1.3226317863788548 1.9849893481256635 0
0 0 -2.878740840126456 1.4452742611266016 1.9571192002251276 0
0 0 -1.8198722269436143 -0.6372157398597165 1.966576562805496 0
0 0 1.1251911421404541 1.3242120949588343 0.4129115240021419 0
0 0 2.8681130203469456 -0.5853805116327733 0.8572124905854561 0
0 0 -2.094652850373331 1.0895730500924201 0.40916179586736023 0
0 0 -1.1927264251471335 2.0680647499058824 1.7401084988157496 0
0 0 -2.058791110650958 -0.06382162726670337 0.4189092988400078 0
0 0 -0.5718981068312963 1.6504887788523874 2.0053768322805157 0
0 0 -0.16261349659195856 2.1148551010943395 1.3032153471328953 0
0 0 2.567701341698104 0.5921345815707026 2.01728702677889 0
0 0 -0.370809412230066 2.081710172533035 1.5798365893320554 0
0 0 -2.4753248079681525 -0.018954487500332795 0.4146233252209479 0
0 0 -2.437597245734084 0.7990952843070722 1.9913514936079921 0
0 0 -1.6390850404232107 -0.29370995236010256 2.0142283282286852 0
0 0 -1.1326313978832343 2.0905392546348005 0.5625674797670688 0
0 0 0.7238695259026269 0.1304446461054024 1.9755764846487631 0
0 0 -2.8686204595004767 2.0611070830077693 1.8581701395601915 0
0 0 2.2701359116373254 1.3748248701210872 1.9826705465813754 0
0 0 2.5146098241530703 -0.10684442904280822 2.028999683011463 0
0 0 -1.0769292474201047 0.06516402906406149 1.9653243914116745 0
0 0 -2.8186190186448545 -0.5625505120157226 0.46940729869244313 0
0 0 -3.057297586170096 -0.09607085731094434 0.4543220935344823 0
0 0 0.5895538617057245 2.057861130524622 1.8540443455905 0
0 0 0.8175101909683677 2.1082471382998924 1.411351174120522 0
0 0 -1.4347490362341246 2.0780971969842126 0.4536651724903946 0
0 0 0.284310116912625 2.054690395392549 0.7167695787459519 0
0 0 0.045798153816723364 -0.011431293463280978 0.422642779858043 0
0 0 -2.0416124588254414 -0.0773478739280603 1.9882935693071095 0
0 0 -1.3796384001196802 1.061657477538271 0.4387843321613032 0
0 0 1.8279307084357486 -0.5247881330469417 0.42170522675803856 0
0 0 2.2105465687862775 -0.35558056929967785 1.963998069217033 0
0 0 -2.3063399552207624 -0.2215201712138728 2.037095886080642 0
0 0 0.7400451481681123 0.547072155424621 0.4970071530820782 0
0 0 0.19227356750814195 1.3843892095539447 2.046849982328816 0
0 0 -2.5308171044104366 2.1030159952451823 1.5411473866932672 0
0 0 0.05284802325423321 -0.6279886362985119 1.9574671081460948 0
0 0 0.10654638979221742 -0.413845022340976 0.4534775311624353 0
0 0 -1.724723378234047 1.206071681436063 0.46628250304252816 0
0 0 1.51245810601774 0.35460856454683387 0.4042463481948423 0
0 0 -3.0328104392012527 -0.14724037524584532 2.0018772079428833 0
0 0 -0.09398951446265036 2.011048026562591 2.0024399636892443 0
0 0 0.1463437779360368 1.8656744089805104 2.0229662811597953 0
0 0 0.6636662849203807 -0.6379095243532151 0.8631613097643958 0
0 0 -1.5471627808939206 0.3206484333552112 0.41219883624051223 0
0 0 -0.6728116079262572 1.1727919244449985 0.4885914576437457 0
0 0 0.4112667134607988 1.2956912029695185 0.42300842696360497 0
0 0 0.7500343399845155 0.9918376289430701 0.49215943506878335 0
0 0 -0.8469307284453778 1.3795274966589057 0.43606608060610397 0
0 0 2.820885755309101 2.140960900919302 1.9160060086762565 0
0 0 -2.48348268091416 1.6939636161433642 1.9709365192301858 0
0 0 -0.29471971176717116 1.2901219239371962 2.0425813234188754 0
0 0 -2.629266033155694 2.118394637393525 0.6942973465425593 0
0 0 2.2898164534032057 0.1784878755811321 2.036694216936528 0
0 0 0.06413980382817686 -0.5916224798084027 1.7082929320986668 0
0 0 2.2065690165191434 -0.6130705160223777 0.5373693704890272 0
0 0 3.015228405200201 -0.6042869733665475 1.3784382021591624 0
0 0 0.8827071431086262 1.7679096139912585 1.972539236014922 0
0 0 1.1652622151336969 2.042794291077157 1.9699607099254648 0
0 0 -2.143616428099689 0.9675794003527483 0.41552628481828724 0
0 0 -2.4702529954530714 -0.19237746998502736 2.0208888323563006 0
0 0 1.5890279878291116 2.136577309366184 1.3407754627614272 0
0 0 -2.5356366565110875 1.718646168478528 2.0308466772749747 0
0 0 2.2962612369717172 1.312236482909045 2.030493180474847 0
0 0 2.7284246039209235 1.1366502330541075 2.0495054701587154 0
0 0 -1.8424470820965317 -0.17019792351630247 1.9921564425677005 0
0 0 -2.5790106069555963 2.0634885560469227 1.1289311779748843 0
0 0 2.743745093484269 0.29909396636528285 1.9580920265815176 0
0 0 1.1680216765623204 -0.2730080877867207 1.991483384485384 0
0 0 -0.6722832115000714 -0.5843637958879158 0.6358927312051589 0
0 0 0.8684335305426165 -0.6283857763508098 1.5243594662466897 0
0 0 2.1724626828502487 0.5768059687526805 1.9872367250445722 0
0 0 -1.206853880925892 0.2672585315508935 2.003918909691521 0
0 0 -2.667833815159026 1.637111916294293 0.47569660126685265 0
0 0 -1.6148070263890923 2.071073729391202 0.8658731337755399 0
0 0 0.18721433345951022 -0.6362946396466955 0.8992219146379361 0
0 0 1.3299203312289167 -0.5711523093636766 0.7096909259903192 0
0 0 -0.2872537218422644 -0.5989617837860166 0.4463755867480743 0
0 0 2.9287473568502502 2.0080701335676636 2.0294591833741906 0
0 0 -1.0121881257221563 -0.14750995053383964 0.4974345612629276 0
0 0 -0.8767201338092501 0.7698400667342977 1.9736503619523171 0
0 0 0.09072236179280146 -0.6342243135699313 0.7350058812754303 0
0 0 1.9409423731703201 0.1958960643996498 0.5017004928269251 0
0 0 -2.7976274545196786 0.9668783546454556 1.9897398046914427 0
0 0 -2.5124507098906297 2.119660278267773 0.9522808807617142 0
0 0 -0.17255194215455338 2.0809578093646453 1.537862956738512 0
0 0 -2.855515366375119 -0.6433881602019986 1.146782690052428 0
0 0 2.8295998957576654 -0.6045806021314653 1.785769547487207 0
0 0 -1.1227285329973546 2.1322469434357574 0.581434973065202 0
0 0 2.0542051220989688 -0.6045919158742754 0.9073581691398228 0
0 0 0.7859241543323416 1.4848706618418699 0.4845655583971157 0
0 0 2.383896455218114 1.609026893028872 0.4931771555810893 0
0 0 1.586728223334208 -0.46024239791492993 0.47131620357203774 0
0 0 0.592181067596059 2.0737369031703707 1.388022069517152 0
0 0 0.16930161883785955 1.3588864170023296 0.46499908169280957 0
0 0 2.740739444805235 -0.25208126906260064 0.4561204448498066 0
0 0 -0.4937819189054764 -0.5892694603510404 1.4703786680778725 0
0 0 1.3980938328368326 -0.24528951587156445 1.963116406644934 0
0 0 -2.685769272050685 0.22677535214271882 0.46387349309696435 0
0 0 -2.934489181475431 2.1115677776885757 1.1660721602220403 0
0 0 -2.22809763558125 -0.1934055678994786 0.42731162043862825 0
0 0 -2.8494058146595265 2.1451359989022536 0.4954074384336369 0
0 0 -0.5511720349329718 1.429669341796097 0.42017931039055667 0
0 0 0.9266910083802005 -0.5059310254323437 1.955203542336852 0
0 0 -0.8219177127649981 -0.5519414074592246 0.45422157128523255 0
0 0 -1.839618682423909 0.8509966481830755 0.4083259984509374 0
0 0 -1.936210913681293 -0.39426911242710716 1.9852842858268045 0
0 0 2.6898142143114256 1.8406415475075517 1.9609145688204825 0
0 0 -1.1381323715316127 0.1421041621751019 2.0336455130785787 0
0 0 -2.2080105947165762 2.119275663647624 1.1665691372859464 0
0 0 1.378096296746846 1.5914823190121743 1.9634814884001073 0
0 0 -2.0116469309702656 -0.5927233126206604 0.7687529703207208 0
0 0 0.4933141676651629 0.3307832890565938 1.9561809984665637 0
0 0 -1.5030698580813455 -0.5931145582818484 1.0672895576471317 0
0 0 0.06102158647456202 1.4740751924612019 0.4960613514267288 0
0 0 2.948128595473859 -0.1913112123237789 1.9924816821866393 0
0 0 1.4906513894880975 -0.6144468192064283 1.195670268711147 0
0 0 0.9180602132919731 1.7404478670937922 0.40370469302069656 0
0 0 -2.732190078277837 0.008005882028299771 0.45451491394562915 0
0 0 -1.5192039533870574 -0.5834461232923775 1.5493687099967388 0
0 0 -2.9077309856212215 -0.17436684044395 0.4424796136226201 0
0 0 2.6221917121692426 1.0401518911871408 2.019784400546138 0
0 0 -2.4352547364732127 -0.5647302822380775 1.0480540059278987 0
0 0 0.5846185466673668 -0.38859904535294176 0.4432143915787672 0
0 0 -0.4924313463649854 -0.07205945946857217 0.5021766900889956 0
0 0 1.8696724201765749 1.389688018626049 2.018197652126853 0
0 0 2.3347525180223814 1.401036163826358 2.0222445828929323 0
0 0 -0.5852387155984338 -0.42135933665449854 0.43654668520587514 0
0 0 2.576336391508426 0.3580997814608471 0.4176052555613019 0
0 0 0.49232021761466527 2.058546689475194 1.0439241951698641 0
0 0 -1.0005712858066786 1.5774806763736822 2.0488848212989446 0
0 0 -1.3199778851460915 2.148441843679385 1.1430909766968742 0
0 0 3.1167746952775754 1.6036116340115651 2.038649903015184 0
0 0 1.2980724196876716 -0.5963548485469827 1.4539163790490457 0
0 0 -2.5027854439178348 2.148116502068202 1.3557055418620534 0
0 0 -2.8989344161333612 2.1239007396608542 1.8732664303748707 0
0 0 0.0914844494577971 -0.07373511265346244 0.4135236959787879 0
0 0 -2.5012524267731173 2.1352702837564443 1.9340500416590285 0
0 0 0.15816883726733355 -0.5950226034602795 0.6308828506750581 0
0 0 0.23730293166257832 0.3523969577985727 0.4485428770491595 0
0 0 -0.2983414719214976 1.4393537021007168 2.015301083056896 0
0 0 -2.4660374640880987 -0.005085732795356401 0.4818589240927297 0
0 0 0.06732389996497812 -0.572891830038363 1.4904955261119994 0
0 0 -1.3081672344752335 1.563603430057414 1.9765673354749682 0
0 0 1.8518111266475783 -0.07943198904300419 2.0390503244438554 0
0 0 -2.1037179266320916 0.14500011928639034 1.9964297935688813 0
0 0 1.8309525822411468 -0.5954026261532204 1.4427731961250367 0
0 0 2.2867626857498617 1.948185797193173 2.013700931181021 0
0 0 0.8813574733045346 0.06059824425696303 0.48574536312974714 0
0 0 2.4995660632337895 -0.641250777738487 1.8413878983183287 0
0 0 1.670298065313239 0.25404213877651405 2.024041203528418 0
0 0 1.3666522551134523 -0.27545968143537913 1.9770719783458945 0
0 0 -0.39939579026292416 1.4917018191265978 2.025015988843366 0
0 0 -2.188881164452503 0.6915749157966005 0.46871965587473885 0
0 0 2.2733351711596477 2.0951534456379433 1.3661353430662295 0
0 0 2.303516555721531 0.42744771145823446 2.052504462916908 0
0 0 0.7122613568512359 0.4121923034972701 0.4277520706380491 0
0 0 -1.3981730155969891 1.9834744234300514 0.4608122281048155 0
0 0 2.3883628070989147 -0.646329402042279 1.0159598300081556 0
0 0 -1.7573641631199495 1.334935889232299 0.41258601866642663 0
0 0 2.03462724196313 1.5214605768755687 2.0444669934134154 0
0 0 0.8246744192277733 2.0961031012802547 1.3432866655366515 0
0 0 2.804045442397036 2.0933776741480514 0.8845939643212056 0
0 0 1.0773220803103083 0.3035313412468914 0.43443078432857685 0
0 0 2.5180856848102113 -0.6109522325362939 2.031117033902021 0
0 0 -2.52580709280802 0.2796135892845174 2.001455880754375 0
0 0 -2.227446776243626 0.2719745064479977 2.0306583019333377 0
0 0 -0.9925813384646798 -0.5028222943010117 2.02616577421062 0
0 0 -2.0256780042717306 2.1335389619399807 0.4820933118052564 0
0 0 -0.086826653285633 2.0602675720863934 1.1798856714856052 0
0 0 1.5529530531236322 1.2311014389058836 0.49894286085108586 0
0 0 -0.48027581910746564 1.5637252432086879 2.0415021855533153 0
0 0 -2.962332004840161 2.091309666823408 1.1180969682344792 0
0 0 -2.9971649423378115 2.101292229246558 1.792866460122648 0
0 0 -0.47856639798921696 1.5720307493194714 1.960754505243611 0
0 0 1.2109708586351235 2.118751609857004 1.2937211335934877 0
0 0 -1.2853631894937787 1.9273560015383413 0.48627383615286657 0
0 0 -2.3764900395827007 -0.5888174607453089 1.060421689944636 0
0 0 1.6987027940584136 0.6613182557263761 1.9583569209770202 0
0 0 1.4176080927729666 0.8238807974974625 1.9894272255787242 0
0 0 2.65146169489459 2.1083566714202875 0.8061448014631809 0
0 0 -1.3651508722523211 0.6327256779342241 0.4069009863168417 0
0 0 -1.541313284685606 -0.08926738973340542 0.48619040846424644 0
0 0 2.544853581355257 1.2314341556136081 0.44672408559768473 0
0 0 -1.4014262097987853 0.41850767029297076 1.9761416620682195 0
0 0 -1.1207183802711587 -0.5681151559301507 0.6314706521432283 0
0 0 1.1641924491746458 0.5081193605086336 1.9952161114180809 0
0 0 1.79127883055492 -0.6004656615764321 1.8921171848377136 0
0 0 1.2693539077229206 -0.5600120750597375 1.521200705303789 0
0 0 -1.4747170057314012 1.3534765032326044 2.0417582428215773 0
0 0 1.4578364066223255 -0.5693800206420201 1.9336741774505681 0
0 0 -1.5782879247067019 0.7494794488233061 0.41469495236825993 0
0 0 2.1419500807215712 -0.4041156146099796 1.967689298120045 0
0 0 1.2331252221233076 2.0544235532288178 1.4639682995859404 0
0 0 -0.4151135585472696 1.199496146901199 2.0280628830801453 0
0 0 -1.1409536053129994 2.144731951283019 0.8293454797951181 0
0 0 2.4230491104509913 1.2522590893504502 0.46130651561985725 0
0 0 -0.4691336008443239 1.4420934907712262 0.4110221038707004 0
0 0 -2.59488833885939 -0.5495325171582526 0.4848576277930374 0
0 0 1.8150164163794251 2.1086627089655776 0.48998962998530904 0
0 0 0.2825279318108742 1.6690224180809865 0.47100079737987355 0
0 0 1.2752616853158116 1.872447586987129 0.433626282273596 0
0 0 -1.0399715403988896 1.5603416191242305 0.4255715974897545 0
0 0 1.7607315050915222 2.0915115430519355 0.8471053288020094 0
0 0 2.3649571080784497 0.08616606566737894 0.4664407099377448 0
0 0 -2.755880072112513 -0.40724096087016304 0.43001720310300184 0
0 0 -2.013175998456831 2.113141256858417 1.1578975697395806 0
0 0 -1.4260376188940225 1.5442869885601962 2.023710657523443 0
0 0 -0.13831702031414528 -0.6499259787342884 1.7904035239225649 0
0 0 2.0495777136287625 -0.5967543129604731 0.9066043606346762 0
0 0 0.18002300849039754 -0.5513360385457264 1.4059328052927067 0
0 0 -0.11139703975559101 1.4064613727185529 2.0165882233194323 0
0 0 -3.0222371982634058 -0.6348162262198223 2.040354154634028 0
0 0 1.135669062959174 -0.6146075264482675 0.6174162943343598 0
0 0 -2.805303518633532 0.7741127775006955 2.051405077207139 0
0 0 -3.0300165775721757 0.14374157193821457 0.4307271986770206 0
0 0 0.062401871098271666 -0.44528753189055537 2.0226475358217266 0
0 0 -0.23740570448309306 1.3358133641758507 2.009643837249955 0
0 0 -2.5193982093062175 1.8158479825092526 0.4197079302258431 0

