-0.2026718 -0.8669983 0.35978737
-0.16018315 -0.30910203 0.23202936
-0.17418441 -0.5293774 0.34396806
0.7463661 0.5394827 0.4805754
-0.06698237 -0.37917107 0.2455664
0.0072851414 -0.58759177 0.1438646
0.4373352 0.27935806 0.12939532
0.24643435 0.036397696 0.09372882
0.4354601 0.66778404 -0.26541114
0.1381874 -0.97828835 -0.05762427
-0.004415524 -0.55055255 -0.039774004
0.14993574 -0.6971963 -0.017706987
0.5617228 0.50452536 0.067322694
0.17040394 -0.97306186 -0.04911046
0.86651623 0.7135917 -0.39591363
0.49808255 -0.61898273 -0.0577513
0.22950065 0.15308121 -0.027959386
-0.24516347 -0.20180103 -0.06710806
0.43527213 0.8958195 -0.3912661
1.0900567 0.6877861 -0.22756585
0.2079016 -0.0031273307 -1.054113
-0.18192199 -0.79235405 0.16306679
-0.37996444 -0.31969807 -0.29380065
-0.064058825 -0.39901853 -0.13156062
-0.13510327 -0.7058754 0.3369002
0.8113188 0.35849136 -0.27101675
-0.0149800135 -0.3392575 0.30838484
0.84779423 0.5268413 -0.1459553
0.6364129 0.78471553 -0.2973973
0.91284496 -0.06311434 0.14407505
0.1978626 0.29122612 0.2076858
0.7621543 0.5784555 -0.11849885
-0.18486086 -0.43935642 0.47207978
0.59899366 0.4810017 -0.29384425
0.2467355 0.59774506 -0.24079284
0.62451684 0.66565764 0.12280542
0.16096734 -0.62389416 -0.33472815
0.31450596 0.2538368 -0.04222181
-0.32726407 -0.18798621 -0.788686
1.1033971 0.7339329 -0.12124796
0.80732536 0.62151676 0.562452
0.23524055 -0.6330644 -0.016256118
0.53622264 0.43361548 0.23781131
-0.48588282 -0.71396476 -0.029386045
0.00957945 -0.5873637 0.3337865
0.17636468 -0.760368 -0.27149493
-0.005186391 -0.663613 0.25877324
0.58854645 0.5603844 -0.10875739
1.0108092 0.23492588 -0.27514997
0.500033 0.014953464 0.4720694
0.55662954 0.20083794 0.2832755
-0.14981 -0.3392571 0.46124625
0.14831851 -1.2937442 0.5224013
0.4507236 1.1901834 -0.7536434
1.0589236 0.61419743 0.2538252
-0.18925308 -0.66639984 0.10776579
-0.11578126 -0.9128319 0.078029454
-0.20835777 -0.5159071 0.44251266
-0.11064341 -0.55156094 0.13984188
0.29627678 -0.15839875 -0.47677532
0.15340194 -0.9307351 -0.15831411
0.03459632 0.068433054 -1.0382346
0.0026875113 -0.24042524 0.27153048
1.1054178 0.79096514 0.024466814
0.7683525 -0.21788362 -0.00027025954
1.068074 0.536568 0.078855924
-0.3061096 -0.22414844 -0.6526829
0.490059 0.024564067 0.08651247
0.32044297 -0.09919099 -0.19490571
0.4914248 0.67944914 -0.11589153
0.57608134 0.6833288 -0.045853026
0.43151045 0.05286864 0.2808423
0.66665685 0.4603774 0.48145676
0.8257636 0.5733095 0.1943097
0.4711332 0.6696413 -0.1425818
0.57159483 0.588696 -0.22214226
0.5929789 0.19076006 0.18113923
-0.5075272 -0.7703474 -0.026731487
0.6935782 0.41808897 0.21736372
0.52082324 0.29317158 0.11370778
-0.096043296 -0.50426304 0.25611088
0.38249317 0.21876611 0.34108442
0.09612637 -0.22057472 0.05889437
0.6786991 0.76892394 -0.16928796
-0.17924215 -0.6622525 -0.3371044
0.5136367 -0.031824835 0.17391963
0.269638 0.05134884 -0.046490695
-0.08491592 -0.6752184 0.16264394
-0.4430931 -0.49819067 -0.16153863
0.2635209 -0.47308132 -0.16487408
0.57088083 0.31738907 0.23384403
0.110375926 -0.34884945 0.27806523
0.78605586 0.68481386 0.19767702
-0.054274175 -0.32495996 -0.29280216
0.72990054 0.44765446 -0.114350334
0.29446584 0.044469755 -0.36743972
0.4717762 1.083287 -0.77133864
1.0911187 0.47726983 -0.15278305
-0.113749616 -0.63837904 0.12407068
0.98677176 0.79558957 0.6315362
-0.14272222 -0.85864913 0.12627082
0.43095 0.157662 -0.009403696
-0.031137291 -0.48776293 -0.007768673
-0.12679361 -0.69391215 0.06425004
0.018641714 0.3073268 -1.3640319
-0.008971806 -0.33910385 0.17454176
0.44947156 0.7558536 -0.17294708
0.5590657 0.7266533 0.034282874
0.046077065 -0.28418824 -0.24635501
0.6952253 0.6249256 0.22427078
-0.21851996 -0.7659402 -0.3929491
0.6999119 -0.2426537 -0.19208433
0.84723395 0.2671191 0.7086374
-0.15644343 -0.55442816 0.29685944
0.63865745 0.36132747 -0.26889881
0.38096923 0.75636625 -0.19843106
0.47674957 0.90931237 -0.37747678
0.05693364 -0.3423362 -0.01764505
0.5127729 0.90464026 -0.35470867
-0.109436296 -0.62219185 0.1409581
0.47346622 0.1240739 0.04403268
-0.1581965 -0.88375723 0.13877125
0.23521781 -0.07414877 -0.049318403
0.47328416 0.4510915 0.13494572
0.41249463 0.056019463 -0.11072167
-0.10406149 -0.4726463 0.28227696
-0.3825989 -0.5774765 -0.118737474
0.4290135 0.83879966 0.06948594
0.4974884 0.41505113 0.3195317
-0.12167905 -0.49993062 0.24211371
0.15027277 -0.07462071 -0.39082673
0.5064696 0.40763563 0.18331954
0.3194475 -0.22855148 0.48301643
-0.19105773 -0.81284773 -0.08665217
0.20742445 -0.7158211 -0.19053414
-0.06982891 -0.64393234 0.15470229
-0.18587252 -0.43518615 0.26519158
0.677252 0.50877804 0.04701698
-0.00859804 -0.06810508 0.37575272
1.0095494 0.79140764 -0.15278932
0.6691384 0.5861191 0.35878462
0.5255316 0.841878 -0.22982445
0.067466095 -0.0928629 0.14730228
0.057359874 -0.1393611 -0.36478183
0.42674735 0.6649334 -0.43438458
-0.19536313 -0.33346692 0.13528624
0.23292227 -0.6038907 -0.2670352
0.7638158 -0.21247748 0.04426711
-0.027564636 -0.71606123 -0.0037652303
0.264067 0.3983535 -0.05959096
0.2027761 -0.7054437 -0.2232386
0.117181 -0.2735993 0.23466207
0.255656 0.43383637 -0.11968661
-0.14725943 -0.8035746 0.10518884
-0.16655505 -0.3998596 0.47416744
1.0648849 0.54097164 0.030358026
0.16269778 -0.36516902 0.43801874
0.16267332 -0.12966545 -0.097551756
-0.009385324 -0.020319426 -0.6057814
0.8453677 0.7622917 -0.065471105
0.96342057 0.52727425 -0.10523721
0.1974553 -0.3261867 0.31773338
0.08451938 -0.27073416 0.16039957
0.30136687 0.6723519 -0.0019320892
1.2391268 0.4033284 0.10653012
-0.06982444 -0.75069624 0.44465432
0.9910819 0.31054792 0.03674796
0.21707281 0.2817063 0.11310844
0.5729061 -0.32364222 -0.20522782
0.5376931 8.1061255e-05 0.32948706
-0.22509584 -0.7451776 0.4627645
-0.45517167 -0.4339575 -0.2929919
1.1062001 0.8909184 -0.0013136567
0.76235706 0.6013299 0.18583219
-0.089821935 -0.8087818 0.06721114
0.82142365 0.63025147 -0.27806324
0.09068368 -0.21480684 -0.07092769
0.81189495 0.47344866 0.08677308
-0.11735285 -0.21543086 0.41285905
0.28390485 0.14495638 -0.95114285
0.7246331 0.77247536 0.05187476
-0.013270429 -0.5644778 0.05538723
0.30498838 0.0670884 0.13506979
1.1244743 0.48199663 0.05735805
-0.13923238 -0.77762496 0.17997934
0.11321299 0.0021875564 -0.18592663
0.002352255 -0.6417329 0.23088957
-0.15147664 -0.39863664 0.3842927
0.81542265 0.51323044 0.49785304
0.32941127 -0.59408677 -0.13522995
0.2915249 -0.90361774 -0.041060474
0.13435765 -0.36895236 0.1491904
0.73714507 0.40346462 0.40337494
-0.03651916 -0.88406247 0.01897237
-0.05329296 -0.53433675 0.081251495
0.45647764 0.9870806 -0.42831823
0.29358336 -0.24078944 -0.28259414
-0.36294168 0.100602694 -0.95686775
-0.30819112 -0.39182276 -0.4632211
0.33530697 -0.60483366 -0.1098879
0.40330938 -0.22406863 -0.3266123
0.6109153 -0.00039457105 -0.033952184
-0.1265517 -0.32624123 0.313733
0.49742502 0.9476601 -0.48126498
0.85405934 0.4263405 -0.08127451
0.8914739 0.91127336 0.4439458
-0.21552847 -0.8736032 0.1839674
0.28023866 -0.48345038 0.12123058
0.37165412 0.3909724 -0.087909766
0.32128397 -0.07283888 0.23137823
0.7622903 0.28763273 -0.13953093
-0.17658393 -0.5956788 0.26862273
0.5333043 -0.53669244 -0.14934637
-0.1434596 -0.6000895 -0.272559
-0.17798711 -0.872162 -0.078325815
0.6336489 0.71805984 -0.3848691
0.4079009 0.06498108 0.42695734
0.3951383 0.4274258 -0.01293512
0.93529373 0.73074573 0.66025597
0.2647815 0.24268456 0.21814682
0.09464695 0.026056021 -1.1922569
-0.038703676 0.29412413 -1.1921513
0.5867982 0.40077618 0.3468166
0.13319182 -0.021061586 -0.003267552
0.8305715 -0.2746819 -0.020639865
0.20059462 -0.5497846 0.016800372
0.76445824 0.85890436 -0.09280302
0.08460699 -0.055298846 0.3556024
0.6431521 0.36717477 -0.080916815
0.52165216 0.12855555 0.13376693
-0.2520169 -0.6330968 -0.10973335
0.56894577 0.89792764 -0.23985815
-0.19941987 -0.33941764 0.40530893
0.21702263 -0.8128101 -0.0751432
0.6205279 0.8624177 -0.43028563
0.22256507 0.3155715 -0.21064757
0.1922786 -0.37853217 0.43352246
0.63014704 1.1953424 -0.3231391
-0.20786984 -0.69315535 0.06242923
0.10492272 -0.5060395 0.039277613
-0.22516857 -0.8217551 0.10578178
0.048752893 0.18308096 -1.1226562
-0.008177117 -0.21064615 0.1993664
-0.30731922 -0.8890731 -0.042924162
0.42527273 0.15212214 -0.011113896
0.84047526 -0.119702116 -0.06663939
0.6582977 0.3372201 0.5710684
-0.10197065 0.13339253 -1.1970435
0.48127344 -0.4804527 -0.108846955
0.27770457 -0.19034018 0.04760727
0.23508199 -0.7946782 -0.18308035
-0.25203374 0.40705243 -1.3158811
0.3516638 0.6368364 -0.076427676
0.39869648 0.049567875 0.11932435
-0.17687008 -0.7720006 -0.2136163
0.50806874 -0.1380294 0.20937257
0.104766294 0.3610211 -1.3472154
0.67763907 0.30240253 0.070354916
0.493417 0.028442344 0.06333649
0.23788436 -0.6518191 -0.15944687
0.31063843 0.75295454 -1.4639521
-0.08428693 -0.60639715 0.016284069
0.026538098 -0.846951 -0.12406661
-0.02063218 -0.4010519 0.38685188
-0.21040687 -0.5946353 0.4746937
0.35614076 0.04608698 -0.012482887
0.110532515 0.13936618 -0.65887535
0.25980082 -0.09709866 0.0054356074
-0.055109598 -0.48928198 0.027823266
0.38992304 1.0220246 -0.10219843
0.06454947 0.026905967 -0.7637071
0.3311254 -0.24200225 0.08251296
0.23994945 -0.13365416 -0.20081179
0.1122972 -0.70196754 0.04128871
0.42011505 1.0451527 -0.6884728
-0.15250595 -0.59376955 0.15951626
0.9348315 0.9703532 -0.14059767
0.0373165 0.5647549 -1.5872171
1.0427778 0.6827947 0.2621318
-0.18812059 -0.7911524 -0.33312264
-0.39665222 -0.48559514 -0.1072623
-0.22305445 -0.5009877 0.3938318
0.13474686 0.043531615 0.23402357
0.2859373 0.24793503 -0.0028566106
0.722199 0.41446826 0.4244511
-0.072364986 -0.5832389 0.05259775
0.29820105 0.7948065 -0.36511928
1.1003497 0.7969784 -0.063533664
-0.21297146 -0.6112708 -0.05508094
0.45775127 0.20818175 0.45295602
0.7384248 0.48443428 0.42594346
-0.56952226 -0.71869296 -0.14454432
-0.066064335 -0.20617485 -0.36764923
0.74458086 0.3280933 -0.07990704
0.40388945 -0.21944316 -0.30974916
1.0571228 0.6779997 -0.027803207
0.1605452 -0.6129805 -0.30848232
0.2459815 0.18019322 0.03942988
1.1123998 0.697527 0.28810766
0.48143536 0.4176981 0.26859066
1.0137026 0.5646696 0.34227285
1.2293541 0.8691222 0.10719824
-0.108509764 -0.40382117 0.3344118
0.50411826 0.2345803 0.27083644
0.076707125 -0.4229081 0.32873073
-0.025913406 -0.09556185 0.34808427
0.36366245 0.91183 -0.14500108
0.116373114 -0.22428313 0.12599243
0.07066502 -0.280638 0.084703155
0.28018376 -0.19402952 0.4352546
0.0042481264 -0.6070303 0.05234065
0.99650615 0.5497611 0.27570862
0.30676773 0.57078034 -0.12992243
1.0919219 0.55149764 -0.08834569
0.7449778 0.48297042 0.6390001
0.44431242 0.63349074 -0.18829359
-0.17509927 -0.64979583 0.3442069
-0.2642224 -0.35020313 0.017135229
0.44088435 -0.17539844 0.082124606
0.3623484 0.18816231 -0.007016477
0.27701437 -0.3234209 0.049660947
1.1271566 0.74371046 0.051987093
-0.07688888 -0.2775738 -0.33920902
0.84640795 0.6769822 -0.22046383
-0.12956634 -0.37954354 -0.44662803
0.24309053 -0.035651423 -0.29250118
0.8055805 0.0964969 -0.049721736
-0.10011164 -0.4788153 0.010741909
-0.118694864 -0.7679599 0.2924046
0.723045 0.11383072 -0.018642068
-0.13973905 0.35878572 -1.3208722
-0.03870314 -0.07261671 -0.46163765
0.57571393 0.1561146 0.09210583
0.24712038 -0.08353418 0.31092092
0.21787402 -0.65332985 0.1035927
0.20099847 0.49151558 -0.21898706
1.2820839 0.59832 0.36289456
0.5208991 0.29194078 0.35262987
1.0678666 0.3414393 0.10370945
0.5196961 0.5515489 0.15317938
0.6901344 -0.16644926 -0.18583202
0.9052983 0.598499 0.23294187
0.65173674 -0.4730914 -0.17055906
-0.09449712 -0.03267466 -0.7655707
0.5538589 0.57575095 0.21312253
1.0353135 0.18162455 0.19541232
0.4090537 0.21959405 0.07570689
0.17340295 0.5756965 -1.3531857
0.712121 -0.32002726 -0.11444183
0.36979014 0.635415 -0.344918
-0.19397557 -0.47102836 0.2764115
0.5142555 0.81668633 -0.21468474
0.5848098 0.2781972 0.4722144
0.21345763 0.03618265 -0.33027238
0.25537935 -0.64400387 -0.11854768
-0.19183294 -0.40572858 -0.057946842
1.0702379 0.3103307 0.15373382
0.17088711 0.103562966 0.3016145
0.29377437 0.70377696 -0.37196836
0.26972863 0.2892756 0.013534099
0.4092678 0.183033 0.38875213
0.1422623 -0.3782631 0.28747317
-0.25320387 0.13753106 -0.7730845
0.7204156 0.7876485 0.15873444
0.12409929 0.018000748 0.086925484
0.16977526 0.2418288 0.022434559
-0.057195347 0.032360714 -1.0175078
0.50460416 0.25374952 0.21677646
-0.19243339 -0.45265946 0.20992148
-0.06341212 -0.7579301 0.0071101375
0.11054583 -0.46682388 0.27510354
0.27002212 0.50685126 -0.110028386
0.55334705 -0.7042494 -0.13259006
0.5047763 0.80841416 -0.19740117
0.56328934 0.60006654 0.19265637
0.13074045 -1.1616346 0.48549762
0.088851936 -0.049283423 -0.899644
-0.1751705 -0.788529 -0.07085496
-0.09891806 -0.19084072 0.22142415
-0.13103859 -0.7322413 -0.02067621
0.27675247 -0.90910447 0.35122472
0.67375934 0.28535134 -0.08491463
1.1548094 0.7517987 0.10898652
-0.44310337 -0.7573163 0.0057904567
0.21823338 -0.6779078 -0.15871845
-0.12262807 -0.9159437 0.15135098
0.6359338 0.79209226 -0.18352225
-0.14118429 -0.66260433 0.3371952
0.52106106 0.7754739 -0.30647475
-0.08279691 -0.5543107 0.13506317
0.4494028 0.20246914 0.12828799
-0.19238898 -0.67813355 0.079965405
0.47011206 0.49069613 0.01866976
0.36544576 -0.60730535 0.060712732
-0.16565964 -0.3793415 0.43204454
0.17572914 0.21261413 -0.8924633
0.4481354 -0.004695078 0.30158576
0.099414356 -0.6231448 0.046689507
0.36954266 0.04445094 0.1902369
0.679366 0.22764161 0.6977442
-0.12422203 -0.6679772 0.17815769
0.79469615 0.47809902 0.5458886
-0.2557966 -0.5260459 -0.033693444
-0.07926793 0.38387507 -1.3092616
-0.107430615 -0.59889406 0.14607057
0.7132134 0.45985952 0.5852079
0.7311487 0.8042708 0.30471542
0.6295503 0.1540864 0.21488735
0.61470836 0.6973608 0.1831739
-0.049336128 -0.29863748 0.24942169
0.61118704 0.4292074 0.25198674
0.14965163 0.1097525 -0.567826
0.14643265 -0.85289174 -0.076266766
0.24743415 0.41775176 -1.1755544
-0.089496985 -0.3718224 0.43115404
-0.14968295 -0.72203434 0.019526256
-0.09549875 -0.3635859 0.08656154
0.006503622 0.1447233 0.073516
-0.1420042 -0.5333332 0.2706314
0.7752304 -0.14026745 0.0028638665
0.69943523 0.675087 0.15518829
0.45666507 0.8790508 -0.49356514
0.35881326 0.065585576 -0.07727403
0.08694471 -0.25513786 -0.10515625
-0.14108922 -0.47615078 0.28509274
0.50422895 0.6219245 0.026400628
-0.13181718 -0.3453745 -0.21368656
0.31443736 0.74160564 -1.4968039
0.5546253 -0.63468933 -0.041807152
0.56092817 0.6346779 0.0618001
0.75779915 0.8404859 0.2691496
-0.50660884 -0.6041302 -0.15422118
1.1228044 0.9455036 0.18229201
-0.49039486 -0.29196048 -0.5928789
0.6690623 0.48700958 0.49158925
-0.13395527 -0.5880109 -0.01964995
-0.17171454 -0.7202074 0.027611459
0.5799611 0.24505052 0.43249413
0.38676628 -0.14562881 -0.24875082
0.24753258 0.24516365 -0.06113478
-0.16989793 -0.405991 -0.01122921
0.37129098 0.523729 -0.23658602
0.5934314 0.564674 0.35000157
1.116679 0.44467443 0.35974303
0.5297604 0.27705422 0.217456
-0.08076556 -0.30227882 -0.09587096
0.45367697 -0.6568049 -0.111818604
-0.09876303 -0.4398761 0.3375752
0.16669264 -0.0032211202 -0.0006815263
0.7437715 0.49164233 0.1496708
0.28828478 0.69665635 -0.3740411
-0.19754401 -0.60008335 0.3239715
1.1340959 0.5808899 0.008463547
0.26690474 0.67047554 -0.21690738
0.051106922 0.062367115 0.19683275
-0.008617827 -0.9270972 0.10178567
-0.14989646 -0.28928405 -0.08559193
1.1921312 0.80021477 -0.17651913
0.049877346 -1.0007325 -0.082225375
0.3507637 0.51986134 -0.00972894
0.13711827 0.17112999 -0.9583829
0.85662305 0.58798087 0.33442432
0.6206184 -0.33972007 -0.09365364
0.84995836 0.56146795 0.16610488
0.35322756 0.95723736 -0.5082953
0.26085362 0.5808185 -0.071376234
-0.20982735 -0.7809536 0.064115174
-0.062281337 -1.0523055 0.09849732
-0.07903485 -0.6239253 0.095164254
0.14162181 0.21040973 -1.1073625
1.0797856 0.5273941 0.3026684
0.35496226 0.6057847 -0.36029893
-0.1943171 -0.4603915 0.37396675
0.5094126 1.22734 -0.7283252
0.4334078 0.9970767 -0.7215966
0.70305586 0.54617727 0.51377356
0.27681085 -0.5222992 0.008604475
-0.13406765 -0.4219591 -0.08991145
0.40895066 0.84078217 -0.4228019
-0.12360554 -0.3664677 0.34243026
0.6647023 0.66854155 0.1548974
0.731877 0.4777067 0.27783948
0.02388506 -0.22382493 0.0611523
0.11153992 -0.29142112 0.017133605
0.16163893 -0.36323902 -0.008547858
0.08370908 -0.40316015 -0.03323134
0.005217611 -0.24232231 0.12486843
1.1151356 0.41286063 0.18382108
0.47779313 0.16431722 0.5813233
0.5310694 0.88367206 -0.41052464
0.5238206 -0.29439896 -0.16055502
0.34459895 0.80358875 -0.5253547
0.70030826 0.3934576 -0.11403972
0.5295425 -0.71131694 -0.03145383
0.22400212 -0.6999912 -0.049568746
-0.13224252 -0.9259456 0.044837322
0.43163896 0.5182654 0.08498889
0.2975085 0.7698625 -0.17043607
0.88982075 0.12799872 -0.088064305
-0.1412576 -0.48594213 0.08670611
0.75374854 -0.16117653 -0.056191597
0.14570396 -0.7438985 -0.29308626
0.22632997 -0.6939463 -0.23128624
-0.22781913 -0.64024514 0.16338897
0.44969633 -0.14989842 -0.41793266
0.075542994 -0.31192943 0.025563944
0.15444197 -0.50852406 -0.27875212
-0.13927186 -0.48257175 0.17009176
-0.15990603 -0.7047973 0.061544564
0.57650656 0.43680143 0.48574844
0.33188018 0.56965387 -0.15062805
-0.23403561 -0.86031294 0.015484034
0.57171553 -0.041623224 0.21354412
0.27452266 -0.112822786 0.3612674
0.12456904 0.10638472 -0.56437576
0.18285702 0.3331348 -0.228089
-0.008098897 0.048952363 -1.1989836
0.4937316 -0.79176825 -0.15547661
0.21829648 -0.06001201 -0.10857022
0.1502314 -0.60215133 0.4352645
0.35530564 -0.23671521 -0.40052867
0.9273366 0.16185379 -0.0062856493
-0.055147402 -0.7264163 0.02009942
0.5778788 0.4805736 -0.0018139436
0.459263 0.9038615 -0.43029478
0.82047266 0.14050464 -0.064007625
0.3391694 0.26046178 0.20366779
0.98031396 0.70882034 -0.10106345
0.19147074 0.10347947 -0.07358004
0.21547909 -0.21612354 -0.36156574
-0.12739739 0.03649212 -1.0257075
0.12669864 -2.7138207e-05 -0.12990043
0.27311966 -0.6793965 -0.03731426
1.0203412 0.7823936 -0.16861789
0.3725543 0.059166856 -0.00030173993
0.1255114 -0.2515331 -0.5287162
0.37448597 -0.014734833 -0.010209727
0.486331 0.29621717 0.20266092
0.38353205 0.75809973 -0.14469369
-0.16761884 -0.9681121 0.32333186
0.5384159 0.7768817 -0.05962478
-0.10940132 -0.7723652 0.2191067
0.22710846 -0.88749826 -0.061237
0.50578666 0.11619132 0.15768902
0.29775614 -0.94385856 0.14398392
0.5270744 0.041567028 0.32108027
0.4298627 0.92043465 -0.4214948
0.74049175 0.35061345 -0.16978407
0.31299922 0.49705285 -0.29849967
0.13770661 0.3620043 0.005605318
0.1701731 0.4265994 -1.4331315
0.39622515 -0.37442824 0.14415446
-0.10638725 -0.39238933 -0.037674278
0.2005548 0.6972704 -1.5707814
0.80669457 -0.014624177 -0.067818955
-0.15517245 -0.8332409 -0.06581192
-0.055082798 -0.5396208 0.33099058
0.08644692 -0.6926011 -0.12067942
0.7029628 0.6838197 -0.047716122
0.42681918 -0.49132916 -0.06952392
0.5890735 0.91035205 -0.42784986
0.09963405 -1.1599624 0.17513885
0.16621436 0.27499306 -1.2470475
0.77598095 0.520346 -0.25778967
-0.13074897 -0.58002317 0.14009966
0.22309661 0.38320184 -0.21489087
-0.23961964 -0.62956876 -0.050403927
-0.061656322 -0.54094404 0.24102275
-0.25343505 -0.6385678 -0.061515275
0.6621809 0.74966794 -0.038636323
-0.16650727 -0.8070522 0.1509364
-0.261769 -0.71202374 -0.25923437
0.12237082 -0.032987963 -0.60864437
0.3045934 0.32984686 -0.04251024
0.29012126 -0.69926846 -0.14929709
0.18087757 0.010395846 -0.5758691
0.34384102 -0.6530842 -0.21050839
0.31919447 0.054449756 -0.20846881
-0.1370109 -0.517518 0.19920906
0.22900489 -0.699063 -0.11324788
0.7767943 0.6029992 -0.24833654
0.75488204 -0.07918401 0.0051043625
0.098599926 -0.24871336 0.090499915
0.35769442 0.70522636 -0.50214535
0.8687268 0.63548124 0.21582869
-0.10489643 -0.7705426 0.43848914
0.45340985 0.29654798 0.19106145
0.16149464 0.14151143 0.047162503
-0.18123575 -0.33633837 0.4029718
0.8810378 0.67882067 -0.06899013
0.3586709 0.5884231 -0.18295851
0.7364615 0.5434021 0.19114737
0.6764997 0.364044 -0.37409812
0.15756513 0.19181037 -0.719849
-0.10814719 -0.7736664 0.04210713
-0.16439198 -0.40783435 0.29451248
0.10406262 0.05906945 0.38060147
-0.16286455 -0.8007348 -0.29312938
0.14259997 0.3169542 -1.346221
0.5329825 0.6937496 -0.11032603
0.21899007 0.30389205 -0.015658055
-0.10585721 -0.33569404 0.10091595
0.7308367 0.7135029 0.14163767
0.35374084 0.82227504 -0.40711
1.01877 0.25258544 -0.28666425
0.36655506 -0.048360433 0.12988606
0.43647984 0.1437267 0.20625558
-0.18686853 -0.68861526 0.38228354
0.5602012 -0.11413323 -0.06465687
-0.14354053 -0.92418015 0.008823494
0.9338728 0.6184823 0.02200487
0.3178099 -0.43001202 0.1186756
0.06907566 0.3839228 -1.1418394
1.1485718 0.5332829 0.35756072
0.2836175 0.102152936 0.18718062
0.010127387 -0.29828736 -0.044155452
0.47046444 -0.16270545 -0.15186653
-0.12267749 -0.6556142 0.43365115
-0.20765495 -0.6140055 -0.18427399
1.0300934 0.77970034 0.049071822
0.12947229 -0.10853811 0.17438374
0.5292292 0.28149155 0.23150459
0.49679223 1.1505497 -0.6182278
-0.12977044 -0.6444022 0.06424431
-0.30855134 -0.040697355 -0.63404
0.35771725 -0.74178565 -0.123957016
-0.098194584 -0.6717501 0.212804
0.26570395 0.07457562 -0.92057604
0.19407606 -0.56386966 -0.110372685
0.8063625 0.44959784 0.5929169
0.19933657 0.46984062 -1.2589086
0.07481734 -0.32067043 0.24577703
1.0072507 0.5088028 -0.2606638
0.19418223 -0.29602352 0.26973227
0.35936588 0.33553508 0.0149635915
0.46059626 0.47872046 -0.029902298
0.07007145 -0.5211569 0.43119907
0.33097577 0.42021814 -1.0661103
0.5010335 0.6228611 -0.18883504
-0.20160219 -0.6418133 -0.39561462
0.21067478 0.33134416 -0.15828493
-0.22918299 -0.7513673 -0.015134352
0.42158464 0.38406426 0.050770972
0.5745887 0.5690622 0.2020547
-0.1142508 -0.2591652 0.30606166
-0.19354391 -0.89124453 0.17929186
0.25219488 -0.15172632 -0.37630078
0.005850119 -0.2148398 0.318885
-0.033880636 -0.47074345 0.34016556
0.8999618 0.8354248 -0.11665105
0.0128645105 0.3776231 -1.090092
-0.14122686 -0.6097986 -0.33871815
0.5981444 0.6148755 0.06830387
-0.16740188 -0.35940424 0.41005927
0.64451295 -0.020045033 0.11446757
0.3562769 0.32405853 -0.13589267
-0.46873417 -0.6881748 -0.21805398
0.71897995 1.0195191 0.08594358
0.28559488 0.14016062 -0.50331974
0.3649244 -0.36231354 -0.42921552
0.48347965 0.84825975 -0.32112035
0.37697312 0.12363643 0.20762728
-0.01501617 0.058838665 -0.8945942
0.77646196 0.6880676 -0.27216426
0.38115412 0.8193418 -0.013124478
0.92327344 0.7219044 -0.51405203
-0.16200434 -0.676685 0.1662357
-0.24116111 -0.47229367 0.04046106
0.19452019 -0.13866036 0.28488383
0.8734433 0.4908215 -0.19488811
0.29586968 0.5256483 -0.2512334
0.2765089 0.53640753 -0.3301143
0.20014696 0.45704225 0.0018989753
-0.26546007 -0.6313519 -0.102642305
-0.05082338 -0.10637178 -0.8171712
0.76197827 0.5166239 -0.23184024
-0.10429686 -0.52019644 0.07983387
-0.16029236 -0.7257969 0.23999844
0.785823 0.7644766 -0.31817213
0.35334477 0.8159833 -0.2826189
0.1102012 0.14281674 -0.5631144
-0.08513425 -0.31003207 -0.15534599
0.0898158 0.16696525 0.14636599
0.55326736 1.0962517 -0.30263638
0.5431533 0.7667764 -0.07724371
-0.17639264 -0.78241676 0.03863253
0.4108891 0.98990184 -0.3619302
0.956597 0.697795 0.15128596
-0.39282534 -0.7289408 -0.06333224
1.0208309 0.7374875 -0.17914614
0.31858578 0.7916581 -0.4288824
0.7375002 0.3126576 -0.16694054
0.5141803 0.7624769 -0.28715864
0.8452207 0.5347618 0.6131607
0.33785227 0.795637 0.040822558
0.22964893 0.5012056 -0.30107123
0.19236752 0.2002493 -1.1932691
-0.19228543 -0.7334263 -0.4433988
0.16777298 -0.4069083 0.25965986
0.78240734 0.75544393 0.21729212
0.35869542 -0.2757754 -0.27418768
-0.09836829 -0.54396003 0.19849932
0.71625787 0.4332705 0.47311112
0.9564458 0.6220051 -0.00071189326
0.1405538 -0.039690416 -0.15113029
0.019621119 -0.86579573 -0.020131296
-0.16821358 -0.5782171 0.3009809
0.26020992 -0.7284679 -0.069797054
-0.2773593 0.046917174 -0.5949564
0.7058853 0.36475223 -0.21189015
0.0839855 0.027779868 -0.8083568
0.6381774 0.44618955 0.26911607
1.0099328 0.7093646 0.08411089
0.36028215 0.6079002 -0.3464984
0.7073595 0.7008882 -0.23652783
0.095269985 -0.45832977 0.41296938
0.7640594 0.571204 0.24160242
0.2526081 -0.22002365 0.40971643
0.2299305 0.0916199 -0.1644247
0.3356711 0.46190548 -0.29663897
-0.0060241604 -0.7345385 -0.056875687
0.82868063 0.4280453 -0.40127847
0.7154779 0.7784444 -0.039907966
0.18276598 0.2861027 0.34533304
0.27069676 -0.46317342 -0.29015273
0.41079158 -0.44793326 -0.15734687
0.38079196 -0.2904733 -0.26548406
0.58908814 0.4289402 -0.3788542
-0.14487673 -0.49632236 -0.26209074
0.087128595 0.051612753 0.33985567
0.52559626 0.0018547092 -0.34527874
-0.11658978 -0.34315348 0.15287735
-0.122854635 -0.73915243 0.051421534
-0.20431767 -0.4993635 0.11307334
0.053301327 -0.13582923 0.18388344
1.0439302 0.8350838 0.05859885
-0.106135376 -0.460455 -0.08191279
0.19444215 0.4596441 -0.16801271
0.9534171 0.8445116 0.017995654
-0.12358822 -0.7749948 0.18463257
0.060552593 -0.5331739 0.2692831
-0.024352057 0.60409784 -1.3734539
0.7111617 0.104410365 -0.26195982
-0.1251307 -0.9115 0.01125379
0.40288478 0.8649613 0.090996936
0.39733133 0.8271107 -0.22842452
0.20255898 -0.4147709 0.09857031
-0.08701194 0.29510927 -1.24545
0.28214264 -0.6402964 0.21346082
1.2141626 0.7357163 -0.13062757
-0.06815565 -0.699306 0.06381657
-0.101086386 -0.2983901 -0.33269176
-0.17284295 -0.4785692 0.13197133
-0.11855061 -0.76889783 -0.2944421
0.3758274 1.0202196 -0.73493
0.24044323 0.40587446 -0.15291074
-0.042222884 -0.21360762 0.20687433
0.6285606 0.7255221 -0.053757403
0.05539596 -0.66609335 0.4008317
-0.08361361 -0.34629035 0.24516128
0.52148074 -0.23136213 -0.24172334
0.9075455 0.58670145 0.70642406
0.5463341 0.6537692 -0.11657222
-0.015675401 -0.45797798 0.13779224
-0.09725575 -0.6332625 0.21037368
0.43696737 -0.7077247 -0.08492409
0.63833874 0.7535958 -0.010775144
0.029433321 -0.7920378 -0.056940615
-0.0969354 -0.2609255 0.25948402
0.5096995 0.6544028 -0.13470046
0.11263351 0.015386127 0.12312525
1.1074389 0.4668436 0.05445764
0.6476552 -0.6344002 0.14117947
1.1659328 0.79812473 0.34843805
-0.18788958 -0.39428625 0.33267775
0.22033295 0.087127745 -0.018639628
0.57494885 0.6395697 0.17436174
0.22247703 -0.56976825 -0.004332241
-0.42045075 -0.52900547 -0.12669641
0.16823466 0.07456117 0.07815211
0.306979 -0.17490897 -0.26398438
-0.19376114 -0.5414799 -0.20492424
0.08891306 -0.33894157 0.056614913
-0.17964312 -0.5666451 -0.29921865
0.49041814 0.22117381 0.43932676
0.266066 -0.20916246 -0.2228884
-0.1762592 -0.47734866 0.2669668
0.7352642 0.71932 0.3862193
-0.15731981 -0.58939475 -0.3444677
0.66596705 0.45133066 -0.04423675
0.4256443 0.66069394 -0.11146525
0.2790207 0.08651447 -0.094952725
-0.119819 -0.37681708 0.39113307
0.6140896 -0.27713332 -0.13502866
0.35670397 -0.28488627 -0.20947064
0.21573322 -0.23810883 0.121018685
1.0004019 0.40847442 0.25415263
-0.21345358 -0.58867735 -0.23015992
0.574743 0.6804858 -0.08863181
-0.22509374 -0.76865005 -0.028029645
0.35173097 0.13709936 -0.31892017
0.2735162 0.061242163 -0.578022
0.8379852 0.610425 -0.20487905
1.0775104 0.1440103 -0.052176084
0.8643665 0.5821242 0.63941395
0.7447082 0.8307063 -0.04139941
-0.2118163 -0.53466326 0.36885455
0.24221471 -0.7110663 -0.07326061
-0.15081821 -0.7740639 0.13868606
-0.24422733 -0.68682915 -0.0074659297
0.5708775 0.060440958 -0.009436764
0.8561764 0.50763345 -0.23229216
0.32594934 -0.6651531 -0.1481417
-0.10812007 -0.8145284 -0.43068507
0.5068761 0.7948416 -0.20192358
0.36303464 -0.18079405 0.10551025
0.10964509 -0.5214574 -0.22069022
0.57966864 0.65438735 0.14404862
-0.06725975 -0.24379702 0.3977302
0.24349292 0.5165915 0.24764307
0.5541476 0.39531538 0.33536845
0.25232443 0.35779136 0.010431993
0.32401007 -0.10867048 0.5001854
0.37421745 0.7641344 -0.2547669
0.3157821 0.6240387 -0.23815072
0.69434184 0.2829051 0.26013568
-0.1851074 -0.35758495 -0.09680369
-0.09924456 -0.83228356 0.114723705
0.0505788 0.019938644 -0.70972425
0.34412163 0.7599417 -0.6276254
0.79389066 0.6129743 0.10781819
-0.14653124 -0.70435196 0.391252
0.36972943 0.78933614 -0.1828603
-0.18763778 0.18077406 -0.9439088
-0.1702583 -0.6857786 0.26531196
0.6927182 0.45754328 0.46530947
-0.35940713 -0.6064367 0.045324374
-0.2565093 -0.44276807 0.0784126
0.74296504 0.484874 -0.23251946
-0.08448585 -0.5038374 0.19095422
0.14870842 -0.5167951 0.38320997
0.52990365 0.79298085 -0.29147443
-0.0829472 -0.7976974 -0.061099946
0.56923157 0.5050279 -0.023900764
-0.005453933 -0.086214446 0.31689665
0.48767415 -0.27051654 0.77201
0.39555845 -0.12193415 -0.20376447
-0.14321537 -0.6518617 0.21386273
0.16085143 -0.09882044 -0.0039241603
0.7062732 0.68912596 -0.070650786
1.0320835 0.41948944 0.05324527
0.087796055 0.1624838 -1.3005091
0.22673072 -0.3992124 -0.2655777
0.24573241 -0.11347733 0.2001439
-0.01712478 -0.84036034 0.073860765
0.82457817 0.22328034 -0.20925109
0.07196985 -0.40441513 0.040021773
0.16358973 -0.026417075 -0.10199796
0.072973095 0.01648317 -0.5718487
0.26083115 0.21404712 0.040952213
0.7382871 0.44095436 0.16207854
0.073003486 -0.5080315 0.42345288
1.0870612 0.8106454 -0.009377228
0.37639564 0.761953 -0.18085945
-0.172026 -0.6344657 -0.103646316
0.31026497 -0.0024995378 -0.13419011
0.9486245 0.57238096 0.011063026
0.4997523 0.73843294 -0.05126971
-0.14304557 -0.70011175 0.43826464
1.2664585 0.60646766 0.36172166
0.90032136 0.6173161 -0.14181936
1.1063368 0.7792637 0.20424056
-0.25118285 -0.7860169 -0.44905877
0.24679342 0.27506247 -0.14216629
-0.24326365 -1.0159477 0.2580365
0.044887785 0.12747341 -0.8562981
0.19447613 -0.8111147 -0.30685148
0.48244527 0.89411825 -0.32416224
-0.037254404 0.17284103 -1.2509159
0.6642414 0.12020781 0.087467216
-0.037944686 -0.9133324 -0.036088824
-0.05082699 -0.9922518 0.05563838
-0.17117688 -0.52399844 -0.43411925
0.11717414 -0.15352939 -0.10960387
0.16051261 -0.13077407 -0.29705623
0.15872146 -0.05601808 0.09119314
-0.40818623 -0.9563519 -0.07859398
0.50289077 0.62056214 -0.41806453
0.669952 0.73603517 -0.33320707
0.5403536 0.6746692 -0.206668
0.5239586 0.10257154 -0.13852705
0.37317285 -0.24698292 0.1105094
0.4940575 0.5753571 -0.113656305
0.42972636 0.41116667 0.10651703
0.5713331 0.48190528 0.08575489
0.55945194 0.6273394 0.12035117
0.55042356 0.8791906 -0.4097577
0.2072701 -0.23283769 0.011966952
0.08498745 0.049074136 0.29284856
0.55232656 0.57406086 -0.1091863
0.92760324 0.4773467 -0.041909654
0.24908903 -0.21696047 -0.3933997
-0.108633235 -0.6044651 0.12338741
-0.011375642 -0.8081568 0.3758123
0.27976564 0.3494039 -1.2124854
0.86640257 0.57804126 0.6829595
1.1075929 0.7439187 0.07044717
1.1808317 0.5066034 -0.15419422
0.051536463 -0.8290615 -0.0051797843
-0.111658916 -0.5709954 0.078525364
0.012419642 -0.18229009 0.36273718
-0.2253418 -0.63836116 0.5116959
0.80975085 0.40318474 0.12884517
0.23186603 0.391577 -1.3224496
-0.2612042 -0.23039483 -0.8984564
0.58685464 0.36592224 0.44066447
0.59887344 0.46034744 -0.09308412
-0.13241184 -0.6289299 0.17395453
-0.0055107283 -0.20467345 0.35415342
0.25440866 -0.15469313 -0.12047513
-0.18458107 -0.6814486 -0.0941353
0.3804914 0.6617903 -0.1434327
0.32898584 -0.15149653 0.27309212
-0.09344142 -0.4942272 0.103402026
0.6447001 0.44221595 0.50411344
0.7778489 0.69087034 0.48817563
0.6743375 0.14498569 0.057399698
0.38326523 1.0332639 -0.48081896
0.54928076 0.090019345 0.33486566
-0.12200264 -0.36693987 0.25613526
-0.3865454 -0.40086216 -0.27194697
-0.17620113 -0.5034818 0.33980244
1.0831414 0.48904112 0.27883458
0.62796175 -0.094131365 -0.16343948
1.0215813 0.59484434 0.29577774
-0.12459181 -0.5480066 0.19489074
0.48980886 0.39368013 0.25173634
0.15524277 -0.20048651 -0.24870491
-0.4693497 -0.7516027 -0.29937163
0.030303964 -0.82901204 -0.0181851
0.023453364 -0.2735956 -0.020561751
-0.17967056 -0.69478065 -0.0077058687
-0.099388756 -0.113351464 -0.9576708
-0.4023831 -1.0392683 -0.10555183
0.2674901 -0.24468528 0.32264513
-0.24184427 -0.49352166 0.2936111
-0.33873272 -1.2959538 -0.061346028
0.46243235 0.7965574 -0.28295305
0.28804368 -0.15026882 0.075427406
-0.39765945 -0.21620192 -0.46934268
0.29763183 -0.011163026 -0.8320159
0.26967767 -0.31319165 0.40144303
0.91597193 0.39867 -0.009758479
-0.16947775 -0.49829632 -0.048586894
1.1100118 0.7265182 0.0074127163
0.46705407 -0.08385163 -0.08649371
-0.21562266 -0.43287298 0.5076293
0.3072576 -0.07106434 -0.20693408
0.68054444 0.6874848 -0.08108852
0.26007578 0.2655396 -0.173458
-0.2092621 -0.51393044 0.43283257
-0.052700706 -0.55809623 0.17063269
-0.42525882 -0.25470993 -0.75865173
0.14592882 0.21744943 -1.0631006
-0.12877373 -0.45170808 0.27594748
0.48622438 0.008090799 0.33997783
0.709794 0.54065895 -0.20084362
0.7899523 0.50668657 0.5855816
0.94437164 0.7597042 -0.091414236
0.33371153 0.61908066 -0.48224762
-0.17777583 -0.42942575 -0.32795745
-0.06137747 -0.8328185 0.025372129
0.80223143 0.60315555 -0.36053786
-0.15772247 -0.5684841 0.26012492
0.7408581 0.35326356 -0.09463827
0.41206118 0.56305987 -0.06270819
1.0050675 0.6852497 0.34689406
0.19045982 -0.19895278 0.030653458
-0.01796064 -0.6173514 0.17470007
0.72067845 0.68688774 -0.017278418
0.46887007 0.6427755 -0.20757137
-0.26382536 -0.7487673 -0.04608914
-0.3309834 -0.093533054 -0.9316233
-0.03507654 -0.12890944 -0.7192732
0.39427122 0.2985634 0.08836008
0.49877557 0.50852215 0.1257066
1.0220593 0.6230512 0.0397146
-0.1627295 -0.4823832 -0.034329526
0.23545697 0.054297667 0.050377965
0.98592377 1.1093557 0.4337415
0.3752386 0.59472895 -0.27541
0.8794225 0.45757285 -0.059819944
0.1538714 -0.123145565 0.1364145
-0.08909357 -0.22176631 0.09873498
0.39260918 -0.38592845 -0.26673183
0.8082158 0.81103706 0.08143247
0.3017198 -0.024847116 -0.23964775
0.29079774 0.06834432 0.12389032
0.4561589 0.5929466 0.011567449
0.35762873 0.6082682 -0.35919592

