-2.352864 -0.82550323 -0.1725817 -0.79515696 -0.08545232 0.13117237
-2.352864 -0.82550323 -0.1725817 -0.79515696 -0.08545232 0.13117237
-2.352864 -0.82550323 -0.1725817 -0.79515696 -0.08545232 0.13117237
-2.352864 -0.82550323 -0.1725817 -0.79515696 -0.08545232 0.13117237
-2.352864 -0.82550323 -0.1725817 -0.79515696 -0.08545232 0.13117237
-2.352864 -0.82550323 -0.1725817 -0.79515696 -0.08545232 0.13117237
-2.352864 -0.82550323 -0.1725817 -0.79515696 -0.08545232 0.13117237

-1.1341131 -0.9801103 -2.6960382 -0.96059066 0.23190421 0.12965563
-1.1341131 -0.9801103 -2.6960382 -0.96059066 0.23190421 0.12965563
-1.1341131 -0.9801103 -2.6960382 -0.96059066 0.23190421 0.12965563
-1.1341131 -0.9801103 -2.6960382 -0.96059066 0.23190421 0.12965563
-1.1341131 -0.9801103 -2.6960382 -0.96059066 0.23190421 0.12965563
-1.1341131 -0.9801103 -2.6960382 -0.96059066 0.23190421 0.12965563
-1.1341131 -0.9801103 -2.6960382 -0.96059066 0.23190421 0.12965563

-0.82321566 0.9493892 2.8328989 0.27694175 0.40509954 0.119424656
-0.82321566 0.9493892 2.8328989 0.27694175 0.40509954 0.119424656
-0.82321566 0.9493892 2.8328989 0.27694175 0.40509954 0.119424656
-0.82321566 0.9493892 2.8328989 0.27694175 0.40509954 0.119424656
-0.82321566 0.9493892 2.8328989 0.27694175 0.40509954 0.119424656
-0.82321566 0.9493892 2.8328989 0.27694175 0.40509954 0.119424656
-0.82321566 0.9493892 2.8328989 0.27694175 0.40509954 0.119424656

-2.7579057 1.026891 1.6276932 0.9127471 0.17281602 0.1170627
-2.7579057 1.026891 1.6276932 0.9127471 0.17281602 0.1170627
-2.7579057 1.026891 1.6276932 0.9127471 0.17281602 0.1170627
-2.7579057 1.026891 1.6276932 0.9127471 0.17281602 0.1170627
-2.7579057 1.026891 1.6276932 0.9127471 0.17281602 0.1170627
-2.7579057 1.026891 1.6276932 0.9127471 0.17281602 0.1170627
-2.7579057 1.026891 1.6276932 0.9127471 0.17281602 0.1170627

-1.5598712 0.21904418 -2.3113732 0.5239932 0.29377228 0.116643205
-1.5598712 0.21904418 -2.3113732 0.5239932 0.29377228 0.116643205
-1.5598712 0.21904418 -2.3113732 0.5239932 0.29377228 0.116643205
-1.5598712 0.21904418 -2.3113732 0.5239932 0.29377228 0.116643205
-1.5598712 0.21904418 -2.3113732 0.5239932 0.29377228 0.116643205
-1.5598712 0.21904418 -2.3113732 0.5239932 0.29377228 0.116643205
-1.5598712 0.21904418 -2.3113732 0.5239932 0.29377228 0.116643205

-2.9272945 -0.8318611 -0.13381591 -0.71551186 -0.3898745 0.13012664
-2.9272945 -0.8318611 -0.13381591 -0.71551186 -0.3898745 0.13012664
-2.9272945 -0.8318611 -0.13381591 -0.71551186 -0.3898745 0.13012664
-2.9272945 -0.8318611 -0.13381591 -0.71551186 -0.3898745 0.13012664
-2.9272945 -0.8318611 -0.13381591 -0.71551186 -0.3898745 0.13012664
-2.9272945 -0.8318611 -0.13381591 -0.71551186 -0.3898745 0.13012664
-2.9272945 -0.8318611 -0.13381591 -0.71551186 -0.3898745 0.13012664

-1.6734813 -0.7775417 -1.9732963 0.5019184 0.39488214 0.11904874
-1.6734813 -0.7775417 -1.9732963 0.5019184 0.39488214 0.11904874
-1.6734813 -0.7775417 -1.9732963 0.5019184 0.39488214 0.11904874
-1.6734813 -0.7775417 -1.9732963 0.5019184 0.39488214 0.11904874
-1.6734813 -0.7775417 -1.9732963 0.5019184 0.39488214 0.11904874
-1.6734813 -0.7775417 -1.9732963 0.5019184 0.39488214 0.11904874
-1.6734813 -0.7775417 -1.9732963 0.5019184 0.39488214 0.11904874

1.4422278 0.995183 2.3597991 -0.608342 -0.15480812 0.11083629
1.4422278 0.995183 2.3597991 -0.608342 -0.15480812 0.11083629
1.4422278 0.995183 2.3597991 -0.608342 -0.15480812 0.11083629
1.4422278 0.995183 2.3597991 -0.608342 -0.15480812 0.11083629
1.4422278 0.995183 2.3597991 -0.608342 -0.15480812 0.11083629
1.4422278 0.995183 2.3597991 -0.608342 -0.15480812 0.11083629
1.4422278 0.995183 2.3597991 -0.608342 -0.15480812 0.11083629

-1.9036779 -0.29907173 -1.9749 0.6535806 0.4161114 0.1458826
-1.9036779 -0.29907173 -1.9749 0.6535806 0.4161114 0.1458826
-1.9036779 -0.29907173 -1.9749 0.6535806 0.4161114 0.1458826
-1.9036779 -0.29907173 -1.9749 0.6535806 0.4161114 0.1458826
-1.9036779 -0.29907173 -1.9749 0.6535806 0.4161114 0.1458826
-1.9036779 -0.29907173 -1.9749 0.6535806 0.4161114 0.1458826
-1.9036779 -0.29907173 -1.9749 0.6535806 0.4161114 0.1458826

-2.394137 1.0684606 3.0222428 -0.9974204 -0.010305834 0.12757757
-2.394137 1.0684606 3.0222428 -0.9974204 -0.010305834 0.12757757
-2.394137 1.0684606 3.0222428 -0.9974204 -0.010305834 0.12757757
-2.394137 1.0684606 3.0222428 -0.9974204 -0.010305834 0.12757757
-2.394137 1.0684606 3.0222428 -0.9974204 -0.010305834 0.12757757
-2.394137 1.0684606 3.0222428 -0.9974204 -0.010305834 0.12757757
-2.394137 1.0684606 3.0222428 -0.9974204 -0.010305834 0.12757757

1.2625933 1.1172076 2.1653318 -0.9554049 -0.28841996 0.11903142
1.2625933 1.1172076 2.1653318 -0.9554049 -0.28841996 0.11903142
1.2625933 1.1172076 2.1653318 -0.9554049 -0.28841996 0.11903142
1.2625933 1.1172076 2.1653318 -0.9554049 -0.28841996 0.11903142
1.2625933 1.1172076 2.1653318 -0.9554049 -0.28841996 0.11903142
1.2625933 1.1172076 2.1653318 -0.9554049 -0.28841996 0.11903142
1.2625933 1.1172076 2.1653318 -0.9554049 -0.28841996 0.11903142

-1.7014538 0.09881271 -0.7469961 -0.53747207 -0.26993364 0.1304599
-1.7014538 0.09881271 -0.7469961 -0.53747207 -0.26993364 0.1304599
-1.7014538 0.09881271 -0.7469961 -0.53747207 -0.26993364 0.1304599
-1.7014538 0.09881271 -0.7469961 -0.53747207 -0.26993364 0.1304599
-1.7014538 0.09881271 -0.7469961 -0.53747207 -0.26993364 0.1304599
-1.7014538 0.09881271 -0.7469961 -0.53747207 -0.26993364 0.1304599
-1.7014538 0.09881271 -0.7469961 -0.53747207 -0.26993364 0.1304599

-1.8694154 0.5508147 0.6866962 0.795713 -0.26358584 0.13923354
-1.8694154 0.5508147 0.6866962 0.795713 -0.26358584 0.13923354
-1.8694154 0.5508147 0.6866962 0.795713 -0.26358584 0.13923354
-1.8694154 0.5508147 0.6866962 0.795713 -0.26358584 0.13923354
-1.8694154 0.5508147 0.6866962 0.795713 -0.26358584 0.13923354
-1.8694154 0.5508147 0.6866962 0.795713 -0.26358584 0.13923354
-1.8694154 0.5508147 0.6866962 0.795713 -0.26358584 0.13923354

-2.020701 -0.55924493 1.2654727 -0.992986 -0.29683542 0.13581413
-2.020701 -0.55924493 1.2654727 -0.992986 -0.29683542 0.13581413
-2.020701 -0.55924493 1.2654727 -0.992986 -0.29683542 0.13581413
-2.020701 -0.55924493 1.2654727 -0.992986 -0.29683542 0.13581413
-2.020701 -0.55924493 1.2654727 -0.992986 -0.29683542 0.13581413
-2.020701 -0.55924493 1.2654727 -0.992986 -0.29683542 0.13581413
-2.020701 -0.55924493 1.2654727 -0.992986 -0.29683542 0.13581413

0.69908756 -0.83893234 -1.5394726 0.9852315 -0.31287864 0.12477578
0.69908756 -0.83893234 -1.5394726 0.9852315 -0.31287864 0.12477578
0.69908756 -0.83893234 -1.5394726 0.9852315 -0.31287864 0.12477578
0.69908756 -0.83893234 -1.5394726 0.9852315 -0.31287864 0.12477578
0.69908756 -0.83893234 -1.5394726 0.9852315 -0.31287864 0.12477578
0.69908756 -0.83893234 -1.5394726 0.9852315 -0.31287864 0.12477578
0.69908756 -0.83893234 -1.5394726 0.9852315 -0.31287864 0.12477578

-2.6818511 0.40446138 0.8051711 0.8241442 0.37294373 0.13037522
-2.6818511 0.40446138 0.8051711 0.8241442 0.37294373 0.13037522
-2.6818511 0.40446138 0.8051711 0.8241442 0.37294373 0.13037522
-2.6818511 0.40446138 0.8051711 0.8241442 0.37294373 0.13037522
-2.6818511 0.40446138 0.8051711 0.8241442 0.37294373 0.13037522
-2.6818511 0.40446138 0.8051711 0.8241442 0.37294373 0.13037522
-2.6818511 0.40446138 0.8051711 0.8241442 0.37294373 0.13037522

1.1723977 -0.30138022 -2.0587432 0.59672 -0.4092456 0.116959654
1.1723977 -0.30138022 -2.0587432 0.59672 -0.4092456 0.116959654
1.1723977 -0.30138022 -2.0587432 0.59672 -0.4092456 0.116959654
1.1723977 -0.30138022 -2.0587432 0.59672 -0.4092456 0.116959654
1.1723977 -0.30138022 -2.0587432 0.59672 -0.4092456 0.116959654
1.1723977 -0.30138022 -2.0587432 0.59672 -0.4092456 0.116959654
1.1723977 -0.30138022 -2.0587432 0.59672 -0.4092456 0.116959654

-2.6770184 -0.38589427 -0.7822266 -0.9446164 -0.25214565 0.12059821
-2.6770184 -0.38589427 -0.7822266 -0.9446164 -0.25214565 0.12059821
-2.6770184 -0.38589427 -0.7822266 -0.9446164 -0.25214565 0.12059821
-2.6770184 -0.38589427 -0.7822266 -0.9446164 -0.25214565 0.12059821
-2.6770184 -0.38589427 -0.7822266 -0.9446164 -0.25214565 0.12059821
-2.6770184 -0.38589427 -0.7822266 -0.9446164 -0.25214565 0.12059821
-2.6770184 -0.38589427 -0.7822266 -0.9446164 -0.25214565 0.12059821

-1.9448029 0.25565016 2.3224065 -0.8660287 0.18021414 0.14763446
-1.9448029 0.25565016 2.3224065 -0.8660287 0.18021414 0.14763446
-1.9448029 0.25565016 2.3224065 -0.8660287 0.18021414 0.14763446
-1.9448029 0.25565016 2.3224065 -0.8660287 0.18021414 0.14763446
-1.9448029 0.25565016 2.3224065 -0.8660287 0.18021414 0.14763446
-1.9448029 0.25565016 2.3224065 -0.8660287 0.18021414 0.14763446
-1.9448029 0.25565016 2.3224065 -0.8660287 0.18021414 0.14763446

-1.6397601 -0.2844432 -0.7637643 -0.9266164 -0.19388431 0.14528818
-1.6397601 -0.2844432 -0.7637643 -0.9266164 -0.19388431 0.14528818
-1.6397601 -0.2844432 -0.7637643 -0.9266164 -0.19388431 0.14528818
-1.6397601 -0.2844432 -0.7637643 -0.9266164 -0.19388431 0.14528818
-1.6397601 -0.2844432 -0.7637643 -0.9266164 -0.19388431 0.14528818
-1.6397601 -0.2844432 -0.7637643 -0.9266164 -0.19388431 0.14528818
-1.6397601 -0.2844432 -0.7637643 -0.9266164 -0.19388431 0.14528818

-0.8542134 -0.6807932 -0.38324398 -0.68685216 -0.30852613 0.14371563
-0.8542134 -0.6807932 -0.38324398 -0.68685216 -0.30852613 0.14371563
-0.8542134 -0.6807932 -0.38324398 -0.68685216 -0.30852613 0.14371563
-0.8542134 -0.6807932 -0.38324398 -0.68685216 -0.30852613 0.14371563
-0.8542134 -0.6807932 -0.38324398 -0.68685216 -0.30852613 0.14371563
-0.8542134 -0.6807932 -0.38324398 -0.68685216 -0.30852613 0.14371563
-0.8542134 -0.6807932 -0.38324398 -0.68685216 -0.30852613 0.14371563

-0.66220367 -1.2499323 -0.3007781 0.9171694 -0.19214587 0.14520678
-0.66220367 -1.2499323 -0.3007781 0.9171694 -0.19214587 0.14520678
-0.66220367 -1.2499323 -0.3007781 0.9171694 -0.19214587 0.14520678
-0.66220367 -1.2499323 -0.3007781 0.9171694 -0.19214587 0.14520678
-0.66220367 -1.2499323 -0.3007781 0.9171694 -0.19214587 0.14520678
-0.66220367 -1.2499323 -0.3007781 0.9171694 -0.19214587 0.14520678
-0.66220367 -1.2499323 -0.3007781 0.9171694 -0.19214587 0.14520678

-1.6906236 0.12513702 0.51871014 0.22847581 -0.21785405 0.12244465
-1.6906236 0.12513702 0.51871014 0.22847581 -0.21785405 0.12244465
-1.6906236 0.12513702 0.51871014 0.22847581 -0.21785405 0.12244465
-1.6906236 0.12513702 0.51871014 0.22847581 -0.21785405 0.12244465
-1.6906236 0.12513702 0.51871014 0.22847581 -0.21785405 0.12244465
-1.6906236 0.12513702 0.51871014 0.22847581 -0.21785405 0.12244465
-1.6906236 0.12513702 0.51871014 0.22847581 -0.21785405 0.12244465

-1.6752352 0.45315066 -0.87765235 -0.91756815 0.26074225 0.14779373
-1.6752352 0.45315066 -0.87765235 -0.91756815 0.26074225 0.14779373
-1.6752352 0.45315066 -0.87765235 -0.91756815 0.26074225 0.14779373
-1.6752352 0.45315066 -0.87765235 -0.91756815 0.26074225 0.14779373
-1.6752352 0.45315066 -0.87765235 -0.91756815 0.26074225 0.14779373
-1.6752352 0.45315066 -0.87765235 -0.91756815 0.26074225 0.14779373
-1.6752352 0.45315066 -0.87765235 -0.91756815 0.26074225 0.14779373

1.0788631 -0.6472247 1.099253 -0.9045255 0.18109195 0.14679275
1.0788631 -0.6472247 1.099253 -0.9045255 0.18109195 0.14679275
1.0788631 -0.6472247 1.099253 -0.9045255 0.18109195 0.14679275
1.0788631 -0.6472247 1.099253 -0.9045255 0.18109195 0.14679275
1.0788631 -0.6472247 1.099253 -0.9045255 0.18109195 0.14679275
1.0788631 -0.6472247 1.099253 -0.9045255 0.18109195 0.14679275
1.0788631 -0.6472247 1.099253 -0.9045255 0.18109195 0.14679275

-1.5562111 -0.7132931 -2.8530276 0.9329027 0.08427473 0.1459073
-1.5562111 -0.7132931 -2.8530276 0.9329027 0.08427473 0.1459073
-1.5562111 -0.7132931 -2.8530276 0.9329027 0.08427473 0.1459073
-1.5562111 -0.7132931 -2.8530276 0.9329027 0.08427473 0.1459073
-1.5562111 -0.7132931 -2.8530276 0.9329027 0.08427473 0.1459073
-1.5562111 -0.7132931 -2.8530276 0.9329027 0.08427473 0.1459073
-1.5562111 -0.7132931 -2.8530276 0.9329027 0.08427473 0.1459073

-1.9147799 0.59488255 0.29613885 0.45717877 -0.37140718 0.1374789
-1.9147799 0.59488255 0.29613885 0.45717877 -0.37140718 0.1374789
-1.9147799 0.59488255 0.29613885 0.45717877 -0.37140718 0.1374789
-1.9147799 0.59488255 0.29613885 0.45717877 -0.37140718 0.1374789
-1.9147799 0.59488255 0.29613885 0.45717877 -0.37140718 0.1374789
-1.9147799 0.59488255 0.29613885 0.45717877 -0.37140718 0.1374789
-1.9147799 0.59488255 0.29613885 0.45717877 -0.37140718 0.1374789

1.3667841 0.103605434 2.7388852 -0.6523676 -0.1330003 0.11037726
1.3667841 0.103605434 2.7388852 -0.6523676 -0.1330003 0.11037726
1.3667841 0.103605434 2.7388852 -0.6523676 -0.1330003 0.11037726
1.3667841 0.103605434 2.7388852 -0.6523676 -0.1330003 0.11037726
1.3667841 0.103605434 2.7388852 -0.6523676 -0.1330003 0.11037726
1.3667841 0.103605434 2.7388852 -0.6523676 -0.1330003 0.11037726
1.3667841 0.103605434 2.7388852 -0.6523676 -0.1330003 0.11037726

-2.3495328 0.14172424 2.084421 0.9733857 0.20934547 0.11428871
-2.3495328 0.14172424 2.084421 0.9733857 0.20934547 0.11428871
-2.3495328 0.14172424 2.084421 0.9733857 0.20934547 0.11428871
-2.3495328 0.14172424 2.084421 0.9733857 0.20934547 0.11428871
-2.3495328 0.14172424 2.084421 0.9733857 0.20934547 0.11428871
-2.3495328 0.14172424 2.084421 0.9733857 0.20934547 0.11428871
-2.3495328 0.14172424 2.084421 0.9733857 0.20934547 0.11428871

1.0575598 -0.7322829 3.0237055 -0.79152226 -0.29071283 0.14342545
1.0575598 -0.7322829 3.0237055 -0.79152226 -0.29071283 0.14342545
1.0575598 -0.7322829 3.0237055 -0.79152226 -0.29071283 0.14342545
1.0575598 -0.7322829 3.0237055 -0.79152226 -0.29071283 0.14342545
1.0575598 -0.7322829 3.0237055 -0.79152226 -0.29071283 0.14342545
1.0575598 -0.7322829 3.0237055 -0.79152226 -0.29071283 0.14342545
1.0575598 -0.7322829 3.0237055 -0.79152226 -0.29071283 0.14342545

1.1120872 0.11434022 -2.7829185 -0.527356 -0.33132866 0.13620938
1.1120872 0.11434022 -2.7829185 -0.527356 -0.33132866 0.13620938
1.1120872 0.11434022 -2.7829185 -0.527356 -0.33132866 0.13620938
1.1120872 0.11434022 -2.7829185 -0.527356 -0.33132866 0.13620938
1.1120872 0.11434022 -2.7829185 -0.527356 -0.33132866 0.13620938
1.1120872 0.11434022 -2.7829185 -0.527356 -0.33132866 0.13620938
1.1120872 0.11434022 -2.7829185 -0.527356 -0.33132866 0.13620938

-1.8401403 -0.22333235 2.5372372 -0.27673113 0.14668958 0.13067491
-1.8401403 -0.22333235 2.5372372 -0.27673113 0.14668958 0.13067491
-1.8401403 -0.22333235 2.5372372 -0.27673113 0.14668958 0.13067491
-1.8401403 -0.22333235 2.5372372 -0.27673113 0.14668958 0.13067491
-1.8401403 -0.22333235 2.5372372 -0.27673113 0.14668958 0.13067491
-1.8401403 -0.22333235 2.5372372 -0.27673113 0.14668958 0.13067491
-1.8401403 -0.22333235 2.5372372 -0.27673113 0.14668958 0.13067491

-1.721361 -0.7752449 -2.3668945 -0.3547288 0.3104247 0.12135723
-1.721361 -0.7752449 -2.3668945 -0.3547288 0.3104247 0.12135723
-1.721361 -0.7752449 -2.3668945 -0.3547288 0.3104247 0.12135723
-1.721361 -0.7752449 -2.3668945 -0.3547288 0.3104247 0.12135723
-1.721361 -0.7752449 -2.3668945 -0.3547288 0.3104247 0.12135723
-1.721361 -0.7752449 -2.3668945 -0.3547288 0.3104247 0.12135723
-1.721361 -0.7752449 -2.3668945 -0.3547288 0.3104247 0.12135723

1.4054238 -0.270848 2.43751 -0.75356936 -0.27207294 0.13743849
1.4054238 -0.270848 2.43751 -0.75356936 -0.27207294 0.13743849
1.4054238 -0.270848 2.43751 -0.75356936 -0.27207294 0.13743849
1.4054238 -0.270848 2.43751 -0.75356936 -0.27207294 0.13743849
1.4054238 -0.270848 2.43751 -0.75356936 -0.27207294 0.13743849
1.4054238 -0.270848 2.43751 -0.75356936 -0.27207294 0.13743849
1.4054238 -0.270848 2.43751 -0.75356936 -0.27207294 0.13743849

-2.8222148 0.72502637 1.9236447 0.6909636 0.17841332 0.12854213
-2.8222148 0.72502637 1.9236447 0.6909636 0.17841332 0.12854213
-2.8222148 0.72502637 1.9236447 0.6909636 0.17841332 0.12854213
-2.8222148 0.72502637 1.9236447 0.6909636 0.17841332 0.12854213
-2.8222148 0.72502637 1.9236447 0.6909636 0.17841332 0.12854213
-2.8222148 0.72502637 1.9236447 0.6909636 0.17841332 0.12854213
-2.8222148 0.72502637 1.9236447 0.6909636 0.17841332 0.12854213

-1.995616 0.3358674 0.81555045 0.8022517 0.047812663 0.14191677
-1.995616 0.3358674 0.81555045 0.8022517 0.047812663 0.14191677
-1.995616 0.3358674 0.81555045 0.8022517 0.047812663 0.14191677
-1.995616 0.3358674 0.81555045 0.8022517 0.047812663 0.14191677
-1.995616 0.3358674 0.81555045 0.8022517 0.047812663 0.14191677
-1.995616 0.3358674 0.81555045 0.8022517 0.047812663 0.14191677
-1.995616 0.3358674 0.81555045 0.8022517 0.047812663 0.14191677

1.278548 0.08507806 2.7178676 -0.8947909 -0.31130192 0.14976718
1.278548 0.08507806 2.7178676 -0.8947909 -0.31130192 0.14976718
1.278548 0.08507806 2.7178676 -0.8947909 -0.31130192 0.14976718
1.278548 0.08507806 2.7178676 -0.8947909 -0.31130192 0.14976718
1.278548 0.08507806 2.7178676 -0.8947909 -0.31130192 0.14976718
1.278548 0.08507806 2.7178676 -0.8947909 -0.31130192 0.14976718
1.278548 0.08507806 2.7178676 -0.8947909 -0.31130192 0.14976718

-2.2051387 0.40925226 2.061279 0.40667427 0.372726 0.11160655
-2.2051387 0.40925226 2.061279 0.40667427 0.372726 0.11160655
-2.2051387 0.40925226 2.061279 0.40667427 0.372726 0.11160655
-2.2051387 0.40925226 2.061279 0.40667427 0.372726 0.11160655
-2.2051387 0.40925226 2.061279 0.40667427 0.372726 0.11160655
-2.2051387 0.40925226 2.061279 0.40667427 0.372726 0.11160655
-2.2051387 0.40925226 2.061279 0.40667427 0.372726 0.11160655

-1.1693113 1.1806632 -1.9305545 -0.23363556 0.37968692 0.12090855
-1.1693113 1.1806632 -1.9305545 -0.23363556 0.37968692 0.12090855
-1.1693113 1.1806632 -1.9305545 -0.23363556 0.37968692 0.12090855
-1.1693113 1.1806632 -1.9305545 -0.23363556 0.37968692 0.12090855
-1.1693113 1.1806632 -1.9305545 -0.23363556 0.37968692 0.12090855
-1.1693113 1.1806632 -1.9305545 -0.23363556 0.37968692 0.12090855
-1.1693113 1.1806632 -1.9305545 -0.23363556 0.37968692 0.12090855

-1.3619902 -0.4263885 -2.9480991 -0.27016723 0.08908471 0.11784519
-1.3619902 -0.4263885 -2.9480991 -0.27016723 0.08908471 0.11784519
-1.3619902 -0.4263885 -2.9480991 -0.27016723 0.08908471 0.11784519
-1.3619902 -0.4263885 -2.9480991 -0.27016723 0.08908471 0.11784519
-1.3619902 -0.4263885 -2.9480991 -0.27016723 0.08908471 0.11784519
-1.3619902 -0.4263885 -2.9480991 -0.27016723 0.08908471 0.11784519
-1.3619902 -0.4263885 -2.9480991 -0.27016723 0.08908471 0.11784519

-2.221586 -0.29232925 -2.1660209 -0.76620424 0.18646659 0.12900499
-2.221586 -0.29232925 -2.1660209 -0.76620424 0.18646659 0.12900499
-2.221586 -0.29232925 -2.1660209 -0.76620424 0.18646659 0.12900499
-2.221586 -0.29232925 -2.1660209 -0.76620424 0.18646659 0.12900499
-2.221586 -0.29232925 -2.1660209 -0.76620424 0.18646659 0.12900499
-2.221586 -0.29232925 -2.1660209 -0.76620424 0.18646659 0.12900499
-2.221586 -0.29232925 -2.1660209 -0.76620424 0.18646659 0.12900499

-1.6030109 0.26059946 2.3986828 0.8693202 0.2099259 0.13676792
-1.6030109 0.26059946 2.3986828 0.8693202 0.2099259 0.13676792
-1.6030109 0.26059946 2.3986828 0.8693202 0.2099259 0.13676792
-1.6030109 0.26059946 2.3986828 0.8693202 0.2099259 0.13676792
-1.6030109 0.26059946 2.3986828 0.8693202 0.2099259 0.13676792
-1.6030109 0.26059946 2.3986828 0.8693202 0.2099259 0.13676792
-1.6030109 0.26059946 2.3986828 0.8693202 0.2099259 0.13676792

1.990527 -0.13289736 2.880963 -0.89608467 -0.1253422 0.13804033
1.990527 -0.13289736 2.880963 -0.89608467 -0.1253422 0.13804033
1.990527 -0.13289736 2.880963 -0.89608467 -0.1253422 0.13804033
1.990527 -0.13289736 2.880963 -0.89608467 -0.1253422 0.13804033
1.990527 -0.13289736 2.880963 -0.89608467 -0.1253422 0.13804033
1.990527 -0.13289736 2.880963 -0.89608467 -0.1253422 0.13804033
1.990527 -0.13289736 2.880963 -0.89608467 -0.1253422 0.13804033

-2.0787919 0.3057802 -0.9899816 -0.7140723 -0.28792858 0.14326936
-2.0787919 0.3057802 -0.9899816 -0.7140723 -0.28792858 0.14326936
-2.0787919 0.3057802 -0.9899816 -0.7140723 -0.28792858 0.14326936
-2.0787919 0.3057802 -0.9899816 -0.7140723 -0.28792858 0.14326936
-2.0787919 0.3057802 -0.9899816 -0.7140723 -0.28792858 0.14326936
-2.0787919 0.3057802 -0.9899816 -0.7140723 -0.28792858 0.14326936
-2.0787919 0.3057802 -0.9899816 -0.7140723 -0.28792858 0.14326936

1.2403218 0.20236391 0.11595819 -0.40286052 0.23041578 0.14806664
1.2403218 0.20236391 0.11595819 -0.40286052 0.23041578 0.14806664
1.2403218 0.20236391 0.11595819 -0.40286052 0.23041578 0.14806664
1.2403218 0.20236391 0.11595819 -0.40286052 0.23041578 0.14806664
1.2403218 0.20236391 0.11595819 -0.40286052 0.23041578 0.14806664
1.2403218 0.20236391 0.11595819 -0.40286052 0.23041578 0.14806664
1.2403218 0.20236391 0.11595819 -0.40286052 0.23041578 0.14806664

-1.6816905 0.8412794 -1.4037507 -0.71844053 -0.31794918 0.12089911
-1.6816905 0.8412794 -1.4037507 -0.71844053 -0.31794918 0.12089911
-1.6816905 0.8412794 -1.4037507 -0.71844053 -0.31794918 0.12089911
-1.6816905 0.8412794 -1.4037507 -0.71844053 -0.31794918 0.12089911
-1.6816905 0.8412794 -1.4037507 -0.71844053 -0.31794918 0.12089911
-1.6816905 0.8412794 -1.4037507 -0.71844053 -0.31794918 0.12089911
-1.6816905 0.8412794 -1.4037507 -0.71844053 -0.31794918 0.12089911

1.3850313 0.5623748 0.67296183 0.97394514 0.4198698 0.13692221
1.3850313 0.5623748 0.67296183 0.97394514 0.4198698 0.13692221
1.3850313 0.5623748 0.67296183 0.97394514 0.4198698 0.13692221
1.3850313 0.5623748 0.67296183 0.97394514 0.4198698 0.13692221
1.3850313 0.5623748 0.67296183 0.97394514 0.4198698 0.13692221
1.3850313 0.5623748 0.67296183 0.97394514 0.4198698 0.13692221
1.3850313 0.5623748 0.67296183 0.97394514 0.4198698 0.13692221

1.5090468 -0.706057 2.022389 -0.6690264 -0.32396024 0.11835566
1.5090468 -0.706057 2.022389 -0.6690264 -0.32396024 0.11835566
1.5090468 -0.706057 2.022389 -0.6690264 -0.32396024 0.11835566
1.5090468 -0.706057 2.022389 -0.6690264 -0.32396024 0.11835566
1.5090468 -0.706057 2.022389 -0.6690264 -0.32396024 0.11835566
1.5090468 -0.706057 2.022389 -0.6690264 -0.32396024 0.11835566
1.5090468 -0.706057 2.022389 -0.6690264 -0.32396024 0.11835566

-3.0967143 -0.38803828 0.83556825 -0.9366104 -0.30573985 0.14192802
-3.0967143 -0.38803828 0.83556825 -0.9366104 -0.30573985 0.14192802
-3.0967143 -0.38803828 0.83556825 -0.9366104 -0.30573985 0.14192802
-3.0967143 -0.38803828 0.83556825 -0.9366104 -0.30573985 0.14192802
-3.0967143 -0.38803828 0.83556825 -0.9366104 -0.30573985 0.14192802
-3.0967143 -0.38803828 0.83556825 -0.9366104 -0.30573985 0.14192802
-3.0967143 -0.38803828 0.83556825 -0.9366104 -0.30573985 0.14192802

0.98201776 -0.3265764 -0.027718885 0.8513841 0.1841104 0.14837508
0.98201776 -0.3265764 -0.027718885 0.8513841 0.1841104 0.14837508
0.98201776 -0.3265764 -0.027718885 0.8513841 0.1841104 0.14837508
0.98201776 -0.3265764 -0.027718885 0.8513841 0.1841104 0.14837508
0.98201776 -0.3265764 -0.027718885 0.8513841 0.1841104 0.14837508
0.98201776 -0.3265764 -0.027718885 0.8513841 0.1841104 0.14837508
0.98201776 -0.3265764 -0.027718885 0.8513841 0.1841104 0.14837508

-2.7337718 0.9627164 3.0389583 -0.8004432 0.052093554 0.12228974
-2.7337718 0.9627164 3.0389583 -0.8004432 0.052093554 0.12228974
-2.7337718 0.9627164 3.0389583 -0.8004432 0.052093554 0.12228974
-2.7337718 0.9627164 3.0389583 -0.8004432 0.052093554 0.12228974
-2.7337718 0.9627164 3.0389583 -0.8004432 0.052093554 0.12228974
-2.7337718 0.9627164 3.0389583 -0.8004432 0.052093554 0.12228974
-2.7337718 0.9627164 3.0389583 -0.8004432 0.052093554 0.12228974

-1.7560648 0.06827559 0.62350404 0.0069157686 -0.22668241 0.11336417
-1.7560648 0.06827559 0.62350404 0.0069157686 -0.22668241 0.11336417
-1.7560648 0.06827559 0.62350404 0.0069157686 -0.22668241 0.11336417
-1.7560648 0.06827559 0.62350404 0.0069157686 -0.22668241 0.11336417
-1.7560648 0.06827559 0.62350404 0.0069157686 -0.22668241 0.11336417
-1.7560648 0.06827559 0.62350404 0.0069157686 -0.22668241 0.11336417
-1.7560648 0.06827559 0.62350404 0.0069157686 -0.22668241 0.11336417

-1.7349939 0.34459075 -2.7125056 -0.942367 -0.23331566 0.11416124
-1.7349939 0.34459075 -2.7125056 -0.942367 -0.23331566 0.11416124
-1.7349939 0.34459075 -2.7125056 -0.942367 -0.23331566 0.11416124
-1.7349939 0.34459075 -2.7125056 -0.942367 -0.23331566 0.11416124
-1.7349939 0.34459075 -2.7125056 -0.942367 -0.23331566 0.11416124
-1.7349939 0.34459075 -2.7125056 -0.942367 -0.23331566 0.11416124
-1.7349939 0.34459075 -2.7125056 -0.942367 -0.23331566 0.11416124

-2.4206812 -0.94014853 0.13770331 -0.919294 0.04154549 0.13714145
-2.4206812 -0.94014853 0.13770331 -0.919294 0.04154549 0.13714145
-2.4206812 -0.94014853 0.13770331 -0.919294 0.04154549 0.13714145
-2.4206812 -0.94014853 0.13770331 -0.919294 0.04154549 0.13714145
-2.4206812 -0.94014853 0.13770331 -0.919294 0.04154549 0.13714145
-2.4206812 -0.94014853 0.13770331 -0.919294 0.04154549 0.13714145
-2.4206812 -0.94014853 0.13770331 -0.919294 0.04154549 0.13714145

1.1955265 0.7490462 -0.13113026 -0.62374324 0.1676277 0.1168397
1.1955265 0.7490462 -0.13113026 -0.62374324 0.1676277 0.1168397
1.1955265 0.7490462 -0.13113026 -0.62374324 0.1676277 0.1168397
1.1955265 0.7490462 -0.13113026 -0.62374324 0.1676277 0.1168397
1.1955265 0.7490462 -0.13113026 -0.62374324 0.1676277 0.1168397
1.1955265 0.7490462 -0.13113026 -0.62374324 0.1676277 0.1168397
1.1955265 0.7490462 -0.13113026 -0.62374324 0.1676277 0.1168397

-2.8630743 -0.70730895 -1.4800925 -0.6775385 0.3154599 0.13361232
-2.8630743 -0.70730895 -1.4800925 -0.6775385 0.3154599 0.13361232
-2.8630743 -0.70730895 -1.4800925 -0.6775385 0.3154599 0.13361232
-2.8630743 -0.70730895 -1.4800925 -0.6775385 0.3154599 0.13361232
-2.8630743 -0.70730895 -1.4800925 -0.6775385 0.3154599 0.13361232
-2.8630743 -0.70730895 -1.4800925 -0.6775385 0.3154599 0.13361232
-2.8630743 -0.70730895 -1.4800925 -0.6775385 0.3154599 0.13361232

-2.0060406 0.0858276 0.6120808 -0.048290465 -0.212393 0.13106598
-2.0060406 0.0858276 0.6120808 -0.048290465 -0.212393 0.13106598
-2.0060406 0.0858276 0.6120808 -0.048290465 -0.212393 0.13106598
-2.0060406 0.0858276 0.6120808 -0.048290465 -0.212393 0.13106598
-2.0060406 0.0858276 0.6120808 -0.048290465 -0.212393 0.13106598
-2.0060406 0.0858276 0.6120808 -0.048290465 -0.212393 0.13106598
-2.0060406 0.0858276 0.6120808 -0.048290465 -0.212393 0.13106598

-1.6609645 0.26101482 -0.9898916 -0.79270285 -0.2646594 0.11420767
-1.6609645 0.26101482 -0.9898916 -0.79270285 -0.2646594 0.11420767
-1.6609645 0.26101482 -0.9898916 -0.79270285 -0.2646594 0.11420767
-1.6609645 0.26101482 -0.9898916 -0.79270285 -0.2646594 0.11420767
-1.6609645 0.26101482 -0.9898916 -0.79270285 -0.2646594 0.11420767
-1.6609645 0.26101482 -0.9898916 -0.79270285 -0.2646594 0.11420767
-1.6609645 0.26101482 -0.9898916 -0.79270285 -0.2646594 0.11420767

-1.4896816 -0.46886826 1.7486554 0.6378487 -0.13214472 0.11477862
-1.4896816 -0.46886826 1.7486554 0.6378487 -0.13214472 0.11477862
-1.4896816 -0.46886826 1.7486554 0.6378487 -0.13214472 0.11477862
-1.4896816 -0.46886826 1.7486554 0.6378487 -0.13214472 0.11477862
-1.4896816 -0.46886826 1.7486554 0.6378487 -0.13214472 0.11477862
-1.4896816 -0.46886826 1.7486554 0.6378487 -0.13214472 0.11477862
-1.4896816 -0.46886826 1.7486554 0.6378487 -0.13214472 0.11477862

-1.173653 0.48873365 0.61191726 0.9333864 0.2519074 0.14717844
-1.173653 0.48873365 0.61191726 0.9333864 0.2519074 0.14717844
-1.173653 0.48873365 0.61191726 0.9333864 0.2519074 0.14717844
-1.173653 0.48873365 0.61191726 0.9333864 0.2519074 0.14717844
-1.173653 0.48873365 0.61191726 0.9333864 0.2519074 0.14717844
-1.173653 0.48873365 0.61191726 0.9333864 0.2519074 0.14717844
-1.173653 0.48873365 0.61191726 0.9333864 0.2519074 0.14717844

-1.7577825 -0.17267035 -0.8487383 -0.73367757 -0.27252716 0.13725385
-1.7577825 -0.17267035 -0.8487383 -0.73367757 -0.27252716 0.13725385
-1.7577825 -0.17267035 -0.8487383 -0.73367757 -0.27252716 0.13725385
-1.7577825 -0.17267035 -0.8487383 -0.73367757 -0.27252716 0.13725385
-1.7577825 -0.17267035 -0.8487383 -0.73367757 -0.27252716 0.13725385
-1.7577825 -0.17267035 -0.8487383 -0.73367757 -0.27252716 0.13725385
-1.7577825 -0.17267035 -0.8487383 -0.73367757 -0.27252716 0.13725385

0.92457634 0.3493737 -0.051073264 0.6800372 0.29180744 0.13022186
0.92457634 0.3493737 -0.051073264 0.6800372 0.29180744 0.13022186
0.92457634 0.3493737 -0.051073264 0.6800372 0.29180744 0.13022186
0.92457634 0.3493737 -0.051073264 0.6800372 0.29180744 0.13022186
0.92457634 0.3493737 -0.051073264 0.6800372 0.29180744 0.13022186
0.92457634 0.3493737 -0.051073264 0.6800372 0.29180744 0.13022186
0.92457634 0.3493737 -0.051073264 0.6800372 0.29180744 0.13022186

-1.7190857 0.39590058 2.1902895 -0.023058841 0.3638354 0.12484793
-1.7190857 0.39590058 2.1902895 -0.023058841 0.3638354 0.12484793
-1.7190857 0.39590058 2.1902895 -0.023058841 0.3638354 0.12484793
-1.7190857 0.39590058 2.1902895 -0.023058841 0.3638354 0.12484793
-1.7190857 0.39590058 2.1902895 -0.023058841 0.3638354 0.12484793
-1.7190857 0.39590058 2.1902895 -0.023058841 0.3638354 0.12484793
-1.7190857 0.39590058 2.1902895 -0.023058841 0.3638354 0.12484793

0.79364 -1.1519794 2.6990654 -0.7477382 0.043204654 0.11123406
0.79364 -1.1519794 2.6990654 -0.7477382 0.043204654 0.11123406
0.79364 -1.1519794 2.6990654 -0.7477382 0.043204654 0.11123406
0.79364 -1.1519794 2.6990654 -0.7477382 0.043204654 0.11123406
0.79364 -1.1519794 2.6990654 -0.7477382 0.043204654 0.11123406
0.79364 -1.1519794 2.6990654 -0.7477382 0.043204654 0.11123406
0.79364 -1.1519794 2.6990654 -0.7477382 0.043204654 0.11123406

2.4935484 0.8303409 -3.1396556 -0.89372486 -0.17442124 0.123197585
2.4935484 0.8303409 -3.1396556 -0.89372486 -0.17442124 0.123197585
2.4935484 0.8303409 -3.1396556 -0.89372486 -0.17442124 0.123197585
2.4935484 0.8303409 -3.1396556 -0.89372486 -0.17442124 0.123197585
2.4935484 0.8303409 -3.1396556 -0.89372486 -0.17442124 0.123197585
2.4935484 0.8303409 -3.1396556 -0.89372486 -0.17442124 0.123197585
2.4935484 0.8303409 -3.1396556 -0.89372486 -0.17442124 0.123197585

-2.3347766 0.52336824 1.4286636 0.6943687 -0.10058136 0.12654376
-2.3347766 0.52336824 1.4286636 0.6943687 -0.10058136 0.12654376
-2.3347766 0.52336824 1.4286636 0.6943687 -0.10058136 0.12654376
-2.3347766 0.52336824 1.4286636 0.6943687 -0.10058136 0.12654376
-2.3347766 0.52336824 1.4286636 0.6943687 -0.10058136 0.12654376
-2.3347766 0.52336824 1.4286636 0.6943687 -0.10058136 0.12654376
-2.3347766 0.52336824 1.4286636 0.6943687 -0.10058136 0.12654376

0.63445395 0.28470635 2.0837495 -0.83131915 -0.25633812 0.14725964
0.63445395 0.28470635 2.0837495 -0.83131915 -0.25633812 0.14725964
0.63445395 0.28470635 2.0837495 -0.83131915 -0.25633812 0.14725964
0.63445395 0.28470635 2.0837495 -0.83131915 -0.25633812 0.14725964
0.63445395 0.28470635 2.0837495 -0.83131915 -0.25633812 0.14725964
0.63445395 0.28470635 2.0837495 -0.83131915 -0.25633812 0.14725964
0.63445395 0.28470635 2.0837495 -0.83131915 -0.25633812 0.14725964

1.314081 -0.76482874 1.2095022 -0.7571265 -0.013631458 0.14970003
1.314081 -0.76482874 1.2095022 -0.7571265 -0.013631458 0.14970003
1.314081 -0.76482874 1.2095022 -0.7571265 -0.013631458 0.14970003
1.314081 -0.76482874 1.2095022 -0.7571265 -0.013631458 0.14970003
1.314081 -0.76482874 1.2095022 -0.7571265 -0.013631458 0.14970003
1.314081 -0.76482874 1.2095022 -0.7571265 -0.013631458 0.14970003
1.314081 -0.76482874 1.2095022 -0.7571265 -0.013631458 0.14970003

2.7455015 -0.91837376 0.21197654 -0.8143601 0.10535945 0.11307952
2.7455015 -0.91837376 0.21197654 -0.8143601 0.10535945 0.11307952
2.7455015 -0.91837376 0.21197654 -0.8143601 0.10535945 0.11307952
2.7455015 -0.91837376 0.21197654 -0.8143601 0.10535945 0.11307952
2.7455015 -0.91837376 0.21197654 -0.8143601 0.10535945 0.11307952
2.7455015 -0.91837376 0.21197654 -0.8143601 0.10535945 0.11307952
2.7455015 -0.91837376 0.21197654 -0.8143601 0.10535945 0.11307952

-2.797663 -0.2172046 -2.2714756 -0.8467711 0.34403938 0.13747719
-2.797663 -0.2172046 -2.2714756 -0.8467711 0.34403938 0.13747719
-2.797663 -0.2172046 -2.2714756 -0.8467711 0.34403938 0.13747719
-2.797663 -0.2172046 -2.2714756 -0.8467711 0.34403938 0.13747719
-2.797663 -0.2172046 -2.2714756 -0.8467711 0.34403938 0.13747719
-2.797663 -0.2172046 -2.2714756 -0.8467711 0.34403938 0.13747719
-2.797663 -0.2172046 -2.2714756 -0.8467711 0.34403938 0.13747719

-2.7828236 0.9194558 0.18343072 0.7468573 -0.22903657 0.118895225
-2.7828236 0.9194558 0.18343072 0.7468573 -0.22903657 0.118895225
-2.7828236 0.9194558 0.18343072 0.7468573 -0.22903657 0.118895225
-2.7828236 0.9194558 0.18343072 0.7468573 -0.22903657 0.118895225
-2.7828236 0.9194558 0.18343072 0.7468573 -0.22903657 0.118895225
-2.7828236 0.9194558 0.18343072 0.7468573 -0.22903657 0.118895225
-2.7828236 0.9194558 0.18343072 0.7468573 -0.22903657 0.118895225

-2.1081054 0.25875306 -1.2925543 -0.77399546 0.12696102 0.123106405
-2.1081054 0.25875306 -1.2925543 -0.77399546 0.12696102 0.123106405
-2.1081054 0.25875306 -1.2925543 -0.77399546 0.12696102 0.123106405
-2.1081054 0.25875306 -1.2925543 -0.77399546 0.12696102 0.123106405
-2.1081054 0.25875306 -1.2925543 -0.77399546 0.12696102 0.123106405
-2.1081054 0.25875306 -1.2925543 -0.77399546 0.12696102 0.123106405
-2.1081054 0.25875306 -1.2925543 -0.77399546 0.12696102 0.123106405

1.3939134 -0.56861323 1.5957701 -0.6901866 -0.021770803 0.13599451
1.3939134 -0.56861323 1.5957701 -0.6901866 -0.021770803 0.13599451
1.3939134 -0.56861323 1.5957701 -0.6901866 -0.021770803 0.13599451
1.3939134 -0.56861323 1.5957701 -0.6901866 -0.021770803 0.13599451
1.3939134 -0.56861323 1.5957701 -0.6901866 -0.021770803 0.13599451
1.3939134 -0.56861323 1.5957701 -0.6901866 -0.021770803 0.13599451
1.3939134 -0.56861323 1.5957701 -0.6901866 -0.021770803 0.13599451

-1.8278409 1.3377371 2.7103496 0.9892453 0.09979632 0.1154641
-1.8278409 1.3377371 2.7103496 0.9892453 0.09979632 0.1154641
-1.8278409 1.3377371 2.7103496 0.9892453 0.09979632 0.1154641
-1.8278409 1.3377371 2.7103496 0.9892453 0.09979632 0.1154641
-1.8278409 1.3377371 2.7103496 0.9892453 0.09979632 0.1154641
-1.8278409 1.3377371 2.7103496 0.9892453 0.09979632 0.1154641
-1.8278409 1.3377371 2.7103496 0.9892453 0.09979632 0.1154641

-1.646942 -0.12046638 0.11088065 0.8153784 -0.064778745 0.112790674
-1.646942 -0.12046638 0.11088065 0.8153784 -0.064778745 0.112790674
-1.646942 -0.12046638 0.11088065 0.8153784 -0.064778745 0.112790674
-1.646942 -0.12046638 0.11088065 0.8153784 -0.064778745 0.112790674
-1.646942 -0.12046638 0.11088065 0.8153784 -0.064778745 0.112790674
-1.646942 -0.12046638 0.11088065 0.8153784 -0.064778745 0.112790674
-1.646942 -0.12046638 0.11088065 0.8153784 -0.064778745 0.112790674

-1.8206517 0.4405718 -1.0800043 0.62009877 -0.34261674 0.12205219
-1.8206517 0.4405718 -1.0800043 0.62009877 -0.34261674 0.12205219
-1.8206517 0.4405718 -1.0800043 0.62009877 -0.34261674 0.12205219
-1.8206517 0.4405718 -1.0800043 0.62009877 -0.34261674 0.12205219
-1.8206517 0.4405718 -1.0800043 0.62009877 -0.34261674 0.12205219
-1.8206517 0.4405718 -1.0800043 0.62009877 -0.34261674 0.12205219
-1.8206517 0.4405718 -1.0800043 0.62009877 -0.34261674 0.12205219

-2.1138592 -0.42597312 2.3163314 0.7834259 0.38031954 0.13262284
-2.1138592 -0.42597312 2.3163314 0.7834259 0.38031954 0.13262284
-2.1138592 -0.42597312 2.3163314 0.7834259 0.38031954 0.13262284
-2.1138592 -0.42597312 2.3163314 0.7834259 0.38031954 0.13262284
-2.1138592 -0.42597312 2.3163314 0.7834259 0.38031954 0.13262284
-2.1138592 -0.42597312 2.3163314 0.7834259 0.38031954 0.13262284
-2.1138592 -0.42597312 2.3163314 0.7834259 0.38031954 0.13262284

-1.8980383 0.23013774 2.0674114 0.7329341 0.36778432 0.14891355
-1.8980383 0.23013774 2.0674114 0.7329341 0.36778432 0.14891355
-1.8980383 0.23013774 2.0674114 0.7329341 0.36778432 0.14891355
-1.8980383 0.23013774 2.0674114 0.7329341 0.36778432 0.14891355
-1.8980383 0.23013774 2.0674114 0.7329341 0.36778432 0.14891355
-1.8980383 0.23013774 2.0674114 0.7329341 0.36778432 0.14891355
-1.8980383 0.23013774 2.0674114 0.7329341 0.36778432 0.14891355

1.0086008 -0.17497994 -3.073389 -0.1394456 -0.3021349 0.14945863
1.0086008 -0.17497994 -3.073389 -0.1394456 -0.3021349 0.14945863
1.0086008 -0.17497994 -3.073389 -0.1394456 -0.3021349 0.14945863
1.0086008 -0.17497994 -3.073389 -0.1394456 -0.3021349 0.14945863
1.0086008 -0.17497994 -3.073389 -0.1394456 -0.3021349 0.14945863
1.0086008 -0.17497994 -3.073389 -0.1394456 -0.3021349 0.14945863
1.0086008 -0.17497994 -3.073389 -0.1394456 -0.3021349 0.14945863

-2.1286216 0.19816327 -0.99398977 -0.6701995 -0.40488997 0.12634212
-2.1286216 0.19816327 -0.99398977 -0.6701995 -0.40488997 0.12634212
-2.1286216 0.19816327 -0.99398977 -0.6701995 -0.40488997 0.12634212
-2.1286216 0.19816327 -0.99398977 -0.6701995 -0.40488997 0.12634212
-2.1286216 0.19816327 -0.99398977 -0.6701995 -0.40488997 0.12634212
-2.1286216 0.19816327 -0.99398977 -0.6701995 -0.40488997 0.12634212
-2.1286216 0.19816327 -0.99398977 -0.6701995 -0.40488997 0.12634212

1.062151 -0.16455485 1.5804905 -0.880405 0.35982665 0.12470692
1.062151 -0.16455485 1.5804905 -0.880405 0.35982665 0.12470692
1.062151 -0.16455485 1.5804905 -0.880405 0.35982665 0.12470692
1.062151 -0.16455485 1.5804905 -0.880405 0.35982665 0.12470692
1.062151 -0.16455485 1.5804905 -0.880405 0.35982665 0.12470692
1.062151 -0.16455485 1.5804905 -0.880405 0.35982665 0.12470692
1.062151 -0.16455485 1.5804905 -0.880405 0.35982665 0.12470692

-1.8657906 0.123757794 2.418478 0.89718765 0.15536088 0.11036142
-1.8657906 0.123757794 2.418478 0.89718765 0.15536088 0.11036142
-1.8657906 0.123757794 2.418478 0.89718765 0.15536088 0.11036142
-1.8657906 0.123757794 2.418478 0.89718765 0.15536088 0.11036142
-1.8657906 0.123757794 2.418478 0.89718765 0.15536088 0.11036142
-1.8657906 0.123757794 2.418478 0.89718765 0.15536088 0.11036142
-1.8657906 0.123757794 2.418478 0.89718765 0.15536088 0.11036142

-2.3202531 0.52301085 -1.3039895 0.69256306 -0.34487683 0.11270114
-2.3202531 0.52301085 -1.3039895 0.69256306 -0.34487683 0.11270114
-2.3202531 0.52301085 -1.3039895 0.69256306 -0.34487683 0.11270114
-2.3202531 0.52301085 -1.3039895 0.69256306 -0.34487683 0.11270114
-2.3202531 0.52301085 -1.3039895 0.69256306 -0.34487683 0.11270114
-2.3202531 0.52301085 -1.3039895 0.69256306 -0.34487683 0.11270114
-2.3202531 0.52301085 -1.3039895 0.69256306 -0.34487683 0.11270114

-1.7277919 -0.3423664 -2.845264 -0.25768852 0.28214285 0.116122715
-1.7277919 -0.3423664 -2.845264 -0.25768852 0.28214285 0.116122715
-1.7277919 -0.3423664 -2.845264 -0.25768852 0.28214285 0.116122715
-1.7277919 -0.3423664 -2.845264 -0.25768852 0.28214285 0.116122715
-1.7277919 -0.3423664 -2.845264 -0.25768852 0.28214285 0.116122715
-1.7277919 -0.3423664 -2.845264 -0.25768852 0.28214285 0.116122715
-1.7277919 -0.3423664 -2.845264 -0.25768852 0.28214285 0.116122715

1.1591911 0.6022881 3.0400345 0.1035429 -0.24419767 0.12773737
1.1591911 0.6022881 3.0400345 0.1035429 -0.24419767 0.12773737
1.1591911 0.6022881 3.0400345 0.1035429 -0.24419767 0.12773737
1.1591911 0.6022881 3.0400345 0.1035429 -0.24419767 0.12773737
1.1591911 0.6022881 3.0400345 0.1035429 -0.24419767 0.12773737
1.1591911 0.6022881 3.0400345 0.1035429 -0.24419767 0.12773737
1.1591911 0.6022881 3.0400345 0.1035429 -0.24419767 0.12773737

-1.9051301 0.3238287 1.5733443 0.61441094 0.11889709 0.14259261
-1.9051301 0.3238287 1.5733443 0.61441094 0.11889709 0.14259261
-1.9051301 0.3238287 1.5733443 0.61441094 0.11889709 0.14259261
-1.9051301 0.3238287 1.5733443 0.61441094 0.11889709 0.14259261
-1.9051301 0.3238287 1.5733443 0.61441094 0.11889709 0.14259261
-1.9051301 0.3238287 1.5733443 0.61441094 0.11889709 0.14259261
-1.9051301 0.3238287 1.5733443 0.61441094 0.11889709 0.14259261

-1.9438137 1.0194756 1.8880299 0.84704936 0.38846412 0.113799065
-1.9438137 1.0194756 1.8880299 0.84704936 0.38846412 0.113799065
-1.9438137 1.0194756 1.8880299 0.84704936 0.38846412 0.113799065
-1.9438137 1.0194756 1.8880299 0.84704936 0.38846412 0.113799065
-1.9438137 1.0194756 1.8880299 0.84704936 0.38846412 0.113799065
-1.9438137 1.0194756 1.8880299 0.84704936 0.38846412 0.113799065
-1.9438137 1.0194756 1.8880299 0.84704936 0.38846412 0.113799065

-1.310332 -0.5396205 0.26330763 0.9359584 -0.34771508 0.119946375
-1.310332 -0.5396205 0.26330763 0.9359584 -0.34771508 0.119946375
-1.310332 -0.5396205 0.26330763 0.9359584 -0.34771508 0.119946375
-1.310332 -0.5396205 0.26330763 0.9359584 -0.34771508 0.119946375
-1.310332 -0.5396205 0.26330763 0.9359584 -0.34771508 0.119946375
-1.310332 -0.5396205 0.26330763 0.9359584 -0.34771508 0.119946375
-1.310332 -0.5396205 0.26330763 0.9359584 -0.34771508 0.119946375

1.380401 0.5893922 -0.12812777 0.8672648 0.24643512 0.12923208
1.380401 0.5893922 -0.12812777 0.8672648 0.24643512 0.12923208
1.380401 0.5893922 -0.12812777 0.8672648 0.24643512 0.12923208
1.380401 0.5893922 -0.12812777 0.8672648 0.24643512 0.12923208
1.380401 0.5893922 -0.12812777 0.8672648 0.24643512 0.12923208
1.380401 0.5893922 -0.12812777 0.8672648 0.24643512 0.12923208
1.380401 0.5893922 -0.12812777 0.8672648 0.24643512 0.12923208

1.3862236 0.8745731 0.76054305 0.60735613 0.36114028 0.113091774
1.3862236 0.8745731 0.76054305 0.60735613 0.36114028 0.113091774
1.3862236 0.8745731 0.76054305 0.60735613 0.36114028 0.113091774
1.3862236 0.8745731 0.76054305 0.60735613 0.36114028 0.113091774
1.3862236 0.8745731 0.76054305 0.60735613 0.36114028 0.113091774
1.3862236 0.8745731 0.76054305 0.60735613 0.36114028 0.113091774
1.3862236 0.8745731 0.76054305 0.60735613 0.36114028 0.113091774

1.3265542 0.13344577 -0.6667802 0.7341355 0.37923542 0.11912579
1.3265542 0.13344577 -0.6667802 0.7341355 0.37923542 0.11912579
1.3265542 0.13344577 -0.6667802 0.7341355 0.37923542 0.11912579
1.3265542 0.13344577 -0.6667802 0.7341355 0.37923542 0.11912579
1.3265542 0.13344577 -0.6667802 0.7341355 0.37923542 0.11912579
1.3265542 0.13344577 -0.6667802 0.7341355 0.37923542 0.11912579
1.3265542 0.13344577 -0.6667802 0.7341355 0.37923542 0.11912579

2.8276908 0.1123687 2.5181344 -0.93142307 -0.09643179 0.13367161
2.8276908 0.1123687 2.5181344 -0.93142307 -0.09643179 0.13367161
2.8276908 0.1123687 2.5181344 -0.93142307 -0.09643179 0.13367161
2.8276908 0.1123687 2.5181344 -0.93142307 -0.09643179 0.13367161
2.8276908 0.1123687 2.5181344 -0.93142307 -0.09643179 0.13367161
2.8276908 0.1123687 2.5181344 -0.93142307 -0.09643179 0.13367161
2.8276908 0.1123687 2.5181344 -0.93142307 -0.09643179 0.13367161

-1.5029721 -0.23538677 1.6216552 0.6266734 0.07963601 0.13246396
-1.5029721 -0.23538677 1.6216552 0.6266734 0.07963601 0.13246396
-1.5029721 -0.23538677 1.6216552 0.6266734 0.07963601 0.13246396
-1.5029721 -0.23538677 1.6216552 0.6266734 0.07963601 0.13246396
-1.5029721 -0.23538677 1.6216552 0.6266734 0.07963601 0.13246396
-1.5029721 -0.23538677 1.6216552 0.6266734 0.07963601 0.13246396
-1.5029721 -0.23538677 1.6216552 0.6266734 0.07963601 0.13246396

-1.5525514 0.23870876 -1.2703215 -0.7075083 0.16374737 0.13378096
-1.5525514 0.23870876 -1.2703215 -0.7075083 0.16374737 0.13378096
-1.5525514 0.23870876 -1.2703215 -0.7075083 0.16374737 0.13378096
-1.5525514 0.23870876 -1.2703215 -0.7075083 0.16374737 0.13378096
-1.5525514 0.23870876 -1.2703215 -0.7075083 0.16374737 0.13378096
-1.5525514 0.23870876 -1.2703215 -0.7075083 0.16374737 0.13378096
-1.5525514 0.23870876 -1.2703215 -0.7075083 0.16374737 0.13378096

1.0936266 -0.49354652 0.40947625 -0.7791063 0.22207627 0.14208287
1.0936266 -0.49354652 0.40947625 -0.7791063 0.22207627 0.14208287
1.0936266 -0.49354652 0.40947625 -0.7791063 0.22207627 0.14208287
1.0936266 -0.49354652 0.40947625 -0.7791063 0.22207627 0.14208287
1.0936266 -0.49354652 0.40947625 -0.7791063 0.22207627 0.14208287
1.0936266 -0.49354652 0.40947625 -0.7791063 0.22207627 0.14208287
1.0936266 -0.49354652 0.40947625 -0.7791063 0.22207627 0.14208287

-1.3606503 -0.37603074 -1.5510733 -0.66732997 -0.41797867 0.13416517
-1.3606503 -0.37603074 -1.5510733 -0.66732997 -0.41797867 0.13416517
-1.3606503 -0.37603074 -1.5510733 -0.66732997 -0.41797867 0.13416517
-1.3606503 -0.37603074 -1.5510733 -0.66732997 -0.41797867 0.13416517
-1.3606503 -0.37603074 -1.5510733 -0.66732997 -0.41797867 0.13416517
-1.3606503 -0.37603074 -1.5510733 -0.66732997 -0.41797867 0.13416517
-1.3606503 -0.37603074 -1.5510733 -0.66732997 -0.41797867 0.13416517

-2.0199554 0.24945235 2.6369357 0.78731716 0.19659431 0.14925018
-2.0199554 0.24945235 2.6369357 0.78731716 0.19659431 0.14925018
-2.0199554 0.24945235 2.6369357 0.78731716 0.19659431 0.14925018
-2.0199554 0.24945235 2.6369357 0.78731716 0.19659431 0.14925018
-2.0199554 0.24945235 2.6369357 0.78731716 0.19659431 0.14925018
-2.0199554 0.24945235 2.6369357 0.78731716 0.19659431 0.14925018
-2.0199554 0.24945235 2.6369357 0.78731716 0.19659431 0.14925018

2.8383281 0.2155842 1.3570365 -0.6682096 0.3113278 0.12227819
2.8383281 0.2155842 1.3570365 -0.6682096 0.3113278 0.12227819
2.8383281 0.2155842 1.3570365 -0.6682096 0.3113278 0.12227819
2.8383281 0.2155842 1.3570365 -0.6682096 0.3113278 0.12227819
2.8383281 0.2155842 1.3570365 -0.6682096 0.3113278 0.12227819
2.8383281 0.2155842 1.3570365 -0.6682096 0.3113278 0.12227819
2.8383281 0.2155842 1.3570365 -0.6682096 0.3113278 0.12227819

-1.7248865 0.46644545 0.71496904 0.6974488 -0.4030886 0.14487839
-1.7248865 0.46644545 0.71496904 0.6974488 -0.4030886 0.14487839
-1.7248865 0.46644545 0.71496904 0.6974488 -0.4030886 0.14487839
-1.7248865 0.46644545 0.71496904 0.6974488 -0.4030886 0.14487839
-1.7248865 0.46644545 0.71496904 0.6974488 -0.4030886 0.14487839
-1.7248865 0.46644545 0.71496904 0.6974488 -0.4030886 0.14487839
-1.7248865 0.46644545 0.71496904 0.6974488 -0.4030886 0.14487839

-1.7138433 -0.57420087 -2.4060266 -0.5074133 0.3471475 0.12575795
-1.7138433 -0.57420087 -2.4060266 -0.5074133 0.3471475 0.12575795
-1.7138433 -0.57420087 -2.4060266 -0.5074133 0.3471475 0.12575795
-1.7138433 -0.57420087 -2.4060266 -0.5074133 0.3471475 0.12575795
-1.7138433 -0.57420087 -2.4060266 -0.5074133 0.3471475 0.12575795
-1.7138433 -0.57420087 -2.4060266 -0.5074133 0.3471475 0.12575795
-1.7138433 -0.57420087 -2.4060266 -0.5074133 0.3471475 0.12575795

-1.8767599 0.3244065 0.7257209 0.640485 -0.31441694 0.11915237
-1.8767599 0.3244065 0.7257209 0.640485 -0.31441694 0.11915237
-1.8767599 0.3244065 0.7257209 0.640485 -0.31441694 0.11915237
-1.8767599 0.3244065 0.7257209 0.640485 -0.31441694 0.11915237
-1.8767599 0.3244065 0.7257209 0.640485 -0.31441694 0.11915237
-1.8767599 0.3244065 0.7257209 0.640485 -0.31441694 0.11915237
-1.8767599 0.3244065 0.7257209 0.640485 -0.31441694 0.11915237

-2.1823006 -0.16433464 -1.0204219 -0.8417618 -0.28650787 0.12108289
-2.1823006 -0.16433464 -1.0204219 -0.8417618 -0.28650787 0.12108289
-2.1823006 -0.16433464 -1.0204219 -0.8417618 -0.28650787 0.12108289
-2.1823006 -0.16433464 -1.0204219 -0.8417618 -0.28650787 0.12108289
-2.1823006 -0.16433464 -1.0204219 -0.8417618 -0.28650787 0.12108289
-2.1823006 -0.16433464 -1.0204219 -0.8417618 -0.28650787 0.12108289
-2.1823006 -0.16433464 -1.0204219 -0.8417618 -0.28650787 0.12108289

-2.0168946 0.026541185 -0.6758821 -0.9624722 0.3528019 0.12481886
-2.0168946 0.026541185 -0.6758821 -0.9624722 0.3528019 0.12481886
-2.0168946 0.026541185 -0.6758821 -0.9624722 0.3528019 0.12481886
-2.0168946 0.026541185 -0.6758821 -0.9624722 0.3528019 0.12481886
-2.0168946 0.026541185 -0.6758821 -0.9624722 0.3528019 0.12481886
-2.0168946 0.026541185 -0.6758821 -0.9624722 0.3528019 0.12481886
-2.0168946 0.026541185 -0.6758821 -0.9624722 0.3528019 0.12481886

-0.97245145 1.007933 -3.0504231 0.68539536 0.27959585 0.11387866
-0.97245145 1.007933 -3.0504231 0.68539536 0.27959585 0.11387866
-0.97245145 1.007933 -3.0504231 0.68539536 0.27959585 0.11387866
-0.97245145 1.007933 -3.0504231 0.68539536 0.27959585 0.11387866
-0.97245145 1.007933 -3.0504231 0.68539536 0.27959585 0.11387866
-0.97245145 1.007933 -3.0504231 0.68539536 0.27959585 0.11387866
-0.97245145 1.007933 -3.0504231 0.68539536 0.27959585 0.11387866

-1.8647866 -0.34745106 2.2263117 0.78317356 0.36294162 0.12959248
-1.8647866 -0.34745106 2.2263117 0.78317356 0.36294162 0.12959248
-1.8647866 -0.34745106 2.2263117 0.78317356 0.36294162 0.12959248
-1.8647866 -0.34745106 2.2263117 0.78317356 0.36294162 0.12959248
-1.8647866 -0.34745106 2.2263117 0.78317356 0.36294162 0.12959248
-1.8647866 -0.34745106 2.2263117 0.78317356 0.36294162 0.12959248
-1.8647866 -0.34745106 2.2263117 0.78317356 0.36294162 0.12959248

-2.5776825 0.26036415 2.3605993 0.5938648 0.3026068 0.1378003
-2.5776825 0.26036415 2.3605993 0.5938648 0.3026068 0.1378003
-2.5776825 0.26036415 2.3605993 0.5938648 0.3026068 0.1378003
-2.5776825 0.26036415 2.3605993 0.5938648 0.3026068 0.1378003
-2.5776825 0.26036415 2.3605993 0.5938648 0.3026068 0.1378003
-2.5776825 0.26036415 2.3605993 0.5938648 0.3026068 0.1378003
-2.5776825 0.26036415 2.3605993 0.5938648 0.3026068 0.1378003

-1.431449 0.6858861 2.1419926 0.7732948 0.12397859 0.14418906
-1.431449 0.6858861 2.1419926 0.7732948 0.12397859 0.14418906
-1.431449 0.6858861 2.1419926 0.7732948 0.12397859 0.14418906
-1.431449 0.6858861 2.1419926 0.7732948 0.12397859 0.14418906
-1.431449 0.6858861 2.1419926 0.7732948 0.12397859 0.14418906
-1.431449 0.6858861 2.1419926 0.7732948 0.12397859 0.14418906
-1.431449 0.6858861 2.1419926 0.7732948 0.12397859 0.14418906

1.3811905 -0.6903742 1.426105 -0.67418414 -0.103618845 0.12873992
1.3811905 -0.6903742 1.426105 -0.67418414 -0.103618845 0.12873992
1.3811905 -0.6903742 1.426105 -0.67418414 -0.103618845 0.12873992
1.3811905 -0.6903742 1.426105 -0.67418414 -0.103618845 0.12873992
1.3811905 -0.6903742 1.426105 -0.67418414 -0.103618845 0.12873992
1.3811905 -0.6903742 1.426105 -0.67418414 -0.103618845 0.12873992
1.3811905 -0.6903742 1.426105 -0.67418414 -0.103618845 0.12873992

-1.7676228 0.13079421 2.4020386 -0.28459233 0.22862726 0.11390668
-1.7676228 0.13079421 2.4020386 -0.28459233 0.22862726 0.11390668
-1.7676228 0.13079421 2.4020386 -0.28459233 0.22862726 0.11390668
-1.7676228 0.13079421 2.4020386 -0.28459233 0.22862726 0.11390668
-1.7676228 0.13079421 2.4020386 -0.28459233 0.22862726 0.11390668
-1.7676228 0.13079421 2.4020386 -0.28459233 0.22862726 0.11390668
-1.7676228 0.13079421 2.4020386 -0.28459233 0.22862726 0.11390668

-2.3999527 -0.19320253 -2.751431 -0.76340383 0.2981733 0.14238934
-2.3999527 -0.19320253 -2.751431 -0.76340383 0.2981733 0.14238934
-2.3999527 -0.19320253 -2.751431 -0.76340383 0.2981733 0.14238934
-2.3999527 -0.19320253 -2.751431 -0.76340383 0.2981733 0.14238934
-2.3999527 -0.19320253 -2.751431 -0.76340383 0.2981733 0.14238934
-2.3999527 -0.19320253 -2.751431 -0.76340383 0.2981733 0.14238934
-2.3999527 -0.19320253 -2.751431 -0.76340383 0.2981733 0.14238934

-2.3042736 0.36478746 1.8321904 0.9087539 0.23209588 0.14324845
-2.3042736 0.36478746 1.8321904 0.9087539 0.23209588 0.14324845
-2.3042736 0.36478746 1.8321904 0.9087539 0.23209588 0.14324845
-2.3042736 0.36478746 1.8321904 0.9087539 0.23209588 0.14324845
-2.3042736 0.36478746 1.8321904 0.9087539 0.23209588 0.14324845
-2.3042736 0.36478746 1.8321904 0.9087539 0.23209588 0.14324845
-2.3042736 0.36478746 1.8321904 0.9087539 0.23209588 0.14324845

-1.816634 0.27733627 2.020765 0.7006877 0.18887597 0.120034456
-1.816634 0.27733627 2.020765 0.7006877 0.18887597 0.120034456
-1.816634 0.27733627 2.020765 0.7006877 0.18887597 0.120034456
-1.816634 0.27733627 2.020765 0.7006877 0.18887597 0.120034456
-1.816634 0.27733627 2.020765 0.7006877 0.18887597 0.120034456
-1.816634 0.27733627 2.020765 0.7006877 0.18887597 0.120034456
-1.816634 0.27733627 2.020765 0.7006877 0.18887597 0.120034456

-1.7178277 0.5359137 -0.83987576 -0.8856907 0.27952272 0.14099057
-1.7178277 0.5359137 -0.83987576 -0.8856907 0.27952272 0.14099057
-1.7178277 0.5359137 -0.83987576 -0.8856907 0.27952272 0.14099057
-1.7178277 0.5359137 -0.83987576 -0.8856907 0.27952272 0.14099057
-1.7178277 0.5359137 -0.83987576 -0.8856907 0.27952272 0.14099057
-1.7178277 0.5359137 -0.83987576 -0.8856907 0.27952272 0.14099057
-1.7178277 0.5359137 -0.83987576 -0.8856907 0.27952272 0.14099057

-1.783463 0.08757944 2.148545 0.8857908 0.40000647 0.11594617
-1.783463 0.08757944 2.148545 0.8857908 0.40000647 0.11594617
-1.783463 0.08757944 2.148545 0.8857908 0.40000647 0.11594617
-1.783463 0.08757944 2.148545 0.8857908 0.40000647 0.11594617
-1.783463 0.08757944 2.148545 0.8857908 0.40000647 0.11594617
-1.783463 0.08757944 2.148545 0.8857908 0.40000647 0.11594617
-1.783463 0.08757944 2.148545 0.8857908 0.40000647 0.11594617

0.8805048 -0.32771692 2.0208528 -0.70182914 0.13231552 0.1460562
0.8805048 -0.32771692 2.0208528 -0.70182914 0.13231552 0.1460562
0.8805048 -0.32771692 2.0208528 -0.70182914 0.13231552 0.1460562
0.8805048 -0.32771692 2.0208528 -0.70182914 0.13231552 0.1460562
0.8805048 -0.32771692 2.0208528 -0.70182914 0.13231552 0.1460562
0.8805048 -0.32771692 2.0208528 -0.70182914 0.13231552 0.1460562
0.8805048 -0.32771692 2.0208528 -0.70182914 0.13231552 0.1460562

-1.3727158 0.34668761 1.9065077 0.6805721 -0.1286042 0.117927246
-1.3727158 0.34668761 1.9065077 0.6805721 -0.1286042 0.117927246
-1.3727158 0.34668761 1.9065077 0.6805721 -0.1286042 0.117927246
-1.3727158 0.34668761 1.9065077 0.6805721 -0.1286042 0.117927246
-1.3727158 0.34668761 1.9065077 0.6805721 -0.1286042 0.117927246
-1.3727158 0.34668761 1.9065077 0.6805721 -0.1286042 0.117927246
-1.3727158 0.34668761 1.9065077 0.6805721 -0.1286042 0.117927246

-1.4004023 1.4215891 -0.78604585 0.85026723 -0.39496782 0.116712414
-1.4004023 1.4215891 -0.78604585 0.85026723 -0.39496782 0.116712414
-1.4004023 1.4215891 -0.78604585 0.85026723 -0.39496782 0.116712414
-1.4004023 1.4215891 -0.78604585 0.85026723 -0.39496782 0.116712414
-1.4004023 1.4215891 -0.78604585 0.85026723 -0.39496782 0.116712414
-1.4004023 1.4215891 -0.78604585 0.85026723 -0.39496782 0.116712414
-1.4004023 1.4215891 -0.78604585 0.85026723 -0.39496782 0.116712414

-1.5439599 0.3073659 0.84968543 0.91379786 -0.29418135 0.12842877
-1.5439599 0.3073659 0.84968543 0.91379786 -0.29418135 0.12842877
-1.5439599 0.3073659 0.84968543 0.91379786 -0.29418135 0.12842877
-1.5439599 0.3073659 0.84968543 0.91379786 -0.29418135 0.12842877
-1.5439599 0.3073659 0.84968543 0.91379786 -0.29418135 0.12842877
-1.5439599 0.3073659 0.84968543 0.91379786 -0.29418135 0.12842877
-1.5439599 0.3073659 0.84968543 0.91379786 -0.29418135 0.12842877

-2.381022 0.457374 -2.832445 -0.93747467 -0.19132392 0.11210295
-2.381022 0.457374 -2.832445 -0.93747467 -0.19132392 0.11210295
-2.381022 0.457374 -2.832445 -0.93747467 -0.19132392 0.11210295
-2.381022 0.457374 -2.832445 -0.93747467 -0.19132392 0.11210295
-2.381022 0.457374 -2.832445 -0.93747467 -0.19132392 0.11210295
-2.381022 0.457374 -2.832445 -0.93747467 -0.19132392 0.11210295
-2.381022 0.457374 -2.832445 -0.93747467 -0.19132392 0.11210295

-2.0710263 0.48075572 1.2486502 0.6353453 -0.42377013 0.12507634
-2.0710263 0.48075572 1.2486502 0.6353453 -0.42377013 0.12507634
-2.0710263 0.48075572 1.2486502 0.6353453 -0.42377013 0.12507634
-2.0710263 0.48075572 1.2486502 0.6353453 -0.42377013 0.12507634
-2.0710263 0.48075572 1.2486502 0.6353453 -0.42377013 0.12507634
-2.0710263 0.48075572 1.2486502 0.6353453 -0.42377013 0.12507634
-2.0710263 0.48075572 1.2486502 0.6353453 -0.42377013 0.12507634

1.0343468 0.33340615 -2.0794218 0.77484965 -0.38372913 0.11762318
1.0343468 0.33340615 -2.0794218 0.77484965 -0.38372913 0.11762318
1.0343468 0.33340615 -2.0794218 0.77484965 -0.38372913 0.11762318
1.0343468 0.33340615 -2.0794218 0.77484965 -0.38372913 0.11762318
1.0343468 0.33340615 -2.0794218 0.77484965 -0.38372913 0.11762318
1.0343468 0.33340615 -2.0794218 0.77484965 -0.38372913 0.11762318
1.0343468 0.33340615 -2.0794218 0.77484965 -0.38372913 0.11762318

-2.339131 -0.43997288 -2.6578152 0.9583266 0.22711772 0.13879415
-2.339131 -0.43997288 -2.6578152 0.9583266 0.22711772 0.13879415
-2.339131 -0.43997288 -2.6578152 0.9583266 0.22711772 0.13879415
-2.339131 -0.43997288 -2.6578152 0.9583266 0.22711772 0.13879415
-2.339131 -0.43997288 -2.6578152 0.9583266 0.22711772 0.13879415
-2.339131 -0.43997288 -2.6578152 0.9583266 0.22711772 0.13879415
-2.339131 -0.43997288 -2.6578152 0.9583266 0.22711772 0.13879415

-1.4248532 -0.6134878 2.170781 0.9932901 0.2846122 0.11627107
-1.4248532 -0.6134878 2.170781 0.9932901 0.2846122 0.11627107
-1.4248532 -0.6134878 2.170781 0.9932901 0.2846122 0.11627107
-1.4248532 -0.6134878 2.170781 0.9932901 0.2846122 0.11627107
-1.4248532 -0.6134878 2.170781 0.9932901 0.2846122 0.11627107
-1.4248532 -0.6134878 2.170781 0.9932901 0.2846122 0.11627107
-1.4248532 -0.6134878 2.170781 0.9932901 0.2846122 0.11627107

-1.8123435 -0.3274471 0.7803777 -0.5160947 -0.1646293 0.11062418
-1.8123435 -0.3274471 0.7803777 -0.5160947 -0.1646293 0.11062418
-1.8123435 -0.3274471 0.7803777 -0.5160947 -0.1646293 0.11062418
-1.8123435 -0.3274471 0.7803777 -0.5160947 -0.1646293 0.11062418
-1.8123435 -0.3274471 0.7803777 -0.5160947 -0.1646293 0.11062418
-1.8123435 -0.3274471 0.7803777 -0.5160947 -0.1646293 0.11062418
-1.8123435 -0.3274471 0.7803777 -0.5160947 -0.1646293 0.11062418

-2.3331363 0.30148086 2.076929 -0.8812477 0.36609927 0.11601994
-2.3331363 0.30148086 2.076929 -0.8812477 0.36609927 0.11601994
-2.3331363 0.30148086 2.076929 -0.8812477 0.36609927 0.11601994
-2.3331363 0.30148086 2.076929 -0.8812477 0.36609927 0.11601994
-2.3331363 0.30148086 2.076929 -0.8812477 0.36609927 0.11601994
-2.3331363 0.30148086 2.076929 -0.8812477 0.36609927 0.11601994
-2.3331363 0.30148086 2.076929 -0.8812477 0.36609927 0.11601994

-1.8228865 0.3596565 -2.7311015 -0.9601578 0.17454445 0.1222358
-1.8228865 0.3596565 -2.7311015 -0.9601578 0.17454445 0.1222358
-1.8228865 0.3596565 -2.7311015 -0.9601578 0.17454445 0.1222358
-1.8228865 0.3596565 -2.7311015 -0.9601578 0.17454445 0.1222358
-1.8228865 0.3596565 -2.7311015 -0.9601578 0.17454445 0.1222358
-1.8228865 0.3596565 -2.7311015 -0.9601578 0.17454445 0.1222358
-1.8228865 0.3596565 -2.7311015 -0.9601578 0.17454445 0.1222358

1.4767976 0.027536886 0.8463262 -0.6926094 0.4158494 0.115939625
1.4767976 0.027536886 0.8463262 -0.6926094 0.4158494 0.115939625
1.4767976 0.027536886 0.8463262 -0.6926094 0.4158494 0.115939625
1.4767976 0.027536886 0.8463262 -0.6926094 0.4158494 0.115939625
1.4767976 0.027536886 0.8463262 -0.6926094 0.4158494 0.115939625
1.4767976 0.027536886 0.8463262 -0.6926094 0.4158494 0.115939625
1.4767976 0.027536886 0.8463262 -0.6926094 0.4158494 0.115939625

-1.660969 0.20377588 2.6771362 -0.31966263 0.35415205 0.1303047
-1.660969 0.20377588 2.6771362 -0.31966263 0.35415205 0.1303047
-1.660969 0.20377588 2.6771362 -0.31966263 0.35415205 0.1303047
-1.660969 0.20377588 2.6771362 -0.31966263 0.35415205 0.1303047
-1.660969 0.20377588 2.6771362 -0.31966263 0.35415205 0.1303047
-1.660969 0.20377588 2.6771362 -0.31966263 0.35415205 0.1303047
-1.660969 0.20377588 2.6771362 -0.31966263 0.35415205 0.1303047

-1.6210157 0.5089063 1.2069178 0.81050915 -0.2258141 0.11847521
-1.6210157 0.5089063 1.2069178 0.81050915 -0.2258141 0.11847521
-1.6210157 0.5089063 1.2069178 0.81050915 -0.2258141 0.11847521
-1.6210157 0.5089063 1.2069178 0.81050915 -0.2258141 0.11847521
-1.6210157 0.5089063 1.2069178 0.81050915 -0.2258141 0.11847521
-1.6210157 0.5089063 1.2069178 0.81050915 -0.2258141 0.11847521
-1.6210157 0.5089063 1.2069178 0.81050915 -0.2258141 0.11847521

-2.5852332 -0.7358924 -2.1076024 0.83829397 0.26163945 0.12859976
-2.5852332 -0.7358924 -2.1076024 0.83829397 0.26163945 0.12859976
-2.5852332 -0.7358924 -2.1076024 0.83829397 0.26163945 0.12859976
-2.5852332 -0.7358924 -2.1076024 0.83829397 0.26163945 0.12859976
-2.5852332 -0.7358924 -2.1076024 0.83829397 0.26163945 0.12859976
-2.5852332 -0.7358924 -2.1076024 0.83829397 0.26163945 0.12859976
-2.5852332 -0.7358924 -2.1076024 0.83829397 0.26163945 0.12859976

-1.6051217 -0.5222889 -2.5743463 -0.953979 -0.27087858 0.13098395
-1.6051217 -0.5222889 -2.5743463 -0.953979 -0.27087858 0.13098395
-1.6051217 -0.5222889 -2.5743463 -0.953979 -0.27087858 0.13098395
-1.6051217 -0.5222889 -2.5743463 -0.953979 -0.27087858 0.13098395
-1.6051217 -0.5222889 -2.5743463 -0.953979 -0.27087858 0.13098395
-1.6051217 -0.5222889 -2.5743463 -0.953979 -0.27087858 0.13098395
-1.6051217 -0.5222889 -2.5743463 -0.953979 -0.27087858 0.13098395

-2.4695654 -0.5864071 1.2731292 -0.50095314 -0.32363206 0.14704497
-2.4695654 -0.5864071 1.2731292 -0.50095314 -0.32363206 0.14704497
-2.4695654 -0.5864071 1.2731292 -0.50095314 -0.32363206 0.14704497
-2.4695654 -0.5864071 1.2731292 -0.50095314 -0.32363206 0.14704497
-2.4695654 -0.5864071 1.2731292 -0.50095314 -0.32363206 0.14704497
-2.4695654 -0.5864071 1.2731292 -0.50095314 -0.32363206 0.14704497
-2.4695654 -0.5864071 1.2731292 -0.50095314 -0.32363206 0.14704497

-2.521407 -0.353691 0.7162311 -0.8449112 -0.34356764 0.117465585
-2.521407 -0.353691 0.7162311 -0.8449112 -0.34356764 0.117465585
-2.521407 -0.353691 0.7162311 -0.8449112 -0.34356764 0.117465585
-2.521407 -0.353691 0.7162311 -0.8449112 -0.34356764 0.117465585
-2.521407 -0.353691 0.7162311 -0.8449112 -0.34356764 0.117465585
-2.521407 -0.353691 0.7162311 -0.8449112 -0.34356764 0.117465585
-2.521407 -0.353691 0.7162311 -0.8449112 -0.34356764 0.117465585

1.2106835 -0.7595202 -2.4671686 -0.43045086 -0.23373924 0.11104003
1.2106835 -0.7595202 -2.4671686 -0.43045086 -0.23373924 0.11104003
1.2106835 -0.7595202 -2.4671686 -0.43045086 -0.23373924 0.11104003
1.2106835 -0.7595202 -2.4671686 -0.43045086 -0.23373924 0.11104003
1.2106835 -0.7595202 -2.4671686 -0.43045086 -0.23373924 0.11104003
1.2106835 -0.7595202 -2.4671686 -0.43045086 -0.23373924 0.11104003
1.2106835 -0.7595202 -2.4671686 -0.43045086 -0.23373924 0.11104003

2.8577285 0.49198592 -2.7723145 0.6332484 -0.42102364 0.14360774
2.8577285 0.49198592 -2.7723145 0.6332484 -0.42102364 0.14360774
2.8577285 0.49198592 -2.7723145 0.6332484 -0.42102364 0.14360774
2.8577285 0.49198592 -2.7723145 0.6332484 -0.42102364 0.14360774
2.8577285 0.49198592 -2.7723145 0.6332484 -0.42102364 0.14360774
2.8577285 0.49198592 -2.7723145 0.6332484 -0.42102364 0.14360774
2.8577285 0.49198592 -2.7723145 0.6332484 -0.42102364 0.14360774

2.9675138 0.1461152 -3.0280912 -0.89401215 0.15675083 0.11128902
2.9675138 0.1461152 -3.0280912 -0.89401215 0.15675083 0.11128902
2.9675138 0.1461152 -3.0280912 -0.89401215 0.15675083 0.11128902
2.9675138 0.1461152 -3.0280912 -0.89401215 0.15675083 0.11128902
2.9675138 0.1461152 -3.0280912 -0.89401215 0.15675083 0.11128902
2.9675138 0.1461152 -3.0280912 -0.89401215 0.15675083 0.11128902
2.9675138 0.1461152 -3.0280912 -0.89401215 0.15675083 0.11128902

1.2899407 0.3150346 2.250312 -0.9222335 -0.16768454 0.111550406
1.2899407 0.3150346 2.250312 -0.9222335 -0.16768454 0.111550406
1.2899407 0.3150346 2.250312 -0.9222335 -0.16768454 0.111550406
1.2899407 0.3150346 2.250312 -0.9222335 -0.16768454 0.111550406
1.2899407 0.3150346 2.250312 -0.9222335 -0.16768454 0.111550406
1.2899407 0.3150346 2.250312 -0.9222335 -0.16768454 0.111550406
1.2899407 0.3150346 2.250312 -0.9222335 -0.16768454 0.111550406

-0.63570774 -1.0460911 2.8687508 -0.7549252 0.30571875 0.11960153
-0.63570774 -1.0460911 2.8687508 -0.7549252 0.30571875 0.11960153
-0.63570774 -1.0460911 2.8687508 -0.7549252 0.30571875 0.11960153
-0.63570774 -1.0460911 2.8687508 -0.7549252 0.30571875 0.11960153
-0.63570774 -1.0460911 2.8687508 -0.7549252 0.30571875 0.11960153
-0.63570774 -1.0460911 2.8687508 -0.7549252 0.30571875 0.11960153
-0.63570774 -1.0460911 2.8687508 -0.7549252 0.30571875 0.11960153

-1.6259633 0.19246821 -0.08556642 0.7843021 -0.16956255 0.1336414
-1.6259633 0.19246821 -0.08556642 0.7843021 -0.16956255 0.1336414
-1.6259633 0.19246821 -0.08556642 0.7843021 -0.16956255 0.1336414
-1.6259633 0.19246821 -0.08556642 0.7843021 -0.16956255 0.1336414
-1.6259633 0.19246821 -0.08556642 0.7843021 -0.16956255 0.1336414
-1.6259633 0.19246821 -0.08556642 0.7843021 -0.16956255 0.1336414
-1.6259633 0.19246821 -0.08556642 0.7843021 -0.16956255 0.1336414

-1.9748893 -0.09354924 -0.8083036 -0.6237439 -0.26421595 0.11501703
-1.9748893 -0.09354924 -0.8083036 -0.6237439 -0.26421595 0.11501703
-1.9748893 -0.09354924 -0.8083036 -0.6237439 -0.26421595 0.11501703
-1.9748893 -0.09354924 -0.8083036 -0.6237439 -0.26421595 0.11501703
-1.9748893 -0.09354924 -0.8083036 -0.6237439 -0.26421595 0.11501703
-1.9748893 -0.09354924 -0.8083036 -0.6237439 -0.26421595 0.11501703
-1.9748893 -0.09354924 -0.8083036 -0.6237439 -0.26421595 0.11501703

-1.6685427 0.17348514 -2.574963 -0.88336056 0.11280525 0.13768698
-1.6685427 0.17348514 -2.574963 -0.88336056 0.11280525 0.13768698
-1.6685427 0.17348514 -2.574963 -0.88336056 0.11280525 0.13768698
-1.6685427 0.17348514 -2.574963 -0.88336056 0.11280525 0.13768698
-1.6685427 0.17348514 -2.574963 -0.88336056 0.11280525 0.13768698
-1.6685427 0.17348514 -2.574963 -0.88336056 0.11280525 0.13768698
-1.6685427 0.17348514 -2.574963 -0.88336056 0.11280525 0.13768698

-1.6447953 0.3066939 0.775122 0.88147837 -0.23964074 0.13580641
-1.6447953 0.3066939 0.775122 0.88147837 -0.23964074 0.13580641
-1.6447953 0.3066939 0.775122 0.88147837 -0.23964074 0.13580641
-1.6447953 0.3066939 0.775122 0.88147837 -0.23964074 0.13580641
-1.6447953 0.3066939 0.775122 0.88147837 -0.23964074 0.13580641
-1.6447953 0.3066939 0.775122 0.88147837 -0.23964074 0.13580641
-1.6447953 0.3066939 0.775122 0.88147837 -0.23964074 0.13580641

-2.188262 0.03702824 1.704535 0.81072086 0.13823697 0.13609397
-2.188262 0.03702824 1.704535 0.81072086 0.13823697 0.13609397
-2.188262 0.03702824 1.704535 0.81072086 0.13823697 0.13609397
-2.188262 0.03702824 1.704535 0.81072086 0.13823697 0.13609397
-2.188262 0.03702824 1.704535 0.81072086 0.13823697 0.13609397
-2.188262 0.03702824 1.704535 0.81072086 0.13823697 0.13609397
-2.188262 0.03702824 1.704535 0.81072086 0.13823697 0.13609397

-1.5293293 -0.24681449 -1.7648549 -0.67420083 0.19390568 0.12698187
-1.5293293 -0.24681449 -1.7648549 -0.67420083 0.19390568 0.12698187
-1.5293293 -0.24681449 -1.7648549 -0.67420083 0.19390568 0.12698187
-1.5293293 -0.24681449 -1.7648549 -0.67420083 0.19390568 0.12698187
-1.5293293 -0.24681449 -1.7648549 -0.67420083 0.19390568 0.12698187
-1.5293293 -0.24681449 -1.7648549 -0.67420083 0.19390568 0.12698187
-1.5293293 -0.24681449 -1.7648549 -0.67420083 0.19390568 0.12698187

1.9260588 0.04117564 -0.9312909 0.9433092 0.41539797 0.14048918
1.9260588 0.04117564 -0.9312909 0.9433092 0.41539797 0.14048918
1.9260588 0.04117564 -0.9312909 0.9433092 0.41539797 0.14048918
1.9260588 0.04117564 -0.9312909 0.9433092 0.41539797 0.14048918
1.9260588 0.04117564 -0.9312909 0.9433092 0.41539797 0.14048918
1.9260588 0.04117564 -0.9312909 0.9433092 0.41539797 0.14048918
1.9260588 0.04117564 -0.9312909 0.9433092 0.41539797 0.14048918

-1.8414782 -0.30388862 1.9245988 0.6452605 -0.0138075985 0.13526396
-1.8414782 -0.30388862 1.9245988 0.6452605 -0.0138075985 0.13526396
-1.8414782 -0.30388862 1.9245988 0.6452605 -0.0138075985 0.13526396
-1.8414782 -0.30388862 1.9245988 0.6452605 -0.0138075985 0.13526396
-1.8414782 -0.30388862 1.9245988 0.6452605 -0.0138075985 0.13526396
-1.8414782 -0.30388862 1.9245988 0.6452605 -0.0138075985 0.13526396
-1.8414782 -0.30388862 1.9245988 0.6452605 -0.0138075985 0.13526396

2.7894332 0.22369285 1.5870619 -0.81280154 0.4183111 0.12611598
2.7894332 0.22369285 1.5870619 -0.81280154 0.4183111 0.12611598
2.7894332 0.22369285 1.5870619 -0.81280154 0.4183111 0.12611598
2.7894332 0.22369285 1.5870619 -0.81280154 0.4183111 0.12611598
2.7894332 0.22369285 1.5870619 -0.81280154 0.4183111 0.12611598
2.7894332 0.22369285 1.5870619 -0.81280154 0.4183111 0.12611598
2.7894332 0.22369285 1.5870619 -0.81280154 0.4183111 0.12611598

-1.3748114 0.48007601 1.7331455 0.65770656 -0.41922677 0.14061706
-1.3748114 0.48007601 1.7331455 0.65770656 -0.41922677 0.14061706
-1.3748114 0.48007601 1.7331455 0.65770656 -0.41922677 0.14061706
-1.3748114 0.48007601 1.7331455 0.65770656 -0.41922677 0.14061706
-1.3748114 0.48007601 1.7331455 0.65770656 -0.41922677 0.14061706
-1.3748114 0.48007601 1.7331455 0.65770656 -0.41922677 0.14061706
-1.3748114 0.48007601 1.7331455 0.65770656 -0.41922677 0.14061706

1.3324813 -0.12177177 2.0894246 -0.8694009 -0.3834802 0.12759484
1.3324813 -0.12177177 2.0894246 -0.8694009 -0.3834802 0.12759484
1.3324813 -0.12177177 2.0894246 -0.8694009 -0.3834802 0.12759484
1.3324813 -0.12177177 2.0894246 -0.8694009 -0.3834802 0.12759484
1.3324813 -0.12177177 2.0894246 -0.8694009 -0.3834802 0.12759484
1.3324813 -0.12177177 2.0894246 -0.8694009 -0.3834802 0.12759484
1.3324813 -0.12177177 2.0894246 -0.8694009 -0.3834802 0.12759484

-1.722737 -0.2660439 1.5264006 0.6649501 -0.28072557 0.14040254
-1.722737 -0.2660439 1.5264006 0.6649501 -0.28072557 0.14040254
-1.722737 -0.2660439 1.5264006 0.6649501 -0.28072557 0.14040254
-1.722737 -0.2660439 1.5264006 0.6649501 -0.28072557 0.14040254
-1.722737 -0.2660439 1.5264006 0.6649501 -0.28072557 0.14040254
-1.722737 -0.2660439 1.5264006 0.6649501 -0.28072557 0.14040254
-1.722737 -0.2660439 1.5264006 0.6649501 -0.28072557 0.14040254

2.6175385 0.1949617 1.3496274 -0.9485676 -0.36856395 0.14449391
2.6175385 0.1949617 1.3496274 -0.9485676 -0.36856395 0.14449391
2.6175385 0.1949617 1.3496274 -0.9485676 -0.36856395 0.14449391
2.6175385 0.1949617 1.3496274 -0.9485676 -0.36856395 0.14449391
2.6175385 0.1949617 1.3496274 -0.9485676 -0.36856395 0.14449391
2.6175385 0.1949617 1.3496274 -0.9485676 -0.36856395 0.14449391
2.6175385 0.1949617 1.3496274 -0.9485676 -0.36856395 0.14449391

-1.6752734 0.8181237 0.43407232 0.6287408 -0.29751143 0.128442
-1.6752734 0.8181237 0.43407232 0.6287408 -0.29751143 0.128442
-1.6752734 0.8181237 0.43407232 0.6287408 -0.29751143 0.128442
-1.6752734 0.8181237 0.43407232 0.6287408 -0.29751143 0.128442
-1.6752734 0.8181237 0.43407232 0.6287408 -0.29751143 0.128442
-1.6752734 0.8181237 0.43407232 0.6287408 -0.29751143 0.128442
-1.6752734 0.8181237 0.43407232 0.6287408 -0.29751143 0.128442

2.6947246 0.044831734 3.0433967 -0.026881892 -0.27529675 0.12497053
2.6947246 0.044831734 3.0433967 -0.026881892 -0.27529675 0.12497053
2.6947246 0.044831734 3.0433967 -0.026881892 -0.27529675 0.12497053
2.6947246 0.044831734 3.0433967 -0.026881892 -0.27529675 0.12497053
2.6947246 0.044831734 3.0433967 -0.026881892 -0.27529675 0.12497053
2.6947246 0.044831734 3.0433967 -0.026881892 -0.27529675 0.12497053
2.6947246 0.044831734 3.0433967 -0.026881892 -0.27529675 0.12497053

1.4691969 -0.09514441 -2.6590586 0.81017774 -0.22947954 0.12792222
1.4691969 -0.09514441 -2.6590586 0.81017774 -0.22947954 0.12792222
1.4691969 -0.09514441 -2.6590586 0.81017774 -0.22947954 0.12792222
1.4691969 -0.09514441 -2.6590586 0.81017774 -0.22947954 0.12792222
1.4691969 -0.09514441 -2.6590586 0.81017774 -0.22947954 0.12792222
1.4691969 -0.09514441 -2.6590586 0.81017774 -0.22947954 0.12792222
1.4691969 -0.09514441 -2.6590586 0.81017774 -0.22947954 0.12792222

-1.9745078 0.53201836 2.0336146 0.951993 0.34288654 0.12597747
-1.9745078 0.53201836 2.0336146 0.951993 0.34288654 0.12597747
-1.9745078 0.53201836 2.0336146 0.951993 0.34288654 0.12597747
-1.9745078 0.53201836 2.0336146 0.951993 0.34288654 0.12597747
-1.9745078 0.53201836 2.0336146 0.951993 0.34288654 0.12597747
-1.9745078 0.53201836 2.0336146 0.951993 0.34288654 0.12597747
-1.9745078 0.53201836 2.0336146 0.951993 0.34288654 0.12597747

2.7468033 0.46085876 -2.9622467 0.37413302 -0.4038498 0.11898349
2.7468033 0.46085876 -2.9622467 0.37413302 -0.4038498 0.11898349
2.7468033 0.46085876 -2.9622467 0.37413302 -0.4038498 0.11898349
2.7468033 0.46085876 -2.9622467 0.37413302 -0.4038498 0.11898349
2.7468033 0.46085876 -2.9622467 0.37413302 -0.4038498 0.11898349
2.7468033 0.46085876 -2.9622467 0.37413302 -0.4038498 0.11898349
2.7468033 0.46085876 -2.9622467 0.37413302 -0.4038498 0.11898349

-1.7684779 0.12670605 -1.4441934 -0.5988106 0.39785203 0.13428473
-1.7684779 0.12670605 -1.4441934 -0.5988106 0.39785203 0.13428473
-1.7684779 0.12670605 -1.4441934 -0.5988106 0.39785203 0.13428473
-1.7684779 0.12670605 -1.4441934 -0.5988106 0.39785203 0.13428473
-1.7684779 0.12670605 -1.4441934 -0.5988106 0.39785203 0.13428473
-1.7684779 0.12670605 -1.4441934 -0.5988106 0.39785203 0.13428473
-1.7684779 0.12670605 -1.4441934 -0.5988106 0.39785203 0.13428473

1.1458949 0.28376195 0.5162584 -0.6657224 0.35001498 0.14694469
1.1458949 0.28376195 0.5162584 -0.6657224 0.35001498 0.14694469
1.1458949 0.28376195 0.5162584 -0.6657224 0.35001498 0.14694469
1.1458949 0.28376195 0.5162584 -0.6657224 0.35001498 0.14694469
1.1458949 0.28376195 0.5162584 -0.6657224 0.35001498 0.14694469
1.1458949 0.28376195 0.5162584 -0.6657224 0.35001498 0.14694469
1.1458949 0.28376195 0.5162584 -0.6657224 0.35001498 0.14694469

-2.4199023 1.354138 -1.1916921 0.31096226 -0.09451477 0.11468811
-2.4199023 1.354138 -1.1916921 0.31096226 -0.09451477 0.11468811
-2.4199023 1.354138 -1.1916921 0.31096226 -0.09451477 0.11468811
-2.4199023 1.354138 -1.1916921 0.31096226 -0.09451477 0.11468811
-2.4199023 1.354138 -1.1916921 0.31096226 -0.09451477 0.11468811
-2.4199023 1.354138 -1.1916921 0.31096226 -0.09451477 0.11468811
-2.4199023 1.354138 -1.1916921 0.31096226 -0.09451477 0.11468811

-1.7387265 0.07611339 2.9909062 -0.8008502 0.07041093 0.13903007
-1.7387265 0.07611339 2.9909062 -0.8008502 0.07041093 0.13903007
-1.7387265 0.07611339 2.9909062 -0.8008502 0.07041093 0.13903007
-1.7387265 0.07611339 2.9909062 -0.8008502 0.07041093 0.13903007
-1.7387265 0.07611339 2.9909062 -0.8008502 0.07041093 0.13903007
-1.7387265 0.07611339 2.9909062 -0.8008502 0.07041093 0.13903007
-1.7387265 0.07611339 2.9909062 -0.8008502 0.07041093 0.13903007

-1.7984986 -0.43793663 -2.7507896 0.324027 0.08293216 0.13329646
-1.7984986 -0.43793663 -2.7507896 0.324027 0.08293216 0.13329646
-1.7984986 -0.43793663 -2.7507896 0.324027 0.08293216 0.13329646
-1.7984986 -0.43793663 -2.7507896 0.324027 0.08293216 0.13329646
-1.7984986 -0.43793663 -2.7507896 0.324027 0.08293216 0.13329646
-1.7984986 -0.43793663 -2.7507896 0.324027 0.08293216 0.13329646
-1.7984986 -0.43793663 -2.7507896 0.324027 0.08293216 0.13329646

-1.4354241 0.24967 -0.36794388 -0.70367324 -0.1088164 0.1298958
-1.4354241 0.24967 -0.36794388 -0.70367324 -0.1088164 0.1298958
-1.4354241 0.24967 -0.36794388 -0.70367324 -0.1088164 0.1298958
-1.4354241 0.24967 -0.36794388 -0.70367324 -0.1088164 0.1298958
-1.4354241 0.24967 -0.36794388 -0.70367324 -0.1088164 0.1298958
-1.4354241 0.24967 -0.36794388 -0.70367324 -0.1088164 0.1298958
-1.4354241 0.24967 -0.36794388 -0.70367324 -0.1088164 0.1298958

-2.2604642 -0.23201953 -1.035685 -0.9648401 0.08258726 0.12837055
-2.2604642 -0.23201953 -1.035685 -0.9648401 0.08258726 0.12837055
-2.2604642 -0.23201953 -1.035685 -0.9648401 0.08258726 0.12837055
-2.2604642 -0.23201953 -1.035685 -0.9648401 0.08258726 0.12837055
-2.2604642 -0.23201953 -1.035685 -0.9648401 0.08258726 0.12837055
-2.2604642 -0.23201953 -1.035685 -0.9648401 0.08258726 0.12837055
-2.2604642 -0.23201953 -1.035685 -0.9648401 0.08258726 0.12837055

-1.9393117 0.3766462 2.8412766 -0.44330913 0.15538077 0.12777495
-1.9393117 0.3766462 2.8412766 -0.44330913 0.15538077 0.12777495
-1.9393117 0.3766462 2.8412766 -0.44330913 0.15538077 0.12777495
-1.9393117 0.3766462 2.8412766 -0.44330913 0.15538077 0.12777495
-1.9393117 0.3766462 2.8412766 -0.44330913 0.15538077 0.12777495
-1.9393117 0.3766462 2.8412766 -0.44330913 0.15538077 0.12777495
-1.9393117 0.3766462 2.8412766 -0.44330913 0.15538077 0.12777495

-2.5603056 -0.048419233 -1.1664455 -0.9854868 0.40691626 0.14929856
-2.5603056 -0.048419233 -1.1664455 -0.9854868 0.40691626 0.14929856
-2.5603056 -0.048419233 -1.1664455 -0.9854868 0.40691626 0.14929856
-2.5603056 -0.048419233 -1.1664455 -0.9854868 0.40691626 0.14929856
-2.5603056 -0.048419233 -1.1664455 -0.9854868 0.40691626 0.14929856
-2.5603056 -0.048419233 -1.1664455 -0.9854868 0.40691626 0.14929856
-2.5603056 -0.048419233 -1.1664455 -0.9854868 0.40691626 0.14929856

-1.2450256 0.8441515 -2.1195982 -0.6436821 0.422261 0.11307433
-1.2450256 0.8441515 -2.1195982 -0.6436821 0.422261 0.11307433
-1.2450256 0.8441515 -2.1195982 -0.6436821 0.422261 0.11307433
-1.2450256 0.8441515 -2.1195982 -0.6436821 0.422261 0.11307433
-1.2450256 0.8441515 -2.1195982 -0.6436821 0.422261 0.11307433
-1.2450256 0.8441515 -2.1195982 -0.6436821 0.422261 0.11307433
-1.2450256 0.8441515 -2.1195982 -0.6436821 0.422261 0.11307433

-1.5558912 -0.25895607 0.07452081 -0.91665435 -0.042853743 0.12394647
-1.5558912 -0.25895607 0.07452081 -0.91665435 -0.042853743 0.12394647
-1.5558912 -0.25895607 0.07452081 -0.91665435 -0.042853743 0.12394647
-1.5558912 -0.25895607 0.07452081 -0.91665435 -0.042853743 0.12394647
-1.5558912 -0.25895607 0.07452081 -0.91665435 -0.042853743 0.12394647
-1.5558912 -0.25895607 0.07452081 -0.91665435 -0.042853743 0.12394647
-1.5558912 -0.25895607 0.07452081 -0.91665435 -0.042853743 0.12394647

-2.2237577 -0.23038763 2.6395597 0.80551314 0.3015792 0.122606345
-2.2237577 -0.23038763 2.6395597 0.80551314 0.3015792 0.122606345
-2.2237577 -0.23038763 2.6395597 0.80551314 0.3015792 0.122606345
-2.2237577 -0.23038763 2.6395597 0.80551314 0.3015792 0.122606345
-2.2237577 -0.23038763 2.6395597 0.80551314 0.3015792 0.122606345
-2.2237577 -0.23038763 2.6395597 0.80551314 0.3015792 0.122606345
-2.2237577 -0.23038763 2.6395597 0.80551314 0.3015792 0.122606345

1.3523253 -0.45823762 -0.7399058 0.91697496 0.2502984 0.13993752
1.3523253 -0.45823762 -0.7399058 0.91697496 0.2502984 0.13993752
1.3523253 -0.45823762 -0.7399058 0.91697496 0.2502984 0.13993752
1.3523253 -0.45823762 -0.7399058 0.91697496 0.2502984 0.13993752
1.3523253 -0.45823762 -0.7399058 0.91697496 0.2502984 0.13993752
1.3523253 -0.45823762 -0.7399058 0.91697496 0.2502984 0.13993752
1.3523253 -0.45823762 -0.7399058 0.91697496 0.2502984 0.13993752

-1.9249971 0.10509383 -1.2349427 -0.71133536 -0.3696831 0.1387561
-1.9249971 0.10509383 -1.2349427 -0.71133536 -0.3696831 0.1387561
-1.9249971 0.10509383 -1.2349427 -0.71133536 -0.3696831 0.1387561
-1.9249971 0.10509383 -1.2349427 -0.71133536 -0.3696831 0.1387561
-1.9249971 0.10509383 -1.2349427 -0.71133536 -0.3696831 0.1387561
-1.9249971 0.10509383 -1.2349427 -0.71133536 -0.3696831 0.1387561
-1.9249971 0.10509383 -1.2349427 -0.71133536 -0.3696831 0.1387561

1.3194166 0.6255451 -0.6532003 0.6758531 0.1663384 0.12937036
1.3194166 0.6255451 -0.6532003 0.6758531 0.1663384 0.12937036
1.3194166 0.6255451 -0.6532003 0.6758531 0.1663384 0.12937036
1.3194166 0.6255451 -0.6532003 0.6758531 0.1663384 0.12937036
1.3194166 0.6255451 -0.6532003 0.6758531 0.1663384 0.12937036
1.3194166 0.6255451 -0.6532003 0.6758531 0.1663384 0.12937036
1.3194166 0.6255451 -0.6532003 0.6758531 0.1663384 0.12937036

1.009543 -0.19109318 -0.60224175 0.78861094 -0.2140955 0.11865865
1.009543 -0.19109318 -0.60224175 0.78861094 -0.2140955 0.11865865
1.009543 -0.19109318 -0.60224175 0.78861094 -0.2140955 0.11865865
1.009543 -0.19109318 -0.60224175 0.78861094 -0.2140955 0.11865865
1.009543 -0.19109318 -0.60224175 0.78861094 -0.2140955 0.11865865
1.009543 -0.19109318 -0.60224175 0.78861094 -0.2140955 0.11865865
1.009543 -0.19109318 -0.60224175 0.78861094 -0.2140955 0.11865865

