0 0 -0.023588923354019853 0.4964334772623085 1.9341599456997542 0
0 0 0.16026018440701972 0.5511670369993494 0.4818140453308314 0
0 0 -0.5695523161963831 0.9978928902316753 2.0035760778493046 0
0 0 1.321179597956721 0.0965490023543436 1.6933405717843573 0
0 0 -0.902415504567563 1.0955684997696744 0.5697718107574014 0
0 0 0.5064560309866364 1.5550501282363764 1.020554603415248 0
0 0 0.6304249237268018 0.34642775244213686 0.49817158311922694 0
0 0 0.9840103825666167 0.3267618059399744 1.9444073363052525 0
0 0 -0.8499183481293096 -0.017254453374627388 1.5143595307087463 0
0 0 0.7867842311525362 -0.0515132534053786 1.2095809061304597 0
0 0 -0.6509227862917963 1.0402995037159735 1.9842472942185596 0
0 0 1.4604879159695079 1.511744961316885 1.4149894457071266 0
0 0 -0.4282011982889766 1.1946453462385183 1.8393068124792138 0
0 0 0.17962080488678844 1.4553921613735779 0.9783018719592691 0
0 0 0.9935939922453745 0.4386961056712553 2.001884416011399 0
0 0 -0.22283862814562339 0.5694309326751906 0.45909186731341867 0
0 0 0.21381784497350087 1.409918861594315 1.6850330503923108 0
0 0 0.5517085449953854 -0.0013298938214330036 1.4655924479803466 0
0 0 1.2242297329154077 1.361078317075759 1.7504478059048303 0
0 0 0.3678581667966596 0.8089073933405704 2.025741734523847 0
0 0 -0.4878579140668502 0.24930186569248936 0.6591578745640331 0
0 0 -0.13684313050388597 0.0714357429893534 0.761836696360641 0
0 0 -0.6496612554008917 0.48946365482558535 1.9449431942703082 0
0 0 -0.43825640467729077 0.8954262929038377 0.412826194782548 0
0 0 0.6630821065859926 1.0055247129538158 2.015042196367304 0
0 0 1.2937513813952863 0.8064464730569417 0.45625093965215857 0
0 0 -0.8319116152957915 0.8518111762753265 2.044971548572942 0
0 0 -1.0512535147971263 0.5604422640703548 0.4601584010961205 0
0 0 -0.2899160572585955 0.8164965717494628 2.005898732391844 0
0 0 -0.42242570748841857 0.7702884053869336 0.4086672695888304 0
0 0 0.3416872897904546 0.07005948131081252 1.6967677573515432 0
0 0 1.379241919466272 1.4590410284458675 0.8285916736301571 0
0 0 -0.23680236323218162 0.5220973119062047 1.9885144888525943 0
0 0 0.05690784412547645 0.0820200074253018 1.6531035205888327 0
0 0 -1.0927136775220994 0.050173973633217184 1.612680001976071 0
0 0 0.5654486933864682 0.6986508897651392 1.9830616690704106 0
0 0 0.5693494591280728 0.017830051038218664 1.6311114408870364 0
0 0 1.3025316906855906 -0.04400955854312316 1.055921743953953 0
0 0 -0.3244145851921334 1.5361276083587962 1.0337111389609945 0
0 0 -1.1360897911910968 1.233807724863312 1.8131198382768043 0
0 0 -0.6037226044288087 1.412304683005738 1.6281267616105082 0
0 0 0.7860693604283138 0.8384730064394911 0.4749685774267439 0
0 0 0.41313696057709826 0.34249078061423405 1.9414370937386138 0
0 0 1.3812868686347586 0.1474093374570502 0.711959135180806 0
0 0 0.44075303517193154 0.019707122138581723 1.5466502650170209 0
0 0 -1.087936292963965 -0.039295433169981187 1.1195788737394636 0
0 0 0.844327047836277 -0.05949428538801016 1.1206059572718305 0
0 0 0.8239992962756753 1.5100482408394034 1.1868501262806388 0
0 0 1.4253332893772939 1.4765994436468675 0.9344962163114537 0
0 0 1.1548784873083537 -0.038068484258587 1.1008842285225722 0
0 0 -0.6958460663039993 1.5310278444214935 1.3409552849562016 0
0 0 -1.313919255072177 0.20558740394746333 1.8071643817676994 0
0 0 -1.528450734982422 0.17219647419209871 1.7016441365179595 0
0 0 1.3165567446496174 -0.07060793092915518 1.0924654962919034 0
0 0 -0.8526783363118163 0.23573916305646703 0.648852523395953 0
0 0 -0.5667079664375549 1.3704505015920792 0.7644642206221739 0
0 0 1.0517504612713942 1.06506030073804 0.46764120868396164 0
0 0 -0.7210339651370727 1.334782304432597 0.6374936119708872 0
0 0 0.17152326192164669 0.05148037854266163 0.7707982292018318 0
0 0 0.8286444078675523 1.3598584670395808 1.7227713868119374 0
0 0 1.0585242483279935 1.5082845277433785 1.124966329694842 0
0 0 -0.9219700367356933 0.4905053640268618 0.43398904520407733 0
0 0 -1.2895794176884934 1.0251657649654242 2.007585511350098 0
0 0 0.5751781229400419 0.2972083829960905 1.8652855455918833 0
0 0 -1.0987760239579318 1.144934767847991 0.5383830711174433 0
0 0 0.09547816488029226 1.3713510020556927 0.8026755721862073 0
0 0 -0.7019859631786843 0.26222724341426346 1.8525642636808368 0
0 0 -0.26218561302482324 1.4917429057937022 0.9164751682468426 0
0 0 -0.44001743097492896 0.4070004885979366 0.47109744590003355 0
0 0 1.4633171588787097 0.793386612879278 1.9999695536097684 0
0 0 -1.5243704028800504 0.706744512405823 0.4232612129820359 0
0 0 -1.5647564927703468 0.11210212085892024 1.66258464890204 0
0 0 -1.3859572077825792 1.5018960611468617 1.2146993419336154 0
0 0 0.9077565711560212 1.5159191165576866 1.1508909907809644 0
0 0 -0.44494290806354564 -0.06766318656148751 1.3223030024006461 0
0 0 -1.2005611259049231 1.2379682013780804 0.6103937807553188 0
0 0 -0.33628345565526074 1.1286266299203003 0.5214310452444006 0
0 0 1.4964641297343046 0.42965733952273333 1.8959863725642543 0
0 0 0.8046763775794443 -0.016762779771614778 1.0278391047938356 0
0 0 0.5567635216102853 -0.024098007150275436 0.9565232455870182 0
0 0 -0.18137033249906787 1.0035052970478084 1.939487284757777 0
0 0 -1.2682397504003071 1.3688326071477848 1.6492044946192976 0
0 0 -1.4694950960559003 0.16952792458104693 0.7571563914329333 0
0 0 -1.0875821828624164 0.14133663370315053 0.7676719058568893 0
0 0 -0.9375596912346027 1.2224298768777757 0.5673321596288936 0
0 0 -0.6019359917336219 0.013901990488591198 0.9830642638940494 0
0 0 -0.8288244565244832 -0.01032341060702946 1.3294409027808907 0
0 0 0.23893695911100954 1.0824835788054123 1.8979950693462975 0
0 0 -0.02818625101456229 1.52521055798886 1.3239895030342745 0
0 0 -0.044574996595905914 0.8109131215693763 2.063082912278563 0
0 0 -0.08766145733392561 1.0933827375163654 1.9887906217832798 0
0 0 1.2823448869602707 0.0410908668173976 1.549208512120801 0
0 0 1.029109624870796 1.571025518386513 1.0749260354251058 0
0 0 -0.44129054093262154 -0.02241977226500602 0.9795924515273072 0
0 0 -0.39178715181950863 1.0819570601840636 0.4716400081593548 0
0 0 0.19246656186445743 0.5765000276114528 0.4674355144108461 0
0 0 1.463634175981833 0.10740423734347293 0.8587241361145133 0
0 0 -1.1417172564462643 0.6084164353169393 0.4930576189080268 0
0 0 -0.9301654878525695 1.2861846144503888 1.8242910236657313 0
0 0 1.4187946253888 1.2851596272451036 1.8469244933253262 0
0 0 -1.178910239276111 0.16106001458208974 1.7743587429272878 0
0 0 1.0361055866901077 -0.014516067470644156 1.047240109277411 0
0 0 -1.0042696989002524 -0.020523395033091085 1.4455809773250514 0
0 0 -0.4357288344145078 0.4098871167122905 0.5688168796967038 0
0 0 0.8109561096765829 1.060500512875585 1.9306958482557766 0
0 0 -1.0423879035825867 0.6332058189409824 0.43615495724127806 0
0 0 1.1105455283798449 0.8216512400647736 0.41877560701104566 0
0 0 -1.0730717545794834 0.7448090702671193 2.0539036202297303 0
0 0 -0.09838334392115633 0.6382983269316221 0.4137407311339556 0
0 0 1.5475363349185782 1.501676839686457 1.4174420247296602 0
0 0 -0.7463767811160748 0.5157094234981494 0.4652383346696799 0
0 0 0.29178284949507893 0.04402016176765455 1.607140662966775 0
0 0 0.9504343509085 0.38712478843133213 0.550841920427642 0
0 0 -1.4405304511062365 0.011156834786039127 1.4687926106259468 0
0 0 -1.4816005762585691 1.445939437724674 0.9276049966582041 0
0 0 -1.0074812761623622 0.7473296482570893 0.47379390833217505 0
0 0 -1.203512987934231 -0.0798527429168695 1.3149446682204782 0
0 0 -0.7333122470569301 0.23400730509806544 0.6777907783567625 0
0 0 0.4448922610850601 0.01336589410664113 1.5195466054764004 0
0 0 0.4536454775054355 0.6274468322727754 0.4059371701536135 0
0 0 -0.9969655038461358 0.020816878620509183 0.8848612702584646 0
0 0 1.4627886114913466 1.4209745612099025 0.8673646673746371 0
0 0 1.0138312030043557 1.1828293196160444 1.8283134623337864 0
0 0 -1.4559874646675253 0.48878515235030173 1.9992131991066429 0
0 0 0.6961770912809881 0.6633210890351519 0.49183459248756767 0
0 0 -0.9848716871285849 1.488434596472362 0.8438774065037911 0
0 0 0.8579608761875557 0.7419249774707379 0.3979899235700346 0
0 0 -0.42325408611041215 -0.03296406110861372 1.0924835605946068 0
0 0 -0.4673548885402883 0.7648123857248845 2.010670181688753 0
0 0 -1.2250014993316678 0.22365010892522041 1.7848834226197718 0
0 0 0.6599155634501099 -0.009396394683008902 0.9436483067351611 0
0 0 -1.331245982202056 1.0209010198006667 2.0080250974077933 0
0 0 -0.023504155466429477 0.10690380687219359 1.7038608875219 0
0 0 0.5995413216481644 0.4803580071588408 0.47649057033166176 0
0 0 0.7504665887363009 -0.053798582944615814 1.4700407114935232 0
0 0 -0.3716366672019995 0.41776069388459913 1.9729794370022549 0
0 0 0.5675605150056242 1.55704196836279 1.4503855650734179 0
0 0 1.4426847991641019 -0.07149434378813124 1.209737307599037 0
0 0 -1.1536845349059281 1.171250876864421 1.9385445577680205 0
0 0 0.12562178974654303 0.6001812405312937 2.0220891308878284 0
0 0 0.13239504541359448 1.2556284919409706 1.8709564490108908 0
0 0 -1.0293755993792462 0.28591090231527033 1.81026539533537 0
0 0 0.08582087802558713 0.06295830304770156 0.828163896972385 0
0 0 0.7438948786266559 -0.08626699957496553 1.2960427143262976 0
0 0 -1.2014108408140176 1.5130450848711958 1.5750961198614863 0
0 0 -1.4379482022090757 1.4507367011679018 1.6666614278578218 0
0 0 -0.6604405497327548 1.0728629198384911 1.9037626832515857 0
0 0 -1.4293207366391216 0.8695880965807407 0.4133260187479635 0
0 0 0.5716011448574512 1.4870991700958007 1.3480669650977728 0
0 0 0.8488342042193993 0.9692096879742943 0.4850802044307536 0
0 0 1.1183566823062256 0.7853424417941289 1.9869644661074592 0
0 0 -0.7043481957075721 -0.041740647350820836 0.9557675489329533 0
0 0 0.9387657377703338 0.1392791417740813 1.8033139398367757 0
0 0 -1.4648099007421924 0.10062066731736785 0.8658284564044925 0
0 0 -0.847278175619154 0.11141831657857315 0.7010051287126658 0
0 0 0.7210424159377733 1.4454615054783235 1.5977784327940876 0
0 0 1.1127582923336092 0.7872381018365266 2.007432268045881 0
0 0 0.500744619857922 0.4795542084191475 0.47425718960266705 0
0 0 -0.6126596470383592 -0.08474728957437339 1.141130914156728 0
0 0 0.0748364530613217 0.15607903251568678 1.8019301713703275 0
0 0 -1.4394487737646697 0.29256912522212863 1.9130469793592857 0
0 0 -0.45661271278310744 1.3364932775319611 1.7222576186834697 0
0 0 -0.7216112147278704 0.8702446388401376 2.0381497064594445 0
0 0 0.4711759284806214 1.5264700600415742 1.074049313474408 0
0 0 -0.18058405845956904 1.0466450208298603 0.505192555306513 0
0 0 -1.0438478048803486 0.28238494165208966 1.840515611970493 0
0 0 -1.0534247115112 1.5684710834823126 1.200185365088481 0
0 0 -0.922935631369124 0.9096317665669535 2.016120556181152 0
0 0 0.043618009740371555 1.3448773636801425 1.7507876336039954 0
0 0 0.9773883932693823 1.452275788762023 1.479626100896841 0
0 0 -1.0248190024851542 0.5228107683452089 1.9426586925379326 0
0 0 -0.4868314463653307 1.4084608111425245 1.6486606087866744 0
0 0 -0.31219516960202354 0.48672092065542627 0.4770338984194957 0
0 0 1.5556003055888805 1.4380211058147063 1.5485237473185232 0
0 0 0.4124256648780009 1.4870728334973589 0.8853655306974498 0
0 0 0.6309213176473927 1.0658527384415417 0.5266985036477113 0
0 0 -0.42623488741316784 0.09208597778053285 1.693818216091418 0
0 0 0.592382828259967 1.0653694061785197 1.9505531817532102 0
0 0 1.4545460312038676 0.4892098497575388 1.9895304254387634 0
0 0 0.6559197111006188 0.7306414991688356 1.9683089398888582 0
0 0 0.6262654975346478 0.025861683649271106 1.44066440025619 0
0 0 -1.313166594698577 1.3665772950202597 1.683155809202755 0
0 0 -1.4680994344902034 0.9254354766649223 0.44034349083255164 0
0 0 -1.0501741302916927 0.21418008576107694 1.8082509911825273 0
0 0 -0.31048011027556655 0.8983466479534027 0.4354626974562894 0
0 0 1.0777862326218468 0.06830862591030129 1.6097277105319185 0
0 0 1.315430445997925 0.49178358298244024 2.0050704638414514 0
0 0 -0.16395765446538935 1.4879891293363894 1.6159249912992446 0
0 0 -0.9536253582242556 0.18057777188740032 1.7939173560449309 0
0 0 -0.3502769849360008 1.2252442329686424 1.9169605257385254 0
0 0 0.40547798466492435 1.1019722189015355 0.5159964383764378 0
0 0 1.0565178577118441 1.4937692714653676 1.3598226200445789 0
0 0 0.12353762084287445 0.8438746091715797 0.4236969519599202 0
0 0 0.36682729366355926 -0.051695889086332714 1.39573066541295 0
0 0 0.4799215684228102 1.4953691534118745 1.078941827956337 0
0 0 -0.40037769092161923 1.4065620082118406 0.7404619117546821 0
0 0 -0.12258293697930589 -0.03195775449766458 1.103979400830688 0
0 0 0.8056646645970318 1.3943351592164865 1.6385762085139763 0
0 0 -1.479952616105143 1.557071434428548 1.260311319604032 0
0 0 -1.1828868961404475 1.4888753919183704 0.863834862802365 0
0 0 1.0794639748775565 0.6505629131808499 1.9720887805718128 0
0 0 0.38655292951012066 1.4904065747821464 1.1157155115567645 0
0 0 0.6846731033502413 1.201544456325939 0.557414098663318 0
0 0 -1.43424789655935 1.4626374662897765 1.5633193449265619 0
0 0 -1.272498033203056 0.971813439826922 0.41899248668621947 0
0 0 -0.1458317928658044 1.5046451927009319 1.1926800548381904 0
0 0 1.3271594417038997 1.484162816380132 1.3913498528687782 0
0 0 -1.471925436087318 0.9940562680175851 0.4732181022200882 0
0 0 1.514786449037143 0.7236517506787126 1.9878492820648228 0
0 0 0.03070074121359956 0.9821545061636501 2.0268573087905906 0
0 0 0.2171594237846175 -0.037518726813323244 1.2653832153760054 0
0 0 1.1837204339526224 0.751563470651819 2.034190740145693 0
0 0 0.892487585101088 1.4525522442643557 0.8757286409053171 0
0 0 -0.6519617834777466 0.5444626572212671 0.45449355559491367 0
0 0 -1.517908111003856 0.09204126697724724 0.8025325094077791 0
0 0 -1.4140472243829885 0.8701463226915717 0.4494375423189124 0
0 0 0.05954044038548445 1.358214705992984 1.7279064742495576 0
0 0 0.9475930336955853 1.3438958357919684 0.6341959946732398 0
0 0 -0.7344927541791927 1.5556663088853422 1.437985141505919 0
0 0 0.7001589501330936 1.5061652878496166 1.389093518186838 0
0 0 1.185980536973395 1.2291727251698878 1.904335257870652 0
0 0 0.31885348430244154 1.4948331631774414 1.6019351150041388 0
0 0 -0.27472427394305154 1.4852848633432454 1.463842098000993 0
0 0 1.2906005748223706 -0.010303066751816692 1.1969220822180666 0
0 0 -0.361183344717801 0.4723058665937665 1.9222183119060958 0
0 0 0.3762367259583692 1.1530430619258871 1.8512680459399564 0
0 0 0.34348041604810287 1.4589409530803743 1.5066667318666236 0
0 0 1.1993706068195324 1.3604612620384122 0.6701793915902449 0
0 0 1.0879046108621973 0.24144529172544837 1.8922179468968992 0
0 0 -1.4975375389237997 0.3531881013185937 1.8563006409080889 0
0 0 -0.9230120120260801 1.5418437602359614 1.037105369487896 0
0 0 0.3356259300198654 0.569412562459827 2.037436682052835 0
0 0 -1.549063992146415 0.09432035141301964 0.7152755696379044 0
0 0 0.8478354319064452 0.17904834144649195 0.7513929863211641 0
0 0 -0.08590137803446596 0.051322665606461815 1.6838856035048262 0
0 0 -1.4342341396092722 1.2392400872894258 0.6125609395526389 0
0 0 -1.1695759364479996 1.0916598647356843 0.530406813503498 0
0 0 1.2204565238492529 0.05533401357860146 1.696625947815329 0
0 0 -0.7170158081920387 -0.07412379175471295 1.2145328240067708 0
0 0 -1.0645119494433362 0.0032878313310453766 0.9034183915392705 0
0 0 -1.3160794971463712 1.4981833870675745 1.197583761452696 0
0 0 0.3500592057478873 1.5200124212964594 0.9167804376864814 0
0 0 -1.1722733126755323 0.34801909422561444 0.4998336431821889 0
0 0 1.522890574602946 0.5590542880598943 0.44385191787087264 0
0 0 1.058150840846766 1.2147980274514794 1.8175967214430653 0
0 0 1.193474345710733 0.2940122703586726 1.8905687968182612 0
0 0 -1.2425112232088686 0.6582209951470648 1.9686336645532663 0
0 0 0.5409374943679528 0.05623913642096856 0.8232393456591951 0
0 0 0.21935557771072656 0.4373245688003982 0.4936793326448662 0
0 0 -1.2347988656248732 0.8608602321858855 0.40900111602800915 0
0 0 0.7177504084090551 0.6455364164180946 0.4139886323351626 0
0 0 1.5021250391455836 -0.0010607621120025668 0.8770932520877219 0
0 0 -1.3120600570615988 0.4751993963388192 0.44816106298510716 0
0 0 0.0685356074439436 0.09214562848352958 1.6494217229082107 0
0 0 0.09154350553484103 0.3933560829310595 0.5339775853049993 0
0 0 -0.06290374117442155 0.9844880623598731 0.47975525251603257 0
0 0 -0.15751553476429736 0.7908325350564921 2.0534167293453804 0
0 0 0.41411345259888277 1.019407318450846 1.9799346433742242 0
0 0 0.35470341149178397 1.3097375786991783 0.6579821775861584 0
0 0 -0.08152770228550965 1.0506517139462477 1.948511290185035 0
0 0 -1.4419562704205424 0.7726662951824399 2.0317485857876485 0
0 0 1.3567343628603417 1.2338355310489941 1.8097417502203306 0
0 0 -0.38037098646252554 1.2546098622150692 1.8525123443924354 0
0 0 -1.0538796549891927 0.08546927350430555 1.6442622794341315 0
0 0 -0.5783215307492651 0.21437759995212624 1.842823509325373 0
0 0 -0.8509706524756464 -0.028870035873452382 1.466338677457335 0
0 0 0.4704869431357337 1.529832754588166 1.09766017404332 0
0 0 -1.1303778778578581 0.1883198104561865 0.6947316721870591 0
0 0 0.7956658408585655 0.07967036192874588 0.8244639703399168 0
0 0 1.2265557510419978 -0.024747259479543704 0.9747459509291058 0
0 0 0.7185620225369176 1.473943705422454 1.482343354080474 0
0 0 1.0888908286204013 0.03335165492285608 1.508900659898829 0
0 0 0.9682363268315743 0.08713641250307347 1.618997052772698 0
0 0 -0.593735677304877 1.5389302266405203 1.3666059258139132 0
0 0 -0.2592671830835729 1.5259315233202169 1.2719683817325014 0
0 0 1.2667854182184684 -0.04553373930737381 1.115589377969336 0
0 0 -0.2943957230872316 0.4212317358834271 0.5572474265909375 0
0 0 -1.4856246234005788 0.15464988050746298 1.8125166037384814 0
0 0 -0.13515186060924278 0.05171989904883356 0.9362682038242661 0
0 0 1.271249528208957 1.4548581887322682 1.5261567734008592 0
0 0 0.18140077988601 1.1418423544078993 0.5022727010594334 0
0 0 0.11829503637730454 -0.019545251210934644 1.472210350475316 0
0 0 0.2289163247236241 0.9778142697209419 1.9381403895287992 0
0 0 0.9239448270537145 1.462541717282901 1.4393124380270548 0
0 0 1.063149855745308 1.203239854987349 0.5277822777863433 0
0 0 -0.9674588800629871 1.1827139488186367 0.5965394055072173 0
0 0 -1.0554345242638887 1.3175915207416566 1.7910769022590567 0
0 0 -0.35049977171510394 0.24982388931460675 1.8139328955205871 0
0 0 -0.4815345555068482 0.614595229241508 2.0559651612900165 0
0 0 0.6936721318050325 1.3588462527374134 1.6994142602544982 0
0 0 -0.8808047412350902 0.7209782194144767 0.4243750851964798 0
0 0 -1.4248889515185152 0.9233673820635668 0.43913911266076666 0
0 0 0.05211968733528072 1.3077402561307485 1.8101492617942165 0
0 0 1.4754244263306577 0.266134571686933 1.909929780928859 0
0 0 0.8631031361170316 -0.0008691522305210864 1.5701891714229317 0
0 0 -0.2422958745716257 0.24346582995128574 0.5693397676915366 0
0 0 0.6518699084692163 0.014540884178662505 0.9870344129967094 0
0 0 0.8908440546056942 0.721201780655562 2.0479032882047377 0
0 0 0.2807857379846299 1.2074409932635206 1.8945644106745316 0
0 0 -1.2328547561682741 -0.0509444880731752 1.2893071702216423 0
0 0 -0.7985724084821064 0.8022935153054795 1.9993533887371946 0
0 0 -0.3455374975384571 1.4228549822709882 1.5966748622651177 0
0 0 0.591719596488546 1.257854764694797 0.682859627323788 0
0 0 -1.507030312881487 1.4753538863492563 0.9264180539911724 0
0 0 1.0048706456112257 0.9070603655782784 0.4465152714394893 0
0 0 -1.5483754723463339 1.0330008992966486 2.003698126950304 0
0 0 -0.2003951880351338 1.5409521296103166 0.9692375008810907 0
0 0 0.60209842596355 1.5527258527828087 1.4343175947334257 0
0 0 -1.5672364013103013 1.2504579259683921 0.5537702564051805 0
0 0 0.28900836250804396 0.18208044333327678 1.7086223910120688 0
0 0 0.9912418103815157 1.439586677328913 1.5541411960633984 0
0 0 -0.30898558650069274 -0.05287170222967552 1.3836385600908498 0
0 0 0.6519108127946152 1.0403444946253009 0.4675128697845612 0
0 0 -0.7426911656925547 0.5494563732742805 0.4832716666739566 0
0 0 0.7433977543704837 1.3497905736584475 0.671690312934129 0
0 0 1.3526169783444697 -0.004679200823859531 1.2516422938382104 0
0 0 1.015796043466072 0.17055234356624016 1.8287106503948989 0
0 0 -1.209908299524902 1.4615908374936897 1.4524720737926955 0
0 0 -1.566500615655177 0.07578412038840043 0.7894582759646429 0
0 0 0.6117297129702313 0.21017540799647416 0.6371880654582274 0
0 0 0.12891041491380584 0.9422732051804068 0.4640095656993073 0
0 0 1.4372608531411628 0.0349112886369235 1.430683989511423 0
0 0 0.2448018019192424 1.4531416050625956 1.6359929121700445 0
0 0 -0.03395440683391304 1.1850500739406729 1.9376906432626715 0
0 0 1.2638542329887548 0.057898025235575745 0.8039748461932905 0
0 0 -0.1664350341406975 1.332629796076929 0.6730879917812879 0
0 0 1.5426171608455799 1.0961792215009587 0.5658264598784021 0
0 0 0.4549825319706353 1.0187647809244633 0.46736150969196555 0
0 0 0.855912459218072 0.00856286910950299 0.8497186743905465 0
0 0 0.2236371651546316 0.5530396018673497 0.4309595136131319 0
0 0 1.0386036849388778 1.0547213167127159 1.9968836792843128 0
0 0 0.6564344398846509 0.5953830505506784 2.0485170236760366 0
0 0 0.509852067625951 0.21168682300390484 0.7055309108056723 0
0 0 1.547847771907962 0.39997343952504893 0.515046214784778 0
0 0 0.7133899106371602 1.2895355931296595 1.7789647113931055 0
0 0 0.3914495047763986 0.7437979315709832 0.4589506833113829 0
0 0 0.11520221865734381 0.5639806157565388 0.48951540061365906 0
0 0 1.1772010790675749 1.0904942951432166 1.9039562972619581 0
0 0 1.399728648713324 1.4661817434309743 0.8570500735554092 0
0 0 0.9713488968214721 0.880658594132717 0.4601372107889776 0
0 0 1.2051323338781406 1.4617551221219756 0.8991464499629132 0
0 0 -1.0173245385751004 0.6542861040210292 0.4476158982615539 0
0 0 -1.3426543657966066 0.012088349208767113 1.5401410707691998 0
0 0 -1.2174686858045871 0.06850554260997832 0.921299897253227 0
0 0 -0.11856732673110248 1.0427116307610573 1.9217852531581807 0
0 0 -1.3489581194806592 0.017187651927645597 0.9994721787792658 0
0 0 -0.23893816759460407 0.05236252340077263 1.5601887488257185 0
0 0 0.13832270651368206 0.14358598901306852 1.7836935160431426 0
0 0 1.2161747980006679 1.2044910444727597 0.5970240930824006 0
0 0 1.2497991327667246 -0.024423798643074424 1.4400718879074057 0
0 0 -0.33912756539538824 1.5230755053251297 1.489795660161258 0
0 0 -1.3950744979833878 -0.05597701291838131 1.0980389384146814 0
0 0 0.8517870910248511 0.33132806471589005 0.5434567193693987 0
0 0 0.134937414270357 1.550033957175477 1.2494933872386103 0
0 0 -0.11143958003473209 0.31003850195350907 0.5821402447582799 0
0 0 1.38041198033218 0.7625284493651864 0.4819140274042878 0
0 0 -0.19024390066413166 0.7464561666492787 0.4342951453473489 0
0 0 1.0351372476038758 1.1808580417365626 0.6041770601457922 0
0 0 0.24796566609379478 0.344253850849794 0.6003434387900747 0
0 0 -0.07839068894474854 0.6164733976779333 2.002359029307158 0
0 0 -1.541933137696093 1.5777926565739069 1.088345546315442 0
0 0 0.5229276714875244 0.24187287074509867 1.7716112823570835 0
0 0 -0.7852629204957835 0.6502543997782348 2.0309433666153223 0
0 0 0.9302447352528671 1.2963019560123104 0.6029243931569419 0
0 0 -1.1982253840790364 0.4742959979184616 0.4799993287980645 0
0 0 0.5765888989027403 1.0983315338998705 1.9447790754282894 0
0 0 1.3616503044040682 1.1289061037592616 0.5340230614488178 0
0 0 0.3371434295622504 0.5426985993503275 0.4906747757478567 0
0 0 0.44028186008825054 0.5987392566982483 0.4126086760863973 0
0 0 0.3234507746631856 1.0162903193441732 0.490568967597492 0
0 0 -1.4062183747334271 0.0056902886322700574 1.331270582323467 0
0 0 -0.14119681035875242 0.13968125677740673 0.7663189685202277 0
0 0 0.6437611397792447 0.04783886467751419 0.7934091514465362 0
0 0 0.9728785912775737 1.4997209056075036 1.5048167245813728 0
0 0 0.5711033235830207 0.304737173177503 1.8251750708261816 0
0 0 -1.3825281011601813 1.1868702583016812 1.835744725702812 0
0 0 -0.602795284692 1.1384148314360336 0.5571674783309063 0
0 0 -0.5801515114304133 1.5125266917557754 1.409603281538427 0
0 0 -0.07848345719523997 0.035904641284668304 1.6058314454881604 0
0 0 -0.1854098244503699 1.563174027958436 1.0531599406892362 0
0 0 0.9234003042817593 1.472345931485862 1.5324986075750076 0
0 0 -0.7836803989438506 1.1846577907012563 1.902270560879711 0
0 0 0.8061920149200454 0.4394881747464735 0.4790626315713614 0
0 0 -0.7294963106097471 1.3360550321651758 0.6816665052540232 0
0 0 0.8188518439003025 0.48872681102124205 0.4440366369947849 0
0 0 -0.09881022483419044 1.0445735837032166 1.9395481579486475 0
0 0 -1.3478100532670811 1.5702559793655775 1.1976984692195607 0
0 0 1.0088237784111134 1.54130087734702 0.9566315613764657 0
0 0 -0.5338153759459572 0.9694513274103332 2.017748651789773 0
0 0 1.2678435819891294 0.9622829693964113 0.49168478831279694 0
0 0 1.156078898815995 1.4172860358666406 1.5605090338851946 0
0 0 -0.49882938346114924 0.1403829469310912 0.7511853131158011 0
0 0 -0.8839680664705849 1.3038250225059687 1.7854333631768649 0
0 0 -0.4749130658189329 0.6757133748869845 0.4704200418539527 0
0 0 -1.4933791297177605 1.105999961786107 0.5400254846166584 0
0 0 -1.1938845493941526 0.7319514561145215 2.0503232397161595 0
0 0 -0.5341407128479283 0.2743818853741315 0.6057136384805867 0
0 0 -0.6499728306447699 0.03142755126364538 0.8315327999248654 0
0 0 0.7764173991564287 0.9827119661888302 0.47167696950155125 0
0 0 0.7887220322638862 0.4389590377234631 0.5497437073790227 0
0 0 -0.5770026680130269 1.535000529270718 1.3019442683086044 0
0 0 -0.6670319872971026 0.0439263043721716 0.8669730804094516 0
0 0 -0.6197629008572991 1.3346693409465695 1.6835052938098758 0
0 0 -0.6706232241097921 -0.027532129042622033 0.9542387255626841 0
0 0 0.9776727643723135 -0.046407160254566926 1.3868015619228047 0
0 0 -1.337592338404537 0.583996437092235 0.45043141748192383 0
0 0 0.6271798832661495 1.1520699625788384 0.5149988343058179 0
0 0 0.2299996038475174 1.0287862258951206 1.9519469685074127 0
0 0 0.005611690807984848 1.558008249681769 1.0329601972112277 0
0 0 -0.27989409386235087 0.5454450875134225 0.484753146440282 0
0 0 -0.5772111217558441 0.1183463279765038 0.7106572226968516 0
0 0 0.7584624165639235 1.4728405878055035 1.483664392636726 0
0 0 1.3033466250212142 1.1756478562545918 1.836291340765337 0
0 0 0.2346284710273563 0.5805279587810057 0.45023366358228656 0
0 0 0.6126623822786579 1.1232473067444384 1.917191179806144 0
0 0 0.5858558655819657 0.5844441208532049 2.0036343671734653 0
0 0 0.6102534923167857 -0.06710749507063396 1.1546621963906138 0
0 0 0.9977501350970401 0.44715504063683253 1.9530025166606446 0
0 0 1.1860189601065767 0.09927399090484723 0.7519849021588456 0
0 0 -0.1644470751008691 -0.058941297784006585 1.4443578495013913 0
0 0 0.5174647454280388 1.3015965688292461 1.801922497799802 0
0 0 1.5284923434656918 -0.08038598284797016 1.2145653737123856 0
0 0 1.1442447278398435 1.1898927540590174 1.9202514675677 0
0 0 1.406017089329601 1.4175621920470562 0.7213348984290651 0
0 0 0.6397785309881585 1.5211832483708443 1.0268262232442837 0
0 0 0.9631534054010724 0.007182061526552874 1.3183887087492763 0
0 0 -0.8678443050438595 0.11978016265580849 1.6358941749636549 0
0 0 -0.9047288424736841 1.4420372226228138 1.7028797506787223 0
0 0 0.42654623716288764 1.271752259804897 1.7563577569528948 0
0 0 -0.6450273844744115 0.17639792363310725 0.7124251961323247 0
0 0 0.23338417501567088 1.3116816309350072 1.8254543028185002 0
0 0 -0.41792663751081593 0.46466231546412406 1.9473037303152156 0
0 0 0.5525133888332392 0.15849037560784274 1.7404302814936936 0
0 0 0.3452159873703373 1.1956220950205814 1.8483243780082317 0
0 0 1.0775025554799305 0.19230459836202163 0.6899860159462599 0
0 0 -0.36946903652513985 0.9894793765205727 0.46259923584986806 0
0 0 0.8384981121490291 -0.06185370145713409 1.1094028051614397 0
0 0 1.102901416484881 -0.0541730701270402 1.2793419623491253 0
0 0 0.864384513202245 0.01942749165439628 0.8154447131797231 0
0 0 -1.3033985130211463 1.2139582099335273 0.6000139409379542 0
0 0 -0.9001066059665125 0.5841425904524897 1.9644801687687439 0
0 0 -0.3262148542430683 1.0633004779039716 0.5553665270554371 0
0 0 1.5499215153484527 0.036940199087016956 1.4631183338353755 0
0 0 0.9319278923474497 -0.05378102877984192 1.3491896383393311 0
0 0 0.2496576765956655 1.4181338181016563 0.7426415812869998 0
0 0 0.6871251909636107 0.2921505154761467 1.9261794967619061 0
0 0 -1.4652438828264258 0.33679261379144687 0.5258042243733806 0
0 0 -0.6416262266740816 1.1890166198004564 0.5351732461923931 0
0 0 1.304689542210633 0.558258744091005 0.4531123184001812 0
0 0 -1.3750529778581075 1.43073223060435 0.8872061349598824 0
0 0 0.4205182092978985 1.0808722353826807 0.5063832103586461 0
0 0 -0.328338566307699 0.706203669771424 0.4384790887792519 0
0 0 0.7058436977794229 0.07890251767542511 1.583002796980316 0
0 0 1.3344794937371813 1.0813686540641672 1.9149765114459012 0
0 0 1.0463606455413141 0.8522908534945048 0.4801159765237878 0
0 0 -0.8294234202301474 0.8489274849136748 2.0222380790894556 0
0 0 -1.5167773411356764 0.510426186571223 0.47216613193542967 0
0 0 1.0494099737334266 1.5605668411413736 1.2055622289523706 0
0 0 -1.1663133331410385 0.2467187379604544 0.6465542234991374 0
0 0 -0.5813392427267036 0.2727061367412274 0.6060873158589201 0
0 0 1.2541182152846853 0.2785787470453419 0.585605017923803 0
0 0 0.4097114797945929 0.7588083644581011 2.0219855687396024 0
0 0 1.261667184174326 0.90582530753913 2.024161422020011 0
0 0 0.7950282280911298 0.9792267430002505 2.0201871457861533 0
0 0 0.9533091363271295 -0.04386806909133245 1.1262004943114599 0
0 0 0.32510732782380924 1.5280532358017846 1.0904393928832299 0
0 0 -0.8354562993523845 1.4874538303074347 0.9251555435891734 0
0 0 0.2291336326066744 0.1287974299032274 1.6345198411859574 0
0 0 0.3409551157097537 -0.05559517329239627 1.1595551349043014 0
0 0 0.07869617808045826 0.03752479612187953 0.9662247847804858 0
0 0 0.19144032803573996 1.4099574554645353 1.5941072611251845 0
0 0 0.09237007499387628 0.014235921448693567 1.0432365653986637 0
0 0 1.0925139905428378 0.07300913148772559 1.6189571258443134 0
0 0 0.6086991214534905 0.1776341249982556 0.708373656918422 0
0 0 -0.923403217472001 0.025186443678883452 1.5333650068590339 0
0 0 0.7002837252643612 1.5456756225180217 0.9683963472516617 0
0 0 0.4469821321627654 -0.027986622522713334 1.255726951190598 0
0 0 -0.26198141435063005 -0.03765148815509867 1.4077094256276796 0
0 0 -0.2954115518319109 1.138382221265522 0.5799872661222744 0
0 0 -0.26055638796339875 0.9942978892113044 1.9881962907834967 0
0 0 -1.540236147343295 0.5081784142276968 2.0269058815155563 0
0 0 -0.9493049748627046 1.2350944690114976 0.6015797744899168 0
0 0 1.1777427230505388 0.4127805288607404 1.9669761465277844 0
0 0 -1.4643953498324016 1.2846974144817693 0.6573734167770844 0
0 0 0.3286242514549724 1.457919854313412 1.5015343880124359 0
0 0 1.480925992303435 1.5491434855574766 1.2586169124805298 0
0 0 1.3522693001611126 1.5325917405261866 1.4170963875666147 0
0 0 -0.47625067193967796 0.5917909976153459 0.48277857659091894 0
0 0 0.3169729287817502 1.505505947442042 1.2287707426601573 0
0 0 -1.083630562905495 0.9334409275902738 0.4463788345470677 0
0 0 0.857975234071541 1.3392303732490745 1.8212418124076892 0
0 0 -0.8183423585033708 -0.03647303791221257 1.4105026001002006 0
0 0 0.7243972180423093 1.4223546563146328 0.8305990529256408 0
0 0 0.015430634926280495 1.4419378207786613 1.6292030460613116 0
0 0 1.0695384101464294 0.5764556436845363 2.0020692006828957 0
0 0 0.4480779203740246 0.9209088208468952 2.04343013599009 0
0 0 -0.760064201499468 0.7194582019799481 1.9958663354441568 0
0 0 0.8862199375248854 0.3052352036727217 0.5948614843399578 0
0 0 0.9914102433275 1.3336879100488659 0.6794569093838856 0
0 0 0.2995545236642425 0.8055432252534245 0.47475889923396697 0
0 0 -1.031058634067148 1.012675201278555 0.4416033956431801 0
0 0 0.2094590340197533 1.101430682312752 0.47272158573429823 0
0 0 0.562323722369622 1.2811149539532503 1.7790913661188936 0
0 0 -0.22096287924405678 -0.07382754086997811 1.101492110252255 0
0 0 1.0342182445139443 -0.07517279845947666 1.2346207964941542 0
0 0 1.4587943121288456 1.3387324354684262 0.6676587554205361 0
0 0 1.3203709854522834 0.46873158587979824 0.4504430684997276 0
0 0 1.2439997219756451 1.112370974361573 0.5368154934012566 0
0 0 -0.5359613678036657 1.078938393890566 0.5049691008612704 0
0 0 1.2031005329855082 1.4511133555825289 0.92334197023376 0
0 0 0.690636832999302 0.039169487144359416 0.9540913738778318 0
0 0 -1.1547005575704372 0.016868509487410255 1.5549691024516163 0
0 0 1.4015214481737845 1.454390279294322 1.5887953410818445 0
0 0 -0.8787290543577396 0.8716415178087553 2.0310417438498405 0
0 0 1.036800664927933 1.4885473344720326 1.5276350448115017 0
0 0 -1.5112732552529566 -0.02132451293085802 1.0849741666944992 0
0 0 1.0780525184398333 0.06398710508753436 0.9074532864532698 0
0 0 1.3248841657228625 1.4221353333554287 1.7294952261847616 0
0 0 0.8859179425036516 0.0844697344116474 0.8988156738428261 0
0 0 -0.3012601272586424 0.9344802379971473 2.0004517659907837 0
0 0 0.8250496319047005 0.941913557709739 2.0164399356845335 0
0 0 0.45726201514816855 0.36415909851955214 1.8994428536163674 0
0 0 0.02982478304509706 1.385628986289585 0.721839427638524 0
0 0 -1.2808611559541276 1.54621414637448 1.0525618850629428 0
0 0 0.31141220745105325 -0.008238006170692258 0.9598715796941801 0
0 0 -1.4454277826862096 1.4564803887077322 0.9601763543928628 0
0 0 0.8377905284945881 0.80512016451826 0.4363199604402336 0
0 0 -1.255292322164981 1.4663753222595537 0.8478704105829014 0
0 0 -0.25405529479302835 0.03826009841498745 1.509756262675063 0
0 0 -0.16518232603786376 1.431995369556655 0.8503986351389535 0
0 0 -0.490756234012373 1.0725632403461174 1.9841381651982526 0
0 0 1.349850009859404 0.14249788410314124 1.7619193205984742 0
0 0 -1.232547283873071 0.6354182196609246 0.4433010781670286 0
0 0 -1.2921618199608287 -0.04474043264767669 1.0058457740241162 0
0 0 1.4713760207015274 -0.010475344291279054 1.1389602283358862 0
0 0 -0.6591532320670003 1.1896063317243328 1.8628920618633305 0
0 0 -1.2553932696512953 0.03726844925097128 1.0053889973002683 0
0 0 -0.3826677738957247 0.013972151175834613 1.5825343910801963 0
0 0 0.9849310790220467 0.10049792369356703 1.6805024452482165 0
0 0 0.1269905744918569 1.1445789472970356 1.8930217003223473 0
0 0 -0.8680588051697602 -0.031820231036987945 1.457429932989739 0
0 0 0.7300362246170109 1.5662397912974861 1.300949522366468 0
0 0 -0.08120699534130882 1.4286056397169236 0.811744513923635 0
0 0 1.5131179019778886 1.5874077329317138 1.164310062617873 0
0 0 -0.7177569841136408 -0.042942301577906905 1.0609923849724 0
0 0 1.1224206982831157 0.5338350546895994 0.45278792107086785 0
0 0 1.374600845591742 0.6234610739629212 0.4010150268153382 0
0 0 -1.2615569711702344 1.1438575647437585 1.9287352199172396 0
0 0 0.3492657394764156 1.514472101950584 1.4082145571673976 0
0 0 0.6007303498224501 1.2022844632291423 1.8266983002931962 0
0 0 1.2448061193807813 0.4168218225379787 1.961940015157213 0
0 0 0.7938082600499077 0.005652970971216975 1.1599265561417589 0
0 0 0.6367419096387295 0.1959909669621418 0.6770949045173805 0
0 0 -1.2620986335521298 1.4118846980388222 1.737839815428596 0
0 0 1.2839510487476558 0.11212210375924392 0.848474932192508 0
0 0 -0.6759215755316527 0.46807743878429003 0.48977072939129795 0
0 0 0.6249367818663898 1.512846130725237 1.1832502149042095 0
0 0 -0.3176086282032513 0.0781435660223383 1.5748705311741902 0
0 0 -1.1366223486355138 1.1534133429616256 0.5182829798604511 0
0 0 0.6024206659579558 0.9729697347711058 1.9999968562280905 0
0 0 0.022302872132150542 0.05938230729262606 1.6661426834120263 0
0 0 0.6969497568246852 -0.031667185160445865 1.2331884211829944 0
0 0 -1.5385299567954431 0.1293955668906399 1.6626497581031927 0
0 0 -1.2564515420590707 0.07871150071524413 1.7148347573954044 0
0 0 1.4012315859037572 1.429604496723817 1.5814410406342638 0
0 0 0.6166503550915259 1.5309879639307855 1.214838565506909 0
0 0 0.8559503457535298 1.5452122214630732 1.0271861686141004 0
0 0 0.14064068093542126 0.8910817941184529 0.4027189960433153 0
0 0 0.2012126575031281 0.036756825829826534 1.5714514134871658 0
0 0 -1.4277858800754049 0.34514043231298625 1.871566421132127 0
0 0 1.3237195158356996 -0.07319333160983743 1.0995545980728703 0
0 0 -1.009446887299772 0.11088837246820216 0.7431082719522777 0
0 0 0.22249343040855352 0.4173426785497463 1.9074607514512223 0
0 0 1.3070664146681112 0.0715414355665146 1.708159203311085 0
0 0 1.2856222547619387 1.4667458937935962 1.6066786838228537 0
0 0 -0.15348017391840196 1.2293703876414546 1.8592159094347234 0
0 0 1.5613088249675164 1.520180189848297 1.025572262560347 0
0 0 -0.31361103761302966 0.9951988502799805 1.9428354201917333 0
0 0 -1.2530074408378276 0.6865294317155678 0.4247515682051356 0
0 0 -0.22203428398985903 0.9202978481913527 0.41875646354765417 0
0 0 -1.2012331821167122 0.8486641103315229 0.4356314887701871 0
0 0 1.1818200995459285 -0.04644594923398149 1.0015259752571328 0
0 0 1.2014209631255497 1.4900129260692245 1.547990187186996 0
0 0 -0.7306979642080825 1.3416358883039523 0.6659435730923444 0
0 0 -1.3448652886217576 1.2784868153259052 1.8216733596913544 0
0 0 1.4339189030648507 1.4459342525918406 0.8082466259856346 0
0 0 1.2985150840418367 0.7332394411896654 0.43609042214580096 0
0 0 -0.9791701830607501 0.5514620211837943 1.9762998465387822 0
0 0 -0.7590412675395505 0.5339111134851178 1.9823342310971626 0
0 0 -0.8173616191945304 0.5854950498435582 0.43842247773803167 0
0 0 0.6841167129170778 0.2072702848645379 0.6465497694301338 0
0 0 1.024339140870806 1.504605825255238 0.8921883153470838 0
0 0 1.3772105976804667 0.2442163020128707 0.6815740714981992 0
0 0 0.2610126090589089 0.1588112347697681 1.753274201100066 0
0 0 0.009626754737461996 1.2747194763973717 1.7813847029273477 0
0 0 -1.4637204846904477 0.3468664660983295 1.9055184809357488 0
0 0 0.8662628388958189 0.501235441471502 2.010072326338145 0
0 0 1.105078279900921 1.4628922928094266 0.9221534682236998 0
0 0 -0.3267813736917544 1.0126455754860912 0.5135872150644666 0
0 0 0.8141734412189483 0.6735662007263702 2.0305772262691635 0
0 0 -0.7608847912536021 0.1393284683325604 1.6871159655432704 0
0 0 0.328660941681701 1.5762917270258165 1.1493041950318623 0
0 0 -0.692802451821431 1.463518247542785 1.5155866693489863 0
0 0 -0.017376759987096202 0.5092404519995795 1.9890238473481114 0
0 0 -1.3210650131081416 0.2604606590817986 0.5620646056424757 0
0 0 -1.5571302606928423 1.4789866924946136 1.0947617855527028 0
0 0 -0.6018807342071626 0.30084106728467863 1.9311346060432588 0
0 0 1.0440679015336594 1.3949547700979334 1.7112180886748922 0
0 0 -1.522530099088826 1.0776606028690754 0.531225114260519 0
0 0 -1.2139696423141235 0.0061146832075757995 1.3222844103690419 0
0 0 -1.455593050831602 0.6466414905787589 0.42519564218237593 0
0 0 -1.1760875046432 0.8857057013619368 0.40538907420873993 0
0 0 -0.05306948387708421 0.5012649228288704 1.9706272113063579 0
0 0 -1.2602942447521288 0.012305202204918375 1.0337417442409413 0
0 0 0.15118647887111192 0.03066397289338396 1.589782180842275 0
0 0 -0.5151067862149694 1.469649443154477 1.607219754847964 0
0 0 0.26036865225580574 1.3850190383704748 0.6970321577236303 0
0 0 -0.855651237171583 1.1909786734238734 0.5797092435137807 0
0 0 -0.4131773649225765 0.06651984709526837 1.6024566815335595 0
0 0 -0.776814846930602 1.4885452926975116 1.5192264482770517 0
0 0 0.2059803481271789 1.3172469798638056 1.8447899260991665 0
0 0 -1.297098960986665 -0.06799958132916606 1.1281570701327044 0
0 0 0.011279896001033629 1.3655516924244817 1.7043620519453981 0
0 0 0.7108854203691868 0.052447467830939454 0.8739567183611263 0
0 0 1.504697414499517 0.06333831598018491 1.6962428125414282 0
0 0 0.07667614703341386 1.4975146259078227 1.0465342077359738 0
0 0 -1.3382648039095748 1.4419979142855448 1.5078012427834062 0
0 0 1.234672083879822 1.0459674213829486 1.909350282587864 0
0 0 1.1377320712575694 1.2488989356825426 0.5846863640777634 0
0 0 1.5593641914465906 1.3687785550077582 1.7116373027830738 0
0 0 0.20465130687213406 0.19080244039645478 1.8107290888947811 0
0 0 1.5031438465948703 0.28978054130020225 1.8964027578587013 0
0 0 -0.4650653662644242 -0.013633142637255236 1.4088148724161182 0
0 0 0.8238982113265392 0.9991382130716155 0.4373160949668622 0
0 0 0.7549350903736687 0.34503646695272194 0.5760525980314372 0
0 0 -0.3053170975091948 1.0321755161113089 0.48654735343358246 0
0 0 -0.9690672292236195 1.531366056266716 0.9318881114026791 0
0 0 -1.143012349990892 1.4592269240674252 1.505396085105522 0
0 0 -0.8157208071027999 -0.0010090948234841024 1.4263867352495325 0
0 0 0.019732427383839957 0.14105760982293758 1.753326844034779 0
0 0 1.4306845684108014 1.4100856473894754 1.6175251842817928 0
0 0 -1.566804301171313 0.5400958761247776 1.9568083258850886 0
0 0 1.1200597164135901 -0.01385762181576533 0.9957851824790782 0
0 0 1.4319808486058072 0.6614298682873382 1.9857168729304404 0
0 0 1.563113708126978 0.39159729244455216 0.4812963381987202 0
0 0 0.9292281486230856 1.412493021918943 0.7307897998984918 0
0 0 0.38897796923666306 1.4898375997058526 1.1261958818355737 0
0 0 1.3199033213351288 0.09045884345494715 1.6730800559736332 0
0 0 0.5427398442997888 0.07524938758919197 1.5680476474301088 0
0 0 0.1902088777313795 1.458395510154345 1.5956909370331398 0
0 0 -1.2917071616314324 0.5333292182311967 2.0300417415680343 0
0 0 -1.419459930067733 1.4988191177143595 1.3392572365454485 0
0 0 1.3344054916676078 1.1051317465257775 1.926150432838486 0
0 0 1.303680406808664 0.609868581363253 2.026159856634685 0
0 0 -0.0956643799380239 1.4651205908764977 1.4881275528818096 0
0 0 -0.701840050714507 0.068293406903433 1.6175595309172477 0
0 0 0.35730121961810535 1.3910542157402714 0.7701845630167592 0
0 0 0.06245413798235222 0.2991484581707734 1.8301339191840982 0
0 0 -0.8512656290570805 0.04637825149476771 0.9033815090802197 0
0 0 0.8727863459864262 1.459432166588638 1.4556179106493823 0
0 0 1.2605466463454564 0.015699426821784268 1.0438964557298192 0
0 0 -0.17066603540091507 0.8563508815743707 0.44878198426463334 0
0 0 -0.09049482155514466 0.6694490404348816 1.9802888755175256 0
0 0 1.2147745884077716 1.4714550576252186 0.9848358667914379 0
0 0 -0.7602988230205608 1.5371338161298294 1.332103371943582 0
0 0 -1.508689426587144 0.821710522504511 0.46587767668782 0
0 0 0.9389342100269258 1.5666816253391256 1.2111541918127045 0
0 0 -0.8137991562492856 0.12998153872360108 0.71948814435458 0
0 0 -0.19550897582572113 0.7618747257812227 1.9999554716274726 0
0 0 0.10622244896549815 0.38961269061072934 1.9007722252572918 0
0 0 -1.231823559371068 0.3906284837272869 1.9356093791848035 0
0 0 -0.27809687846083975 -0.017089443543289562 1.3503813210783786 0
0 0 1.41121737408145 -0.04244658970392978 1.4099573442306403 0
0 0 -0.5484440379698803 0.6672284138659673 1.969028283478841 0
0 0 0.43807440419681054 0.8012004990769976 0.47896158947278855 0
0 0 -1.1338422011978728 0.7853000614327105 0.414922153085613 0
0 0 1.4814826155575873 0.012921016633957949 1.1370429538143008 0
0 0 -0.20566033746486512 1.2570910642364241 0.5620073509699176 0
0 0 -0.27790826286485526 0.2868516942105151 1.9062200985644768 0
0 0 0.18537875875319543 0.15824211013447664 0.6538082180510408 0
0 0 -0.49612085326401845 0.44073054099805 1.9659323719169448 0
0 0 1.1499594085962976 0.31720515217842377 0.5777204382709458 0
0 0 1.472023567193295 1.3456292461690842 0.6439665304486021 0
0 0 -0.16425697745119194 1.0081430897661219 0.4749901692105315 0
0 0 -0.05895478296664547 1.5065096086930068 1.2097455979538656 0
0 0 -0.9071265112925146 -0.031802946457364256 0.9526772219821296 0
0 0 -0.9489780730860224 1.3496958241885135 1.724003591438325 0
0 0 0.4083131914259701 0.061525726769087186 1.5227609032319824 0
0 0 1.1758690308983049 -0.07854699063620196 1.2316284481190436 0
0 0 -0.7672053509469345 0.018106770716609377 1.0990091617770683 0
0 0 -0.8005603713932135 0.5845248583642632 2.0201672269299635 0
0 0 -0.9255059123862878 0.22973887973538265 0.6239234699542503 0
0 0 -1.5595686619879383 0.7368654687733376 1.9777534177485945 0
0 0 1.0088228644317887 0.6033461691336527 1.9543947893819733 0
0 0 1.517770980434964 1.5297985664077212 1.1452491683998256 0
0 0 -1.4576906864630506 1.1482226384219747 0.49101996539389403 0
0 0 -1.1629434336873619 1.5670945198119428 1.2006776600610956 0
0 0 -0.6982689598374711 1.3333043720042712 0.7580011261487496 0
0 0 1.1582756839196353 1.2176341113341862 1.8823390477786115 0
0 0 0.3839086495453383 0.3420169353752437 1.924868294515711 0
0 0 -0.18500368790707045 -0.03955783326916762 1.4705261135061707 0
0 0 0.002633557766374084 1.50981390342755 1.3237015755498265 0
0 0 -0.5281506749350764 1.526287165001616 0.9452705268218144 0
0 0 0.7532555290533334 1.4295687174846825 1.6218292503340908 0
0 0 -0.04487396384956566 -0.059063341212466036 1.1966949802967566 0
0 0 -1.321672778113327 0.22414105037875354 1.7923526905651483 0
0 0 -0.1025919564538127 0.14441093688678353 1.7017379641180734 0
0 0 -0.8384151593925107 0.7199805698374566 0.4418996060598115 0
0 0 -0.846003074741117 0.07047162429126652 1.6804404772110535 0
0 0 -0.1801306394401283 1.1935305186582523 1.8763907350241955 0
0 0 0.3450725117591493 0.8011671482305631 0.44972481367127504 0
0 0 -0.11886635220687292 1.5649108466499055 1.163363560845113 0
0 0 1.1372611236131172 1.2777877228249164 1.8125553464911865 0
0 0 0.8275954219744439 0.0033455898419929575 1.5868708839511685 0
0 0 0.9181887327099614 1.0860632005462862 0.49078698904764795 0
0 0 0.5200146398716039 1.1681884253478676 0.6077561023991628 0
0 0 -0.9007214816905871 0.6266214382835472 2.0495176780737783 0
0 0 1.4260544764301217 0.03867301153437874 0.8210074704859319 0
0 0 1.0856862201310307 0.019561156461677665 1.3511720305274455 0
0 0 -1.4931286230733454 0.6877962767011427 2.0528134105271985 0
0 0 0.6495607821598277 -0.00347889805739654 1.1819668565236061 0
0 0 -0.09714676926219101 0.005680233143892766 1.1688385143597846 0
0 0 1.2636522896552496 1.3057779043156055 0.7224095278606227 0
0 0 0.8392873145581232 0.5028613827346118 1.9418959303527323 0
0 0 -0.8277697986865035 0.6174246294435681 1.9761430459909222 0
0 0 -0.7405731396496925 1.5593349502085962 1.210693293434517 0
0 0 -0.946488053002431 0.6168495111470679 0.49094356777798276 0
0 0 0.055849189692974255 0.8718835035063432 0.4137956216578693 0
0 0 -0.6692333248588773 0.1342074658817619 0.7725484835245904 0
0 0 -0.949729336743448 0.5971239372724296 0.4372062199866735 0
0 0 -0.5816481901352506 0.47237352694322005 0.5417135082460591 0
0 0 -1.1538118022494819 0.06029237401549414 1.677713091054667 0
0 0 -0.13220319037580808 0.163705322085533 0.680215887793038 0
0 0 -1.3719215875456874 0.9489143971775785 0.46178707897371973 0
0 0 -1.2985011559409194 1.223159855746468 1.8252029772707186 0
0 0 0.7539515546441944 0.7260804009099842 2.0116780574292688 0
0 0 1.0937505553714764 0.021302351418844956 0.9372560266248778 0
0 0 0.24791966798835263 1.4866327859561965 1.0642703640846611 0
0 0 1.4759076128395225 1.2512872782193671 0.6811821687307343 0
0 0 1.1607698043273698 0.8143218493502186 0.44579290156138207 0
0 0 -0.3903569053338247 1.45589148725993 1.480808779479017 0
0 0 0.582520699532683 0.8479919840247292 0.405033364432268 0
0 0 1.4121795810775035 1.4182627960175342 1.6352688178107475 0
0 0 -0.08262400788571433 0.43279536278276254 0.5006358713254294 0
0 0 1.3049715608078531 1.484393850625124 1.3322395497038342 0
0 0 0.11007307018358081 0.7444501168472607 1.985405911740353 0
0 0 0.8679837472343497 1.354672397974091 1.763151777584581 0
0 0 -0.1601374904812256 1.4967654591659656 1.0990885893675202 0
0 0 -0.39875510404859993 0.12273341999630216 1.6596079814450817 0
0 0 0.024636112921085473 0.15390137580559937 0.751660345903945 0
0 0 -0.9418951791744886 -0.04878262971985181 1.3549555292972046 0
0 0 0.5986676710031911 0.06965312334499008 1.6151209877076442 0
0 0 0.727415694073807 0.0030295197682910224 0.9748837360528221 0
0 0 1.3212909342039927 1.510128063966887 1.563885080886894 0
0 0 0.6222827062467506 0.1519726868230996 0.6924938783570662 0
0 0 -0.14881895633835796 1.3494885554772271 0.722611103487025 0
0 0 0.5111090940283338 0.35712941977873214 0.5552910285379119 0
0 0 -1.4230613424999918 0.4385230964080045 1.957360680603939 0
0 0 1.0445914144698483 0.09554834452725092 0.8546101175948078 0
0 0 -0.33747571085455585 0.8541221500527889 2.0103792838905243 0
0 0 -0.2793148468484785 1.4528177435057184 0.9896321040778768 0
0 0 1.3254932369837613 1.2788500122812625 1.7977935945334866 0
0 0 0.9141850542100212 0.5284971244302058 0.4926534285049933 0
0 0 -1.138129406816299 0.17752128352411378 1.753540582699781 0
0 0 0.0506063570630253 0.0483582638618093 1.552020958453769 0
0 0 -1.258369984134652 0.8336478245804886 0.4184870810296998 0
0 0 0.856861828067979 0.6846562916630581 2.010428486450576 0
0 0 1.0913303574792055 -0.027834070717330794 1.1733240371619953 0
0 0 0.38839842124366286 0.2140236580406336 0.6498657061416159 0
0 0 -1.4566190808696398 0.6012193488013542 0.495620166009759 0
0 0 1.2188360647909362 0.07633414161733154 1.5896101542351402 0
0 0 -0.8660808991319787 0.22352003605779158 0.6845521221976653 0
0 0 1.4357684141268927 0.3786628385554678 0.5546025689611898 0
0 0 0.8492419118624821 0.3839460169634762 0.5653753523105354 0
0 0 -0.020072612765486886 1.5595976333006218 1.0937239057162726 0
0 0 1.1695796303426946 1.1594604229536374 1.9543637414288433 0
0 0 -0.02801826326176804 -0.011799068609322005 1.363532468848436 0
0 0 0.5079884752243968 1.110964502456007 1.9046225260189051 0
0 0 -1.3241683327406877 0.07231055917675488 0.8420004504829914 0
0 0 0.22449342281942353 1.3438666487831652 1.7148369743401322 0
0 0 -1.5656759482688019 -0.01670712417418241 1.3581824820563846 0
0 0 -0.00850499686876871 1.3326321402086112 1.7872691932329383 0
0 0 -0.18501903346829995 1.388319978235502 1.692507351763461 0
0 0 0.364030908391074 1.2500052032484423 0.6538025588579309 0
0 0 -1.4596257924652265 1.456624451940281 0.8473489538246006 0
0 0 -0.3291302009142565 0.4449885144380107 1.923444142574374 0
0 0 -0.985557504176858 0.4599930081662875 0.533582899740777 0
0 0 1.4113429061226936 0.7274183722631127 0.42614665942189256 0
0 0 -0.7110132358454669 1.4952097902105392 1.2791188853259863 0
0 0 -1.0534730066935363 1.558187202708306 1.023932991855662 0
0 0 1.0378188286056802 0.7208370229798128 0.40178161873197404 0
0 0 1.2910831268434526 1.2217461015117204 1.8986730954870576 0
0 0 0.364029595428661 1.1406673110155006 1.9309026621432175 0
0 0 0.7112318832063504 1.5061806634274997 1.4749210736081444 0
0 0 -0.060449275769628885 -0.0018303405212616308 1.481275905098238 0
0 0 0.370182951913403 0.9585249062970459 0.4785849426541875 0
0 0 -0.9335290916485295 0.9316590416622555 1.9662204048347356 0
0 0 -0.0784371546990057 1.4585025600141102 1.6555617599993395 0
0 0 -0.8440339093391701 0.06617976282246163 0.7439680865363316 0
0 0 -0.7498616679907908 1.5630268394610054 1.198640086546724 0
0 0 1.4807735806297333 0.252877483927535 1.864593356804325 0
0 0 1.1158021866996393 0.13958455585032303 0.6586022079577994 0
0 0 0.5692920710908966 0.3322901065355673 1.8912537702662855 0
0 0 0.9814341402773086 1.3909398456062134 1.748263107600729 0
0 0 0.5424703100868373 1.3843718599057118 1.7100422207745092 0
0 0 -0.58698889605208 1.4604196447613633 1.671131083344758 0
0 0 -0.3093284697837997 1.430796809712373 0.7613774311448807 0
0 0 -0.22466619848725244 0.35163416536143766 0.5559337657710262 0
0 0 0.7034821017696804 0.9190383737343073 0.4487585251878433 0
0 0 1.4301007106110122 1.5011564867966731 0.8750695254563621 0
0 0 1.1428009384272952 0.5345078224843417 0.5150560591983772 0
0 0 -1.4578153689675477 1.136168764364638 0.584074415510809 0
0 0 -0.8978139060091826 -0.018967763331932064 1.1372897764362249 0
0 0 0.11610674188356396 1.3500882057375794 1.779623989924335 0
0 0 1.0608634202130953 0.3694053538842689 1.9602278232733952 0
0 0 -0.22676353356379386 1.3597363921601955 1.7378228150074393 0
0 0 -0.4639367538135504 1.5669483198155305 1.0543282800543585 0
0 0 0.9933265431598075 1.4369336607546173 0.7993685098889192 0
0 0 -0.963078301414019 0.9933370217132182 2.0189202857902666 0
0 0 -1.4098314038891826 0.5950172294878565 0.48953169130714524 0
0 0 1.5164881088513957 0.9243826619398047 2.018311816474122 0
0 0 1.0157123691453775 1.039374473510692 1.9699174003401971 0
0 0 0.5250616850794563 -0.056009853869738446 1.0727747521506903 0
0 0 1.490238703266677 -0.04400704093142538 1.0076001753949781 0
0 0 -1.1868732654222123 0.1998679751104947 0.6410336435097341 0
0 0 0.9150920101202087 -0.02416180440803628 1.1729667908756949 0
0 0 1.0331225087856448 1.5765754696347092 1.200272830118251 0
0 0 1.2180892641890742 1.2357848973623455 1.9112270792158133 0
0 0 -1.1606280406112046 0.8335995162253108 0.43988785910965156 0
0 0 -0.8579727558295335 0.05004484922938879 0.8670464231449384 0
0 0 -0.11378950132463017 1.1663799251905649 1.8984000852765925 0
0 0 -0.6240916538032104 0.6141728338616378 0.49045473229613257 0
0 0 -0.30809449008643 0.2612767453559094 0.6466931153862715 0
0 0 -1.039457313191145 1.3476989990259556 1.8053050307575438 0
0 0 -1.1061953409353793 0.2676570441435053 0.6620066133469744 0
0 0 1.425958381773329 0.44425407461903965 1.9597826382095405 0
0 0 -0.6108320009499864 1.4825388562356179 1.4913221658818965 0
0 0 -1.400796766338967 0.8684564548692489 0.4291517345366437 0
0 0 -1.0277839518292327 0.766031726356884 0.3950989323173184 0
0 0 -0.6568819128744403 0.013990800860410935 0.8292373349427642 0
0 0 -0.34962907842108204 1.2867819294307938 1.868728413715713 0
0 0 0.22698827780068087 0.6266972513386825 2.0444128368397076 0
0 0 -0.6149284057093849 1.2687225766909935 0.6257373134010915 0
0 0 1.0601691505574053 1.5017440873116894 1.2198660725109598 0
0 0 -0.9405974458141686 0.24396109862970705 0.6620804273785029 0
0 0 0.8040593629428954 0.04224547873046869 1.463451497288774 0
0 0 0.556528466568242 0.019280849798860578 0.9987593956914366 0
0 0 1.2569176815184124 1.1024152992377256 1.8992757099848943 0
0 0 -1.0339416713896674 1.4403031575725516 1.608803191730485 0
0 0 -1.4740317522990314 1.480861030800293 0.9895442904128536 0
0 0 -1.5087462563027652 0.14471892136023534 1.7572960983158166 0
0 0 -0.29473367925227945 -0.041234285528017556 1.3442836346851705 0
0 0 1.4541530352360441 1.493622633866129 1.4429770551620944 0
0 0 1.0718632615327932 0.8929559917480745 1.9810117294072276 0
0 0 0.5603138405987256 0.7836079101203177 0.4786703856412009 0
0 0 -0.9307107739148209 0.8424524351231996 1.9985633397586202 0
0 0 1.1410068465205851 0.5754992272975339 2.0043441505107893 0
0 0 1.0555131652770933 1.3167773636373703 0.6760057750675745 0
0 0 0.973109768821192 1.5283240699935674 0.9926058223187697 0
0 0 -0.8992494580455958 0.2460207687267606 1.8623789649128586 0
0 0 -1.2816068578417878 0.6705772395332399 2.006590435568751 0
0 0 -0.3088791955246486 -0.010040377496440378 1.2866977160559534 0
0 0 1.1681198512170008 1.4640676455952026 0.7878914232566302 0
0 0 -0.5699324919453841 0.13859614861743663 1.703841231959209 0
0 0 0.9386917929643452 0.8618121965344598 2.0599311374577147 0
0 0 0.8574689918916993 0.031578899936992366 0.8600362907127336 0
0 0 -0.7546192185367938 -0.08818952557538351 1.2652783708034443 0
0 0 0.29628486071726834 0.5993627683158753 0.4370572833397648 0
0 0 1.0880085494392375 1.4443316796181973 1.5606124897384321 0
0 0 -0.27926089522350317 1.5575245206220814 1.0228559871206206 0
0 0 -0.34639540969939153 0.5462093898247296 2.0261068533587236 0
0 0 1.1680656402243468 0.11470230593855246 0.8278856988485972 0
0 0 -0.5935553170612322 1.365997044321153 1.704952142578074 0
0 0 -1.053229918629094 1.4658088771083257 0.9097276343019738 0
0 0 -0.5333492779206321 1.3099418681297719 0.697817981952504 0
0 0 -1.1825473201265164 1.122400003746025 1.8854436803590358 0
0 0 1.2651049261708867 -0.0019254228928522465 0.8867046257742937 0
0 0 -0.19662844897384724 1.213280882407728 0.6225108209141748 0
0 0 0.5038252009232038 1.2760343686307891 1.7583741660240895 0
0 0 -0.1880503701490952 -0.04464190540405677 1.3347410667911017 0
0 0 -0.4644204386246322 1.4915206076789687 1.1263671218007036 0
0 0 -0.4371036118521665 0.7705851941111296 2.018543161728119 0
0 0 -0.5042605172255805 0.6890215229827676 2.0271483168851723 0
0 0 -0.026897639531924478 0.02271883466218738 0.9271747866208564 0
0 0 -0.30230647091605967 1.135158649897031 1.9566761811591888 0
0 0 0.3171216243745245 1.4842738337646781 1.3580550258938422 0
0 0 -0.5513897470264724 1.47718200194017 1.0740822131383634 0
0 0 -1.3592707587151605 1.43014700055963 1.5316937223527554 0
0 0 -1.2626088322810114 1.4806434198648477 1.4021097801135063 0
0 0 0.2626773586207063 0.07827225661896087 0.9149672331348804 0
0 0 -0.16822957842651687 0.170202557234984 0.7350462504668116 0
0 0 0.9333041626657246 -0.05777524094513242 1.088101540683241 0
0 0 0.505394714110182 0.24274831282146903 0.6066872867786175 0
0 0 0.5946676647189797 0.02818770153037431 1.0416552045399525 0
0 0 1.017347402050813 1.2224273558343948 1.8671887467563302 0
0 0 1.2671371676125447 0.38839015202081034 0.5397766005084431 0
0 0 -1.4501926099930191 1.2458681331557249 1.8767085712177236 0
0 0 -0.4941589469368195 1.2605401661773952 0.6837796817897998 0
0 0 1.257615327090194 0.16047811619833785 1.709655722759583 0
0 0 0.3910348992039494 -0.00045364029351169233 1.4189525005624402 0
0 0 0.09212003521096213 1.0532105070719198 0.4786000736278686 0
0 0 1.5028295029697665 1.4627085160639357 0.8435617169045253 0
0 0 -0.4929559881798593 0.1862329032330149 0.637949284190248 0
0 0 0.551705658567549 1.403667559846017 0.7958887909139717 0
0 0 -1.3992124637760222 0.17835661014658988 0.6196221465051431 0
0 0 0.734118213284626 0.7473787458680026 0.429900519534113 0
0 0 -0.42231823163272963 0.25629481200508086 0.6204908396707792 0
0 0 -0.7788093466107059 0.17405477117889845 1.7053214739693292 0
0 0 0.5495115139646356 1.1255643432300761 0.5057330532062715 0
0 0 1.5341975819073852 0.647272101006545 2.0378941282365535 0
0 0 -0.9320818471693242 -0.06299925084550606 1.3882126606499943 0
0 0 1.3043025487368305 1.2224774101458378 0.5360664275678881 0
0 0 1.3544699585426572 0.30920092834688234 1.8785351370028547 0
0 0 0.017424736179962208 0.25033210955091495 0.5956836453474722 0
0 0 -0.5123228127954758 0.13529750845795263 1.7049353141212173 0
0 0 -0.5159622868874065 1.1855259616849114 0.5778056766401529 0
0 0 -0.2395669955166997 0.5468998769791014 2.015938445743171 0
0 0 -1.4591416170232843 0.11012834642931046 0.8108473308856787 0
0 0 -0.7219390974006424 0.43645117671904593 0.48170975491104884 0
0 0 -1.149338596944196 0.301200115216883 0.5836147422709969 0
0 0 -0.17310702723022686 -0.01737828218112558 1.081785703581319 0
0 0 -1.4951729504951257 1.1877240296324985 0.5531463447141789 0
0 0 -1.113480714064664 1.482787835629858 0.9144169840967 0
0 0 0.47794843099487894 1.3870733768990515 0.6927462531511827 0
0 0 -0.2503948755179368 1.2109083107055312 0.5324968214864493 0
0 0 1.4536937162841226 0.8308928075083916 2.0034597643388965 0
0 0 -0.7785341495387694 1.489758056058632 1.5403509769234307 0
0 0 1.377048869076618 0.12139147898377733 0.7607562968198451 0
0 0 0.8300605223288953 0.2880841521662911 0.5338288941459766 0
0 0 0.15244210128570557 -0.03267794845858052 1.085499207809246 0
0 0 -1.5270564338762231 0.3043759564618908 1.9316332454723089 0
0 0 0.04544412608642756 1.3216010167650836 1.8419295581290092 0
0 0 1.1729975092516627 0.14438601156209963 0.694119955318171 0
0 0 -1.2412510478658212 1.3186640316744267 1.8173162471383593 0
0 0 -0.3807454362678757 0.00722559930156097 1.3563732743778654 0
0 0 0.4859952493183055 0.4008339600090005 0.4977972010687466 0
0 0 1.3591087453712145 1.1631139100616301 1.8864279568923086 0
0 0 -1.3635447687340079 0.018379285497663878 0.9835169073735462 0
0 0 0.0934261500900555 0.803901303498955 2.0515331295493593 0
0 0 1.3584505113406102 0.7876453956689337 0.40708283686157587 0
0 0 1.0921654284009272 1.3765640775328745 1.6765047892535945 0
0 0 1.3489983784793274 -0.013590278254394739 1.441816061966117 0
0 0 -1.1487518959939371 -0.007889331573972203 1.1411701547772746 0
0 0 -0.7067229620234037 -0.06152173265714733 1.3167801057523965 0
0 0 0.4314770116377131 1.318229068927494 0.6567392822766095 0
0 0 -1.562548773791947 1.55306083414014 1.3001015139679817 0
0 0 0.2685004473054182 0.9478476106108442 0.4578794084273913 0
0 0 -0.9916870663268859 1.547423696141601 1.266914716266166 0
0 0 0.6628760236864424 1.517359059164753 1.1612412653554778 0
0 0 0.31471001402576615 0.3848723374721571 0.5620253609443545 0
0 0 -0.31212653278115843 0.007837833948966755 1.3770665948129557 0
0 0 1.395164274861734 -0.03638491943064304 1.3993914014908673 0
0 0 1.534970906075971 0.09127089153484635 1.6480824233473013 0
0 0 -0.7359964222408591 0.8485391484220536 0.42782103423901385 0
0 0 -0.6527798957508394 1.4962266721114035 0.8544647371672313 0
0 0 -1.2568239968441715 0.24107703378352918 1.8382534718805839 0
0 0 0.62436645313573 0.024564070967033946 0.944517809902121 0
0 0 -0.08346262344045341 0.9636898182603453 0.42271648595057965 0
0 0 1.1493782181483656 1.4059514663629629 0.8305776846778603 0
0 0 1.3403145661701394 0.5847913254954766 0.4291420385025717 0
0 0 0.6328824558188026 1.4696594734343513 0.8328915180327432 0
0 0 -0.8980590098720843 1.438932308444072 0.9020264906227672 0
0 0 -1.3379999142830112 0.28345095702906375 0.6526107673657108 0
0 0 -0.037553138041895195 1.5272254699369032 1.1350276082763058 0
0 0 -1.569980545084917 0.8374404182442478 0.4830665895259517 0
0 0 -1.4111201700372413 -0.014156875140840408 1.5258910481337695 0
0 0 -0.5409497991165604 0.6749255193739839 0.4030243687903571 0
0 0 0.6826674565682298 1.4704868397018775 1.5345604359020832 0
0 0 -1.3304408312208988 0.16730533754962795 0.6759192646636872 0
0 0 1.3759655818596528 1.3459313495164031 1.814075749665541 0
0 0 0.1798580859907417 1.4709792644114574 1.576871508541757 0
0 0 -0.7933835591357828 1.584879639369509 1.2736153763049078 0
0 0 1.111785424651599 0.10487508561426162 0.749436268245365 0
0 0 1.0460118892867745 1.143364275666435 1.9590348430086881 0
0 0 0.14280478174514233 0.12164860652456011 0.8116908707329027 0
0 0 -1.2301919349413541 0.8546819193339702 0.46252137351259837 0
0 0 -1.146435100467174 0.5300918883177637 0.420017985816729 0
0 0 1.3385506869435275 1.4955946714271817 1.5744731376301309 0
0 0 0.49529138442554643 1.0349320039807564 2.000707027044045 0
0 0 0.47096728662189946 0.6311474220416545 1.9624971957846111 0
0 0 -0.5367423321383504 1.2895665146213544 1.818217743417271 0
0 0 1.2869160424447927 0.17958020626830073 0.6175878105329026 0
0 0 -0.07960223543624756 1.0600239101839173 1.9653569120526484 0
0 0 -0.8034913701766 1.447611618982507 0.9352203846642948 0
0 0 0.10438411051035312 0.9432595494751004 1.9598267249261188 0
0 0 1.0195227131558253 0.48583766543862306 2.0164276821590983 0
0 0 -0.17156045980778956 -0.0720604494281114 1.2692722388795188 0
0 0 -1.2162027550571155 -0.010863717259257277 1.4291491528606897 0
0 0 0.6554344057398942 -0.01833814052746796 1.3366020015043836 0
0 0 -0.3497831937624818 1.57643484935217 1.2699785861895911 0
0 0 0.8332060491937829 1.2929668538293062 0.683513810914959 0
0 0 -1.005703067347866 0.34910827490077256 1.9567627811237123 0
0 0 0.7081729739004121 0.6281464834141931 0.40523371512978645 0
0 0 -0.7635083380013754 0.5351495908377044 1.9432359875445733 0
0 0 -1.4203286268476933 0.7459642840758572 0.4137775133189028 0
0 0 -0.10447378264523488 0.14668284601047965 1.780942897711651 0
0 0 -1.4452722189133007 0.15291332217738807 0.7895416816913114 0
0 0 -0.46902083222963364 -0.027854297222937308 1.5403360728522526 0
0 0 -0.6483912206655977 0.17751575926079655 1.7548434522218153 0
0 0 -0.6070237786951038 0.9433823243571324 0.45304775783623386 0

