0 0 0.4798090161327173 0.6933877476557935 2.0424681497499155 0
0 0 0.8013629195575875 0.013595262826093135 1.4929133588765637 0
0 0 -1.47531796904295 1.548351760396487 1.3833481267964027 0
0 0 -0.16873659241306815 0.8415077728584579 0.4214879578882944 0
0 0 -1.387471977547644 1.3962451215218878 0.7533239111469993 0
0 0 -1.0079391161009201 0.03513027909535371 0.9066761214768698 0
0 0 0.5761804368821557 0.5737907186076593 0.46533285780616584 0
0 0 -0.7338305792009471 0.6901455893948092 1.9742526737931254 0
0 0 -1.1776583746902771 -0.06885610477696602 1.1836208354074467 0
0 0 -1.4422585442486928 0.6700458802175028 0.44706231544692554 0
0 0 -0.12856771444466197 0.033329760373073336 1.4144356943598786 0
0 0 0.9855570329261929 0.2000557303838444 0.6356375192472383 0
0 0 0.3729133021161748 1.4302314993531526 0.9332210646804975 0
0 0 0.22738187070168925 -0.0315769358904191 1.3254092335428225 0
0 0 -0.6712167817593083 0.29781574340045136 1.8903239780302026 0
0 0 0.27769578012046114 1.0985616626701866 1.9309464018758566 0
0 0 -1.2214222141961986 0.8251879952255924 1.973080867383487 0
0 0 0.7661764683279815 0.3350103980122757 1.9047209681713877 0
0 0 -0.05409615060996931 0.7092727812907433 0.45244986942632537 0
0 0 0.49905094425153385 0.25667633321659267 0.6293899603329316 0
0 0 -0.8067633053324268 0.18639559194692867 1.8186592364174383 0
0 0 0.6344209238088441 0.698827323953046 0.43708283168784057 0
0 0 -0.40796614631281347 0.7025433343117025 0.4228766218378692 0
0 0 -1.4274513905254784 0.5558413992378887 0.48923276982164365 0
0 0 -1.0467584892903186 -0.022982290086401513 0.9349429631750491 0
0 0 0.054089892828136366 0.7968053221850274 2.0052415089137847 0
0 0 0.02770280416071369 -0.02974153394371537 1.2032217099531293 0
0 0 -0.30058788227132816 0.8046779808211033 0.46994164059860677 0
0 0 -1.3888723567948624 1.0761088142854567 1.963591268484234 0
0 0 -0.5996998660411502 1.4803742588542743 1.5247396507004285 0
0 0 -0.7238003906431273 1.566724064439184 1.4213119866875936 0
0 0 -1.0438180792308498 -0.030645863169427634 1.4436788095196895 0
0 0 0.053235040229025365 0.009774360853648023 1.5836994680502212 0
0 0 0.5055543296194145 1.1570498768916724 1.855296304599967 0
0 0 0.2680045951820278 1.2194487614385219 1.805357152580838 0
0 0 -1.0409640266012228 0.32584303393018926 0.6129945846301725 0
0 0 -1.3103400230859321 0.05259800500317102 1.5896568019093849 0
0 0 0.07262848634383601 1.1153090619090977 1.879135369309417 0
0 0 0.8449311830263735 0.27751123428221697 1.8752863170029133 0
0 0 1.4084441833272208 -0.003391159255288545 1.2468551755076507 0
0 0 -1.2301997306819932 0.5816804607732762 0.425109562013393 0
0 0 -1.4106130313842007 1.316901799811439 0.6473803428675098 0
0 0 0.05037620661385023 -0.02791943886876347 1.4672322912029239 0
0 0 1.1923083600296382 -0.06294951543034366 1.381274269547215 0
0 0 -0.1460144471698106 0.1228382061829808 0.6886478858305537 0
0 0 -1.0500846533943509 1.5565190895567034 1.306143383941503 0
0 0 1.5166452995309263 1.357284689943775 1.7768463026021433 0
0 0 0.039230086941871134 1.4476192405861434 1.4957406221757668 0
0 0 -0.15205378827337523 0.7484254177345585 0.4472857104484502 0
0 0 -1.5601612700298275 0.07650950714486993 1.6250354886612457 0
0 0 1.537604600899689 0.31399882556250464 0.5124491427734366 0
0 0 0.7745907716432545 1.3486699973489231 1.784969760664707 0
0 0 -1.4569393408416944 1.4152268024448418 0.7858605558128966 0
0 0 0.8632344441595121 0.7488584362244569 0.4721597496266692 0
0 0 -0.49150307458432185 1.3366665541797587 1.7619491662178548 0
0 0 0.9721448178148728 1.3880841398483899 1.7112416319357977 0
0 0 -0.610726015035407 0.11139784148947007 1.6534228024948239 0
0 0 -0.48029789349207364 0.8987485084814568 0.4603488132186734 0
0 0 1.1748277803893306 1.4879199990423602 1.1552272274051592 0
0 0 -1.4927852655675102 0.017104194726736743 0.8671065385971989 0
0 0 0.5723658465064392 1.5132549289937534 1.028497394398001 0
0 0 0.06065123052176369 -0.04888674611747379 1.4379126977262082 0
0 0 -0.7222163227192008 1.0810319573939404 0.5395847431224239 0
0 0 -0.9305489127293981 0.05018192432674917 0.9160058249508862 0
0 0 -1.4878524651084433 0.0023357846007492356 1.1039831663492918 0
0 0 0.5006441494889557 1.192801271314739 0.5983125932081824 0
0 0 0.2201641758931021 0.6469697833251 2.0456992659646414 0
0 0 -1.111084668912265 0.2603245574063693 0.5752278661937027 0
0 0 0.8591426696869737 0.5574071089899951 2.0337071713251533 0
0 0 0.15375735872354124 1.271692527951862 1.873516817210863 0
0 0 1.1810574487003742 0.16192192988820697 0.7525701787095646 0
0 0 1.3191794571804905 -0.07670361866637587 1.1086460348897926 0
0 0 1.3386813164338185 1.5159595957543677 1.4692050846173177 0
0 0 -0.038386913452903126 0.04823698158269374 1.686526871745114 0
0 0 -0.8430336015063931 0.5524414410420735 0.4645105598228527 0
0 0 -0.36006046146175974 0.20042757951135004 0.6083908626282436 0
0 0 -1.2536860890575463 0.14849939570168869 1.7222258450480088 0
0 0 1.3289372054316444 -0.006908538516043228 0.9718565967523931 0
0 0 -1.1918902048152122 1.4723719882678097 1.0014114161274175 0
0 0 -1.5564909449517668 1.3876351775040856 1.7350173364445398 0
0 0 -0.011958202477166502 1.4183587974834673 1.700135040153481 0
0 0 -1.534397127346742 0.06342350409365416 0.7997111087473916 0
0 0 0.4960671903878886 0.42336887015613917 1.9021699809138575 0
0 0 0.6878512708708207 0.8946535888914693 0.4919940892780694 0
0 0 0.891572420296721 0.9384595984848356 2.0261821003400042 0
0 0 -0.3773767390037659 0.17823068387321173 1.8216187138536575 0
0 0 0.6007561157827737 0.379706492942888 0.5059363109320074 0
0 0 1.5527345106386963 0.3552628393418174 1.9513905126964923 0
0 0 0.6758602497492285 0.6220680567319989 0.4507703290986478 0
0 0 1.1081820862947764 0.09438868822794078 1.6660389536024347 0
0 0 0.05363156547462 0.7364980663983959 1.9825355444625274 0
0 0 -0.5984878771840547 1.1951876797572658 1.8770533700490861 0
0 0 0.2795080994480701 0.012483037864172819 1.5980594346545294 0
0 0 1.4375065100133773 1.1660912382928834 0.5821037697560104 0
0 0 0.9130235544294929 1.3993517893097054 1.6283919512679057 0
0 0 -0.7975839255886462 0.9322944453063581 2.001592631209512 0
0 0 0.426110591605499 -0.03699682876347021 1.3854130475803437 0
0 0 1.5478353039679082 1.1352955613513047 1.8792532481459023 0
0 0 -0.7815789199858435 0.5374464112802171 0.4574519347527113 0
0 0 -0.6688095121997728 1.5526607078808512 1.2626253007933583 0
0 0 -0.26094407548280096 1.5293601594886972 1.25894546100442 0
0 0 -1.2342384351576217 1.404274862638837 1.7311764443961897 0
0 0 -0.48386846291464614 0.4229020892774374 0.5340617682275446 0
0 0 -0.07973963607337708 0.012221402985397645 0.914391995988262 0
0 0 1.325377107024242 0.9785487517638749 1.9628187088390248 0
0 0 -1.0128717329066115 1.5388147993820693 1.2281971111156278 0
0 0 -0.7959371127804014 0.17259575991980436 1.7377530723100165 0
0 0 -0.0496767536671312 0.9382777385869014 0.477318012421972 0
0 0 -0.17997980943966585 1.5043964861736887 1.180437282371324 0
0 0 -0.796916188895606 1.404426866800415 1.7243802839906903 0
0 0 1.247093859225319 -0.045140178765573635 1.3921011031251769 0
0 0 0.44578520222725215 1.4968834854928121 1.5921151172987802 0
0 0 -1.327046121897442 1.4523350873761922 0.8705472237910729 0
0 0 1.5668134883904252 -0.010131584420742357 1.1551506913436318 0
0 0 -1.180763536660127 0.06322041170744885 0.8134340832165616 0
0 0 1.332515816005548 -0.003335917276392486 1.2256508663442187 0
0 0 0.38191489017587843 1.3877116059368144 0.6931584508383711 0
0 0 -0.1411744998249127 1.2016422897267733 0.6227163226150194 0
0 0 0.4043379818326056 0.3199889930670178 0.597085573797713 0
0 0 -0.2634391323018248 0.01948177621490632 1.6185229251623912 0
0 0 -1.0854587246532268 1.5225754574218335 1.2732213322760606 0
0 0 -1.0799996612250105 0.697244759634434 1.9867560371658852 0
0 0 0.8755205938037949 1.2153948427216097 0.5361802377717523 0
0 0 0.8660363250463563 0.4994637481917362 2.0108032477023485 0
0 0 -1.0772561986937506 0.33350237110570147 1.9074510357640206 0
0 0 0.4930251811613071 0.9517132525476419 1.9701204807330068 0
0 0 0.7565643613903741 0.30593535625745866 1.9307992995426497 0
0 0 1.5277272014018526 0.034549776674819954 0.9591353179903355 0
0 0 1.4002023842697868 0.5417724402418338 2.034183195196699 0
0 0 -0.5118412203953464 0.041965730480175045 0.8978279430260028 0
0 0 -0.8079553727259825 0.01808515830497759 1.4944569820397915 0
0 0 0.9660581364614993 0.1405721478013463 1.6929947445195401 0
0 0 0.5371277151415152 1.3688156345359892 1.7626735762545982 0
0 0 0.9834735590618529 0.0934627189524958 0.7070741314099089 0
0 0 -0.9411227252228516 0.8144688226063825 0.4860869509589797 0
0 0 0.9761176186770366 0.12469253442024775 1.7042308335786729 0
0 0 -1.0391944217240168 1.339065137753455 1.7242342996353337 0
0 0 -1.125756399622683 1.5633538492658634 1.14423164811832 0
0 0 0.6371171032423253 0.169725923882606 1.7634690599240361 0
0 0 -1.2978892171613678 1.2697693178424068 0.5833005603760668 0
0 0 0.5956686617972604 0.2389613879661826 0.685800907665247 0
0 0 -1.3890692753605807 0.5348765907864056 2.009542542542882 0
0 0 -0.9499632149214114 -0.02246608131768202 1.2131559818501203 0
0 0 -0.8446959092617395 1.4270356807122566 0.9256775050431562 0
0 0 1.0565977691670452 1.4110662890913366 1.7419882207426718 0
0 0 -0.8510811688312397 0.07388687858965737 0.7394566196041101 0
0 0 -0.4576212223959035 1.1231818253353942 0.5102913375244403 0
0 0 -0.9946761209638989 0.4722388575014722 0.49935176990648544 0
0 0 1.1835025219985864 0.830549287000268 0.46591957708304144 0
0 0 -1.1827992168114956 1.1409554672850946 0.5820148888524237 0
0 0 0.4330157463381483 1.2553035088703508 0.5725902705385755 0
0 0 1.1398588521499935 1.5232239581655131 1.4029572854109627 0
0 0 -1.3787762162733201 1.5735400851134402 1.1322095247642254 0
0 0 0.25912464115162415 0.22213387955286623 1.8148994257509088 0
0 0 1.094786270215073 1.5391165192021614 1.3367595756024009 0
0 0 0.8317360066254023 0.05341980121720169 0.8819511893360734 0
0 0 0.2311847290033855 1.1338501274399821 1.868482173055646 0
0 0 0.28966994651013667 -0.03700689244060873 0.992901554567973 0
0 0 -1.128959497815711 0.6330509334357542 2.0228074174956303 0
0 0 -0.18887594982895672 0.7186071055095424 2.038146724056372 0
0 0 -0.17436099869860722 0.9565830224756321 1.9852106099873996 0
0 0 -0.8091076813022203 0.037366014415038507 1.6721267944908338 0
0 0 1.3446752810510993 1.3257567020598893 0.6903916176843277 0
0 0 0.8116174249536385 0.597292467788128 0.4199927262674814 0
0 0 -0.9623008913448369 1.44646214661303 1.646513471821502 0
0 0 1.5078352043549037 0.42241210103830956 0.5207374371930447 0
0 0 1.3137280853693398 0.8424280459811117 2.0146952615865175 0
0 0 -0.6022486539612611 1.433843650647365 1.664241323915862 0
0 0 -1.2402788425022697 1.2936124400975353 0.6019978184292839 0
0 0 -0.1582900715889246 0.8999111476878774 0.5030209495502127 0
0 0 -1.51773078305986 0.023408178695682236 1.4418096610293494 0
0 0 0.41840265620163186 -0.06967125921196482 1.2299656645382173 0
0 0 -0.06824461009293525 1.277704746114242 1.7554601367422968 0
0 0 -0.23794270357931047 0.6093746727262364 2.0539099869067847 0
0 0 0.4542754748300677 0.05403971928045925 0.9181222099607605 0
0 0 -0.543512372938219 0.4352968972005499 0.4883708988155657 0
0 0 0.9481354209803334 1.1975148840531025 1.8340024230852157 0
0 0 0.6095199498611588 0.17841636302041508 1.824223856993489 0
0 0 0.9934122903708196 1.2945413386886897 1.796223401643549 0
0 0 -0.1491570976293879 0.04944810322386406 1.6520934934873397 0
0 0 -1.1325208752252898 1.4499285412039207 1.6243390643728932 0
0 0 0.9995117279190411 1.482924844984534 0.984075278444632 0
0 0 -0.8165680723289112 -0.05650671746841662 1.054224554956162 0
0 0 -1.4444424980058796 0.29879299594308567 0.6290762035783275 0
0 0 -1.313365203968484 0.8630362132904449 1.986239732775819 0
0 0 1.473272265860432 1.5292020311266614 1.295865473749548 0
0 0 0.13375080226072344 0.12970109012413678 1.7040060413200881 0
0 0 0.38162308676145007 1.559220725892469 1.2503750547959473 0
0 0 -1.0708598872552049 1.5341998274573099 1.1842660961259255 0
0 0 -0.4630012078773582 -0.06615829672353712 1.1292110742029229 0
0 0 -0.3353330975465494 1.511505171434068 1.4627498549942388 0
0 0 -0.37237820826779355 1.4896411017720848 1.5947597554474602 0
0 0 0.3404707114819465 1.5374799347953374 1.0064893885650388 0
0 0 1.0473004616972914 0.040856890081909514 0.89300913582232 0
0 0 1.4146720707599054 0.4817160027133143 1.9293620105622593 0
0 0 0.3300918127134129 0.3962183236999935 0.5236854018803624 0
0 0 1.5542094719817054 1.5218634258712451 0.9042506185503962 0
0 0 -0.5201985696070452 0.715818613363777 2.061593533200261 0
0 0 -1.1333851403220012 0.07199921213153282 0.7512345153703164 0
0 0 -0.035906586296440945 1.1851997568641837 1.906134066043181 0
0 0 -0.16607264932420707 1.350399322584543 1.6726018050895226 0
0 0 0.5313128466505419 1.522211006494111 1.5564339520440065 0
0 0 1.3248117667062727 0.9228506319336438 0.4489029196979706 0
0 0 -0.9084076589898816 0.773530008254595 0.4502065649743803 0
0 0 1.4303731709024223 0.24634246395011794 1.78891085104065 0
0 0 -0.38530792246272694 0.6258528868794966 2.0268185468146025 0
0 0 -1.402559131485347 0.03699463570405859 0.8951772414088475 0
0 0 -0.5589185016258773 0.3699882796849305 0.5480199313404263 0
0 0 0.32744770728500283 0.0016641415035028029 1.5951988731131854 0
0 0 0.05169272463442787 0.02124714857793175 0.9252483251552708 0
0 0 0.5141171658039574 1.532278066952018 1.0725473004780577 0
0 0 0.7053478788433964 1.1581443120305974 0.5699649239649517 0
0 0 -0.26050870465627973 -0.024179435390022097 1.4568583360133474 0
0 0 -0.8121251245946217 0.4930883622967474 0.47749614664971984 0
0 0 -0.4978355785445332 0.19644894661657009 0.7031298641695032 0
0 0 -0.19086248821383967 0.16976392574761512 1.7046414604984874 0
0 0 -0.09475728872143296 1.4948700677754472 0.8692240197038429 0
0 0 0.9914007675685381 0.1759551604855898 0.682396280534343 0
0 0 1.5554943683182123 0.2787445681435995 1.8224980549387455 0
0 0 0.9786591784954082 0.5420335799702387 1.985208661045536 0
0 0 1.1070382285541003 1.19719647902137 0.637887448139687 0
0 0 0.4867187720835848 0.09638674157278826 0.8394278373119911 0
0 0 -0.6846625676742569 0.8543546300779598 0.44534410397987134 0
0 0 -1.4982351344788325 0.05564016854159859 1.5016656387219913 0
0 0 -0.4637106548743577 1.3753830294635203 1.7830450299851228 0
0 0 1.1762415947000955 1.5341077523495965 1.3602845164218564 0
0 0 1.0304873616532486 -0.07846600781428903 1.215526106002933 0
0 0 0.9732755466926073 0.43221543190293893 0.54085350021415 0
0 0 -0.9704567139274338 1.4550308303355841 1.5644923717228647 0
0 0 1.5233263386646545 0.7688225777209768 2.001146852447737 0
0 0 1.4099379841351487 0.16987383611097617 0.7512261698799103 0
0 0 1.3634854625764246 -0.03651410472912442 1.1808463875703918 0
0 0 -0.5056780552576223 1.3459517488135218 0.7851244498374303 0
0 0 1.569711269692725 0.5518148607348077 1.994546518581953 0
0 0 -1.1957683980307703 0.2091317466369188 1.7932532444016385 0
0 0 0.7144799036859348 0.7768217312139504 0.46633024910446697 0
0 0 -1.2133087995098335 0.2548713253140703 0.6251049445287 0
0 0 -0.40232215845905617 1.4941711339975037 1.424933959895295 0
0 0 0.17104781667060354 1.3604386379032882 0.7465145034723231 0
0 0 0.02422127927970097 1.5100970223144485 0.931335446991169 0
0 0 1.1208690269881405 0.050388075185212045 1.576101025662353 0
0 0 -0.9104772988076323 1.0570704483934392 1.911811483913409 0
0 0 0.5368185777663252 -0.028903730795509786 1.4752642141207761 0
0 0 -0.00974011480790149 -0.07673654957529485 1.2203588153115759 0
0 0 0.0067743670070943285 1.5745279929168778 1.2322109809137043 0
0 0 -1.2205436596342354 1.340676278956637 0.692096083093509 0
0 0 -0.6726407107622046 1.493101000745119 1.5204385663688589 0
0 0 -0.8130254139349126 0.1595054376988435 0.7406592574454482 0
0 0 1.4513480192862844 0.0054894586414235835 0.9646839999034402 0
0 0 -1.2342740405783066 1.558387374557919 1.1854821775402375 0
0 0 0.7084597213654575 0.28441653201620654 1.8363834568791249 0
0 0 0.19957143605075411 1.493405402088275 1.4296323437457383 0
0 0 -0.6955092101768943 0.06040917794126577 1.679908579040649 0
0 0 0.2530392358072744 1.425879280921074 0.7750871670689363 0
0 0 0.256312295219681 1.528083764059419 1.1338720492220766 0
0 0 0.922334850185877 0.5339093996339267 1.9745154707694663 0
0 0 -1.4401771345884038 1.384644461270185 0.7507447784364727 0
0 0 0.6172565047973304 0.17527048856868144 1.7939027657111404 0
0 0 -0.553625308790733 0.11581662262814196 1.7527543674663075 0
0 0 -1.2567859710489506 0.034710971589879125 1.6451093910455181 0
0 0 0.0299881753488076 1.5719429426375755 1.3440921622618727 0
0 0 0.033832029422768084 1.2541519219471546 0.5778567830927089 0
0 0 -1.503858881646591 1.1277895390389634 0.500761047995663 0
0 0 -1.430226219841105 0.6456652744271338 0.4342157231272661 0
0 0 -0.44537653317782033 0.4470856015416435 1.9479420382801242 0
0 0 0.37970300353458164 1.142609395658617 0.5768549043782328 0
0 0 0.5946830569172157 0.6642477192122593 1.9847925147765073 0
0 0 0.39574171796168756 1.1870291019200958 0.5614790949303056 0
0 0 -0.08221490591704605 1.521929448857006 1.1292725686687721 0
0 0 1.1380947537628816 1.2999942370175508 1.78659729522281 0
0 0 -0.8498534908457474 0.18662373507708085 1.7273187036591124 0
0 0 -0.051456922565565 0.21130266546315812 1.7950877166838808 0
0 0 -0.021735807294491538 1.5102810456563285 1.0495292212619556 0
0 0 1.5599516080594422 0.5414448961296451 1.9634065091478021 0
0 0 0.8005255692097593 1.5460169013893204 1.4844356513920898 0
0 0 0.8671062012354773 0.2266526686467214 1.7843112012110924 0
0 0 1.160205389627194 1.2503538862224288 1.8790174332541674 0
0 0 -0.8717371907018115 0.7922635609449794 2.019031435497409 0
0 0 0.11186648749317096 1.0508099612719684 0.5336211787503576 0
0 0 -1.312307354937606 -0.006287863258723547 1.5116644397802044 0
0 0 0.624953941831849 0.6638553173378633 2.0514269730819104 0
0 0 -1.3898242884791834 1.3849424689153653 1.6834690269670596 0
0 0 1.1727121904239017 1.287025654786932 0.6873239776922784 0
0 0 -0.12304396246718863 0.10230573917287988 1.6672563486560175 0
0 0 -1.237445315078308 -0.01843251629833742 1.5302670396302425 0
0 0 -1.180392125112864 1.4708039677479463 1.0360064274825687 0
0 0 -1.3168943604199495 0.5477001047910082 1.9632068162168927 0
0 0 0.44141857846085353 1.1790531650310796 0.5700104076850997 0
0 0 0.4914985820734459 0.03487352101368457 0.8723013535045039 0
0 0 0.6204081096171503 1.448958756879287 0.8441816302188323 0
0 0 -1.425667707713572 0.3320742333034855 0.5727717174585215 0
0 0 0.7278325626400268 0.11299630753205692 1.7467283422224837 0
0 0 0.0613183819691554 1.541005349779289 1.4602450195562782 0
0 0 0.05115655360812932 0.15491479926803586 0.7440332224581274 0
0 0 -0.7599818525589518 1.1073188152496782 0.4953038017033151 0
0 0 0.05880906304227973 1.5259781322604193 1.379977893883036 0
0 0 -0.8841100505645848 1.0910798043053198 1.962299988398831 0
0 0 0.28928328569643047 0.4211927890823329 1.9526294555404846 0
0 0 0.881130788051451 1.3238365016333544 1.8073864077742705 0
0 0 0.4789932264459993 0.42346613746922973 1.9886242168934474 0
0 0 -1.1581648813751497 -0.04884313761905534 1.037075497990711 0
0 0 1.0391825260045802 1.5409419817060814 1.0894533843368273 0
0 0 0.029801410202769718 0.7672985298012014 0.40259813213153395 0
0 0 -0.9533559384406743 0.24672742609307075 1.8457598221848759 0
0 0 -1.4458763030240633 -0.028155843776675127 0.9167626402905451 0
0 0 -1.524368145424964 0.06575771128722196 1.60845861115479 0
0 0 -1.1820901015957195 0.7304991955894341 0.46779897807348103 0
0 0 0.8920173623586365 1.326670964890559 0.743077876649082 0
0 0 1.0576226263500081 1.345754069630935 0.7784049137303073 0
0 0 1.2122371663851181 1.511104804773675 0.9359763672530319 0
0 0 0.7894886230147606 1.3984414250053496 1.6738522776842046 0
0 0 -1.445598474975174 1.1041409068467207 0.5478363877405987 0
0 0 0.8854898434058738 1.2040327521902887 1.8311286552315311 0
0 0 1.188420265586681 0.08434164955671519 1.717666305917878 0
0 0 -0.5150032289930839 0.32293898937035004 1.9375093117737259 0
0 0 -0.31659656395767666 1.4883852327183416 1.3516617374097974 0
0 0 0.10055358490073063 0.6760044229995871 0.4591965840885551 0
0 0 0.9538260019758784 0.021289093771535206 0.9576197305967793 0
0 0 0.3532451912137313 0.9731018608204043 2.0284422591986067 0
0 0 -0.6607837393302952 0.6448494782515237 2.0481132591547198 0
0 0 -0.3520092436403113 0.6516873378361383 2.038485098063058 0
0 0 0.2002091893069724 0.0319657276859433 1.4188488572161033 0
0 0 -1.2561994074910265 -0.002955982602815599 0.874405473125763 0
0 0 -0.4729946858709433 1.0626831797859877 1.9050360280662597 0
0 0 -1.4399849359386994 -0.027225498591521013 1.1428495291545533 0
0 0 0.7877815268937014 -0.06894105636356374 1.291235582611735 0
0 0 -0.2946042853275934 1.077750934211897 0.5097232783479325 0
0 0 0.29495503948045054 1.2200894637170694 0.6393739362941766 0
0 0 1.1635051869236972 1.4003469577955985 1.6885550365470896 0
0 0 0.19766100164004707 1.159306748603094 1.8563999161988587 0
0 0 -1.3431123181904476 0.9901090050042828 1.9761267371523208 0
0 0 0.3655343324181086 1.4928268097409396 0.9746888365801434 0
0 0 0.07669542014131103 1.4262420053943583 0.7902783883724633 0
0 0 -1.4395295878014487 0.052704301707628076 1.6192338705709717 0
0 0 -0.9145068826926556 1.2342258104055466 0.6549570462763953 0
0 0 -1.4525074883083258 0.618671226026321 2.0356324866734887 0
0 0 0.3667989373239773 1.1057098512964747 0.53293076236007 0
0 0 -0.4917199988458756 1.3479500965616453 0.7165692363540106 0
0 0 1.5006408629021184 0.15469928794352317 0.68251823605194 0
0 0 -0.4347912199977322 1.0956852121044023 1.936419445826861 0
0 0 -1.469850529961636 1.1107860246084826 1.9337512523121823 0
0 0 0.23421225362375653 0.9124436305432032 1.9733254927508468 0
0 0 -0.6650607684722999 1.4864177927033304 1.1181016318968575 0
0 0 0.6549517727624088 1.505456112622674 1.5171618028452833 0
0 0 1.3757088787848404 0.017433237912942268 1.0096316991304666 0
0 0 0.8688604947598835 1.5047493212341783 1.4138847583854672 0
0 0 -0.45430791114708935 0.8079856387832259 0.41487733005522986 0
0 0 -0.2629686377778675 -0.04471944093588187 1.390025926928865 0
0 0 -1.2807825433944375 0.6782452721725932 2.037137089139134 0
0 0 0.8557054198442215 0.7052737068400412 0.39689254117074113 0
0 0 -1.2737041903410693 1.3885370813957358 1.7075374988537877 0
0 0 -0.9722928353681504 0.15813240747633794 1.770541144667538 0
0 0 -0.369571904959493 0.5754659281187269 2.0343609150823068 0
0 0 -1.4500399985177985 1.008960292604998 1.9730833876823146 0
0 0 -0.8602031317055386 0.6829814789818281 1.9687447918792245 0
0 0 1.0908005883234808 0.08064499188349161 0.9000465651436361 0
0 0 -0.1289702132117776 1.4824838050740188 0.9689502243022498 0
0 0 0.8855907620797772 1.1716687249597033 1.8681698577158752 0
0 0 0.1197309196484031 0.8326629985791166 0.45686567544556167 0
0 0 -1.412029492566864 1.3401651772754737 1.7216221147695039 0
0 0 -1.3135908100422957 1.5096786800189212 1.2101736337943 0
0 0 0.003953556850452733 1.0430612501407457 1.933426624965524 0
0 0 0.5327526565491185 0.7602936288914967 0.4022189906683784 0
0 0 -0.9524583495182479 1.300715417289816 0.6241709789449379 0
0 0 0.6149310861193573 1.233674176110931 0.642610514267762 0
0 0 0.11373080398278868 1.573201784813636 1.1182805251770949 0
0 0 -0.3591223204681677 -0.039031306024934986 1.2070846717369124 0
0 0 -0.9446322325481205 1.5249798299199664 0.9106330712055986 0
0 0 -0.8067061161868151 1.2088378572683616 0.6452649160214359 0
0 0 -0.43035960033908705 1.4895350101642655 1.2805449440161485 0
0 0 -0.9290980280966852 1.5340154202542573 1.088138356082803 0
0 0 0.3731405943816528 -0.002247017379831351 1.0636611916188539 0
0 0 0.7936025931050379 1.544117574834018 1.305919068019438 0
0 0 -0.4193714338625465 1.0659089044387244 1.9375315108217277 0
0 0 -1.2793646046165503 1.146880245738573 0.5505038476556842 0
0 0 0.9336364961981993 0.9655472647175765 2.0058239560530695 0
0 0 -1.2125072744035719 0.020302495271405818 1.483914666408653 0
0 0 -0.35102420111383714 0.23530930138967443 1.802566418373081 0
0 0 1.5396920504801264 1.510202956915312 0.8841046909830024 0
0 0 -0.2105997759535463 1.5760326474403228 1.1143848936182108 0
0 0 1.0242196332502091 0.754969268236227 1.9885392556161783 0
0 0 1.0864474130895037 0.8415306392602356 2.048987676781425 0
0 0 1.2308242475505482 0.8976954736560319 0.4639715154376669 0
0 0 -1.51103688809355 0.02612689860995354 1.616278084711094 0
0 0 -0.07229057522955529 0.015511402697678922 1.492488149295195 0
0 0 -1.4955083338066237 0.8239658506923537 1.978029490878312 0
0 0 -0.07280996905366766 1.5676432764085548 1.237642411450367 0
0 0 -0.3019594858408132 0.4652175824784017 0.531002401865326 0
0 0 1.4039510343920272 1.5697005557514856 1.3992165176262672 0
0 0 -1.5631361390634508 0.16077452856804564 1.778636146064844 0
0 0 -0.23535765682224574 0.9425040384919425 2.013143797380742 0
0 0 0.8029389279665571 0.08661452975255013 0.8349814342905247 0
0 0 -1.3185755545229214 0.1674556712986357 0.750753617676106 0
0 0 -0.9529593138034534 1.5287863211262966 1.474123945795101 0
0 0 0.7593055004841158 0.3153091198501505 0.573923796709439 0
0 0 -1.278493960324756 1.3504252385449285 0.732305882656739 0
0 0 1.4457611540135602 0.6873692220267555 2.0201433581499058 0
0 0 -0.02038960915214072 0.8340537684402032 2.059726474605073 0
0 0 -1.0745724255782911 0.6618708046049839 0.45148938522093596 0
0 0 -0.7746727830890551 1.4007487140461432 1.6415000538304876 0
0 0 1.434121634285117 0.09738518115354156 0.7101423766466323 0
0 0 1.4714234813054055 0.4677954617772133 1.9177854241520647 0
0 0 -1.0151566657404252 -0.011873761934172555 1.2412509735989985 0
0 0 -0.9517335133484197 0.6588080685637928 0.43876882765669256 0
0 0 1.24249241688316 1.5334920161138272 0.9412530063533466 0
0 0 0.6811176618041941 0.9362753083401548 2.024728853947682 0
0 0 -1.1317995869060276 1.248993804382767 0.5881567780732669 0
0 0 0.8233565232243536 1.1104649074799062 0.5146132115642564 0
0 0 0.7710661561060137 1.488668414223381 1.3776623073240097 0
0 0 -0.8503690818025782 0.5953000085620785 0.485337404132839 0
0 0 -1.5625842255309925 0.40256920588131856 0.5035647183177075 0
0 0 1.3720040592736575 0.39717877792915623 1.9407006027247382 0
0 0 0.6760366251454872 1.2550517070943474 0.5664454084486813 0
0 0 -1.1508008304795032 1.574466896311677 1.3027320881832103 0
0 0 1.5054444055308998 0.6465699049002553 0.44225699191874246 0
0 0 -1.0903227569709066 0.8230940514803258 2.052322867042064 0
0 0 -0.4700677667254689 1.3935607805637966 1.7213956215110138 0
0 0 0.2702102427967794 1.2406950791868705 1.8135410293708454 0
0 0 0.4003386132900293 1.4453010858152222 1.65809660927526 0
0 0 1.4209353844663672 0.6442176836274766 2.028092420051744 0
0 0 0.5089092643164896 1.4957803508329643 1.5470353515639326 0
0 0 1.1849294044368612 -0.016818467578417318 1.2616475781102001 0
0 0 -0.8746582120268395 0.48693247052554783 0.5247158509691755 0
0 0 -1.5499251481551692 0.9085880439774958 1.9700890297177454 0
0 0 0.8131142177715578 0.24109569112790952 1.765891369687608 0
0 0 -0.07707974127698192 1.463712118952675 1.6629312631546966 0
0 0 1.350623723703671 1.573605909045933 1.1265719651691353 0
0 0 1.34463569650719 0.15011130681832718 1.7984581959035992 0
0 0 -0.5049978994500834 1.381955309116583 0.7545358362269061 0
0 0 -0.24600428685329545 0.8215998868433656 0.4057259492187639 0
0 0 -0.04313889683343075 1.2006173670356013 1.8648766595978428 0
0 0 0.7929777138195688 1.5345278856832962 1.0266501129875536 0
0 0 -0.7810425337675565 1.5353583983224093 1.0977333614618878 0
0 0 0.6326820614719186 -0.008563478134854585 1.0295180178346197 0
0 0 0.9339256741260513 0.8483221044351201 0.44659805875108016 0
0 0 0.057999164809829695 0.2615898661446234 0.6533330916981461 0
0 0 -0.1568347256503706 1.0326056967841177 1.9878674130809095 0
0 0 -1.5644063205226921 1.1325869455221156 0.593000135953272 0
0 0 1.1172803909350906 0.6952809096095723 1.996013836619896 0
0 0 0.7101931768862562 1.55632586335767 1.3385665740358013 0
0 0 -0.14975049450849354 1.5365162618985377 1.3685242867890917 0
0 0 1.5100403664523983 0.7713867208786247 2.0410583274442815 0
0 0 -0.6667056808483599 1.182435440214099 0.5212495906521551 0
0 0 -0.4404219949154966 0.3124308029376569 1.9279169481196128 0
0 0 0.3826257678967311 1.0099403181548143 1.9907299052571823 0
0 0 0.013432509453660035 -0.03719330008641497 1.3137447622731744 0
0 0 0.6036395379169384 0.12181508670281638 0.8010663722703878 0
0 0 0.8431125625492797 0.0019955722366175044 0.8686859227670288 0
0 0 0.2868416833024183 -0.05532394258818796 1.3344521082470095 0
0 0 -0.06711102376440192 0.6288359274927251 2.0229511304272707 0
0 0 0.4627817567360144 1.454741239440013 1.682290308219638 0
0 0 1.1899901784212434 0.020412779129716507 0.8627285577488143 0
0 0 0.27756432286353405 0.7549263171453316 0.4681801047047842 0
0 0 -1.3285196719062322 0.24491545008920446 1.8431193391114737 0
0 0 1.3815022631776737 0.8943950102678622 2.007205781929245 0
0 0 -0.49149240181908294 1.3373480171273675 0.7678021877299127 0
0 0 0.40329317533118436 1.3534709053311724 0.7115365056822711 0
0 0 -0.43003511646360004 1.2704186499745065 0.6708854491984642 0
0 0 1.3923317214402657 0.2816754484892934 0.6032106406019687 0
0 0 1.1012884465812594 0.8034896182836505 2.0355056746475646 0
0 0 -1.4369050321164494 0.027585515739204647 1.0641166089972953 0
0 0 0.7639022667602027 1.1041178161640308 1.909865798229603 0
0 0 1.3938249191985457 1.4068382260088883 0.8410830645990766 0
0 0 -0.4394887914979104 0.8260120939554101 0.4554566216666146 0
0 0 0.44102017702070384 0.8181926974495295 0.39611474005981095 0
0 0 -0.17272768012590034 0.38443907095622376 0.5755032819094313 0
0 0 1.1505015845764284 0.07710721548940569 1.6903087884917611 0
0 0 -0.12023038646785045 1.4933720283318415 0.9419517644744451 0
0 0 0.3915373334938477 0.5313332305185244 1.975302118928589 0
0 0 -0.455828692110265 -0.03015163951542288 1.1480212565089822 0
0 0 0.6919865516384567 1.081040295578837 0.5062414482422137 0
0 0 -0.9493091651168846 0.6184469909168542 0.4134600047303537 0
0 0 -1.2502621181517473 1.4333703839107785 0.9286050344940006 0
0 0 0.12142434559563076 1.0452287042936907 2.00867190607484 0
0 0 0.45257436633544845 -0.07819783931804769 1.2676242393040171 0
0 0 -1.1676506346396378 0.2637826226278997 0.668106700177857 0
0 0 -0.9666263001670393 0.4119248197623395 0.5551840824226442 0
0 0 -0.10310115926075603 1.5379173560071284 1.2076201990910491 0
0 0 -0.6882475550894308 1.040207930295171 1.9471815066704972 0
0 0 0.8659695102212641 0.9491728365227061 2.0327698133023047 0
0 0 0.9778954993569018 0.5772644055247698 2.032614246181249 0
0 0 0.7743014785038911 0.3485583633382999 1.9650123702830555 0
0 0 -0.14659768067274026 0.24719831685919402 1.7840878421305995 0
0 0 1.170490790761129 0.3351533640653029 0.6109703168448678 0
0 0 -0.39852823912020074 1.3382181606650299 1.823328523586353 0
0 0 1.0670904369554663 0.1554437870608144 0.7419554155589835 0
0 0 1.1968656258821273 0.0026260800361572745 1.2490565151543982 0
0 0 -0.33152558173809954 0.6924434636043977 0.4632026980968722 0
0 0 -1.521344420979432 0.15061075773220167 1.8009027566215823 0
0 0 1.231324827713626 1.5150370322904818 0.9625451320346889 0
0 0 1.2366896547884951 1.3986458715742547 1.5985257004108862 0
0 0 0.1051374311530131 0.0014270833581301323 1.5715329679864776 0
0 0 1.4169215060428013 0.8591552011710267 2.021816305724357 0
0 0 0.8214335375397663 1.4992380261588159 1.5423082846857223 0
0 0 -1.2109077286487548 -0.017472826111838313 1.3979075292286807 0
0 0 -0.7785996865815386 0.030756544659924945 1.4310540351347658 0
0 0 -0.08835398535435912 0.512751953799513 2.0195930123549783 0
0 0 -0.23633588982661502 1.1043821119142705 0.519072960778249 0
0 0 -0.5182240375671536 1.2616290777195216 1.8421671307491014 0
0 0 -0.5302623889185945 1.2164673661293657 1.8085540792172483 0
0 0 -1.4396859924636451 0.6518995299233586 2.032556872279857 0
0 0 -0.47753571191206823 0.005729224171870384 1.3366543238756863 0
0 0 -0.9732956012287982 -0.06695930222813873 1.123515030092895 0
0 0 0.47068635967435 -0.05904349169188805 1.39657187195021 0
0 0 0.565675778968902 1.520487584797738 1.2915120169677847 0
0 0 -0.03553648016015498 0.6283791647879559 1.9849026402229362 0
0 0 0.8224446378979224 0.2890280666839541 0.5962138264323003 0
0 0 1.0616903342862605 1.0641593900709228 0.49653488141984037 0
0 0 0.515686620409014 1.517120090009012 1.3013298358262702 0
0 0 -0.9017229092376668 0.5749784133996502 1.9864627813440028 0
0 0 -0.12807638547214473 0.3738286693561135 1.8658305782625306 0
0 0 -1.3964139328658434 0.46152671402927187 1.9836246247089453 0
0 0 0.4546235984576503 1.2636916700436558 1.8302646711826323 0
0 0 -0.33425280507759547 1.5861991988986386 1.2407134537597015 0
0 0 -1.2131741618056873 0.1556691598077039 0.648477812615699 0
0 0 0.3756717252867088 -0.016877476086693433 0.8970800768061504 0
0 0 -1.091956067108752 1.4935989833061236 1.2424267107094293 0
0 0 0.4685236010663756 0.21584050518961118 1.7810399638631877 0
0 0 0.18000335530095413 1.558811537007401 1.1068752683340575 0
0 0 -0.5127112535831693 1.5696323710602464 1.0678408676734246 0
0 0 0.17632339441860956 0.009977904814386318 1.4822811913320366 0
0 0 -1.2877436055038227 0.49185741665341115 1.9969886573459612 0
0 0 0.9189577043763126 1.3815023782712972 0.7063009941309243 0
0 0 1.3344667547854132 1.4999816276328506 1.573005102546318 0
0 0 -0.6079126062377196 0.808414535892252 0.44363009570202605 0
0 0 1.5498197978696848 0.1971964400361188 0.6029829105428524 0
0 0 0.5646920968665756 0.2173424778876527 1.7770792668506887 0
0 0 -0.5819430227640516 0.027317739346539915 1.412272281623291 0
0 0 1.092405680197611 -0.043748639715304516 1.1033243203967156 0
0 0 0.5408835054810903 1.4548051630996297 0.8239197764186595 0
0 0 0.764349812523367 1.4534388124947357 1.5284437771619854 0
0 0 -1.0572538954522632 0.4592905882475197 1.934655128213052 0
0 0 -0.24820254278871356 1.4358391849152758 0.8737485685809911 0
0 0 1.3247600090635148 0.09704726386211948 0.7813393767288763 0
0 0 0.6405512081927385 0.2616140216257753 1.8725839658962138 0
0 0 0.216553327521545 1.3466693418116051 0.69101160101206 0
0 0 1.5533409651203458 0.8628528533176744 0.40764602284912044 0
0 0 -0.03148724772704803 0.8006774615413654 0.4887446153187519 0
0 0 -0.664895274123314 0.05416263932910603 0.8492720249591784 0
0 0 1.4280550183751113 1.2547075251369146 0.6018241891931018 0
0 0 1.516155041608568 0.7525547244376544 2.044255238459474 0
0 0 -1.0647121684995384 0.8889285178993481 1.9831910979275948 0
0 0 -0.9639493210778136 0.005065224248965827 1.3875386149352502 0
0 0 -0.7112612290425355 0.7181213416325323 2.028793805684836 0
0 0 1.4820497065393732 1.2842431097244007 1.7563850642374517 0
0 0 0.6000179773430356 0.896771480128756 0.4623996432343205 0
0 0 -0.5752836470378573 0.5498790208759609 0.4651551691374528 0
0 0 -1.4140928614892696 0.6617564284128044 2.0558649434657914 0
0 0 -1.323894892685658 1.339760649352101 0.689565593264577 0
0 0 0.17384261318425898 0.3678379082023908 0.4921090359012873 0
0 0 1.3258456524022413 0.570428506568357 2.0260626341107093 0
0 0 -0.5716202547742323 0.7771893225075465 0.4800707937463671 0
0 0 1.3077423809748407 1.3334472294828648 0.6799679007342213 0
0 0 -0.3801395795780562 1.4528295315985065 1.667898044591229 0
0 0 0.20185170074333936 1.323806003559909 1.7295355870220757 0
0 0 0.6525821092987529 -0.06790182473980932 1.4062700319961665 0
0 0 -0.059744703902812946 0.699914565872188 2.030150593581519 0
0 0 -1.258432985625037 0.284111415911082 0.6437405147588666 0
0 0 0.22237867548068668 0.9738736810672881 0.48988358015502953 0
0 0 -1.1283590881186667 1.4566650203038618 1.6176435447990047 0
0 0 1.0303643863327707 0.5347114660962591 0.48737632181442025 0
0 0 1.1859712383601408 0.35590239156202835 0.5205019582974113 0
0 0 0.8399359261652557 0.23124960601360633 0.6163068627147743 0
0 0 -1.007247609756774 -0.007843694784198774 1.4791133255763407 0
0 0 -0.6984418944152427 1.2502479910081605 1.8804277115807806 0
0 0 -1.34359207563374 -0.039468014384709704 1.1397037014935396 0
0 0 -0.4666824842503885 0.3854508263444728 1.959474418974751 0
0 0 -0.9281142853757004 1.391546354487657 0.7797374110852007 0
0 0 1.480806636518802 -0.03487064582724042 1.0478392642085022 0
0 0 -0.717555086321079 0.9221964108497367 2.028409297531658 0
0 0 1.0503994439320032 0.8073631522101418 0.4092484929336748 0
0 0 -1.5567040931636444 1.2476377563721286 0.5731025664143513 0
0 0 -0.9977850333483296 0.9998426579977188 1.9819216471911676 0
0 0 1.2212410758185257 0.06343793083631111 0.8674377148048111 0
0 0 1.1305751086548161 0.36949137767100515 0.5681584185803062 0
0 0 -1.3301098409733245 0.048331604006652484 0.9777871749781032 0
0 0 1.3878411426419675 1.3996936850545671 1.7339539707920455 0
0 0 -0.7621950996740855 0.3469889215546402 1.8948385613489491 0
0 0 1.4949563796129515 -0.04287824439608123 1.3896030075401715 0
0 0 0.10383817670874174 0.272205785357447 0.5486840430879335 0
0 0 -1.3836348332311657 0.5116588587734952 1.952846906782265 0
0 0 -1.2692551185740948 0.07411598996305468 1.6246354657404787 0
0 0 0.6488812260690358 1.1579727918244462 0.5283841591438108 0
0 0 0.669682383840513 0.2721169751294258 1.8860477461723635 0
0 0 -0.7349550212216521 0.04036008343365849 0.9329009979402412 0
0 0 -0.8538351470284354 1.547146166190158 1.3658565819959245 0
0 0 -1.4728422879978285 1.49878583737381 0.9536066743692382 0
0 0 0.6587625471473464 1.093746837071107 1.895450344104498 0
0 0 -0.5140589702241554 -0.05716077203733638 1.3444209435724668 0
0 0 0.5061536154518613 1.3326842988782035 1.7789930731132326 0
0 0 0.4934599398673849 1.3034232789462898 1.7598413472802568 0
0 0 1.3019432280348702 0.7379840233534245 2.031469556156498 0
0 0 0.7224004530783561 -0.07201184553291184 1.2697829696468996 0
0 0 0.5251344974471275 -0.03989440152167145 1.4969821747375864 0
0 0 1.12934314858499 0.05324793273174111 0.8666901680804323 0
0 0 0.7463418670738178 0.00899297284576106 0.9079816080200132 0
0 0 -0.7130418603847273 0.7249577484515348 1.9835823352996966 0
0 0 1.4990241232632004 1.5549617192452967 1.0878279845558843 0
0 0 1.3260728923305183 0.15695775975218107 1.697129479317193 0
0 0 -0.8252702344251729 1.5249363338185615 0.9234753661824726 0
0 0 -0.3579211728235361 0.015723901195712875 1.125832699575068 0
0 0 -0.07256171509073028 -0.04289901413971686 1.3936920311503063 0
0 0 -1.383892534905716 1.021787243509076 1.9483467004395831 0
0 0 -1.5234917962269123 0.435195886618533 0.5032759212763255 0
0 0 0.7118557106028582 0.0694870937322003 1.5836330041649118 0
0 0 -1.3508049966855034 0.2657486097556348 0.6435699717355056 0
0 0 -0.9876472264431562 0.5024642421688262 1.9790269416470618 0
0 0 0.8512352960302612 1.2024580670875125 1.8751033256439409 0
0 0 -0.3216818279564573 0.7776572703399478 0.4824139166878666 0
0 0 -0.20197771344240523 -0.07465071992380301 1.0783016373502854 0
0 0 0.3078331315416134 1.423009578384093 0.8707374982676497 0
0 0 0.20346935716292425 0.248194252856627 1.8812237722714904 0
0 0 -0.6808566739714528 1.4474741367019566 1.6395578601632708 0
0 0 -1.3610121876408716 0.15686684893027725 0.6816425453857239 0
0 0 -1.061584410179249 -0.06105094994943738 1.196208083784584 0
0 0 0.6403794562504506 1.5686952198541246 1.1706149131390964 0
0 0 -1.1747268309639085 0.6742631905632119 2.0222740516289366 0
0 0 -0.36824392536341755 0.018247426256215116 1.0900575258132092 0
0 0 0.7459169264194534 1.3190992527291376 1.8450539811696771 0
0 0 0.011559494372893386 0.2167536788083414 0.7042893828191791 0
0 0 -1.3966334191500116 0.07437131719128098 1.5433644321870168 0
0 0 -0.7178247323016609 0.2810272805035028 1.8455436440514608 0
0 0 -0.29411631118759773 0.9117115961446182 1.9933317740354655 0
0 0 1.284348355031843 0.8522145285013435 0.39564477310193613 0
0 0 1.0479128891023493 1.0850804411718227 0.5545384131400464 0
0 0 -1.4499878234023929 0.8490195941754171 0.4427691073341983 0
0 0 1.1125838935176469 0.9477030501370333 0.4408414137333696 0
0 0 0.9948042779192918 0.004128555426483382 1.1916129258931654 0
0 0 0.961900247448368 0.25171944306037736 1.8165673481808886 0
0 0 1.4727296535152221 -0.0151216704064141 0.8971190235928153 0
0 0 -1.0160884802612846 -0.01474498201495078 1.1359783216537274 0
0 0 0.47535291199363305 1.2518998726173634 1.7949894394477122 0
0 0 1.3361754144467062 0.05406147377389481 0.7911105019690887 0
0 0 -1.2602886732499743 1.1886129491551845 1.8588405482881851 0
0 0 0.09442692730991831 1.450400504949386 0.8527964930602234 0
0 0 0.27472436057955996 1.455923502592571 0.9516511202617436 0
0 0 -0.7086673777725064 1.5223791609770112 1.364360628371668 0
0 0 -1.272165556549331 0.4989001346850067 0.49436072938328546 0
0 0 1.166924544060283 1.0437425082683127 1.9927573117247086 0
0 0 0.9520131310812716 1.4337556365360502 1.713737137513163 0
0 0 0.24663890462616167 0.8325240908646657 2.0061612192940887 0
0 0 -0.3819373050965107 1.582949318196411 1.235928563541979 0
0 0 0.0324258626254923 0.9622927683684342 1.9875429290098254 0
0 0 0.8915774358820938 0.00047906157570309915 1.5593606610698587 0
0 0 -0.8051098631325657 -0.0037291911898320595 1.2374263144750035 0
0 0 -0.6883923141589466 1.3842258493116373 0.7908207130457101 0
0 0 0.5257950110743073 1.441846702132426 0.8740309462536031 0
0 0 -0.8492038273995333 1.4630294880286707 1.5090507583152866 0
0 0 -0.24960339412835153 1.2959649719025845 0.6375643919414852 0
0 0 -0.5171693671938906 0.9148726230003335 1.9643421411200008 0
0 0 -0.9320933051992006 1.4994606673386932 0.9906227772010407 0
0 0 1.0900447513856273 0.4473969415441651 0.5070263736944859 0
0 0 1.5074918632482497 -0.006059384952134761 1.2732655051093094 0
0 0 -0.6639267871999638 1.4741276055825714 1.0741924271902432 0
0 0 0.9132934791492713 1.4334354191435088 0.8665420718742074 0
0 0 0.524690373535484 0.541681390821235 0.45796006733092764 0
0 0 1.0318076117566428 0.7071605136743446 0.48534953862802355 0
0 0 -0.8076016566941476 1.3712811956702278 1.6981767754096992 0
0 0 0.9365349059305168 0.6726968393934836 2.013158325476332 0
0 0 0.1654491314122164 0.5319794449935615 2.0268702264804213 0
0 0 -1.1018076594771817 -0.029157071733342366 1.1018227495271693 0
0 0 -0.20145112952967348 0.617062944679858 0.4599397108764699 0
0 0 1.4099668924828608 0.345759039625768 1.9129659545664106 0
0 0 1.2764476399344429 0.8586285101443821 0.4332630962413465 0
0 0 1.3664840401934057 0.8730504258777654 1.9694230059801128 0
0 0 -0.5457508452320046 1.3514176465259296 0.760273739308059 0
0 0 1.370870305001262 0.3419821042685957 1.919713496947522 0
0 0 1.0708407810244132 1.4803955782146336 1.5732226073169018 0
0 0 1.4276880213175374 0.9786820378819986 0.5063931884685544 0
0 0 0.6458599978963613 0.9113038611807399 2.0348820094497335 0
0 0 0.514891886336525 0.6451966699449853 2.0303522862948173 0
0 0 1.3133042506561359 0.651838952583538 0.4211100638893981 0
0 0 -1.1301729366372513 1.3682234772031525 0.7622247247462555 0
0 0 0.08779201627929711 -0.031929014599782146 1.1999002549089162 0
0 0 1.550289054589677 1.3147773265020635 1.8492648454280087 0
0 0 0.6490836015660983 -0.04548669197652655 1.4062029872272832 0
0 0 -0.8096872297847492 0.7201303813656437 0.46336916874290124 0
0 0 -0.48861922204908637 1.4071567548294182 0.8776347790069656 0
0 0 -0.33528397131856713 -0.06773391204859391 1.0754841708770913 0
0 0 -0.9821701365813262 1.5072242121583566 1.3326656663020195 0
0 0 0.45733867540669326 0.82801870627526 0.4085226633112412 0
0 0 1.2226329888591025 0.33448225579975716 1.9349795258585778 0
0 0 -1.2265628758634954 0.6545671341521242 0.4608129996897131 0
0 0 1.0967750922685537 0.2985744781011174 1.8932347365041329 0
0 0 0.32499656293655454 -0.01915192483760164 1.1193599524313198 0
0 0 1.2629062430960047 -0.017707688161479718 1.2089215011185337 0
0 0 -0.675167938937574 1.5109667445199697 1.0709727905989233 0
0 0 -1.3899281565356418 1.4228940126777803 0.8187139045149745 0
0 0 -0.5981434606195845 1.304629255339282 1.855585224980708 0
0 0 1.145547066704149 0.10358454867761235 0.7264658538025953 0
0 0 1.0709683567362416 -0.008420269047024864 1.359611385038371 0
0 0 -1.5683987936245758 0.2714254333957467 1.9067697263317416 0
0 0 0.8849706808298583 1.5638157766827137 1.3203673044172928 0
0 0 0.03853708264819167 1.247826661311842 1.8117863043507678 0
0 0 1.1754138545860937 0.08876131486509742 1.6954427737984679 0
0 0 -0.5514604876579692 0.5345872677328187 2.0266308194445743 0
0 0 1.3884590691757825 0.44484856812960477 2.003663368863493 0
0 0 -1.4077109778237369 1.3132414906619871 1.7303763988233198 0
0 0 1.2542992859134996 -0.04445022961763023 1.120388793758798 0
0 0 0.66955185064199 0.008488143866200226 1.6100327365800537 0
0 0 -0.8768249342914277 1.2232803277070738 1.8828955669757512 0
0 0 -0.242742024979548 1.3441668839855623 1.7392819151066174 0
0 0 0.9891998492683265 0.7729448958709136 1.9948007524363967 0
0 0 -0.2533584229804142 -0.027059083236168235 1.2092494666363007 0
0 0 -1.497382327749221 0.06290795750994516 1.5179825482864868 0
0 0 1.161994249465716 1.3303101628606602 1.7227499251542577 0
0 0 0.3419252960102679 0.10114457000073984 0.7828049269376289 0
0 0 0.3928335970078609 1.496992959512228 0.9000572975924279 0
0 0 1.2449560471378471 -0.025471083722633514 1.1347798904001762 0
0 0 0.5833057770485337 0.6689091663723825 0.4738045100957008 0
0 0 -0.3678309731321028 0.16462446262515262 0.6706834647616914 0
0 0 -1.073313225123715 0.0497910220765031 1.5442104226207503 0
0 0 1.3743316596059643 0.9229433151227073 0.43323624247937886 0
0 0 0.5705119198769624 0.40770179254851985 0.5052711016828823 0
0 0 1.47814744237491 -0.07504380917420528 1.3313929704533254 0
0 0 -0.5925004584555915 -0.027445409260059672 1.3400623591717042 0
0 0 -1.2425240317147868 1.4662854051769934 1.5913596272458939 0
0 0 -1.110275571138304 1.5742968689440882 1.2178408446587992 0
0 0 0.8433402004727673 1.5740362406792894 1.2959899126000496 0
0 0 -0.4222658661397396 0.41896259402389335 1.9329683333839331 0
0 0 0.3784567156655583 0.018676439579491055 0.852549988437217 0
0 0 -0.7006363198576926 1.407431528280671 1.6786312397221521 0
0 0 0.26670916723403915 0.9343004263459233 2.007272426327253 0
0 0 -1.4885234579470483 0.13937210079797457 0.7045607569593568 0
0 0 1.1358572471363209 1.0122973341904868 1.9559472408702598 0
0 0 -1.17286797970413 1.5374123794611758 1.3622989410524546 0
0 0 1.2452448883273513 0.81193537518741 0.48857910745846755 0
0 0 1.269843592414952 0.7311635466874106 1.9887454355050576 0
0 0 -0.4493121428761353 1.3324179461076278 1.7851344337254567 0
0 0 -1.0345224822522932 0.4760703399381922 0.4575084052145627 0
0 0 -0.8904862229509821 0.8278436271352619 0.4407697739923706 0
0 0 -0.23756133140481195 1.4746005704423941 1.6080402265513043 0
0 0 0.6468478624047909 0.756552448846931 1.996907501745916 0
0 0 0.9098936174622003 0.348991193159815 0.5051532441988797 0
0 0 0.6259771405319432 -0.022091084391560933 1.0978730215945631 0
0 0 -1.0398005970235351 1.030453168234145 1.9655973686885735 0
0 0 1.0463931104477813 1.291864789899813 0.7003599702322 0
0 0 -0.2704039212791034 1.553195313497722 1.1214359735542103 0
0 0 0.7002678291630784 0.8381195164109608 1.9719072743615165 0
0 0 -0.6502829166335911 0.8924405486123839 1.991170230837414 0
0 0 0.696245994172179 1.5083408191123489 1.3499822046028322 0
0 0 0.032485025844936066 -0.06507414451786675 1.107856948579849 0
0 0 1.0103146658334001 1.2097104352010883 0.6337670966851974 0
0 0 0.05067835517311359 1.474478152776371 1.396855204085278 0
0 0 0.09737100030974966 0.3515508074564209 0.5714480591979482 0
0 0 0.9018023093642076 1.4570335809012804 0.9606448128419482 0
0 0 0.46414474395545113 1.460645259056414 1.5150927958053924 0
0 0 0.9818158734978222 0.9022234517009768 2.0054042952114277 0
0 0 -0.2101251434006619 0.0038802334745479117 0.9660853090911028 0
0 0 -0.25925962644972467 0.8953630277939608 2.0098845566436854 0
0 0 0.9786838075090047 0.09053401166846942 1.7400532649236704 0
0 0 -0.18612415538438087 0.38369597342673506 1.9123376168791555 0
0 0 -0.7562810973702822 0.2905118851643324 0.6373277859434133 0
0 0 -0.5443255848019128 0.3571227087324659 0.5210450494571861 0
0 0 0.4408886727241139 0.5865685081738816 1.9664255874751198 0
0 0 0.1861189279118438 -0.0419113835685776 1.365061831271586 0
0 0 0.9523375120440334 1.2765994540122576 0.6897991500633044 0
0 0 1.1581139349485157 0.47434236574838734 0.5213384575254122 0
0 0 0.2727051450889897 1.4943984884300814 0.8885231773849411 0
0 0 0.09268110962075604 0.41041702292514787 0.5449452237427996 0
0 0 -0.4434640967352488 1.0609819263192346 1.988851286261033 0
0 0 0.721097257489471 0.004582775425416408 1.0367189350044617 0
0 0 1.4514071608883596 1.239967015396299 1.8227146639536627 0
0 0 1.2010017340581132 1.4104167653294906 0.7319140875109353 0
0 0 0.27721240560662497 1.45109953820967 1.6290754729393422 0
0 0 -0.5055454408791604 1.5433189601014816 1.3117864834074535 0
0 0 -0.7261013935688603 0.0349994735069602 0.8533398220048101 0
0 0 1.4712482196160197 1.2084510275373064 1.8598155551150146 0
0 0 0.4834344239435526 0.7864499144991908 0.43701153678993243 0
0 0 0.5335511628992764 1.1465250237882927 0.4941006391800561 0
0 0 -1.4909207145265486 0.6296857912631497 2.0389280609721263 0
0 0 1.1927922162668172 1.3666320789938018 0.7399852140186884 0
0 0 -0.5005272518347548 1.335279731317852 1.7340417236564902 0
0 0 -0.23227659308579995 1.2613499134755939 0.6300598899673339 0
0 0 0.9879390540697024 0.6384390712805297 2.0539353566288727 0
0 0 0.40235050724070054 1.2187247785127582 0.6062730325897381 0
0 0 -0.10230339492800478 1.3969685128923877 0.754999153063977 0
0 0 -1.2363223984662488 1.3997879512333093 0.7638087581164728 0
0 0 0.038805206561262295 0.6521749249346139 0.4639435610606887 0
0 0 1.375811712927062 0.5632256618602255 2.001755480863573 0
0 0 -0.1563893619087502 -0.037192739934434726 1.4045719403542172 0
0 0 0.2504968358892825 0.05389742857149993 1.5598121516296097 0
0 0 0.49085371063617567 1.4820622866818776 1.472080047618839 0
0 0 1.0164244615780427 0.2843262059853699 0.5360455006601632 0
0 0 -0.2911162239353706 -0.03948591277437985 1.2971105265006297 0
0 0 0.6579842475228745 0.339331797130352 1.9596229617376588 0
0 0 1.1755906613641685 -0.022856356829377478 0.9215759312914948 0
0 0 1.2484336894138695 0.6046597696367118 2.0113331209031173 0
0 0 -0.6408498828113033 1.3911105103970953 0.7381375488167858 0
0 0 1.2357210670218661 1.178031002785532 0.5524847436011139 0
0 0 0.6140150432660412 1.5279157735550732 1.0794364149436961 0
0 0 0.21081078068801395 0.9028673321811667 0.41947825068544364 0
0 0 0.9455304534316751 1.4883809258405933 0.849945576829386 0
0 0 0.4850509510232297 0.034499384043597425 1.4759275794981794 0
0 0 -1.2290166576995343 0.1644020494006424 1.8115414497720748 0
0 0 -0.1130437661796817 1.46228444554865 1.6412277593035403 0
0 0 0.17873780538205142 1.1054240640643875 0.5151065707753031 0
0 0 1.1952508003034779 1.4871575549931606 0.8256997090068361 0
0 0 -1.4995110693190397 1.0549810590793491 1.9126839611455286 0
0 0 -1.130854865077787 0.401471038915877 0.5427837361192964 0
0 0 -0.9756946272995394 0.6698100679238712 0.4605586120268841 0
0 0 1.0641592492472656 1.1996453849499322 0.6370995114097722 0
0 0 -1.0603037829080268 0.7155837186773925 1.989356748554782 0
0 0 0.46784864212416233 1.1695258446126902 0.5809379464539189 0
0 0 1.4318313211561464 1.4234980412109741 0.7372225810941526 0
0 0 0.58051000319458 1.4884262468907827 1.1550075447024661 0
0 0 -1.1310571916081815 0.9039576327649955 0.42463242519868283 0
0 0 0.7131370353253148 1.2065773437254357 1.8435326096045985 0
0 0 1.3441117125674245 0.7649950229845112 2.0604202262844575 0
0 0 -1.0229033462492452 1.1254638478152925 0.4804981783546399 0
0 0 -0.4604894415171885 -0.007996960045396628 1.3247720597920534 0
0 0 0.9256710439576863 0.5099037350910689 1.945929044387085 0
0 0 -0.9004814898560816 1.3408702794961571 0.6498534434908154 0
0 0 1.5703970802646268 0.005673374201574211 0.9176244341913964 0
0 0 -0.878039768555912 -0.0004723549624524592 0.9259094039840718 0
0 0 1.4477425494613705 0.6187972568973273 2.0271372514184334 0
0 0 -0.7723937947611175 1.5407213504515231 1.3034775108083365 0
0 0 -0.49443743392192063 0.6775283087044445 1.9823844574796357 0
0 0 0.2839409938666657 1.5039820963926498 1.1620135516592753 0
0 0 1.5666418228773176 0.7301769541289835 1.9901587995078072 0
0 0 0.9214099088889589 0.7428851366451329 0.48463623468743633 0
0 0 -1.4190233464718474 0.060938105368319895 0.9185308016784071 0
0 0 -1.4907305133786115 0.16582897412730746 0.6247460907285893 0
0 0 0.4252355861938637 1.483216760952101 1.3641874843501431 0
0 0 -0.8404177513887214 0.7713221088324057 2.0495684276522095 0
0 0 -1.3376606104079487 0.04016533476548201 1.592614868582212 0
0 0 -0.6367282589361584 0.005983646693888955 1.1087607535748194 0
0 0 -1.3289293523928498 1.5168603356154193 1.0336993970543769 0
0 0 0.45488049624124693 0.33799635094409514 1.9210843723368614 0
0 0 0.7040943069790324 0.5964998056018912 2.0249048732665 0
0 0 -0.9976732601783909 0.035380616644598795 1.0331779974036719 0
0 0 1.496029892646959 0.160395116971205 1.6899283383360677 0
0 0 0.017538315073983624 -0.02526128503065539 1.4498665472372743 0
0 0 0.3074251263235903 0.48872018114769783 1.9767975018896409 0
0 0 0.31738445392801395 0.2841298772126324 0.5569734297392973 0
0 0 1.091077178750484 1.3546968364753007 0.7964812364383103 0
0 0 0.11915869050871408 0.16686655964674757 1.8299555713901667 0
0 0 -1.3039425572043224 1.5355835125057178 1.4041591589874243 0
0 0 -0.26210313949808395 0.055891333902953866 1.6724794614739418 0
0 0 1.4219726514351296 1.3322127351207258 1.8321796826852845 0
0 0 0.6008964811048445 1.4784783291498562 1.562696328070363 0
0 0 -0.12027172225557203 0.8513489743066628 0.47756185675701757 0
0 0 -1.3473678704040164 1.3772064223353393 1.7212620982345703 0
0 0 1.0900737068154709 1.3372750765614905 1.7352205245270924 0
0 0 -1.0608724637479803 0.35070296232474263 0.5842150196531518 0
0 0 0.08897257989371687 -0.04187853665419239 1.1984773790086563 0
0 0 0.6203919480069842 1.4895314244502702 0.9685741181136985 0
0 0 1.247014065019378 0.0317080336349953 0.9572332132955172 0
0 0 0.14419000183562525 0.4097208386360594 1.9750590554643705 0
0 0 0.3191142019478148 1.5051504095980914 1.3988894366547164 0
0 0 -0.39061113810693704 1.4802598269714533 1.3717295232252549 0
0 0 0.8926740516263312 0.975779850324091 1.941171561492424 0
0 0 -0.6507291440794858 0.5077811295484186 0.5143733082108357 0
0 0 -0.976893021081276 0.8463851260156869 1.9803247643901805 0
0 0 0.6259971483176869 0.779893126999657 1.9852044983245238 0
0 0 0.508968570856914 0.6628496184933358 2.015835798027069 0
0 0 0.1383748010479069 1.0523586624655366 0.547234228202281 0
0 0 -0.04103844951966917 1.1709135317555812 1.9001419104317954 0
0 0 -0.4552166111728082 1.4253232216547917 0.7583074210976652 0
0 0 -0.5127205522095322 1.017310693134814 0.49907967270386977 0
0 0 -0.2684008070242503 1.5624545395269074 1.230178474110727 0
0 0 -0.42076502941776983 1.2587663916539067 0.5610119730297553 0
0 0 -0.22717028563524821 0.2957579372159023 1.927206783892697 0
0 0 -1.4040629226616868 1.1944075518644621 0.5451902850453907 0
0 0 -0.14014892746031538 1.0556523368012667 0.45641154032988707 0
0 0 -0.23413758651011096 0.8856776924661827 0.46835629401112366 0
0 0 1.1497572934258722 -0.04384334048991401 1.3701914547808038 0
0 0 -0.7723108937445673 0.55391247571488 1.9856162053572814 0
0 0 -0.5678719332887108 1.4278687931698189 0.7558338272791418 0
0 0 -1.1899019782653582 1.4999546370765526 1.4526569008664638 0
0 0 -0.7689500996366698 1.1610734859412446 1.8830630822344958 0
0 0 0.03490543926971568 0.5077211174371352 0.44338301848243356 0
0 0 -0.16687079590324894 1.5137629455822879 1.4706729663068345 0
0 0 -1.5450651010008263 1.5531306554856767 1.1383301805531152 0
0 0 -0.11353214410493795 0.11470826823088465 0.8075772133998197 0
0 0 0.3388161261422453 1.46800015223328 0.9386891660796652 0
0 0 -1.3498743790784267 1.4762950823526846 0.8198980294554266 0
0 0 -1.0850804520169244 0.15923424022005572 0.778407495202813 0
0 0 1.3268772826720654 0.6861498935482966 1.9791286815421492 0
0 0 1.4635794674046174 1.3800338801960608 0.7350066498071091 0
0 0 -1.4388835018405457 1.3973110811761003 1.6627865136754956 0
0 0 -0.42918350591239474 1.4882532515992062 0.9484488703480123 0
0 0 0.7314293823539342 0.529580574465197 0.46652669471148167 0
0 0 -0.4660967841281314 0.3008118533149773 1.8727065397319769 0
0 0 -0.9367176049889542 0.7030553755045533 1.9701058338898279 0
0 0 -0.3293893341317695 1.5030401965010358 0.9282848301931699 0
0 0 1.5313429727916321 -0.05362649279970855 1.0893391354163562 0
0 0 -0.8481536472256528 1.2954025166753254 0.6745209692686043 0
0 0 -1.5676389622192148 0.5150225708767718 0.45420714098736337 0
0 0 -1.247051191456217 -0.06984154399529885 1.29852741968452 0
0 0 -1.3964867271871482 1.0165704767152008 0.45893937769513504 0
0 0 0.7988691506916221 1.282578849091546 1.8464392848046622 0
0 0 0.4812724807233093 -0.02994832867934394 1.359003309200987 0
0 0 1.211936035983257 -0.0311803475629433 1.4279356632630091 0
0 0 1.385875047253561 0.2665586121156977 0.5466119869249092 0
0 0 0.7483336557756131 1.0133148765827231 0.5026998258700869 0
0 0 1.3523941805580741 0.846456090748416 0.4198539807852033 0
0 0 0.975918873583006 0.032790466881771896 0.9320960277788537 0
0 0 -0.6002736942610845 1.539763651282072 1.087834318019499 0
0 0 1.0701921363110207 1.1108273714405787 1.967193839120438 0
0 0 1.1883965921525133 1.3114833004853979 1.798061014058395 0
0 0 0.46299323896126765 -0.06448219230094276 1.3714786348290455 0
0 0 1.43328729732632 0.11647150798879624 0.7838170743860242 0
0 0 -1.0828713710613187 0.8755690124489779 2.041156538227816 0
0 0 -0.6531576873265348 0.5117639065118375 0.48524899237283714 0
0 0 0.9530867466608042 0.2145258432074424 1.7464666716570736 0
0 0 -0.13007262923865004 1.532935053127714 1.4109427030385493 0
0 0 0.3480079976060717 1.270562528576226 0.6940681967024445 0
0 0 -0.5734910140337389 0.03357533596730655 1.014741219112377 0
0 0 0.11394188969846453 0.37622535390921075 1.9762281186432435 0
0 0 0.4024704547048039 1.4381069601482634 1.6869170563190297 0
0 0 -0.2602147983445662 0.40699488246584675 1.9105804766040557 0
0 0 -1.1235849736717185 1.2361543141107108 1.891118260520886 0
0 0 -1.2158018201856038 0.3133630642638519 1.8534085207941353 0
0 0 0.12281123692279183 0.29140415184619073 0.5945376868805086 0
0 0 -1.4020339791079435 1.1041843392605617 0.474017630394174 0
0 0 1.4709335786054187 0.11272959032942964 0.8089917766719772 0
0 0 0.033813607750687424 1.480855673487357 0.9492806428199397 0
0 0 -1.277599378284776 -0.010319309287617706 1.1058494764471245 0
0 0 -0.4939195081248504 1.4952644267593356 0.8666794228669239 0
0 0 1.3091403719078585 -0.014799876049126581 1.1600478692159892 0
0 0 0.09067263346302012 -0.04501025449773288 1.4124184220606038 0
0 0 1.3769966322516356 -0.017142379575074917 1.3447618015761829 0
0 0 -0.2804886731517311 1.2505656438016808 0.6108799729819614 0
0 0 -1.0023015967482498 0.7943575221482185 1.9796104026048245 0
0 0 0.4373632180740614 -0.054641631703724824 1.4093951755925582 0
0 0 -0.7457753846243425 0.3862694370401654 0.5175683121547999 0
0 0 -1.115953412978979 0.5775935868456405 0.44639057820121986 0
0 0 0.3371732356754136 1.5694230206449857 1.125371882849582 0
0 0 0.6183927840864856 -0.052915102378894074 1.1087126472373035 0
0 0 1.3564433555850899 0.7969515455426983 0.42968886648616755 0
0 0 -0.4103959494627216 1.4193538523293023 1.6533774682999869 0
0 0 -0.4408797863128182 0.018706408973292454 1.6142699632931692 0
0 0 1.483091860277344 1.280974780785109 1.7674221401305945 0
0 0 -0.28940426598069835 1.404268382447742 1.7335772207190099 0
0 0 0.565454379340725 0.27158943612297426 0.5732383940791016 0
0 0 1.2240148233980488 1.4702522522127743 0.8394764211429894 0
0 0 -1.203360200244307 1.3703647552441889 1.6909140981031845 0
0 0 0.2661516454613284 0.7635745268324491 2.0564403763617163 0
0 0 -1.3457003091593402 0.6050890929164209 0.449011877400484 0
0 0 -0.5678137102530727 1.2481586368625057 1.836900099553254 0
0 0 -0.8476262131850659 0.24653990052118702 1.812186007604859 0
0 0 0.04217398672345296 0.8200966934062981 0.40707454861066406 0
0 0 0.5637325736430183 1.0780263286835565 1.935956813454276 0
0 0 -0.34306414618782655 1.0304777794550029 0.4381888427353555 0
0 0 0.8682580919113692 1.0731874166515898 0.558523744788865 0
0 0 0.7404447121207807 0.01876991414309992 1.4681583909234288 0
0 0 -1.433170396746402 0.923988026596202 1.9808755637581204 0
0 0 0.3078884888379667 0.3189883095875023 0.6080788177384433 0
0 0 1.492231917309296 1.2993696933942376 1.7923332980068376 0
0 0 -1.3420546856362834 -0.0185109373725737 1.0261798030971623 0
0 0 0.5870622237303733 0.4316076581791556 0.47563811142159884 0
0 0 0.9018781894776353 1.2076490352504698 1.9125080099978393 0
0 0 -0.09570158155058417 1.3950636386411546 0.8088267278506168 0
0 0 1.1365153718072336 0.6320106337675993 0.47781107893451125 0
0 0 1.0484265043910637 1.1415983563818985 0.5951941930407951 0
0 0 -0.36981536193707853 0.5754657826165923 1.9657274673779384 0
0 0 -0.2274847611219375 0.7907909910240877 2.040179758021849 0
0 0 -0.7961105812987194 0.2658495015830709 0.6296917492430091 0
0 0 1.524906039609018 1.41915295574525 1.6973427686184426 0
0 0 1.3197089386787328 1.2747346023140664 0.6704351267760134 0
0 0 -0.8944927727207059 0.7275888160125943 0.44906708788596983 0
0 0 -0.29811749481674377 1.5327572656158175 1.2736861954012944 0
0 0 -0.9766956105772335 1.500617225419332 1.4018894380396125 0
0 0 -0.06720724115796495 1.1581856241335824 0.5328941072876084 0
0 0 -0.8958132432479322 0.3087106947949366 0.6110215548457156 0
0 0 0.48006071709908404 0.20319142649883937 0.7215849265821446 0
0 0 1.4909694046462652 0.4789563101380612 1.9174545739731994 0
0 0 -0.7968676800078789 1.1637081806904346 1.8476010967234697 0
0 0 -1.3879740234162132 0.0035630256832911433 1.3528210465165902 0
0 0 0.8035642856385499 0.658693346117883 0.48268425492354605 0
0 0 0.13326042237593283 0.7517073714577381 2.0505816108566512 0
0 0 -1.3738689493727203 1.1198332947546317 1.9375004691774658 0
0 0 1.32603104814928 1.4159769640402928 0.8595658059291305 0
0 0 -0.6677978818991126 0.2710540418747411 1.8444031881258791 0
0 0 0.530820187342711 1.5552484509890832 1.3548314116262898 0
0 0 0.8397281556148295 0.03437264811462737 1.0066377064171599 0
0 0 -1.4144096297657691 0.10678362707575073 0.7415086577827119 0
0 0 -0.29787083669049963 0.6241671166676953 0.41595028017728264 0
0 0 -0.11181469976488878 0.5806218416972563 2.0413282719097534 0
0 0 -1.5326491966621352 1.5128998215836356 0.9488158610038318 0
0 0 -0.8274933801411725 1.360652470034445 1.6803823903193094 0
0 0 0.9274333084730553 1.4967693012519778 0.9396956091922282 0
0 0 -1.537257403412479 0.2110257652739096 0.6058588305323439 0
0 0 -0.34406562449158073 1.5340002130544625 1.3424583482504517 0
0 0 -0.6775544031139406 0.6051554413095844 1.9643723303004683 0
0 0 1.0121631690797601 0.7548641335520813 0.45377277162132557 0
0 0 0.8726462308848473 -0.07249624670049726 1.277323562023125 0
0 0 -0.841987798063987 1.2872824296242174 1.8493526974023986 0
0 0 -0.6136928270975278 1.0393704873036562 0.49003062661077357 0
0 0 -0.22013443692202572 0.14612482261678095 1.7370436192065317 0
0 0 -0.8043143089797854 1.4932305403409312 1.3551239652230247 0
0 0 -1.0379953636720738 0.013801756030926704 1.4411699254922454 0
0 0 0.643415207159999 1.3739512861150611 0.8071999826237329 0
0 0 0.14756405030544428 0.789652211248804 2.0239549889825397 0
0 0 1.1534685689431337 0.20910186438725942 1.7899979697217994 0
0 0 -0.584274328817861 1.5045346750972484 1.276665270216018 0
0 0 0.6785169398425617 0.039377484863386214 1.6669898757525594 0
0 0 -0.19310073855733179 1.1823628172540483 1.924855558332792 0
0 0 0.2823600501502763 -0.04610901677549162 1.4606933904938866 0

