-0.59923345 0.7460864 0.56675994
-2.6874065 -1.6843032 -9.777717
-0.46742472 3.4089882 -3.6732678
-15.968008 -27.53366 -4.5026574
-0.4295691 3.067539 0.6518342
-0.523703 2.4455066 -1.1493281
-5.3709226 -6.3954015 -17.224287
-0.97064346 -1.7922287 -0.7849881
-4.288857 0.14609268 -30.711954
-3.3581583 4.601336 -25.790003
0.24452053 3.4324186 -2.2931688
-1.9912262 -0.10588612 -6.5074472
0.5178045 10.228267 -14.47778
-0.41361502 3.2306802 -3.3150716
-5.3235316 1.212414 -29.774303
-3.902777 -6.6858206 0.39557552
-0.6037299 1.2026278 -0.8392297
-1.7378052 0.045657907 0.6955811
-0.17661259 1.232218 0.4469214
-0.5346499 2.9303262 0.343559
-3.905054 -5.1008253 -3.2039468
-1.6332809 0.12777573 -0.8521776
-4.606155 -1.2246863 -12.000373
-1.1498653 0.71241647 0.7110356
-0.8513264 1.5133537 -0.30534253
-0.6811671 1.2810133 -0.33801788
1.1030171 14.40217 -28.629421
-0.8314222 0.96781045 -1.2732868
-1.4746691 -1.9677985 -3.0931513
-9.550742 -15.7026825 -13.155019
-3.8355613 -4.640511 -11.983027
1.418072 8.325652 -9.6578
-0.8651567 0.30451986 0.5434684
-0.8730568 11.330467 1.6043366
-2.1796641 -1.376721 -1.1694695
-1.4505438 1.519571 -11.3737955
-0.7239534 0.14171158 0.35204697
-0.15521772 1.6154959 0.35542962
-0.14399993 10.103444 -15.486471
-9.09166 -16.4705 -7.7852926
-5.9214244 -0.86718404 1.0375694
-0.5501603 2.4272285 -7.2676916
-0.43295842 2.0036356 -0.12442645
0.24165423 21.230057 -1.2054056
0.39915496 3.4882448 -1.9769859
-1.4714557 4.1512704 -20.290035
-1.042836 4.937307 -21.915623
-2.5631025 -1.3954118 -1.2989284
-0.7884048 1.0914549 -0.48414156
0.5930154 10.081901 -14.466422
-0.21483795 7.665155 -24.328783
-0.30547753 0.30047294 0.10544145
-0.8156703 1.447085 -0.87611246
-3.231007 -3.9714825 -1.8429602
-4.600192 -5.3369784 -16.078594
-3.1286492 -0.089942135 -6.220576
-0.15548359 5.750878 -6.322213
3.017575 19.533407 -11.984561
-1.47048 1.19837 -0.4881969
-1.5086373 0.47281823 -9.668426
-0.42855597 6.5912094 -3.2878919
-2.9376714 3.738716 -1.0271072
-0.81943 1.8667524 -0.70415634
0.41567066 12.949533 -13.27849
0.6647252 3.5514715 -1.6357317
-0.8065807 1.5440072 0.18670881
-0.5994509 1.239581 0.3339271
-0.8235026 -0.11516801 -0.33363825
-0.5975819 2.1639588 -2.0273292
1.1482505 8.261694 -4.2121606
-1.1385542 -0.08664806 -4.1337013
-1.1652832 4.2689857 -0.4391961
-2.316291 -0.13499002 -0.4938967
-0.9890962 3.5148537 -10.238107
-10.802272 -20.042875 -30.135508
0.38835075 3.838737 -1.6430423
-1.4681424 -2.3272462 -2.5197952
3.043293 13.531149 -10.830633
-12.221969 -18.599905 -2.5434232
-6.303883 -9.63275 -8.995413
-0.7552764 4.7410007 -14.594421
-0.4213942 1.0336655 0.30106756
-0.49021557 3.7785506 -3.054898
0.3452365 2.6987152 -0.01659291
-0.5456378 -0.23657323 -0.8357129
-1.1932876 3.9209256 -20.608644
-0.3065745 2.6523442 -4.3491282
-9.450598 -14.3531885 -5.8138795
-0.7102661 0.110282175 -0.0347819
-7.8110557 -10.708847 -2.2691004
-1.1160222 7.517141 -22.434933
-11.247725 -19.522436 -3.280049
-1.3779546 -0.67738867 -5.0821824
-1.1249123 -0.40533543 -0.5687043
-1.1892608 2.336468 -4.645809
-2.4027793 3.3152127 -22.396992
-1.2978156 3.627554 -1.2160543
-0.6042923 3.5922334 -2.0430112
-0.5617365 6.914785 -22.270044
0.7408868 18.554813 -10.78921
-0.61083657 1.6061662 -0.022043807
-7.499241 -10.360932 -6.416717
-2.0259042 -2.064155 -8.536634
-0.27560768 0.57748413 0.30155793
-3.7664392 -2.9728186 -3.7841809
-10.854575 -21.31885 -12.981069
0.58180344 6.6253266 -3.657358
-7.7183275 -8.111283 -0.017560584
-11.064979 -14.549637 -25.192461
-0.085171044 0.73668116 0.5855473
-6.1395993 -6.46211 -25.043657
0.29092765 4.9493785 -0.9158619
-7.5620065 -13.712523 -9.209756
-0.5597922 8.784709 -4.513385
-2.912069 -1.696625 -15.507444
-6.5300565 -7.7228875 -6.381409
-1.3932995 1.1994764 -5.0066094
-0.6177993 10.851805 -25.918945
-6.7909837 -10.296003 -22.248793
-7.4390306 -11.002548 -7.9113817
-1.8146479 -0.42244217 -0.7712981
-11.707585 -17.294617 -18.525175
-4.7278895 -5.376054 -5.503444
-0.33317223 0.5400845 0.43580565
-1.6148412 -0.71911705 0.60480297
-0.59293795 0.7957592 -0.10899414
0.4909448 9.212214 -1.0822805
-1.0150825 -0.7963415 0.08582996
0.44998527 4.355441 -4.499428
-0.25975016 3.3322182 -4.600827
-6.040303 -6.0771966 -4.9123163
-2.597851 -2.8062236 0.7538884
-1.1260461 -1.2725871 -1.5221702
0.8770749 6.7134366 -4.3604994
-0.55740815 7.949453 -0.73870414
-0.49098036 2.569563 -0.7501798
0.4611484 19.155035 4.82967
-0.31577602 10.134661 -14.475806
1.7804848 16.201168 -17.12742
-0.38734385 2.845871 -2.2872913
-1.0564526 -0.17873082 -0.8788705
-1.2104539 -1.2559206 -0.69163233
-0.26756206 2.7187617 -1.9953841
-8.847917 -14.650987 -7.0879083
-0.19129421 1.010908 0.46924624
-3.296808 -4.5522275 -4.010787
0.4411859 2.5670094 0.1566067
-0.4972551 0.29920414 0.36614785
-4.164485 -2.1150706 -3.0503104
0.44668192 5.7158875 -7.749154
-1.1759183 -1.6973 -1.0729902
-0.17767665 4.996268 -7.446018
-3.8379436 -3.9586036 1.9948769
-1.1099279 0.19624545 -0.32690844
-0.41407582 0.04577928 0.30349606
0.2941935 4.4144454 0.81953317
-2.1097069 2.174642 1.5687357
-0.76413333 0.8219137 -0.7082755
-7.704602 -8.147215 -34.578793
-5.9836173 -6.406359 -18.713266
-1.4015132 -1.7472917 -1.5964576
-0.49596938 1.594661 0.6490941
-0.95540047 0.078906946 -0.4774676
0.5254521 5.4988985 -3.8274834
-0.18162768 0.7788635 0.39768726
-0.218178 1.8553013 -0.043085847
-7.730569 -12.475332 -19.66509
3.4550405 20.008743 -17.493069
-1.1040188 1.6673669 -0.7865776
-0.6068684 1.8846251 0.12107424
-6.160774 -10.292997 -7.340165
-2.6230733 13.238289 7.6574373
-3.7981029 -0.9096571 0.3448551
-0.5166984 0.7768273 0.31144002
-3.6419914 -2.7578046 -18.285524
-2.2467697 -0.8227501 -12.19781
-1.7290732 2.8318846 0.12048708
-5.075672 4.924205 2.2905955
-0.27301997 1.5294114 -0.35122344
-0.4648543 4.0731025 -7.6735034
-7.377166 -4.807026 -1.8337225
-1.2199848 0.3089445 0.059806637
-5.197861 1.6463078 0.7951625
-4.2134333 -4.057302 -12.357259
-2.3104184 -0.28972474 1.7442206
0.03083798 5.7134275 -4.796532
-1.5514317 -0.009573272 -1.0511129
-4.121437 -4.1119905 -0.1523381
-0.79843235 0.6696984 -5.038338
0.05029421 0.9560642 0.7240257
-1.7712821 0.6192586 1.4364252
-0.9249021 7.8427706 -0.3801259
-1.4943655 2.9230034 0.6110721
-0.20869891 11.757012 -29.325392
0.3275347 4.492775 0.7060509
0.07837559 3.550553 -0.70744544
-1.6848818 -2.2463171 -1.0129615
-1.1126479 7.093339 -0.46395063
0.20379461 6.307435 -10.743512
-3.7097166 -2.74136 -4.5151772
-10.418642 -18.37853 -15.509343
-0.94666916 3.8334296 -13.355922
-0.42978957 7.4934235 -0.6379705
-0.094141416 15.399888 -22.666653
-0.87814814 -0.72526616 -0.070574224
-0.004868337 10.944787 -14.423522
0.21501632 12.163445 2.855334
-3.4566264 -2.9426007 -2.523257
-1.6549963 2.788709 -26.569056
-1.6425111 1.7939837 -3.5235133
-0.20890366 2.376012 0.31440327
-0.45342463 0.56391877 0.21453783
0.123765334 5.04411 -4.0395017
-6.1119947 -4.0858245 -31.763092
0.25230673 10.776201 -30.410343
0.06249213 2.2518146 -0.8891703
-8.475455 -2.485928 4.0459657
-0.8027992 0.49001455 0.3882851
-0.66694075 1.5433056 -1.3071682
-0.14671186 0.6682381 0.48719737
-2.7740152 -1.5530903 -10.384366
3.9025848 21.501883 -17.929146
1.9502267 16.86761 -3.5327382
-1.7797657 7.031528 -19.043243
-0.8430409 -0.96822083 -1.4765129
-1.0883586 -1.0977088 -1.8814687
-2.4545963 2.3962188 -20.299814
0.4667047 4.2125173 -3.8385928
1.1496726 18.171719 -12.633468
-3.6045926 -1.3620679 -3.4543383
-4.3848968 -4.4313207 -17.201889
-0.40158388 0.6659566 0.31678957
-1.2389631 0.558315 0.39826283
-2.4188035 -1.0555078 -7.082347
-0.55890363 5.6164746 -1.832147
0.2838928 2.0335708 -0.22612785
-0.07787381 3.0580223 -3.6793036
0.8080017 4.958301 -1.1427088
-0.17285435 1.015058 0.43983242
-1.914224 -2.284761 -3.4970315
-2.0960574 -4.0015297 -2.1852705
-4.579889 -5.660188 -8.092928
-3.3402743 -1.1877888 -10.821631
-0.64491576 -0.5924218 -0.0353485
-3.705879 -3.736314 -11.778688
-1.5168251 2.806042 0.7600498
-3.2477295 -2.193718 -11.028634
-0.9146331 0.33042663 0.12584724
0.7177893 4.7468715 -2.7654493
-4.6064825 -6.1301475 -4.1942706
0.8565568 8.738793 -3.3228061
0.5155898 12.091528 -1.3315136
-6.7096715 -3.6529574 2.652888
-2.4559758 7.053338 -24.527756
-0.6674508 0.812014 0.038323846
-0.42388892 6.342624 -1.1042455
0.089791045 0.22220942 0.27564222
-0.31371784 0.9084567 0.36180875
2.027208 15.434882 -14.234077
-0.2791905 2.3810985 -1.3479792
-2.433335 0.54317296 0.1268775
3.2868867 18.989529 -20.994175
0.10948634 2.0789924 0.32272783
-6.832855 -0.5220073 1.098529
-7.9715185 -10.975423 -2.6884592
1.0796663 13.200725 -13.56692
-0.3337154 4.9566407 -10.154663
-1.2623817 -0.47085544 -6.5860696
-2.3021393 -2.2996411 -7.7556496
-1.8178339 1.0370667 -0.708518
-7.9381304 -9.26066 -15.611867
-3.7969956 -1.377579 -10.28304
-2.6870897 -2.0776582 -4.352644
-3.583964 -4.1373568 -2.58864
-2.2289014 -1.4140799 0.61345184
-0.738138 2.4141278 -6.598544
-2.5051606 5.3564825 -23.494734
-2.3521686 -3.113016 -4.321758
-5.6180196 -3.4776852 -2.532045
-4.074942 3.343338 2.763522
-6.335338 -9.624459 1.4025952
-5.2435966 -9.458472 -7.70024
-0.90649897 -0.15302084 -0.7518033
-3.259171 4.751481 4.376224
-2.283358 1.9449664 -22.799154
-5.327927 -6.369382 -3.859236
-1.0376732 4.079197 -11.630666
-1.1754524 5.966739 -2.0556238
-0.60485834 0.7387446 -2.195959
0.9766879 5.6351438 -4.383245
-0.2907956 0.82038945 0.35121727
-3.083835 -1.5661966 -0.3122261
-2.1457107 10.159936 -6.4879103
-1.2722473 0.93774134 -1.9640634
-1.6801807 -1.059142 -0.9632579
-0.5933252 7.6734166 -0.86503214
-1.4950074 2.670636 -0.024006665
-4.489648 -3.6880288 -22.557535
-0.48880938 -0.038481984 -0.27149126
-0.6517635 1.8167992 -0.26109812
-1.8241633 -2.807361 -3.9623644
-1.6079205 0.9933657 -6.334464
0.7248219 3.9464757 -1.3997623
0.7481693 9.628996 -1.2974867
-0.9789987 -0.6542646 -1.3603584
-3.539244 2.5111406 0.4788185
-6.86149 -5.386588 -20.844229
0.9660285 4.8854403 -3.1688728
-0.5057591 0.6985802 -0.029361453
-1.4632847 -0.6146717 -0.7625235
-1.3751875 0.46314743 -13.805842
-3.2944906 -3.1500492 -2.6838176
-3.528103 -0.51070803 -0.1263927
-3.1410995 -1.8626156 -18.55181
2.9105546 19.247318 -6.0341363
0.46490282 4.0284524 -3.9907513
0.08370263 10.195982 -13.534929
-0.40882567 1.4469068 0.4507083
-0.633964 0.21603663 -0.18889168
-3.5268059 -1.7527989 -1.2381246
-0.3250215 0.6418783 0.18814471
-4.233481 4.095379 5.39289
-0.6139439 2.7045083 0.16904977
-1.7499197 9.369241 0.8726653
-0.81376266 0.35100713 -2.2676475
-0.6582726 2.2314587 -2.7822511
-0.96425086 0.56639534 -0.77669203
-1.8480012 -0.28191534 -0.6434495
-0.9327554 9.401748 -19.44007
-1.1856295 7.309729 -20.5668
1.4745786 9.395543 -3.8444076
-0.41097784 0.27241388 -4.643359
-7.107793 -11.576204 -7.291697
-0.85987103 7.473026 -17.796635
-1.24882 1.7888006 -3.464938
-5.435273 -9.020947 -16.153507
1.7788669 11.459615 -12.872825
-1.3149338 -1.5529517 -1.4431915
0.97319555 9.653583 -1.9703985
1.4504586 9.246587 -7.5711446
-2.860926 -1.634004 0.14233895
-1.0354788 7.6540823 -0.036461778
-7.829052 -10.445585 -26.460096
-4.4363656 -6.904136 -8.207032
-0.48933157 6.287583 -4.0440717
-0.1554594 4.2156353 -6.4813275
0.23362671 2.329034 -0.6343921
-0.6151142 0.95798594 0.15380876
-0.1872336 2.2413502 -1.4065644
2.6162143 19.19901 -18.327604
-0.9272318 1.2325561 -0.663082
-2.2373831 0.77410036 -5.3363304
-0.3280006 2.041524 -1.8368489
-1.1421093 9.623347 4.3222437
-2.5792377 3.163866 -0.9773169
1.0099287 7.9401 -0.24052964
-4.1291547 -5.824611 -13.0610895
-0.019621372 15.415811 -24.527252
-3.5903435 3.267947 3.7076018
-4.3001323 2.5863338 -19.483227
-2.4806545 -2.849324 -3.6294668
-0.42632467 1.3733863 -1.3087436
-3.6553214 4.267158 -29.2468
-2.9922814 3.5755422 -35.643986
-6.7909403 -8.330278 1.6146221
-12.562607 -17.829653 -2.7533405
-4.7210746 -6.0167804 0.5308882
0.7822317 6.141087 -2.7896316
-0.63736457 2.2825954 1.9711657
-0.17165531 3.600736 -8.805306
-5.6106467 -9.525447 -14.184526
-1.8153201 -1.6709235 -0.93515813
0.66916466 9.182818 -5.031349
-0.19011845 0.7967033 0.35452014
-6.86361 -9.2300825 -7.7804303
-2.8743026 5.97595 -20.92175
-1.228743 -1.6235365 -2.016507
0.48740214 5.6761155 -3.4857323
-1.6101552 0.09152393 1.3325886
-0.26027688 5.967059 -4.88458
-0.23828448 0.76852435 0.4855613
-3.5282633 -1.3609952 -2.4258304
-0.95961004 3.9247282 -3.1870704
-1.4816555 10.829676 0.48333243
-1.1626605 2.9903195 -1.8654846
-12.135269 -18.661608 -20.829529
-0.80763805 1.0463145 -0.10866433
2.1434 14.670061 -3.2906635
-2.9263306 6.0664525 -30.5457
-0.8031352 0.36612797 -0.5253263
-1.147702 -1.2172996 -1.7766759
-0.5352951 3.627916 -1.7950662
-2.3748844 6.393005 -22.727398
0.9281012 5.118253 -3.9822223
-9.985032 -17.647152 -4.5967035
-1.6601986 0.28695637 0.010738798
-0.12101345 1.3088577 0.7038743
-4.536786 0.35525873 -32.64614
-3.944341 -5.894237 -4.0588646
-1.6771619 0.38379043 -12.526209
-1.1622562 -1.01797 -0.35524532
-0.6306704 2.0235827 0.64353627
0.9825582 8.540655 -8.25614
-2.4136162 -3.9487815 -4.401153
-0.6323672 0.50218856 0.24847831
-3.7850854 -4.3555255 1.8654932
-0.11796454 0.7596136 0.45765942
-0.28093687 1.8579137 -1.7454665
0.34810644 3.1344988 -0.6144618
2.0387864 15.486604 -17.138935
-3.3363645 -1.2227781 2.6599975
-2.2543738 -1.9713488 -6.896425
0.0485722 5.5915627 -2.8310378
-3.9351063 1.507231 -15.624002
0.48078918 4.940979 -3.0323246
-1.8111569 -1.4670871 -1.2727135
-1.9068587 -0.5587922 0.49740157
-0.33740732 8.997404 -2.9691157
-3.756302 -0.5497245 1.9159485
-3.1335568 -0.28865153 1.2804025
-3.1711535 -1.8294442 -11.897296
-0.9484205 0.7852662 -9.11141
-1.401942 -0.96117485 -0.76630324
-1.7440337 3.3660407 2.823475
-4.0187287 -5.7263803 1.0049164
-0.6980291 9.364349 0.23058645
-0.4058815 0.8837063 0.30842653
-7.426201 -7.856559 -32.098663
-4.780951 2.2477655 -32.18556
-0.42594033 0.72145754 0.5269662
-6.8849483 -11.371333 -2.6667922
0.051505096 5.6297617 -7.1625476
-1.1564829 0.30874723 -0.3972566
-3.8620334 -5.9817853 -9.33409
0.39761958 5.1958776 -1.4725598
3.213814 17.260998 -10.191981
-2.485315 -0.48758763 0.62157005
-1.6446193 1.1654577 -11.3533
-2.7447193 0.9934973 -27.77062
-3.9014163 -6.0603356 -1.6540109
-9.501485 -5.2401404 4.1179094
-2.8751912 -4.8354163 -3.148644
-1.1476307 3.6547787 1.3117571
-0.23894641 0.5109863 -0.8937942
0.56632584 3.7533052 -0.85978645
-0.88815355 1.3175927 -0.030869799
-7.850543 -15.953819 -5.27024
2.865316 12.798934 -9.672664
-0.8797878 0.25040704 -0.13018389
0.056418266 3.2323203 -0.608346
0.5669419 9.54625 -17.525164
-3.6944158 -4.3145485 -10.441043
-2.985511 0.9187669 -14.124364
-1.2596976 2.2767682 -0.07588564
0.07038348 12.305754 -19.391035
-2.2478783 -0.35689786 -2.8392155
-5.260882 -3.5459046 -27.692957
0.019311378 0.47947058 0.48621607
-4.632274 -7.0600867 -7.550342
-8.404927 -9.319108 1.6249462
-4.5044746 -3.4135172 0.8999395
-0.38191906 0.62330765 0.64130217
0.25013295 13.204276 -23.228607
-0.947815 0.4160586 -0.20999315
-1.7015364 -1.0037419 -8.708937
-6.4186354 -8.664446 -16.141077
-0.54090226 3.3493085 -0.18251994
-0.2919586 3.9274852 -2.363956
0.26380518 2.328252 -1.1661576
-0.38504323 0.9296641 -0.38494727
-0.7778429 1.2401685 -0.33271652
-1.5712749 -0.94793624 -1.5724767
-1.008802 -0.9439403 -1.2159947
-7.3798404 -13.549469 -5.627352
1.1854179 5.659715 -1.7978452
-0.4286812 1.7056711 -0.317835
-0.35264114 0.6399875 0.3696909
0.79635155 7.545176 -6.647884
-6.3833404 -5.521793 -13.033759
-2.7600062 -1.5602225 -1.0169487
-1.2450926 -1.894137 -0.39824834
0.34140685 3.3721795 -0.69426924
-0.5486893 2.1692836 1.3712156
-0.33941522 0.76466113 0.18718335
-0.19636874 3.6541576 -0.2590689
-0.23687649 0.3090865 0.0570725
-2.7555993 -3.9483852 -13.411836
-4.3516474 -5.463332 -12.0676985
-9.411948 -15.816663 -12.930471
2.3259676 13.311269 -13.201154
-11.745184 -19.93336 -17.939556
3.2041466 20.011654 -10.200706
-0.48260155 0.3368997 -6.3340654
-0.46127465 2.1038268 0.9275443
-0.42311674 0.41963014 0.3172193
-1.1087337 0.95715517 -1.5055946
-0.053247686 0.362773 0.08751893
-1.8072405 -0.6758452 -1.5144312
-11.940881 -22.183231 -12.952087
-3.7888744 -5.5933146 -7.812523
0.36283723 3.3415644 -3.0742664
-2.8163617 -3.1145272 -8.366587
-1.0476886 -0.83780295 -0.6698437
-0.76693594 0.29403004 0.5257934
-0.582253 0.78450644 0.13689475
-0.13189322 1.0127212 0.5862879
-1.3693259 -0.93015414 -4.0166574
-3.715587 -5.4978976 -3.280939
-2.061105 -2.3286495 -0.24459866
0.110716835 3.031944 -0.9157418
-4.432445 -1.6635206 -18.72254
-0.28372568 0.68800086 -0.24872339
-0.49524504 8.864813 3.11889
-0.119748786 4.547881 -5.4195166
-0.39340928 0.59397453 0.36279225
1.1606734 14.165969 -12.422978
-1.0206319 0.04743508 0.75122565
-0.8374279 -0.29796997 -0.9477879
-1.1938112 -0.24214439 -1.026194
-2.3662179 5.0765533 -0.37218887
-6.734739 -8.623273 0.7156308
-0.36978096 0.10800367 -0.49516156
-5.644479 -6.7626777 -5.63498
-3.743674 1.676932 -22.605434
0.0059351646 0.8986085 0.80129784
-1.1718435 2.7403958 1.9077176
-0.5521285 2.5678387 1.7263609
0.99156505 5.961181 -4.881307
-1.4615875 9.668005 -21.660765
-1.0619522 0.7606606 -0.26844588
-10.750122 -19.088562 -11.65804
-4.891255 -3.4584477 -1.7607404
-9.978942 -11.26819 -27.822737
-1.1209593 4.770475 -17.525127
0.5201904 2.9062436 -0.16134559
-1.763203 0.05635822 -0.6114058
0.010737275 3.555107 -5.900825
-4.7702823 -5.913648 -7.3510947
-0.14151987 1.0509287 0.97670424
-0.9565105 2.1466877 -1.2864192
-0.44401225 0.8439992 0.25514534
-0.5117999 2.1660476 -0.8343156
0.02187373 1.4992017 -0.59303856
-1.5464376 9.929042 -28.346884
-0.34425715 1.2017552 1.3876413
0.87197196 4.792096 -1.0918132
-0.5828559 0.937363 0.8641866
-0.60469306 -0.12314622 -0.55349386
-2.681605 1.1037775 1.3574346
-0.61369663 1.1301043 -0.23484471
-0.49416566 0.44260627 0.1630067
-0.08827134 0.43417838 0.33120325
-0.33966 6.7424073 0.107706524
1.1192911 7.2109833 -6.3946986
-0.50532097 0.25203127 0.085304976
-1.1044937 0.26454994 -0.118172966
1.9970334 10.546763 -7.311549
-4.6847997 -5.6288185 -0.8301238
0.3524755 10.664505 -17.089243
-0.43120894 1.5139607 -0.34381178
0.3605891 3.16605 0.7344247
-0.54299885 3.0400264 -1.642688
0.74902505 9.939145 -5.8411584
-0.17795599 0.8607644 0.8178443
-0.09201058 3.3688695 -1.699128
1.8375194 8.821988 -7.0738716
0.175012 5.3543363 -4.765132
-0.090741694 9.135999 3.0530903
-0.8285332 1.4276458 -1.4262453
-0.5802023 0.8319931 0.73276955
-0.4426488 8.023014 -29.51901
-0.07809039 15.108002 -8.576819
-1.4266636 -0.78309536 -0.7185054
-8.294047 -13.306655 -15.433456
-0.3465999 1.5760012 -0.56092954
-11.988294 -19.763762 -14.754908
-1.0206195 10.564186 -29.996359
-0.28520966 0.48891613 -2.027603
-3.1407578 -3.8411772 -1.1042717
-0.7782048 1.2033726 1.3211229
-13.550154 -25.566807 -7.3655014
-5.404158 -4.9252257 -0.87397987
-3.2797928 -0.801448 -12.508363
-2.197578 0.62059695 -11.209564
-2.7584436 -2.9909499 -7.029117
0.23154333 2.1506994 0.24402235
-1.2243975 0.9520302 -4.5177603
0.3402431 4.2823896 -1.1912467
-0.33484873 0.52581614 0.26871768
-5.8677597 -6.072477 -12.237212
-0.9162916 6.744881 -16.772966
1.199814 11.506494 -6.172348
1.9779598 16.110645 -17.638355
-0.19215514 0.47015628 0.08569958
0.98278266 7.66878 -2.5004113
-0.49412945 0.29477733 0.4715097
-8.551072 -15.310622 -8.493227
-1.4273869 -1.1535476 -1.8101645
0.23087788 11.655943 -20.491245
-1.921373 -0.61128384 -8.273965
0.016173227 9.998027 -19.79169
-1.6653528 -1.5393499 0.07433792
-2.1074705 -3.6163523 -0.49727157
0.38760516 2.3299458 0.14436714
-6.0151596 -7.4716773 -4.7696776
-5.957115 -4.1325674 -20.322958
-0.98630387 2.117832 -1.3424009
-0.42756122 1.6259717 -1.0717608
-6.965045 -7.311741 3.4294217
-12.8767395 -18.903942 -1.2465605
0.48133776 8.47472 -3.470808
-8.125196 -14.502538 -13.342958
-0.2107472 0.4350968 -0.1233548
-0.6858507 1.375738 -0.43723768
-7.2959566 -12.267282 -11.606699
0.26753584 7.1176124 -10.394082
-4.4581537 -6.6066623 1.3966488
-3.4783802 -3.2876172 2.154599
-10.068822 -10.620553 0.6251808
0.4494237 2.9009776 0.680962
-2.8314834 -1.8964816 -1.9872401
-3.5247836 -3.7650578 -3.6807745
-0.33273068 2.4102185 -1.6555973
-0.06381178 1.9728171 -0.78160465
0.23290698 4.910601 -0.56126386
-1.4307455 5.823105 -26.56572
-1.0998323 0.2684877 -0.56216216
0.12632094 4.066052 0.38383436
-0.43054554 7.8493814 3.7135196
0.7813497 10.436116 -14.692834
-0.48810259 1.0832497 0.2911059
-1.1078846 -0.7042995 -1.9889208
-8.625367 -12.429973 -7.0291166
-1.6806649 -2.0526123 1.2462947
-9.4825535 -17.590864 -13.73598
-6.066513 -5.06988 -18.523825
-5.1639 -6.207644 -0.9027833
-1.2459176 -0.7467248 -1.9910576
-0.34322545 0.35059866 0.26281932
-5.0873456 -1.4844755 -10.664201
-1.6151932 -1.8570251 -1.8967168
-6.7521615 -5.2885175 -16.878168
-4.6358995 -5.801421 0.4706295
-0.10161822 12.070963 -2.0941303
0.34086826 3.4585798 -3.1145701
0.4129482 14.790006 -25.383757
-1.271724 7.5939293 -0.32150045
-4.4205728 -8.229745 -6.2282767
-9.235283 -13.302345 -14.692784
-1.1858819 1.8357805 -8.115661
-0.6121503 0.30432895 0.06883476
-3.600584 -5.9840016 -4.4953227
-0.2403312 3.8138852 -2.3452165
-2.5644305 7.388179 -33.25803
0.37473512 3.2863936 -2.4819653
-0.72486675 2.587495 -1.4397037
-0.14022541 0.7115992 0.46938983
-0.3776219 2.6810036 -2.01326
-1.250551 10.720293 -29.478365
-1.1082217 0.575162 0.2943089
-0.00892738 4.814977 2.1863081
-6.22712 -0.8582235 -31.172411
-1.3125292 -1.0534848 -2.826374
-1.0948061 3.3166683 -0.2858477
-3.0879047 1.418424 -24.174267
-3.5353527 -4.859059 -8.018777
-9.75715 -17.732489 -9.944095
0.058118694 2.3503025 -1.8024756
-0.11477263 6.166328 -7.0321083
-5.7756186 -3.0668867 2.0160387
-8.832309 -10.472564 -23.089315
-0.6263128 9.931845 -19.696974
-1.8254182 2.502341 -1.2915697
-1.4740255 0.6827577 -6.212178
-0.6873227 -0.4634641 -0.08354221
-0.31059355 1.8946311 -0.7771326
-1.2909774 0.7874669 -0.31454
-2.1014693 2.230415 0.45487425
0.3470923 13.995117 -5.088501
-0.27983472 2.1439967 -2.5137293
-0.52650386 0.6630096 0.58395404
-2.7175114 -2.1282592 -3.7537556
-0.40872428 1.0039915 0.83155304
-2.2124188 1.704986 -15.885949
0.0030456781 6.796511 -7.480433
-0.11564165 0.72950333 0.6063541
-0.4079438 0.33927256 0.43362713
-0.74534386 0.80410254 0.23952354
-2.9534907 -3.711367 -3.2970884
-5.4250655 -8.532181 -7.9928503
1.9385957 14.36338 -14.323143
-5.28041 -7.2956834 -2.288998
-7.0972466 -8.308356 -26.104742
-0.8925467 -0.4396451 -0.6672208
-11.368457 -20.685823 -22.563791
-1.1872551 0.7406436 0.34732798
-4.4751616 8.3409815 -0.8157751
-9.482969 -16.943813 -13.820617
-1.5824429 -0.7589355 -5.934812
-4.9438324 -1.9605724 -28.9237
-1.5050926 -2.2864811 -2.2050335
-0.6644986 1.2353274 0.48392978
-1.0374128 -0.19821909 0.4039243
-1.0781797 6.4003077 -9.471274
-2.8191392 -4.2349706 -1.2523233
-5.457153 -6.504829 -5.1454134
-8.929979 -13.007555 -17.369688
-4.506595 -6.165505 -13.615144
-0.14291053 1.5916275 -1.3081071
1.8224334 8.978089 -7.341968
-1.4536177 5.500109 -1.9237505
-7.5946665 -9.376571 -20.05662
-3.8814857 -5.385752 -2.2116513
-1.650316 0.649821 -0.16125655
-1.0917555 1.0521702 0.4370026
-2.1940494 -2.970547 -4.624191
-1.1324469 -1.1129656 -0.4926414
-0.93926877 -0.42343602 -0.13227743
-1.3997725 2.6599503 -5.1812754
-0.26552853 0.5269479 0.25710994
0.44193414 4.03132 0.6426788
-0.073747836 1.3191202 -0.3112261
-1.0973047 18.46191 7.4553666
-3.117779 -3.6801393 -5.2533402
-0.4878061 3.666392 -9.66011
-3.1370833 -5.320458 -1.2956206
-2.204866 -4.1198506 -7.813071
2.7071087 20.069687 -13.682197
-1.2579486 0.64661205 -1.698975
-4.53805 -1.083411 0.11290516
-1.4340885 3.3812392 3.0957038
-1.3916327 4.0070744 -18.937056
-1.264286 5.51268 -14.522243
-3.5385718 -1.167293 -1.8552164
-0.72934437 1.2650915 0.34681776
-2.5728416 -0.55416566 1.001124
2.0201943 9.046645 -7.309444
-2.3665235 -3.97187 -1.478987
-4.0827966 7.8416624 5.7724833
3.4634423 22.391779 -18.033236
0.37400478 3.50482 -1.5849127
-2.5038586 10.596962 -27.829245
-0.4270065 1.5757582 -0.29609808
0.3857265 11.413309 -17.326385
-2.1771061 1.9190047 -3.0431209
-4.9009023 -8.0770855 -7.037799
-5.0369 -2.7455277 0.34888622
0.4843081 13.184081 -18.073305
-0.22244735 0.98359805 0.6879441
-0.024523463 9.318217 -17.37926
-0.6856905 0.8372078 -0.53661436
-2.5500505 -3.9353046 -3.6832004
-1.2367231 3.1847136 -4.1410823
0.37473422 14.554914 -25.252934
2.1648393 16.284729 -7.746383
-0.5263075 1.011734 -3.6127403
-2.3336413 -1.5960628 0.77404594
-3.857182 -6.2333646 -6.7904706
-1.8984023 -0.05511433 1.8203694
-0.9689816 -0.04415249 -0.041148484
-0.5985504 6.2930717 -3.9822285
-0.5511255 0.3990174 0.510374
-0.9188201 1.1572789 -0.6915099
-1.1053202 7.4586425 -1.4819518
-4.7030253 -6.26122 -1.5493153
-3.5147338 -2.0992362 0.07850473
0.5348897 4.574012 -1.3329394
-9.394576 -9.134948 -28.05107
-2.8060246 -5.0262475 -4.706567
-1.4508275 1.3121341 -10.52253
-4.31671 -5.480412 1.0368791
-0.79916984 9.478806 -3.6737769
-0.24272908 2.2918494 0.49707508
1.403116 12.300077 -10.266412
-0.60042703 1.422448 0.2401122
1.1998173 9.078203 -1.3141025
-0.24739777 2.633331 -0.97238857
-1.4479207 2.749794 -18.7952
-4.1792073 -6.3691154 -4.8326273
-3.5201633 6.1319156 -29.7023
-0.7520973 -0.059441764 -0.8494441
-4.1118255 2.7075827 0.47588158
-0.16224639 0.6033536 0.59086853
-7.5488505 -12.6763525 -22.921848
-0.1469637 1.1765162 -0.53325135
-1.3525833 5.460138 -1.2754267
-2.7527711 3.9938753 -9.370648
-0.6151441 1.012572 -0.19707403
-7.1520524 -9.64318 0.5668754
-2.6631758 -3.144485 -5.999749
-0.6504561 0.1082567 -0.04953473
-3.53573 -2.4571147 -2.2761648
-2.9238832 -1.687144 -4.6311913
-2.4592462 5.9657087 2.4813924
-0.058213506 0.5392712 0.49071702
-8.115656 -14.482167 -9.185364
-1.3705637 -2.370648 -6.530475
-5.0527234 -7.51778 -7.454731
-0.68686 1.0006808 0.026184797
-0.9972164 0.045099873 -3.318096
-0.72481424 0.6050393 -0.88302505
-2.3238351 12.428922 7.3496666
-4.156811 -1.8391978 -0.2269125
-4.03443 -3.6203024 -10.944037
-3.245478 -3.5858579 -8.740479
-0.1806098 1.22344 0.36105254
0.13976747 3.5563633 -0.8358326
-2.416053 -0.9687582 -1.4263535
-3.6727784 0.55220723 2.0170236
4.127052 23.551859 -15.852961
-4.1095433 -3.4728067 -3.4624846
-0.98165554 -1.0154024 -0.5912413
0.67269343 7.082909 -1.0848054
0.5504417 2.8709252 -0.5043001
-0.031929813 2.453975 0.7292687
-1.1106125 -0.82917553 -1.5820745
-0.26523644 9.501747 -29.047241
-3.775087 -3.871441 0.8924686
-1.015905 8.910441 0.6101404
-4.896161 -2.4711955 -19.928514
-0.9927305 0.54882544 -2.1484528
-4.901624 2.9783664 1.1893758
-3.1742463 3.6902182 0.67281854
-1.3735734 2.2254794 -2.5157113
-0.377263 0.75719637 0.101282485
-0.7992837 1.2024344 0.6267951
-1.0727981 -0.16907631 0.4349591
-11.923732 -21.430151 -32.006077
-2.2701132 5.7398896 -1.2346401
-0.51721007 2.4032423 0.7980507
0.038038503 3.8271577 1.7517382
-6.4526825 -5.439402 -4.2939973
0.7192825 4.1590867 -2.6080887
-1.2771909 -0.16202964 -4.520091
-1.3245431 2.5683956 -9.64852
-0.3188656 3.5193865 2.2588577
-4.9055166 -4.1729417 -3.338223
1.255479 19.780697 1.0387148
0.94024116 12.897902 -11.332583
-2.7359557 -0.562387 1.6515905
0.20786168 10.14386 -20.540455
-0.021863842 1.2315701 0.36867943
-5.151654 -3.4070516 -0.99200153
1.7429849 17.53244 -16.789934
-2.915365 -4.317601 -5.893063
-3.1480272 -4.311667 -2.6700866
-1.0838633 -0.79574406 -0.3364326
-3.401235 1.7515427 1.8894368
0.41053084 13.716529 -26.991856
-3.6161716 2.5234988 -21.837187
0.21815772 1.9977592 -0.28962559
3.529932 19.234808 -10.513819
-5.592861 -2.17688 -20.035603
-2.0256367 -0.5034787 -0.5561211
-3.5837688 -3.8149714 -6.8572583
0.5018038 11.934187 0.47579032
-0.60653216 -0.23637438 -0.62802917
0.32697174 3.1451938 -2.2969937
-11.527991 -19.472889 -17.704676
1.1124283 8.655044 -9.7277155
-1.5662028 -1.7934862 -3.8769295
-6.581272 -8.695834 -14.319868
1.3319131 8.221581 -6.6290045
0.17228314 8.85746 -12.69412
2.2727716 15.738114 -4.2199774
-1.5324847 0.27490652 -0.7850094
-0.85136986 0.26974222 -0.30546188
-4.7731743 -6.9223375 -19.409178
-0.42810884 2.0953388 -2.0973458
-1.3399214 0.6563906 -1.0464067
-1.9635627 -2.9481807 -4.245299
-1.0724008 0.37393147 -0.029994776
-1.2283838 -0.14303954 -3.451858
-2.0269377 1.0237796 0.9110401
0.028118005 3.4952247 -4.2541323
-2.0125406 -0.8326852 -0.2032062
-6.985774 -8.712216 -5.916
0.18618652 18.119364 -0.17487428
-2.0162878 6.326801 -1.3681946
-5.4756966 -5.5458155 -6.5867486
-1.1550573 1.0429232 -1.5139487
-0.14371522 1.4173084 0.05371509
-0.54480755 7.62937 -0.3315565
-0.5662211 0.14091848 -0.27999073
-6.442946 -0.047051642 2.4726279
0.8681183 12.094088 -12.611899
-13.280151 -13.887609 -0.021959577
-6.9186797 -8.853978 -4.044089
-0.45184478 1.2660236 0.013803499
-2.6433065 -3.6430755 -3.4039314
-1.6142919 -0.687869 -4.5331016
-1.9932417 -1.6605399 -2.1631985
-0.84635246 1.1781288 -0.13144611
-0.63793147 -0.485681 -0.7230426
-7.116259 -10.229425 -15.796971
0.9952131 10.011706 -8.14217
-0.07298293 0.8185379 0.71528256
-1.1742374 7.882342 -13.669532
-0.43229267 6.9612494 -25.443663
-10.053289 -13.341478 -26.171082
-1.3903077 -0.8034625 -1.6011475
0.82585824 9.246617 -13.218965
-1.1708419 3.4473102 0.8502575
-0.5711823 0.6485882 0.33246306
-2.0641599 3.888391 -18.118025
0.3300391 2.387759 -0.93171555
-3.6394308 4.90577 -28.912888
-1.2743539 -0.07070737 -1.2517124
-7.9150567 -10.694802 -6.4608693
-5.986397 -3.3021202 -0.73261553
0.65292245 3.7890742 -0.68359673
-1.2831355 -0.91552496 0.39588496
0.96582544 7.962761 -5.9125657
-4.710565 -5.1472387 -18.009695
-9.265428 -14.251018 -11.668412
-0.07725189 1.3146092 0.5389425
-9.434059 -8.283507 -23.567434
-0.744244 0.5960439 -0.27338117
0.97381365 10.949466 -0.9187291
-5.271867 -5.0893054 -14.057242
-8.285329 -10.696425 -12.998987
-2.547838 4.970514 -23.13365
-0.90789443 1.9563822 -1.33102
-1.0748094 0.47434488 -0.98956573
-0.7916757 0.26100668 -0.52068985
-0.1499714 1.5913432 -0.41499028
-8.69179 -14.636658 -10.124671
-0.9070217 1.2035342 0.51711696
-6.042283 -9.630064 -2.7741623
-1.5201511 1.858793 1.8956959
-1.4403001 12.1184635 -25.90928
-6.3807845 -9.086349 -3.2170773
-9.399354 -18.510794 -11.289846
-1.4302921 -1.1194018 -1.5509111
0.87811357 6.6452446 -4.697287
-4.5522847 -3.1961348 -12.891755
-4.481532 -6.5065074 -4.3820276
-2.1214073 -2.3529809 -0.5652755
0.17122301 2.854009 -2.439968
-3.7187543 -2.2446837 -0.08393855
-0.30136225 3.4592557 -0.46508983
-0.45546123 2.8322997 0.24996369
-1.1548865 11.189491 -6.863851
1.0616046 5.202365 -3.2744915
0.20316076 11.812453 -12.946193
-3.5819829 -6.55536 -6.2861643
-0.10766663 4.3463936 -3.1124206
-10.224863 -16.313656 -7.5600467
-0.3232636 2.7905715 -11.180655
-3.9334693 -2.9357173 -19.1737
-0.58227915 0.4144059 0.4672542
-2.0930927 -2.5083454 -3.2628257
0.31728214 2.9132745 -0.8434761
-0.21947917 0.8310814 0.45358154
1.4600179 9.37722 -7.273093
1.7181009 8.475562 -4.640614
-10.149973 -16.196276 -13.397225
-4.964538 -2.3257177 -29.353168
-8.921159 -13.749757 -13.154192
-2.3916628 -4.446536 -5.514153
-0.50898665 5.571888 -0.27485177
-2.9955735 0.4611811 -18.572693
-0.34648874 4.5232434 1.382817
-1.4952565 0.58496475 0.51462317
-0.6936865 9.361002 -2.900807
0.8526033 15.831955 -20.896914
-0.41676483 13.538261 -28.298534
-1.8736553 -0.422781 -8.27079
-1.3009684 1.1263096 -0.49957377
-0.971301 15.145735 6.4099374
-1.0875952 -0.79265785 -0.36242718
-0.2777854 0.5370577 0.61875206
0.5780427 11.298705 -13.640623
-1.5436987 -0.05896971 0.28503847
-6.5553484 -7.451709 -26.043348
-0.16652575 4.397122 -7.165217
-4.872478 -1.9976432 -29.414225
-2.2565963 4.779357 -25.754328
-3.817374 4.853935 3.2134068
-2.7071557 -4.589235 -7.783763
-4.4262576 -3.0443215 -1.6393152
-8.53879 -11.178856 -6.181016
-0.4210898 -0.16107515 -0.7489745
0.511893 8.708806 -15.459053
0.05433834 2.8581994 -2.8622139
0.9987737 12.621353 -0.29165274
-0.36173055 1.6295054 -0.66212434
-0.48784307 3.3538609 -2.4375348
-2.698448 -3.773504 -5.0825615
-0.5175205 -0.0027320555 -4.176863
-0.42081103 1.3740805 -0.25025004
-0.5409994 4.4837837 -5.4257092
1.5444868 13.505439 -8.400866
-0.6865044 -0.55071163 -0.9269501
-8.305268 -9.896803 0.871055
-0.44718847 0.6875251 0.11128931
-2.109251 -1.5480032 -1.4438933
4.7769165 21.644703 -14.58149
-1.3681139 0.025154676 -0.89330167
1.2929038 19.408033 -5.6792912

