0 0 -1.125832000703548 -0.03325091906720501 1.2213398139181837 0
0 0 0.5829826012158694 -0.030570037820017215 1.0028429607809506 0
0 0 0.7810359910750768 1.5442609867368364 1.0273750892867652 0
0 0 -1.4730620103383174 1.1711897362423744 0.6097672958430873 0
0 0 1.1821009041656239 0.05989702516303075 1.500897578170052 0
0 0 -0.6053221371469539 1.4528721907327133 0.8061098730120521 0
0 0 0.337060850032713 0.16495972487882427 0.7494550666966189 0
0 0 1.2487111021455224 0.1914512420985448 1.8542994940427606 0
0 0 0.3937554168512991 0.7813266967010015 0.4000106273691175 0
0 0 -0.48708815856839904 1.5381031157632918 1.4201625581657915 0
0 0 1.2698229625188189 0.1290704929002766 1.7776444138714584 0
0 0 1.1168463659211967 1.4058202123647803 1.6125874304188472 0
0 0 -0.2515294015804599 1.268668774422875 1.8584639468013835 0
0 0 -1.316459749161554 0.7374867764551089 0.41036894835315507 0
0 0 1.1390554364658105 0.10239464003338339 1.6813842240197776 0
0 0 0.01641566719433385 0.8401201144865146 1.9884887862485097 0
0 0 -1.569730064681116 -0.010397021864332223 0.8973677367633237 0
0 0 -0.277095035664088 1.2936068689913671 1.7406776447381769 0
0 0 1.4149692750766198 0.26203580624248163 0.569679365431526 0
0 0 0.8936323603253467 0.8920577002250488 1.9856383580703927 0
0 0 -1.5580082152968997 0.6395723038001565 2.0286546615346714 0
0 0 -0.16308171587826004 0.7743248252557143 0.40983496578084255 0
0 0 -0.9256536322174679 1.5700751339105423 1.355824578791152 0
0 0 -0.23989627141796155 1.3425331461085377 1.7778486262647988 0
0 0 -1.1994817462560776 0.19414931698550875 0.7347346108450796 0
0 0 0.899396629669539 0.19960068394406005 1.7540532951390382 0
0 0 -0.19233030945131246 0.523721520759781 1.933472177062514 0
0 0 0.43424729521553607 -0.0036540351360435652 0.8586257148672376 0
0 0 0.7574677888056924 0.9050304502334449 2.0283682033119947 0
0 0 -1.2337838984768097 1.1031720056073289 1.966364496581819 0
0 0 0.23026293306422518 0.0347588388460337 1.4853836371055953 0
0 0 -1.4416251015238117 0.42658214046272797 0.5567840874171801 0
0 0 -0.9181968460365058 1.3290576142787447 0.6352203469486157 0
0 0 -0.2687303124327789 0.1560063214801526 1.7603780239500746 0
0 0 -1.187946562921384 1.4757545120932374 0.9643302215006613 0
0 0 0.008769553063493252 -0.04434653431440949 1.40228554697995 0
0 0 0.2125041828936618 1.0321881104033832 0.5183993124666644 0
0 0 1.1197133389553833 1.321776464130993 1.7459333075547805 0
0 0 0.48524196596106295 0.7406304440673859 2.061932957502214 0
0 0 -1.3504046829216207 0.533854923546454 0.5025320602498717 0
0 0 -1.1961165794329207 0.054634777615388264 0.8329868734993581 0
0 0 -1.2342517034157345 0.40889468525948236 1.9494216295963112 0
0 0 -1.3328633427244194 0.48899210845236885 1.9849772415425102 0
0 0 -0.3890277938734086 1.1164954519179684 1.8868988511324805 0
0 0 -0.7659268727272517 1.3787687154922692 1.693999582132273 0
0 0 0.5372877228312478 -0.01973575995183474 1.0618761405051982 0
0 0 0.5126249358895802 0.04661034449259682 0.797352293339683 0
0 0 -1.1253808790754263 0.8132240229058918 0.4168022974138611 0
0 0 0.6612069510797802 0.11251494823462715 0.8366144172283364 0
0 0 1.5683226353569162 0.8016189487663326 2.02925692889811 0
0 0 -1.515220813389011 0.4091515742570039 1.9289616687638675 0
0 0 -0.03685184246663398 0.022290004247069062 0.8451215434463025 0
0 0 -1.523561793163242 1.4537722683711567 0.7787715957781767 0
0 0 0.23237028232793766 0.24919366600322135 0.6491382689437202 0
0 0 0.7902749169269594 0.3586028575303288 0.49694335288963365 0
0 0 -0.1423151036870438 0.3308413565511958 0.5182976473548411 0
0 0 -0.2800554837956073 1.3033238179117705 0.6449645842627321 0
0 0 0.20208530987786144 -0.057707222371541134 1.2706449698905216 0
0 0 0.14451838572510223 -0.03373813858308927 1.1125931278885315 0
0 0 1.230763862659963 1.1126652912988066 1.8967886108303884 0
0 0 0.7621085410500972 0.030210202143410414 1.653977561400077 0
0 0 -0.40960768375035017 1.1998352015367755 1.9152632677723047 0
0 0 0.521907067558188 1.4257767360067963 1.6502872358042888 0
0 0 -0.8180118486045089 -0.030090731719309538 1.1935086925440939 0
0 0 0.7240873625327491 0.28828924119981136 0.6003776737682577 0
0 0 0.8257303999073686 0.8761982473392156 1.9656846978214757 0
0 0 1.2769716971345737 1.4415057697955762 1.5123519055571046 0
0 0 0.29812939832337926 0.0818469741828678 0.8156284136599662 0
0 0 0.21886056279332067 0.028596708654468395 0.9608284304179078 0
0 0 -1.5100708199845887 0.11434162881496202 0.6845903451270928 0
0 0 0.06811331774061147 1.498869894370308 0.9109925211197065 0
0 0 0.5131795447738714 0.33611945664852605 1.945980696596841 0
0 0 -1.1227817782470977 1.3249993043485637 0.6754987604142214 0
0 0 -0.0918888718267239 -0.010802564040014895 1.1327139596847002 0
0 0 -0.5137312642309348 -0.04888952065564478 1.3605832029049536 0
0 0 1.2552508948540777 0.1567367628733375 0.7217967092570415 0
0 0 -1.470782564445213 0.07170800807084465 1.5369905542868936 0
0 0 0.18476181441802164 0.6474984209209402 0.4698296364995901 0
0 0 -0.7998229815651964 0.8072691915986671 0.4671246304841712 0
0 0 -1.1176547387254678 0.6704106853135734 1.9820324140060976 0
0 0 1.5686289117991947 0.668257152882013 2.0173321172128764 0
0 0 1.2556935607311188 1.511502482141418 1.1283467045396516 0
0 0 -0.8221884855304281 -0.06925026083620178 1.293326904940604 0
0 0 1.4838649323414992 0.7705771783519916 1.9863496266214837 0
0 0 1.057974287586878 0.834117169814542 0.41984219805505385 0
0 0 -0.9888467084391007 0.6925188134729183 2.026461927839046 0
0 0 0.5005752679988942 0.912292693060611 0.4610064892714105 0
0 0 1.058477355387827 1.4994723018504659 0.9812817554264786 0
0 0 0.34094549180708356 1.550844907629057 1.3910578447213213 0
0 0 1.4795600234381188 0.5348828385996147 0.4845125835700763 0
0 0 0.17190804017310457 1.1716478760885296 0.5530662038115489 0
0 0 0.5160724169357183 0.8454598378552004 0.47224313075776814 0
0 0 1.395502768851292 1.2287899558963533 0.6635682975757898 0
0 0 -1.1848179721264578 -0.07276760336642585 1.2332511566456785 0
0 0 1.308252802356416 1.4808765983918457 1.439221209650349 0
0 0 0.8818349920906843 1.1327942078122464 1.9256625861920331 0
0 0 -1.471366240915878 1.1453987145214048 1.8830303806155797 0
0 0 -0.7575009439330006 0.6475124128758867 0.41332080800861437 0
0 0 1.4475371783841813 1.462856926878733 1.5602303826001913 0
0 0 -0.5656408116363398 0.1794412540426069 0.6231500256387812 0
0 0 1.0995778268596434 0.6959072771524275 0.46524999753622565 0
0 0 0.30196667588667747 1.189335521812858 0.6194572368289836 0
0 0 -0.579769180527615 0.10708661151646215 0.68934572999906 0
0 0 0.7885324682545063 0.5079470259510489 0.48430827053379266 0
0 0 -1.3546387136619598 1.273118112902564 1.8347647947741947 0
0 0 0.615211535960678 -0.04294897053845792 0.9745561408985879 0
0 0 -1.5041792838620398 1.4056919852288743 0.7203161794733741 0
0 0 -0.6174420598565469 0.2979956761113004 0.6351326482834968 0
0 0 0.4712658773651972 0.689196490451139 2.045151167082524 0
0 0 0.8749221036679367 1.5109127654915122 0.9777651113679329 0
0 0 0.1389610421055263 0.32226978043055904 0.5362354798906229 0
0 0 -1.2965175688999282 0.6174368959069378 1.9653753909139267 0
0 0 1.2024428917679808 1.2920050639657303 1.8469221195462775 0
0 0 1.2202691687332883 1.5558082569277107 1.3743615975464463 0
0 0 1.1311981651313543 1.3176507686679146 1.8103377667533458 0
0 0 -1.4020002967412206 1.551687938057611 1.14269438100456 0
0 0 -1.1603707670490275 0.7834332788249998 0.48468013240617813 0
0 0 0.6141939077687724 0.07598401057184345 0.7769831522853372 0
0 0 0.3883709440753831 0.7224384527043628 1.9852150816118197 0
0 0 0.01228312865855119 1.545639231822514 1.2302074343271017 0
0 0 -0.2118541165559673 1.347850552394526 1.750721111293799 0
0 0 -0.1867186491332402 0.008513568754383027 0.9013070744625946 0
0 0 -0.019158298090604875 1.127461000775287 0.5844519057399189 0
0 0 -0.20636104363015417 0.16800658967437077 1.7900145521375668 0
0 0 -0.2775602585965613 1.3614446367252069 0.7669108122467774 0
0 0 -0.0148740731436654 0.9669882138079975 1.9782215020912077 0
0 0 -0.7193362480267891 0.07823226271921568 0.8104424021310703 0
0 0 -1.3751391446302248 0.0016947829897092648 1.1010295763740374 0
0 0 -0.10397264724128208 1.4761481598320993 0.881730293442635 0
0 0 -1.1428854438348337 1.510059229885047 1.1596539230759897 0
0 0 -0.14577825621659168 1.3096906345701171 1.7246218564639766 0
0 0 0.13756362890645768 1.066202052795833 1.899015540157862 0
0 0 -0.18913451865287967 0.2036189282975578 0.7222654247309053 0
0 0 0.07654475287039553 1.2440542458345865 0.578982861883171 0
0 0 -0.5072495379910491 0.2196012269348918 1.7670119048675819 0
0 0 0.571143064056522 1.531637749314382 1.0121183555278934 0
0 0 0.21436922171956496 1.5141827139481918 0.9007069846151974 0
0 0 -1.0122557033418722 1.1112556256866766 0.5051513785888414 0
0 0 1.1483211374766689 1.4027201105925746 0.8690126962937746 0
0 0 -0.31241683393255393 1.1055844325467916 0.5679789760260578 0
0 0 -1.4491514594656956 1.5163352940386234 1.0053805803758238 0
0 0 -0.44106985574710555 0.3633767881848711 0.5489975407226164 0
0 0 1.074857834429093 -0.053571170363364784 1.2191143516920233 0
0 0 -0.22824577339740593 0.3215575655348316 0.5566148966903746 0
0 0 0.42680860939325527 1.5319721517630809 1.25480251044641 0
0 0 1.0929758172349082 0.02699932029498664 0.9818354363613784 0
0 0 -0.49322400222563956 1.2712277930438982 1.8272343850691166 0
0 0 1.4640907035180835 1.5095671193680504 1.4103812048599758 0
0 0 0.5307124031108819 0.026628498805054024 0.9970730057576878 0
0 0 -1.5419414559314903 1.0814336264191906 0.5365847535985294 0
0 0 -0.7139652228305255 0.12685709338366902 0.703739205297094 0
0 0 -1.464450665860028 1.0459438126665002 1.917497657660796 0
0 0 -0.509583036428439 1.4862710984151177 1.5934159744772236 0
0 0 1.2303884019023164 1.5698209426578893 1.339282370849951 0
0 0 1.0469089517055927 1.3882046259841583 1.702910014222606 0
0 0 1.4632429785396042 1.0181491047655982 1.9956033558785677 0
0 0 -0.2564416908467433 0.13760482304192545 1.775757135900351 0
0 0 1.2856670441902613 -0.0834364210155456 1.1357342405886148 0
0 0 0.35282569317411583 -0.026865417363631017 1.2310755131754447 0
0 0 -0.07706114071409864 0.11783458297495186 0.6817337317250709 0
0 0 1.4424715172186957 0.47126750544961926 1.9141329098719 0
0 0 -0.9536149743210175 1.347367961407655 0.7249347576002685 0
0 0 0.44533184202345977 0.8164034815323773 0.40480054534059906 0
0 0 1.1529077250931579 1.5274517571792847 1.4643397240859972 0
0 0 -0.2438865209653136 0.9984323080170967 1.9582643628916818 0
0 0 0.5522842077876762 1.3372001773818556 1.8075080023638272 0
0 0 1.2867568377798264 -0.044190057859472054 1.0093140443221482 0
0 0 -0.9602025798256505 1.0854915515591126 1.9181216244830601 0
0 0 0.056211280718827306 1.497096838866848 1.153179234754599 0
0 0 -0.7536443338574693 0.013024992931051083 1.0889922927811453 0
0 0 1.0613782657301507 1.478904970402445 1.5165148215287871 0
0 0 -1.4606420907327164 0.6626861096986315 2.02461664583107 0
0 0 -1.26468978680394 0.6237731326412992 1.9870621427111257 0
0 0 0.06343439013779584 1.480870013978386 1.370348665200219 0
0 0 1.3407645615620538 -0.05877740353048566 1.1563246721428393 0
0 0 0.45665479045496804 0.46165517337787254 1.968935361938989 0
0 0 -1.5083335366637742 0.2695425893515709 0.6355096567630125 0
0 0 -0.44803446683540393 -0.03939094882549976 1.2360613882902793 0
0 0 0.19324640216730615 1.3630553627645279 1.6845805351872187 0
0 0 -0.9128141760625025 0.5929181923377453 2.006720210112018 0
0 0 -0.8472690799520317 0.1010733422292378 0.8385873109207866 0
0 0 0.2488397838002434 -0.03047566727415485 1.4545319834491448 0
0 0 0.22733346742020055 1.3501082684021068 1.7441863025634083 0
0 0 0.17103925084976668 0.552667349337304 0.47233290775922665 0
0 0 -0.06628947193819723 1.3237085012872112 0.6792013300046144 0
0 0 0.4811779767396538 0.4946547459066776 0.5197947100173569 0
0 0 0.8400071274480521 0.16784127554719097 1.7222321090288215 0
0 0 -0.7117343547893809 -0.05107803340761474 1.131378888116637 0
0 0 1.020138369607503 -0.020542567529895472 1.487963275306673 0
0 0 -0.06904523657037465 0.1859587204844102 1.7737294472214096 0
0 0 0.33955810038126355 0.8540061119232928 2.0539299980363315 0
0 0 0.5158124203045555 -0.006938588565990278 1.0889562995548927 0
0 0 -1.5254126580025942 1.4580445997358802 1.532685916522834 0
0 0 1.2268948703327731 0.4737316321266789 0.526592926017547 0
0 0 1.2118023440530883 1.3340807164353667 0.642550892123324 0
0 0 -1.1326940192061905 1.5575270867213034 1.3918002852242373 0
0 0 -1.1283789195819303 1.5526913286262638 1.0245958173478233 0
0 0 0.7451121038525108 1.1654344233647727 1.9002504427076206 0
0 0 0.8621566425512501 1.4237304597471159 1.62434598820089 0
0 0 -1.3826045776694817 0.1877651071860713 1.8128855511541682 0
0 0 -0.9067345779625698 0.9892283176705099 0.4957811967419893 0
0 0 0.34200913458312954 0.6087146996609446 0.46519760819659206 0
0 0 1.0421785026922747 1.2988823639526035 0.6684120349103259 0
0 0 1.106055839979676 0.5938280688778781 0.46731302711199396 0
0 0 1.3154976360743733 1.1020713155153565 1.9367294143301725 0
0 0 -0.014161597273002702 0.27212022971929706 1.8824070112568005 0
0 0 -1.4723057201054088 1.407114051683732 1.690403434903256 0
0 0 0.3589468357433887 0.06964834780275553 1.646017319743847 0
0 0 0.8611281688560739 0.18513876773501747 0.6628703796489989 0
0 0 1.244509046973704 0.08771000608336066 0.8411544201244631 0
0 0 -0.24788850753096692 1.0334285202262277 1.9761363278783977 0
0 0 -0.6451102448006536 0.04725166574357542 0.8889123802001984 0
0 0 -0.4566469004114919 1.4452055982360053 0.9646969338677679 0
0 0 0.6743041574832493 0.8455733928052891 1.9882122680949994 0
0 0 0.06950826717503467 1.5528272954825557 0.9937528204929014 0
0 0 1.5681050884435015 0.10379942072874715 0.7219480409043841 0
0 0 0.641861624279199 1.4989689357852196 0.8799589987804076 0
0 0 -1.0001033487589457 1.4014711467302918 1.6200926817926151 0
0 0 0.27966181693242165 0.3232242115042769 0.5938865748498486 0
0 0 0.14378670989501097 0.38589041900163085 1.967772918211511 0
0 0 1.0754267853757637 1.3457247377214403 0.7099474608593803 0
0 0 -0.5719703028975492 0.19973454748674602 1.7688605929914882 0
0 0 0.5925840483753144 1.4291525141152241 1.572903979322929 0
0 0 0.3782660407007268 -0.0436670987167157 1.4628052692838454 0
0 0 -0.7255813189148842 -0.02233947970292538 1.4267671821083336 0
0 0 -1.4446380998415902 0.8041567478814724 0.3902685481673088 0
0 0 0.22426209929174923 1.313218342251309 0.7321702951111448 0
0 0 0.7106589448179141 0.6311438842555442 2.029445959153217 0
0 0 -0.15022103482315896 0.6143986289119854 1.9738505821934287 0
0 0 -0.0532715197963618 0.915449120434284 1.956263967135989 0
0 0 0.12181039523538084 0.04056225600388419 1.442769100785024 0
0 0 -1.5547729107368888 1.3931801631374867 0.7790962880075167 0
0 0 0.9988497777112624 0.30955844190880755 1.8657134905447217 0
0 0 1.0501229538088812 1.4470951738504432 1.6408868610616594 0
0 0 0.47612864601761906 0.376108023540338 0.5852713098740447 0
0 0 0.6719582137660973 0.4524333128509155 1.9348019439346857 0
0 0 0.16246297513575647 0.9153310760621123 0.4254368435799132 0
0 0 -0.7505001763446708 1.4897197306179066 1.1260110001912196 0
0 0 -1.197636383475437 1.347371634568296 1.7230314881762647 0
0 0 -0.675960591535429 1.4742791912465725 1.4518487539869809 0
0 0 0.6067986022865313 1.4897929746701823 1.2658265868308223 0
0 0 -0.33988669440404884 0.19786934434172188 1.7288654346085928 0
0 0 0.5198070700039579 0.5726879878659362 0.4711400181324643 0
0 0 -0.0695393506558879 0.11339250229502096 1.7034386661379404 0
0 0 -1.4622879674903695 1.3746815125318754 0.7593032297308139 0
0 0 -0.7066609608433237 -0.03692349477009038 1.3904946876085211 0
0 0 -0.020854450932286994 -0.03723250003335321 1.0772092609551782 0
0 0 0.1266025688118606 1.4719236838895826 0.8500154145981913 0
0 0 -0.607958444248171 1.5773078098782192 1.0882443197702545 0
0 0 -1.1164313029752397 1.0530563239372137 0.445870966560189 0
0 0 -0.03652592603617788 -0.06099819040994903 1.2556264251784333 0
0 0 -0.0386317860227956 0.03137390415580832 1.0240598464804826 0
0 0 0.9967205157932773 0.24158758135130554 0.6569422837858794 0
0 0 -0.21318620052617998 1.1163480666247576 0.5135329328311022 0
0 0 -0.42210366158142576 1.267755243076444 1.8750977678014924 0
0 0 -0.5348481995225607 0.4098915102703445 0.4648805035370721 0
0 0 -0.43190242124555955 1.58315334403066 1.295189435766961 0
0 0 0.09228145445589409 1.0923745079202418 0.5385570489481174 0
0 0 -0.5957777681210034 1.5553510736590583 1.3264215140320186 0
0 0 -0.09522084122986074 0.07073106186625744 1.5373698608755921 0
0 0 -1.408894263432882 1.119258249325652 0.5704070877308912 0
0 0 -0.21670655298179575 -0.060579654756223844 1.3141454958961043 0
0 0 -0.3185858113327422 0.19238192885106675 1.8274455983295588 0
0 0 -1.3396005918230793 -0.022925626653817033 1.0233303020638873 0
0 0 1.2551881793659145 0.625033351219342 0.496904352494696 0
0 0 -1.4697738660770618 1.098229478332099 0.5563764521847893 0
0 0 -0.1425998497252874 0.9032761441875412 0.4440573784117675 0
0 0 -0.2395683064656171 1.2221818342862902 0.5641785291841607 0
0 0 -0.6738885316322774 1.4363685213605444 0.9002282919740477 0
0 0 -0.7611761902009823 0.7084035442127252 1.9874678470330167 0
0 0 -0.9301640159773178 1.4953762517678917 1.4843851173465166 0
0 0 0.7946273545309568 0.7782429750883924 0.4280662543636261 0
0 0 -1.441452111187129 1.327186862150409 1.7504655270455198 0
0 0 -1.172653354995586 1.5112840433659098 0.8807594452026746 0
0 0 -0.5356269071914572 0.44733522878313153 0.5357173406704054 0
0 0 1.454357515491394 1.3401074527571657 0.6893469946418823 0
0 0 -1.0125325660435527 1.4641449915508689 1.471428728749037 0
0 0 -1.530305261254725 0.09120534848824735 0.7144729043963617 0
0 0 1.1284219046541115 0.27195098408121693 1.8576757821684513 0
0 0 1.2247193466247754 0.6841655511849183 2.007118916100938 0
0 0 1.3246091717679498 -0.046103486911650005 1.10513368946007 0
0 0 0.7363449651386285 0.19480755110140335 0.7105523375141953 0
0 0 0.8345051100557139 0.545081041447754 1.9932934544316807 0
0 0 1.3757558791683238 0.055502219034684996 0.9505097377565201 0
0 0 -0.69243763435627 0.34364876979899245 1.954503678420857 0
0 0 -0.280547856600162 0.8416595584337087 2.0497127409975846 0
0 0 0.6474291115369333 0.5256076802289666 0.5005645012786534 0
0 0 -0.3882784897820626 1.4583539436075577 0.8541887140509983 0
0 0 -1.0947876346363634 1.2559947567560767 0.5853926720619007 0
0 0 0.507967929464948 1.2954997064545801 1.77579378537055 0
0 0 0.07776249748940112 0.4012976956986524 1.9900146578774631 0
0 0 -0.10908291638545009 1.4980532462998835 0.9848319765450263 0
0 0 1.0669117601489573 1.4724197205918474 0.8540259997418581 0
0 0 -0.5520143670465196 1.015006144002017 0.5073869015708248 0
0 0 0.9883679586041914 1.1191576351802868 1.8717356611973321 0
0 0 0.9694905563059248 0.491324552319514 1.935943187539281 0
0 0 0.702840887161535 1.3965973896077832 0.7251583094501622 0
0 0 1.1511409335634952 1.013111236393108 1.926792253905282 0
0 0 -0.6691043215467929 -0.07121109526243052 1.125844164289154 0
0 0 0.5340312594565875 1.1168412680403137 1.8985079683515627 0
0 0 0.17700518688147704 0.5805689413083881 1.9924835943141164 0
0 0 -1.1308359503200511 0.1587433992913273 1.7932844414826241 0
0 0 1.0274534484412854 -0.02093948025668324 1.3381711998654733 0
0 0 0.33109673475051427 1.5553999278599386 1.3652749607177086 0
0 0 -1.2944734038584556 1.152000595487334 1.8561056897005577 0
0 0 -0.0008636940544732852 0.36882817376621946 1.885597954032293 0
0 0 -1.285150915352387 1.5321275164987227 0.998829470910308 0
0 0 -0.7919475778861435 0.181448314879332 0.6742276483461327 0
0 0 -0.027664727598625927 1.3800185382080143 1.7650666509679396 0
0 0 -1.1637419844950887 0.1412896077380975 0.7951016733125525 0
0 0 -0.9770839435823698 0.976775178391714 1.9520011947491205 0
0 0 0.5191235241987089 0.17658722325226928 1.833132066516086 0
0 0 0.007897708057299502 1.5063150298919223 0.9246270845485525 0
0 0 -0.8571784893429343 0.5656574386459763 0.47701945745051977 0
0 0 0.20973024064984092 0.741801821742185 2.043000210053483 0
0 0 -1.1459414462865771 0.8152297104805759 1.9976033369638695 0
0 0 -0.7165263826943691 1.4118325114254147 1.6338282902827121 0
0 0 0.8876913691931585 1.269798246272671 1.7874945017685544 0
0 0 -0.8087164301044579 0.8752971255615563 0.4310320269042828 0
0 0 -1.3402579794110847 1.1829476016194067 1.8935846214533634 0
0 0 0.4039432056325978 1.0076395618436906 0.4409777593641213 0
0 0 1.1344805994868015 0.0538239895576742 0.8054075265043135 0
0 0 -1.2422802545697385 1.1306738543734745 1.9176413897526563 0
0 0 0.4420718703549711 0.8303818825655408 2.0569441287379044 0
0 0 1.422046317689356 1.227610986565836 0.55940877472466 0
0 0 0.7405795047081507 1.2446039073703132 1.8575729670890855 0
0 0 0.28045786526009797 0.9047300971735118 0.46576638605154397 0
0 0 -0.6305332042802776 0.6761855193812185 0.4608008189110151 0
0 0 0.932293285831014 0.01932604461787757 0.930849838522801 0
0 0 1.3751295445006013 1.0419362485135741 1.9742227590315489 0
0 0 0.9799871880054831 0.5468197606423644 2.0374683980151334 0
0 0 0.7999563166879642 -0.002289574369848224 1.3339305366842393 0
0 0 1.4520867496842271 0.10782576952948153 1.6226243120802997 0
0 0 0.5636814025476045 1.538544453388171 1.43293007097972 0
0 0 1.0539604139135674 0.281913595763865 0.5413795313920694 0
0 0 -0.01908544891785513 0.6534358156662763 2.039542162948927 0
0 0 0.4453517189575904 -0.06804068766253946 1.2567258194400928 0
0 0 -0.18268245589521226 0.13123541122944138 0.7379085820549134 0
0 0 -1.0170576396080153 0.03259169681783569 0.8602604325533963 0
0 0 0.11769412853354733 0.07807450888338296 0.7244782986457198 0
0 0 0.05610812259647746 1.526853726350681 1.1133165858451162 0
0 0 -0.7080858600599822 0.684062454919686 2.024417535632389 0
0 0 -0.3180810611392433 1.4216489824866096 0.8882997518521919 0
0 0 0.7520840624551615 0.03749299711461718 1.613176800196422 0
0 0 -0.5010254427093916 0.09035596131438628 1.6852206070274318 0
0 0 -1.0858770170880732 0.8074502728291633 0.4761964296911869 0
0 0 -0.3095992834641752 1.442962822895351 1.5417806229728677 0
0 0 1.3693493703643758 0.322459370308132 0.5778920882539587 0
0 0 1.477006518372313 1.4589613252255034 0.9579933965746733 0
0 0 -0.5916640935346901 1.5003345976085949 0.8880722906193852 0
0 0 -1.4091936832625824 1.2140167565652549 1.921230563336637 0
0 0 1.4091940975797668 0.2206547283820851 1.8598416858744935 0
0 0 1.3327577634006174 0.7588754425654113 2.04155944709644 0
0 0 -1.3795582246090927 0.4642632961065478 1.9200618828808989 0
0 0 0.12955441033969683 1.0052854715359918 0.4480548207640249 0
0 0 0.33043355498922056 -0.007087705300127367 0.9694985148281248 0
0 0 -0.22868129473832144 0.47272950466562985 1.9838207800664442 0
0 0 -0.32608090141769375 1.3483900610544057 1.8139750294593644 0
0 0 -1.5258312094434918 0.6532789836373964 2.007366534267287 0
0 0 1.0182139303055306 0.7290615589604847 2.0090874185613754 0
0 0 0.6752442833855721 0.7122596923110178 1.9809782525945339 0
0 0 0.5830535016097658 0.4651258388951363 1.9986470080952512 0
0 0 -0.6857977142182144 0.154152648138142 1.7093992189741263 0
0 0 0.7476408627788373 1.3233922825570317 0.7320134346276426 0
0 0 -1.5006475337494312 1.5208798210757126 1.0446031599808374 0
0 0 -0.28581143549339516 0.849336052564718 0.4001088595040182 0
0 0 0.351688128722182 0.7782103441762813 1.9693811645875479 0
0 0 -0.6407203620959523 1.0343351474725886 0.4875285701675083 0
0 0 -0.23876084931992914 0.7005649335932695 0.40273135694302375 0
0 0 -1.284941506183995 0.3683027343213568 0.5126103768240872 0
0 0 0.39906934245832537 0.10189563452047579 0.7688530352566914 0
0 0 1.4132675072980287 1.5155774874872803 1.1291386539665662 0
0 0 1.3891879715655135 1.1816013317549894 0.5303075213676948 0
0 0 -1.058447740255767 0.2867239128360496 0.6299802095420067 0
0 0 1.4099086036806887 0.7719862435427663 0.40276062162764525 0
0 0 0.4904645181539933 0.1413465434417167 0.7012126892820161 0
0 0 1.0686788751603093 1.4902453166609306 1.2256590260651097 0
0 0 1.3475262498081038 1.0042705352659742 0.526019048809279 0
0 0 -0.8281683799883449 0.1974657640521702 1.747754370097512 0
0 0 1.56871050859018 -0.05390274968799158 1.0731709344789506 0
0 0 1.163100751301715 0.3247677308788981 1.8485119860041133 0
0 0 0.2862502217431466 0.919402179766672 2.02763583217577 0
0 0 -0.46861347872593484 1.5306189941098804 1.0930012409813747 0
0 0 0.4313143878966419 -0.08364477574659246 1.305247554101007 0
0 0 -0.8250665457928495 0.849659088190484 2.0322694181877656 0
0 0 -0.4071987770360217 0.6192023396894899 0.466934608332914 0
0 0 1.321350947543304 0.3462732851271634 0.5369933582569465 0
0 0 -0.8980445351914015 0.033273602062878105 1.4205462656637147 0
0 0 -0.5967812410648827 0.09022337431805572 1.7128500394083939 0
0 0 -1.154326466999718 0.8776504597396266 0.45174637392426387 0
0 0 -1.2013310715262895 1.469767200097213 1.0199349510187319 0
0 0 -0.14189473763182825 0.746482773000257 1.987011222583721 0
0 0 -1.004018396807322 -0.06025281647312708 1.4456458983699143 0
0 0 1.0386510200514816 1.2284009072667692 0.6542626396870707 0
0 0 0.5979440118308328 1.5484467626707548 1.4016234200976434 0
0 0 0.5090844097101446 0.5275771148833582 0.4560432898215272 0
0 0 -0.46261435798094497 0.06679106482421848 1.6112028190712064 0
0 0 -1.552197086582518 1.5602937311856784 1.4195124743904137 0
0 0 0.7293805250372274 1.5274879392994563 1.2270520995135181 0
0 0 1.0485837338262156 0.13272853787040606 1.7219074676100583 0
0 0 -1.4223100100130168 0.07372570928576294 1.720424238881014 0
0 0 -0.8453183625833076 1.0107733430157253 1.94763847659596 0
0 0 -0.030884514666603247 0.9584543899762574 0.5056337735015147 0
0 0 -1.3046357150715986 1.509648629199466 1.4348351161188393 0
0 0 0.5499027683993614 0.16246512150539028 0.7766276259716401 0
0 0 -0.7389908022979285 0.00645306497608511 1.588472181439386 0
0 0 -0.6557123137714107 0.37428348706757986 1.9186803469935798 0
0 0 -0.8307243539275121 0.8012272035692511 2.053848327573149 0
0 0 0.3191742969675566 1.2232040003034588 1.8403807058723238 0
0 0 1.416252059271161 1.5115372974840982 1.3038329230344616 0
0 0 1.2815629557678605 0.6330433162557789 0.43408860508969727 0
0 0 -0.527452084768887 1.4804920761914762 0.976324533300835 0
0 0 -0.7959574240297748 1.473116309907452 1.5440848101841673 0
0 0 -0.4466621334108467 1.2636765529661635 1.8761581394726359 0
0 0 0.11727618572189824 1.2483927162115869 0.6178644149218772 0
0 0 -1.0377014106096323 0.10864331247984615 0.8455579530008079 0
0 0 -0.0496685021574903 1.0433124497542863 0.5147546348416047 0
0 0 1.1794968029795019 0.4872622978813735 0.5045878848309123 0
0 0 -0.6064071638178788 1.267117287118665 0.6190562797837466 0
0 0 -0.16296464057153526 0.9950154040163052 1.9721064928773107 0
0 0 0.7235601139645982 0.2655551970806062 0.550696156635632 0
0 0 1.5506463119546572 0.0878410340364204 0.7963885142076604 0
0 0 -0.15759925053782053 1.115035742512134 0.5477958269633353 0
0 0 1.0599397347995674 1.4894133235655032 0.9244112795789403 0
0 0 -1.2335933979655205 0.8287459606997728 0.47337897841813403 0
0 0 -0.7460072120878455 1.3334963281503278 0.7628325755570753 0
0 0 1.5528211890444528 -0.06226040145206979 1.3790786298630322 0
0 0 1.4310270557294058 -0.012282562454087542 1.5237516880421171 0
0 0 -1.40694360047805 0.432880859192397 1.9707020968808973 0
0 0 1.4668627933985472 1.5397438406917514 1.468243969241812 0
0 0 1.346318088265828 0.7052148594564945 0.4751088554878098 0
0 0 1.198891012291433 1.3774261499352254 0.6973092583353814 0
0 0 0.06715326969010094 1.1178137439804066 1.958996414071479 0
0 0 -0.87621206782779 -0.018031734383355258 1.2898111578394427 0
0 0 -0.49538192648369783 0.38871458896554256 1.9054160013492225 0
0 0 -0.5661273939664468 0.9104260483394744 0.4615498968988738 0
0 0 1.349749232510285 1.5355035182998384 1.5049410270480608 0
0 0 0.21895525270249983 1.3336196343073818 1.7628919492266797 0
0 0 1.0717028310792864 1.4793675994965558 1.5481244175606053 0
0 0 1.490470220929331 0.131739231357763 1.6962140836656527 0
0 0 0.8481152231390503 1.5425579028519745 1.4499227564187958 0
0 0 -0.9922814527523098 1.4205936653195705 1.6058863477022047 0
0 0 -0.6632584631817519 -0.02888360514017907 1.2648391060955995 0
0 0 0.014374189493923328 1.2254632661111264 0.5961634835710803 0
0 0 0.13082052641483566 0.390375372719213 0.5476741420628861 0
0 0 -0.23700456240461198 0.557533268163062 2.0064949695780294 0
0 0 -1.1488722450528497 1.4172317493957094 1.5509146698380492 0
0 0 -0.47463138119375703 1.5561002482599502 1.1364297283435216 0
0 0 -0.8181540458880127 0.4715700698280148 1.9496332803488863 0
0 0 1.0473785710777852 0.6669811809175129 0.44759760642134006 0
0 0 -1.4236176869751882 0.4766079391529388 1.9348877023142608 0
0 0 0.1637731857096716 0.9875711136314229 0.4832121813233844 0
0 0 0.7756788203083231 1.1044741121579305 1.8889756159549882 0
0 0 1.3089864246249592 0.07730626118929085 1.622001417459444 0
0 0 -0.07563432532763459 0.8160335850110986 0.39678165055606984 0
0 0 1.3309483192229603 1.5199205462105123 1.5149583583756634 0
0 0 -1.1435104410388628 0.3718071354782121 1.8952781608676492 0
0 0 -0.16145035418684972 0.8531742965698587 0.4609353046653143 0
0 0 1.5449989732746965 0.6215497672120809 0.4494676714982557 0
0 0 -0.26601251935144155 0.22078106099398587 0.6441762500566596 0
0 0 -0.7899079440018503 0.24460741930492236 1.7834913461811934 0
0 0 -0.9145915156451717 0.6764892176872013 0.43081473492506617 0
0 0 0.03133523954193862 1.5290759376113876 0.9578851237089612 0
0 0 1.039570154806277 0.8601102841680832 0.4041562104741431 0
0 0 1.56040390754711 1.4675859002066107 1.5793409342597902 0
0 0 -0.7921720586274968 1.542077355566926 1.0380281911917233 0
0 0 0.15738666341202978 1.5380817548419894 1.1887071839201002 0
0 0 -0.060196248553959775 0.5344974383215586 1.9361472779460653 0
0 0 -0.354157272438554 0.19615718448957553 0.6892030592436011 0
0 0 0.749747036734651 0.6856143424839263 2.0331333035126837 0
0 0 -0.11126937910893808 0.5412720030036577 2.0136572581691157 0
0 0 0.3382669256139321 1.4266275751924256 1.6759675476901228 0
0 0 -0.07473531970795544 0.9635896303335881 0.4577236983281273 0
0 0 -0.3467486098183006 0.8791117141800269 0.4658116166026055 0
0 0 0.5576606878110804 1.5287958090782592 1.013825011426 0
0 0 1.491307654402378 1.2987680281582556 1.749298350759719 0
0 0 0.16535174434957378 1.5353723805270736 1.1580300137736896 0
0 0 -0.711315607156105 1.5408045461376445 1.4125021423533852 0
0 0 0.36398424488427583 0.5559264449997566 2.0439778517730707 0
0 0 -0.922944142089607 1.100189090516553 0.561872360134199 0
0 0 1.451244154676198 0.20487106232616514 0.6607218320408662 0
0 0 -0.24503950781469297 0.6861229980537376 1.986537338098679 0
0 0 -0.2051864659817073 0.9881183086064897 1.9817253520134015 0
0 0 -0.3175943091804856 0.398494153048957 0.5051391212223586 0
0 0 -0.5538549809423103 0.7412171191351952 0.400228993449657 0
0 0 1.1880809430036483 0.8219678209332335 0.4122887172064069 0
0 0 -1.2090131573727152 -0.04640130410405641 1.0962937072046688 0
0 0 0.12031929823641496 0.6833213580786406 0.4620530531218965 0
0 0 -0.025016841475258955 1.5864446531285936 1.1973508817953444 0
0 0 0.7404822786591887 0.29945791881556655 0.5914065931335456 0
0 0 -1.5555032534328244 0.6362676148621954 0.453386359351728 0
0 0 0.06934138377568155 0.5073085071610715 1.9805439325010605 0
0 0 -1.3489097214350532 0.20097622807737048 1.7316039754007075 0
0 0 0.4603263231643786 -0.023604521056072136 1.288717685231399 0
0 0 -1.2266545550964887 1.559697038585605 1.1248833946686612 0
0 0 -0.4362501603628519 0.10536424194921812 1.6582795453889203 0
0 0 0.46367542501963177 0.019181687941533965 1.604416554467563 0
0 0 -1.3866957887866629 1.1581267463721017 1.9101242020283555 0
0 0 -0.9233309834716966 0.8971406663712741 2.047807309180002 0
0 0 -0.9742786199036539 1.4207184134242896 0.7979470836931635 0
0 0 -0.018952631062933323 -0.001760482591237067 1.3331974606155748 0
0 0 1.0471495048119266 0.9734869888752296 0.4845998077268764 0
0 0 0.7109501233332147 0.4394041196829166 1.918923440118477 0
0 0 -0.7604203615108222 0.3504833185886973 0.5368748543008852 0
0 0 0.34464926804794827 0.797123960795512 0.4855749114423634 0
0 0 -1.1627501155595716 0.9940443091449811 0.5101627446319082 0
0 0 -0.7992797788772561 1.5575895101981367 1.366288555849439 0
0 0 0.8260357234918967 0.18060747039470948 0.7326656910471688 0
0 0 0.9332670925395319 0.02367660557930007 0.9453845276160722 0
0 0 -0.45133337194447143 -0.03334416581881927 1.5252012862102924 0
0 0 1.2063175351329143 -0.07576005513044781 1.2011094968302338 0
0 0 -0.5725255179430122 0.5117291571921536 1.975506940414522 0
0 0 -0.09359626273780752 1.5331530276293117 1.3872642687158818 0
0 0 -1.004584696262337 -0.020167094346072112 1.5223760750351805 0
0 0 0.5706234815763036 -0.011003490617429779 1.2797127181172208 0
0 0 0.2258657240999995 0.058545076708936716 0.8860361858832874 0
0 0 -1.3772244451129725 1.3557981487966575 1.6909475051665477 0
0 0 -0.30745630953530734 0.543301759623868 2.0219773508960044 0
0 0 -0.8500877758070154 1.4733253065790946 0.9574644207658355 0
0 0 -1.567811770354294 0.610560555056253 0.5010089202777709 0
0 0 0.12167429544570774 0.05158237032001012 1.6179746371098764 0
0 0 -1.5551075840450008 -0.03805926511749391 0.9875999461275323 0
0 0 -1.3092741439041256 0.8174523596589738 2.011563637591722 0
0 0 1.1107434226626784 0.8307730328335287 0.4557556505057285 0
0 0 -0.049263306340626256 1.294246022050185 1.7672664555256408 0
0 0 -1.2363761692617765 0.5635689571575087 0.5058882929684687 0
0 0 0.22532946741283233 0.2994965438070691 1.9103241579001735 0
0 0 -0.9990169246310907 1.2367209220973292 0.6316440579532007 0
0 0 0.17861277937794973 0.9768127175603523 1.9832643911297119 0
0 0 -0.26347915154535273 0.41561522062917816 0.5525297033652513 0
0 0 0.4306920644628067 1.3726826313027776 0.6903129176808568 0
0 0 0.5476940212377386 0.172723990339002 0.6403102889035841 0
0 0 -1.2693295849991733 1.4130779003724885 0.7355807834247851 0
0 0 0.3874031972838734 1.339470242623668 1.6871465552068567 0
0 0 0.5048586875451138 -0.047367011732825204 1.3518519533113351 0
0 0 1.2906312738743648 -0.05301406636887618 1.2995123199624778 0
0 0 1.0861234875662706 1.5290669724383967 1.4599018673256108 0
0 0 0.3143995437580911 0.26396429991065196 0.5804008982554948 0
0 0 -0.5482769503419138 1.1539606701087897 1.8568593822752257 0
0 0 0.1858684576345011 -0.010311259019399333 1.2805579972780012 0
0 0 -0.9177575851210513 1.368425515243932 1.6440162076150102 0
0 0 0.00010955967909853648 1.2038309287479478 1.930544689527654 0
0 0 -0.4466794564453367 0.7043609904211577 0.4402134915515541 0
0 0 -0.8827127347364945 0.03512493512153736 1.6072022827888048 0
0 0 0.8352441677820694 1.4683704905014676 0.8846843425989273 0
0 0 -0.79027214415233 0.19738719809689664 1.7282132182800938 0
0 0 1.4959967996948214 0.7143820019537158 2.0450031868489704 0
0 0 -0.9603430234786761 -0.07649573423475053 1.2877003527401143 0
0 0 0.6546812913438518 0.06629105545766334 0.917195171029777 0
0 0 0.9143178094360453 0.5962920554081039 2.001701241350759 0
0 0 1.109652712864916 1.5369408062798187 1.2947196284777713 0
0 0 0.1100241262135071 1.5114996439930033 1.4150548510331225 0
0 0 0.4171061102019853 0.03759111949649596 1.43027670987456 0
0 0 -0.31550809603058205 0.12811964222879368 0.7181735731343064 0
0 0 0.5421653992144817 1.4337659707231885 1.708241279449202 0
0 0 -0.1793692468974566 1.2592169286988582 1.883604582925476 0
0 0 -0.35779443144731204 1.4689386309053782 1.6264794970879541 0
0 0 0.7197980512520483 0.5049078397775442 1.9283730274591124 0
0 0 0.4911304613419345 0.06954007624423597 1.6033495173296786 0
0 0 1.5593533261968515 1.46405164910126 1.4477863168241185 0
0 0 1.156570594465109 1.0242560562869736 0.5373811829425366 0
0 0 0.7296411108554017 0.40060886556076464 0.48706370192404524 0
0 0 1.259218345852445 1.33744520550586 1.6844336978921237 0
0 0 -0.2715863941583112 1.4089694111071926 0.8424941741093298 0
0 0 -0.6033590018080803 1.4923155663632315 0.9394970269343541 0
0 0 -1.5280007941638343 0.6893502345687172 0.43411898705741436 0
0 0 -0.7884985010110184 1.1777953615479944 0.5085954234064946 0
0 0 -0.8670367551652441 1.1623211065677501 1.9511339370732639 0
0 0 0.4777920732695713 0.4053157132633999 0.4905493337099349 0
0 0 -0.3737721920955843 0.7899032180584039 0.44046008015545657 0
0 0 -1.4955554331253984 1.3188743427120249 0.657653814743641 0
0 0 1.4398775766329646 1.453909135520986 1.524285856809063 0
0 0 -1.06929135016629 -0.030174459317690805 1.0556504673748355 0
0 0 0.8987860789578201 0.3951239042778678 0.5063788289451918 0
0 0 -1.4960837805696658 0.35562417472266317 0.5441565823649782 0
0 0 -0.12521120076149295 0.4624568388209183 0.541158216213626 0
0 0 -1.3883614217329003 1.5553469143569494 1.4138061063960299 0
0 0 0.1986511469408403 -0.0013276266696146122 1.2245483955807392 0
0 0 0.7360136004552427 0.5466660606689563 0.4186698003969096 0
0 0 1.3702971966993696 0.4740188734031502 1.9914237637547996 0
0 0 0.7539705772092846 0.7429671288437478 0.4595303014824278 0
0 0 -1.1289228248322472 0.2293027223772618 1.7704735376402443 0
0 0 -0.5618471475005 1.2357101311477368 1.8366293586786875 0
0 0 0.17601001439159902 1.4677799315570508 0.91761648901253 0
0 0 -1.0905205136745093 1.4778629759320632 0.9633809556208828 0
0 0 0.05540529872348032 0.31484927197372425 1.9199369884322581 0
0 0 0.31366939212377587 1.00062409970307 1.957205385228356 0
0 0 -1.5493234963744504 0.6828862932234869 0.45190166391702824 0
0 0 -0.9430428315827671 0.0357012038213137 1.012915182974047 0
0 0 0.5689640691135942 0.046770531713700936 0.8941186151031064 0
0 0 -0.14664168778105813 -0.0020591302777922538 1.1199611521404402 0
0 0 1.4618531067406138 -0.011319461740715742 1.0616373149556417 0
0 0 -0.9753782444853885 1.4160342151515315 1.6739149857028746 0
0 0 0.7228813980395858 0.5761723401396841 0.41868769921366245 0
0 0 0.21856856574917716 1.060296727338034 0.45512323411577227 0
0 0 -1.5609852551672316 0.3461103574996411 1.9608390412925378 0
0 0 -1.0459274399474543 1.3389031002039031 0.7104837714191655 0
0 0 -0.7493650032862097 0.6668809633977523 0.40969494784252214 0
0 0 0.24059286322911477 1.238263330009116 0.5574221317718929 0
0 0 0.9968882147370324 0.18435202335663858 0.7082252992506878 0
0 0 -1.1194554618699715 0.8827288123519526 2.00486690347111 0
0 0 -0.8398131973634545 -0.040411978948017846 0.9552051570993061 0
0 0 -0.24242622633327993 1.1042650570227408 0.567754159086985 0
0 0 -0.3408200343426029 0.6391557224733719 2.0267583163522485 0
0 0 -0.4905741152355969 0.4861230271770639 0.4393676382334599 0
0 0 -1.4898967967618109 1.1404407968885306 0.5686789654603075 0
0 0 -0.561330459307918 1.4224069314256194 1.5940038927326805 0
0 0 0.7262951029179927 1.4232878525478427 1.5924697791085936 0
0 0 0.0016417472066485583 0.24824552281851497 0.6001756834444771 0
0 0 -1.217499715221989 0.6662578154202522 0.41727071381326597 0
0 0 1.09406443569653 1.1217958760955524 1.8908314768636494 0
0 0 0.0724697678034032 0.5132652039393941 0.47318425836231515 0
0 0 -0.8157807134532397 -0.07019045670824298 1.0563371185731258 0
0 0 -1.1497916349176882 0.31411660141170744 0.5185496981150326 0
0 0 0.8162942307248948 0.6092954569946172 1.9549569169782544 0
0 0 0.7485411541396294 0.07564526050102138 1.5917056043001252 0
0 0 1.1583103329125137 1.1941983745268219 1.83958895057678 0
0 0 0.5136423555944019 1.5249195177383228 0.9344335509638888 0
0 0 -0.24704967561269298 0.3251812929838701 0.6115174982827452 0
0 0 0.13906001762283982 0.03781327315838767 1.0252383520600985 0
0 0 -0.8087118622203643 0.25958421333542125 0.5751865659873022 0
0 0 -1.3332362659227668 0.3741079016207022 0.49835779246319933 0
0 0 -1.1328487978830792 1.381969515488585 1.6441293154232917 0
0 0 1.5172093962589375 0.6201159548311818 1.9768195997032176 0
0 0 1.5075915981370884 0.17265637279004775 0.7433955698414583 0
0 0 1.3838516811266919 1.3976260718432214 1.6621679930369235 0
0 0 1.1686320027687072 0.9627440541030367 0.4400509799280333 0
0 0 -0.2652227616142302 0.63620939010543 1.9610016618353185 0
0 0 1.4847343777643904 1.4674265646171125 1.0106360251496906 0
0 0 1.5014394963592084 1.1060789426375885 0.576399621739114 0
0 0 -1.2363086444665332 0.9671517372766446 0.4758967943235104 0
0 0 -0.820547118322884 1.0453816577971753 0.5466765808522718 0
0 0 1.4710618846769545 1.4633705004261626 0.9828592873278965 0
0 0 -0.3589995836065376 1.3571364600788782 1.732959424357247 0
0 0 1.0475244581866296 0.02322700551965895 1.5107881538781196 0
0 0 0.7626499244663623 1.2601693709125001 1.8741524349790817 0
0 0 -1.5217780625848996 0.7718170881790959 0.4362302297437637 0
0 0 -0.5600436083519176 1.5002612245699043 1.3559469920524 0
0 0 -0.737443838404559 1.1087020913126562 1.9440021687438216 0
0 0 -0.577465058029916 0.6334345924635475 2.029736626536572 0
0 0 1.545544690667862 0.3212781376926698 0.5367022373793648 0
0 0 1.5129856079023285 1.542848501132518 1.188269633936902 0
0 0 -0.757337750458847 0.19967267474630945 1.7683583156992424 0
0 0 -1.449784875320111 0.1629162015981992 1.7734901543129085 0
0 0 0.7518684975603098 0.7298325947348737 2.0277097527953956 0
0 0 -1.539779957428598 1.3241541869498226 0.7202258722491661 0
0 0 -1.0880771685423603 1.4617030939870181 0.8210854374511312 0
0 0 -1.336254627763183 0.5755801995972805 0.4077150210595467 0
0 0 0.5080424353299167 1.4604960377025895 1.4848641164272975 0
0 0 1.049549666933789 0.24943242985617653 1.867631712319854 0
0 0 0.9232865999410871 -0.005455046585212897 1.4068729819615526 0
0 0 0.8992787318708535 1.0790406970032111 0.5339140556210265 0
0 0 -1.3536614867179904 0.12475334338800526 1.7151494594510615 0
0 0 -1.173028626834956 1.4824739637074638 1.5479037860066138 0
0 0 -0.8357270696766881 0.8457665825744246 0.4039004880306494 0
0 0 1.3816118913015218 -0.07578957772394945 1.1879750771218216 0
0 0 1.2126290630794547 0.010291858360035322 1.5923299379229081 0
0 0 0.7639254709232866 0.01458142581799704 0.9162299417104807 0
0 0 0.8394065281692771 1.2126626020854583 1.8886712745293932 0
0 0 -0.9610083175535222 0.008896865153362854 1.284350655608343 0
0 0 0.29927206681856555 -0.0293604607720791 0.9175465926391779 0
0 0 1.3339376665178686 1.3444102653734524 1.7451038627132425 0
0 0 0.009497507590775722 -0.03995394536739738 1.4586834408029112 0
0 0 -0.19028343047092178 1.0426305421777824 1.9661383458718444 0
0 0 0.7927295232152867 0.13198342476909963 0.7213790977939559 0
0 0 1.3384011802808389 0.6269501446289875 0.4612058679118841 0
0 0 -0.027945033605781155 1.566962109210727 1.1599817089019362 0
0 0 0.3036426007863682 1.4937613935331382 1.5777019639011791 0
0 0 0.9500615462042665 1.1480586764309162 1.9090613971128616 0
0 0 -1.0661891719694316 1.5285052933656567 1.489899225656792 0
0 0 0.9384533312891481 0.3881699585572063 1.9263154946207268 0
0 0 -0.2655005865956177 0.02197191988644298 1.3976734622322091 0
0 0 0.15011775792434578 0.9655878602721897 0.45620115736207734 0
0 0 0.7354220743657267 -0.009580528199748195 1.487183501200895 0
0 0 0.5816627089589921 1.4903811358897743 1.129865523253746 0
0 0 -0.6207938770081841 1.5075758091032823 1.2336330216524634 0
0 0 -0.38989830242271495 0.7150287940742319 0.4758705126752151 0
0 0 -0.8450751630828588 1.427776732071984 1.594162355458994 0
0 0 -1.4035285172859255 1.4249353085694323 1.7262340913341658 0
0 0 0.13675397123506516 1.5343252538413625 1.5216680839173877 0
0 0 -0.02521752984963732 0.5557019005389178 0.4171056546348846 0
0 0 -0.6582805040809391 1.0416715819264895 0.545895315005099 0
0 0 0.7333552494967646 1.0360973019635678 2.0152945934755477 0
0 0 1.2862525926265063 1.3321758011979472 1.7536154464519182 0
0 0 0.5181392397337312 1.5727206670141727 1.2737074486287805 0
0 0 -0.7402748571550402 0.16297648844057178 0.6418133115486154 0
0 0 -0.8319162202153693 1.4250028456608093 1.6268934504132613 0
0 0 0.12728014807314225 1.26975070628077 0.6557541013123146 0
0 0 -0.6401310573840432 0.34335786506268307 0.5316877859623605 0
0 0 -0.29562502434162696 1.1257097628478943 0.5002155454219852 0
0 0 0.3178230986258781 1.021923548140672 2.005378723050983 0
0 0 1.568054436641626 0.8336141203505045 0.46150033434228677 0
0 0 0.9715443253458131 1.4019948528717794 1.6200919001756593 0
0 0 1.1707233829588533 -0.0657175684121839 1.1758251352374995 0
0 0 -0.13310237775138556 1.4784933317345756 0.8363624753164443 0
0 0 -1.2489601017639866 1.0962527562529045 1.9022335374368744 0
0 0 -1.1120838978369219 1.392072604237526 1.7639302456393082 0
0 0 0.8178494314887912 1.14724380536752 0.4987632653218681 0
0 0 0.8803623159662095 1.5848617619558216 1.3043762789026454 0
0 0 -0.19952403784616557 1.0549808577234838 1.9449869417559646 0
0 0 0.8393390303084503 0.04312554237124322 1.6124690626734588 0
0 0 -0.6203710414949071 0.9286229448648218 0.41121006584065445 0
0 0 1.4849031396475292 0.25655639095919136 1.8697966652976474 0
0 0 1.5597551949155792 0.1308296380029944 1.6532986742458609 0
0 0 -0.5847537256113495 0.7980612836394289 2.061614565717911 0
0 0 1.2540518000904002 1.5842368362545276 1.1456294215818155 0
0 0 -1.3329785057678398 1.0308098061828062 0.5317302022851722 0
0 0 0.43661340416066086 0.3775154901887327 1.9552972432633 0
0 0 0.6201513804950332 1.391630568434676 1.7183131290533789 0
0 0 -1.5499769387199054 0.12104520443682687 1.6784525423537477 0
0 0 -1.5306047983509818 1.4061160744662273 1.6224072051715006 0
0 0 0.8098087783518961 1.5641870266164979 1.3697333349826977 0
0 0 0.5171059963576394 -0.04532878262292184 1.0220145115246972 0
0 0 -0.8031263422437704 0.5774473966458986 0.4096525449956733 0
0 0 0.587051692653279 -0.03782962143855184 1.0289406969542214 0
0 0 -0.944569354540814 1.2982999850370962 1.862370428835892 0
0 0 1.0280775555152895 1.4132847394553645 0.7977019671115122 0
0 0 -0.3999837801157329 1.2769495628220968 1.7976583493242049 0
0 0 -1.132975151769279 0.1637216465036857 1.8234176488311236 0
0 0 1.1940804740007147 0.019543778144077817 1.3653047434194394 0
0 0 0.5708624107611504 0.06916723874740394 0.8128599410134132 0
0 0 -0.29816780887242667 1.4680228968610298 1.626544402798364 0
0 0 -0.6168583688907319 1.4886699715865308 1.3859589045585792 0
0 0 1.2160066216716165 0.9959150770236781 1.9423213983970535 0
0 0 -1.4870609856944674 -0.02944144019047923 1.4014648550213253 0
0 0 -0.11833100187324486 0.2095949430278311 0.6967328475567409 0
0 0 1.1684025823817819 0.4439903201494843 0.45502248272365664 0
0 0 1.0601785070006153 1.5028240667416526 1.2920387399521787 0
0 0 1.0727180977251103 1.3137727460356583 0.7254483392965563 0
0 0 0.868715794880464 1.3159545389704457 0.6222470332266706 0
0 0 1.1008933485277952 1.4236610361078652 0.7390807664661705 0
0 0 0.2914328125556678 1.4987253854158986 1.0378282007957198 0
0 0 -0.9595136922636055 0.7966768371970172 0.4204382924214488 0
0 0 0.5150829687838265 0.8816530549797528 0.43472236441530376 0
0 0 0.5658946824350108 1.568778684876744 1.1230845806157197 0
0 0 -1.3238932679496793 0.7224801539167964 0.4589725495918444 0
0 0 -1.3103443889501367 0.02735928331034898 1.518096838552125 0
0 0 0.4559386354889474 0.14756344439473645 1.7665750725669676 0
0 0 -0.21428767482939493 0.0703075696126032 1.5331509264371994 0
0 0 -1.083943881348553 1.1982800497447923 0.5680279714325712 0
0 0 -1.4996124547743859 0.16661721043602595 1.7607843392382376 0
0 0 -0.701808503129209 1.2520425050206936 0.5793750118324188 0
0 0 0.8829753069884005 1.3215141885866113 0.6768973455619296 0
0 0 -1.538409621755108 1.4318940536935605 1.660463657496697 0
0 0 0.5121446682202686 0.026353704564084923 0.8279770611313426 0
0 0 1.1210227302514513 -0.01417020768646482 1.4795631870823616 0
0 0 1.1734100538148584 0.8922997416509184 0.4672534256145294 0
0 0 -0.7320621288301337 1.1353201857654955 1.8841618265773534 0
0 0 0.28646112449238426 1.2748505273868989 1.768315823924496 0
0 0 1.3987772632893058 0.03706604292335014 0.8675277699036605 0
0 0 -0.9719236052982321 0.10110160882998731 0.7523090087959141 0
0 0 -0.30057270442941264 1.5463870362693841 1.4380226698116898 0
0 0 -1.5579734727477046 0.21675719887356126 0.6459673011450962 0
0 0 0.8126242686550045 0.773013999916917 2.0319377485039696 0
0 0 -1.5328295194562729 0.15656280708795534 1.6985731304991964 0
0 0 -1.3060443795079195 1.2183705016245603 1.8881208530021718 0
0 0 1.0096529924284101 1.212195185000665 0.5970708516466645 0
0 0 -0.7905182878558771 0.6538966716873065 0.4803331150471385 0
0 0 -0.4291500844387972 0.9309732314508802 0.42123186104598387 0
0 0 -1.0165257873628388 0.21590087405212144 0.6871540463582955 0
0 0 1.375166855316397 0.0172684440131754 0.852244493185061 0
0 0 -1.4232420329534232 1.5041966460351337 1.5843723014580648 0
0 0 0.07071945807462865 0.8404735224859771 0.41137810724917045 0
0 0 0.8897389556672963 -0.030546292267840558 1.3374307279790147 0
0 0 -1.070687654507238 1.4485146246849987 1.4979994506447103 0
0 0 -0.2601757204521573 1.4571186428702187 1.4824860384651959 0
0 0 0.23461680392163564 0.30627820453485005 0.5951911864455094 0
0 0 1.2092915542298535 0.020482473050744687 1.5778741662287838 0
0 0 -1.0667017315853462 -0.07523375766256868 1.370923718894714 0
0 0 1.2194802055536154 0.0327561213191373 0.9721154514989521 0
0 0 -1.4907188043689967 1.5272961728554333 0.9488118373790071 0
0 0 0.43498322264936995 1.4872790193571848 1.3609108731058785 0
0 0 1.411590822723416 1.548993787484065 1.1555120666855774 0
0 0 -0.09932392065151818 1.3963691694689944 1.7122182529065804 0
0 0 0.994940811552385 0.6646847724250847 1.991698049227451 0
0 0 -1.1891844083179894 1.0456196119918548 0.5152581636657011 0
0 0 -0.19125095577567697 -0.04434015841480632 1.1474583615370868 0
0 0 1.514826228191236 1.5298970008925035 1.282248015808398 0
0 0 1.1084110842172263 0.9259565754032517 1.9992832596902375 0
0 0 -0.8453567799911361 0.10889414372256123 0.7086392273707257 0
0 0 -0.5904908679116546 1.193787730336432 0.629324586320823 0
0 0 0.11740065389620358 1.5006039478056574 1.3271907292572362 0
0 0 -0.42211527418739014 1.5652071871627102 1.0816362962817931 0
0 0 -1.0115600884781042 0.4692755435247263 1.9800067757333892 0
0 0 -1.1048141987737279 1.259592435096694 1.8551736562349852 0
0 0 -1.318923676799241 1.286531821055891 1.8364734759835641 0
0 0 -0.022201731581283468 0.08529686756185362 0.7716231959164378 0
0 0 0.38283510464607473 0.2819331822974142 0.6239830979930014 0
0 0 -0.6526259646428051 -0.009127016207963523 1.196158020062156 0
0 0 -1.568555122679916 0.11914755988760761 1.7459495570439754 0
0 0 -0.27451795071796226 0.017143461503502322 1.4347036945306648 0
0 0 0.24294900105618966 0.988950462877226 0.48328479662763946 0
0 0 -0.5660369037808746 0.09081354703520694 1.6743357498982143 0
0 0 0.4051639243728653 0.4029744442993019 1.8892287149486302 0
0 0 -0.45862504430842943 0.007433886101415377 0.9944084603542467 0
0 0 -0.41744261269909444 0.6034391795971846 2.016208592429583 0
0 0 -0.16025951326220644 0.7083883290965506 0.4124772803995238 0
0 0 1.0430856877074683 -0.0070041230190474035 1.3316393583530814 0
0 0 -0.5751645877776046 1.307725878495999 0.6679696456431574 0
0 0 -0.17936394200584438 1.3856444824899175 0.7435359729337105 0
0 0 0.18925387029899454 1.0851580295660277 0.5042667208529115 0
0 0 1.203585601459245 -0.04411420604438043 1.1949331553416365 0
0 0 -0.559183450009104 0.8460520899486943 1.9850666196409517 0
0 0 0.12111148282062767 1.533603657063166 1.1957652686166993 0
0 0 0.8856893314158802 0.5897297715405567 2.0193826131830264 0
0 0 1.0462888003807453 1.5723168212326397 1.2473077710208527 0
0 0 -0.17829213427985113 1.340761986693077 1.8226067574532698 0
0 0 1.3237891395544983 1.529351208021919 1.4789644143605434 0
0 0 0.7521330258543673 0.5628804953554751 1.9573276707967153 0
0 0 0.6923655866235467 0.6545004153365248 0.466418532578753 0
0 0 -0.1422323362816702 1.3216269128187998 1.7051633435513558 0
0 0 -0.7468232973842501 0.026764916784710047 1.6333844639863826 0
0 0 -0.27575695465436567 1.0086525346296715 1.9373606110632897 0
0 0 0.7744690927784501 0.9373704052419192 0.49902455506015275 0
0 0 -0.9470637903631829 0.09259495409033947 1.6005794436251173 0
0 0 0.7727476450423194 1.499448446544976 1.1215814850103207 0
0 0 -0.06077129280880378 0.5208878916085333 0.44866108436341523 0
0 0 -1.0742490792025277 1.3892768861609361 0.6964050001352823 0
0 0 -1.10313800235416 0.6655102042687085 0.46454011306333476 0
0 0 1.4836714670853786 0.3040836593504045 0.5803940255212184 0
0 0 -0.311395696132752 0.8142212996729771 2.0445438714752813 0
0 0 1.2603858411486666 0.8690536462801036 0.406951257860905 0
0 0 0.41813684860505496 0.704815295613922 1.992891217116834 0
0 0 1.316515270075413 1.2801385565763403 0.6706052836085217 0
0 0 -1.4644876424268634 0.8317931789252143 0.4272894347753826 0
0 0 1.0527926687273625 0.6641763806547776 0.4220905942371892 0
0 0 0.5814757107390784 1.0456000741346445 1.9353507430285184 0
0 0 -1.511658651839983 -0.042119265410379914 1.147810385193975 0
0 0 0.5048867849163141 0.3145257700709274 1.922482331873852 0
0 0 -0.3447405078688659 -0.05740498767558644 1.1560432765804445 0
0 0 -1.3926076242131111 1.220792830987434 0.608612717662837 0
0 0 -0.610113514236156 0.16784653417113504 0.7507621956112688 0
0 0 -1.3280166264717708 1.5238352512556772 1.1225944807450883 0
0 0 -0.271544606916037 1.5112096758078022 1.3791543315317594 0
0 0 0.5028886007440749 0.6243120261754179 1.9696955695096867 0
0 0 0.39456110310137404 0.25240420731798563 1.8977488370611124 0
0 0 0.11044018527646715 0.29257345185416134 0.6337904254863751 0
0 0 0.6378604933982057 0.8360640287976234 2.0384363629882594 0
0 0 0.13738723102986694 1.4975847099406723 1.4858354631059076 0
0 0 -0.4705700097114871 1.4197836512612048 1.5502824319093103 0
0 0 0.6191170105436363 1.3792102833566433 0.7008846693051488 0
0 0 0.553341564837674 1.5786280969713968 1.2060975604818938 0
0 0 0.7543360958243195 1.037098809002535 1.9202840408368147 0
0 0 -0.6326344838674339 0.25839672513263895 1.8328213688940829 0
0 0 0.6267181708622642 0.22118272779634052 0.6711632939938972 0
0 0 -0.9337377707731309 0.0694793497556353 0.9060920830722323 0
0 0 -1.2834707314612885 0.6312652286444121 0.4179386674889368 0
0 0 -1.3130708011770933 0.44498221722419257 0.4836212840396308 0
0 0 -0.6074061708179972 1.5274889695180434 1.0435930156692304 0
0 0 1.0959793748624178 1.4121122728167337 1.7240010344612982 0
0 0 0.8375315034947288 0.14337330410307947 0.6999331248153566 0
0 0 0.30426203727966583 1.175779476063369 0.5329560435651801 0
0 0 -0.86693260851412 0.27555789672043324 1.8100118745447045 0
0 0 0.7979071012791703 0.8626070604183675 0.4507263931431499 0
0 0 0.909427818369688 0.16494513965505386 0.6707358225809348 0
0 0 0.6440973346027166 0.3776363321480415 1.9289296568892826 0
0 0 -0.48330536568911375 1.0203060963825086 0.5126052467576676 0
0 0 1.4143291177121782 0.5152072616926149 0.5204182399439305 0
0 0 -0.2927563282590182 1.3742809535550249 0.7571819452351696 0
0 0 0.5796860369419554 1.5084593957210632 1.0311660820749224 0
0 0 0.32276776887671677 0.2126121707577695 1.8674189370551288 0
0 0 1.079383635257693 1.1113189540781 0.5719860325858634 0
0 0 1.2159139928872662 0.6275264811381224 2.0326593251129457 0
0 0 0.5815438509214341 0.0900574525723683 0.8757671970195668 0
0 0 0.14513569512196578 0.42643346384430886 0.4579998516704388 0
0 0 0.39502711747552444 1.5024844283824978 0.9887607219311554 0
0 0 0.3967468660036233 0.6589134564965099 1.9742117228057068 0
0 0 0.9106948508434134 1.2576691327043057 0.6348148680735722 0
0 0 0.15346141251745227 1.1929190081895986 0.5266343327058158 0
0 0 1.4386107005987232 1.446000932742617 0.9641727729109058 0
0 0 1.2733591905328212 -0.047392814719012466 1.0791599474166707 0
0 0 0.5887555822494654 1.4124185010587653 0.7357375949537275 0
0 0 -1.4652600224688013 0.06008166252100067 1.5091233191429068 0
0 0 1.557094700264971 0.039650369606931246 1.5450327742066565 0
0 0 0.8968942326242173 0.2155871715798362 1.8706785977025713 0
0 0 -0.9848950651587579 0.5602227047645326 2.0077897906956776 0
0 0 -0.3060827120279719 0.4154425880881848 1.8888694023712982 0
0 0 1.5410185605432853 0.08531639751558795 0.873812319517481 0
0 0 -0.22634131492412757 -0.049269031583710876 1.366519910162725 0
0 0 -0.49260791228310064 1.2109969626545731 0.5340322058028825 0
0 0 -1.3761353238163727 1.076150408135072 1.9999749406113256 0
0 0 1.1006665797515813 1.564144969181694 1.2752273544249966 0
0 0 -0.38287948041258746 1.1466963093146842 1.9218659150479827 0
0 0 -1.4719147636402157 0.2781711334986718 1.9214399806594376 0
0 0 -0.19716364589577817 0.8156560114746778 0.4459608479698228 0
0 0 -0.20910555060228186 1.2571496346492725 1.8885073098888037 0
0 0 -0.45981383080438554 1.4686359485156064 0.9260030434367635 0
0 0 -1.5263058225887098 0.24913140863272054 1.7759053256887123 0
0 0 0.23364918258490008 1.091360783968995 0.5153442116333834 0
0 0 0.6740809875173457 0.9554618005874438 0.4720411869735571 0
0 0 1.1058233541368998 1.3956993097973383 1.606359734755476 0
0 0 -0.8639582813054832 1.1302576479513875 1.9398765328131526 0
0 0 -1.4898898529729203 1.5170582068816332 1.0885270367533844 0
0 0 -1.5579053857386602 0.8463978294019558 0.45498713827541115 0
0 0 -0.9284008315846607 1.4276832107308417 0.7801301189940526 0
0 0 -1.148455369112187 0.02588987226776318 0.8593821031604114 0
0 0 1.1986428115702181 0.6796252691461785 0.3987129071219486 0
0 0 1.3395620387058784 0.7392219178151834 0.4207656574193218 0
0 0 0.9851277501189273 0.05022118226627925 1.5708999794074998 0
0 0 -0.9861081936935383 1.0319282818894133 1.9670576361846592 0
0 0 -0.1377471915863251 0.3652075444162566 0.5183580239388386 0
0 0 0.6569449609573392 0.021374064620192423 1.5096291114073643 0
0 0 0.9966149702010703 0.71969850329765 0.4267645203997893 0
0 0 1.4142354516395752 1.1269069182927707 0.5073004921286096 0
0 0 -1.5099782702786368 0.43068417759269884 0.4795449526446842 0
0 0 -0.03974713395264273 0.5943453630302733 2.041769002684847 0
0 0 -0.4420196296023131 1.5340871529650526 1.1327475825794453 0
0 0 -0.4561001387123773 1.4775516243832199 1.4431308192643615 0
0 0 -0.9614725385273513 1.2095343077944294 1.8894173154497966 0
0 0 1.326939620752161 0.05253904122587483 0.9325889899535369 0
0 0 1.1322540265495804 0.5788225834029227 0.41720131994843623 0
0 0 0.31179718678216606 1.5663607167880347 1.039455843212739 0
0 0 0.2938263202550846 1.5097800948549056 1.076274584987549 0
0 0 1.2403821763118605 1.4984985233408974 1.2151144128969984 0
0 0 0.49354165779612647 1.494507322704871 1.2163898228577374 0
0 0 1.00948930156741 1.2866732239617735 1.822399330925174 0
0 0 0.36550148338259514 1.100136936660422 0.4759849409208339 0
0 0 -1.0040290002522652 1.0535333314973838 1.9489409982736432 0
0 0 -1.4406874296574281 0.06616329206494975 0.842605790555478 0
0 0 -0.07442258538852808 1.5187061571458442 1.3680659342583084 0
0 0 0.34218195344428115 1.4805589882151773 1.4012177171889233 0
0 0 -1.271999346776142 -0.016595836998365865 1.1334649750107246 0
0 0 0.5819244357305524 1.0759749160599696 0.5117803926977066 0
0 0 1.0462347918433772 1.0707335878777213 0.5340402665328651 0
0 0 -0.2707507806549576 0.838277808551737 1.9753473398254364 0
0 0 -0.5428397879780553 1.5159276652209395 0.9732960701575448 0
0 0 0.4303270760094424 0.6108336730261371 0.43090940626781027 0
0 0 -0.6315927150251109 -0.05973896760091624 1.0661921918679598 0
0 0 0.1544075538357932 0.09802991961470242 1.6754095503992674 0
0 0 -0.9924871909154239 1.086620872446209 0.47179795384258927 0
0 0 -0.6405080677336367 0.24512237888273392 1.8905907687400068 0
0 0 1.3262690181908687 1.3894743532342093 0.6856101831318797 0
0 0 1.033473478855484 1.1194649134370753 0.5759626273363437 0
0 0 -1.2907273704475695 0.8230434745016222 0.403153340291433 0
0 0 0.6371667003252055 0.7841911056241756 2.0195395266390235 0
0 0 -0.8708962629562373 0.9165597615067638 2.0139069979522217 0
0 0 0.8961952192245941 0.39193274746954276 0.5719977224067976 0
0 0 -0.6715229547026532 1.415216920283457 0.7945397224716916 0
0 0 1.1613797644612505 0.012296537310311995 0.9588590598442978 0
0 0 1.508540444065921 1.575326636469371 1.2813787188966084 0
0 0 0.5440787578550581 1.3714077655142138 0.8005847513326838 0
0 0 1.3067794923611848 1.3393289374772102 1.6869529173565785 0
0 0 -0.7351381063823956 -0.043964400840677875 1.1953728638790386 0
0 0 0.4196525789870651 1.3169225452540905 1.7365311937016303 0
0 0 -1.2119598960367002 0.483369929443285 0.43176133915020487 0
0 0 -0.03142019239075422 1.575537340164208 1.271218402790344 0
0 0 0.04178857386374979 0.7210265334612753 0.4669222048793106 0
0 0 -0.6617287226245747 0.9098080720466669 2.0218885476228223 0
0 0 0.7069365570755068 1.564112584785502 1.0792408029556382 0
0 0 0.051074542461809314 0.06934475695740028 1.6628474136856926 0
0 0 0.2764830528191089 0.5063276688084082 0.5016510651319293 0
0 0 0.06354671099468634 1.3139110991208502 0.6588365226953585 0
0 0 -0.5956490612207237 0.20497591889120048 1.7363317959879985 0
0 0 1.4300479487548285 0.4290184629467144 0.4599650757602829 0
0 0 1.3901530575671899 1.5058342034815584 1.004435895199337 0
0 0 0.7031515263356485 1.473574175730033 0.8171227218431514 0
0 0 -0.49049892641269777 1.4197163748125565 1.7147291864167227 0
0 0 -0.14532251668630236 0.7569582809111907 0.3942883368800576 0
0 0 1.3824746914963324 0.22833605241923138 1.79524450523984 0
0 0 1.1770404579554006 0.12789099151027594 0.7736646567155497 0
0 0 0.14256663972555694 1.0926911431533581 1.9304472948614655 0
0 0 1.0914557076144722 0.6398608993251744 2.0391274304369316 0
0 0 -1.0566741447373138 0.5818496783550885 0.4625509875129077 0
0 0 0.9312234788657228 1.2833642874136393 1.8168959234267512 0
0 0 -1.2250362579834189 0.7139506136507204 0.45971336725252265 0
0 0 1.0584940708791684 1.5528413755609805 1.2657349953993415 0
0 0 0.33474313104421394 0.7419481036192604 0.4267343972301081 0
0 0 0.9016413622609418 1.5282960745490226 1.3395863714719627 0
0 0 -0.28558960296241254 1.4912302690966242 1.510781593188348 0
0 0 -1.4116502189360751 0.24613886415304354 1.8641944033562354 0
0 0 0.16454886843899907 0.6026410003543888 0.42003112546609334 0
0 0 -0.009129701561331194 0.55885322458234 0.4701123688063409 0
0 0 0.04537783131254147 1.1990881879919908 1.8723571613547016 0
0 0 0.30243851204118455 1.1624548262127505 0.5537243366395086 0
0 0 1.0636889310215771 0.5585355931964466 1.9826816232295412 0
0 0 0.40237580129285777 1.4783358724449251 1.081533871594634 0
0 0 0.09862675802069876 0.9761899550032025 1.9414256685169995 0
0 0 -1.0110970713029668 1.059512848703215 1.9399113486714263 0
0 0 0.33307402879370596 0.0693670546163232 1.5436640098519208 0
0 0 -0.7775547089976106 -0.02602373214178333 1.288349410962737 0
0 0 -0.11524916892458736 1.1315431425693325 1.9515959265188347 0
0 0 -1.3361365782373285 1.3752481498073306 1.7474745879125033 0
0 0 -1.5457544150011362 0.31636575456274235 0.5934308907727943 0
0 0 -0.7029278780293584 1.473482469970177 0.9207272617974029 0
0 0 -1.5322608596851326 0.34935751973316304 1.932017476299651 0
0 0 0.9044068995116663 1.0091476258364231 2.0110425515212107 0
0 0 -0.45120004525034707 0.053977470966011354 1.5516201320544893 0
0 0 -0.15168084230850853 0.2394497843852158 1.7706725046610892 0
0 0 -0.8101098548894333 0.07453655906470902 0.7756200564924538 0
0 0 1.4301521208807975 1.3659266944709736 1.7950527322193144 0
0 0 -0.8889733735756727 0.09253698037782598 1.6694758133507248 0
0 0 -1.20898780181983 1.5842376439457462 1.1530553915183483 0
0 0 -0.4921742822420665 0.24663173132542981 1.8063481640486696 0
0 0 1.3765318029762499 0.02461643121432333 0.8555475581890246 0
0 0 0.6054770420000399 1.5180214178689488 0.8976897662634437 0
0 0 1.0088405645411136 1.5226545217041818 1.4196786770130245 0
0 0 0.6174025224590061 1.3856583340039204 1.6242975144525098 0
0 0 0.2329975967055975 1.2414089654957279 0.5916457831299445 0
0 0 -1.332074601974773 1.3743851904435431 0.7261610012991064 0
0 0 1.2668002622610843 1.2982675527318839 1.8541854911628606 0

