-0.31773132 0.37546188 1.127799
-0.15466143 0.2938282 3.446643
0.031319 0.85316 1.3593665
0.18264759 0.3772716 0.9625475
0.28501472 1.5121909 1.6163096
-0.19645196 1.4480345 1.4125135
0.060190998 0.4524404 1.9509436
0.3090235 0.15002257 1.7979102
-0.31447554 0.23690408 3.8061483
0.6708862 0.75479126 0.8664701
0.5094902 0.45172843 0.5496268
0.21770847 1.5141636 1.0513858
-0.48926005 -0.2266216 3.9215605
-0.013834454 1.3400892 1.4191712
0.14898202 -0.13195196 1.9408396
-0.0662405 0.93544453 0.5500203
0.015494779 1.1368139 1.6416103
-0.035729907 1.068226 0.32137325
-0.06361367 1.0380675 1.6682819
-0.28291014 0.7494572 1.325043
-0.039208733 0.9815147 0.44536456
-0.31754106 0.5208229 1.2661442
0.014474757 1.0269246 0.5198521
0.3064277 -0.3788234 1.5657941
-0.3087765 1.5330989 1.5257841
0.3413268 0.7744723 1.5996486
0.29704338 1.0342472 1.6613685
-1.0340482 1.1852604 -0.18653733
-0.5392383 1.6068195 1.1216716
0.3459725 0.17807743 1.8318409
-0.23243354 1.0866625 1.8421147
0.074262574 0.68479097 1.862002
0.34368113 0.3862858 1.6370462
0.45263222 0.8594462 0.9028572
-0.33790517 0.014997472 0.8894859
-0.15643755 0.5701359 1.7596823
-0.09709781 1.382364 1.6264616
0.5563231 1.102318 1.3317901
0.122171156 0.69516575 1.3972303
0.8994 0.46673632 1.1974542
0.403736 1.6973108 1.2138168
-0.032166928 1.2974627 1.7475342
0.8200014 0.2286506 0.488098
0.33508712 0.36258736 1.1812867
0.61912835 1.8995003 1.5524287
0.0037411451 0.31276822 1.7366614
0.6437646 0.93555933 1.4360642
0.12120628 1.2935499 1.1506352
0.12937544 0.084542856 1.9197512
-0.59819114 1.6224521 0.9540302
0.046376705 0.8810368 0.6005753
0.024230793 0.6199322 1.8542664
0.39916563 0.02590087 2.0285454
0.8989216 0.24143328 0.9199978
1.0016062 0.49900392 1.2019472
0.1190175 1.4989215 0.7405072
0.33885723 1.3130095 1.4903381
0.4255352 0.38926426 1.6127425
-0.06850369 1.2028164 1.4456103
0.8447418 0.8478676 1.1295643
0.49967206 0.7574786 1.6866791
0.0706906 0.9321755 0.43236485
-0.017972004 0.5739278 1.990112
0.119876936 0.96009475 1.6892008
0.731927 -0.33674753 0.59213525
0.15645744 0.07609713 1.9983932
-0.5559903 0.09128633 1.2713956
-0.2826359 1.6853414 1.3973223
0.46793994 0.6021582 1.6969198
0.0977526 0.89401966 0.8032992
-0.7147604 0.9393288 0.0970212
0.43199956 0.40698206 1.4732479
0.5994804 0.80772465 0.78774726
0.14627846 0.16192508 1.8867534
0.31530467 1.3964963 1.6619872
0.4866143 0.78182036 1.1375487
0.013834652 0.42230844 1.9738652
0.077102765 0.6485838 1.8779594
0.025764782 0.6489939 1.8401273
-0.28405103 0.6514899 1.3755826
-0.010992039 1.1362042 0.2638003
-0.007232625 0.5494414 1.6223196
-0.4585013 1.6847408 1.0180048
0.11973277 0.96569806 1.7329406
0.5504817 1.7418072 1.436683
0.13792843 0.7355673 0.9898287
0.46395576 0.32668647 1.5980023
0.93997914 0.8445566 1.2600758
0.43093428 0.7041203 1.7447037
0.31669104 0.27735475 1.1122204
0.79418963 1.1264932 1.9410151
0.37567177 -0.19008498 1.3941209
-0.18258929 1.6352748 1.6920834
-0.16006678 1.3711984 1.337374
0.2731394 0.5367828 0.88241845
0.72252536 0.6363711 1.6067914
0.64980394 1.0316373 1.8031257
-0.12213521 0.7738708 1.5991307
0.95114374 1.0051193 1.1662971
0.033163585 1.0391988 1.6420357
-0.1084289 1.4190315 1.5498776
-0.046182208 1.1549916 1.7536536
0.32898 0.0016290443 2.0296342
-0.265222 1.6491199 1.4294239
0.31220743 -0.29906586 1.4814756
0.088252865 0.6296298 0.9930726
-0.88068 1.2135688 0.15726483
0.30928943 0.6000088 1.5635773
0.5150634 0.57661444 0.7658708
0.064126946 0.6505907 1.6953655
-0.39922976 0.71263176 1.559946
0.84961617 1.1932532 1.1470188
-0.049067907 0.86303556 0.8527697
-0.31437868 1.0518193 1.4722661
-0.078989014 0.93116343 1.7467846
0.34791636 1.6609136 1.3876498
-0.32593578 0.20396471 0.95850843
-0.79273915 0.7096751 0.0776303
0.4546546 1.0719258 0.31181473
-0.20606577 0.96318907 1.491004
-0.5338346 1.632692 1.3967239
0.35609785 -0.040853977 1.426462
0.70359534 -0.07882735 0.12204519
0.08765369 1.0281743 1.0974097
0.8526993 1.0249077 1.5258217
-0.97408223 1.0733678 -0.13552107
0.40324646 0.5220854 1.674079
0.43773815 -0.03194385 3.1918707
0.64418304 0.6772928 0.54568917
0.60408354 1.0132978 1.2743089
0.16576758 1.1446458 0.727269
0.36402923 -0.18638523 1.6676494
0.39694047 0.1393849 1.5866619
0.33590448 0.35220647 1.5891218
0.27812144 0.667063 1.5055631
0.4540944 1.058686 0.91962314
0.26825058 0.85437465 1.8489926
0.45982075 0.91668445 1.2872472
-0.042278837 0.934193 0.4149038
-0.73528266 1.6680527 0.33440897
0.51086783 1.1090122 1.8060602
0.7449665 0.14408772 0.43498453
0.26540682 0.21213013 0.9658172
0.5124842 1.6758865 1.1974287
0.8094741 0.33135727 0.64669096
-0.90020204 1.1810533 0.022684962
0.06080048 1.0719925 0.48943993
0.26639512 0.5958049 1.4752909
0.5672641 1.120272 0.47973147
-0.60605633 0.22296456 0.3129227
0.39832413 1.2390145 1.0139482
0.22957204 0.11163397 1.4516152
0.65274817 0.9851847 0.9271364
-0.71915346 1.6017039 0.20983091
0.15110299 0.9951285 1.3128761
0.2441149 0.15218303 1.7321596
-0.013719641 0.86186105 0.53478307
0.24623832 -0.0689866 1.8882229
-0.06379529 0.9558974 1.9184611
0.36922035 1.1236358 1.6102848
0.41366446 -0.13301785 1.9083885
0.405451 0.55432504 1.0195236
0.041605495 0.72219914 1.6746423
0.27712137 0.060630817 1.4063954
-0.95825624 0.8561105 -0.24548718
0.48719153 1.210897 1.02563
-0.76299626 0.250269 4.038668
0.14889824 0.41704732 1.0009611
-0.5331748 1.8860623 0.99682707
0.114960246 0.6509103 0.68451285
-0.2768831 1.6277071 1.3532888
0.034524232 0.5631565 2.00009
0.13483018 0.64994115 1.7227085
-0.48539373 1.8020716 1.1815327
0.16824308 0.9721564 1.4325787
0.046298034 0.54184914 1.5455197
0.24754077 -0.11584367 1.6591254
0.052196853 0.9915175 1.5600075
0.22421402 0.30655998 1.5944006
-0.56588286 -0.5697911 3.7141306
0.38277304 0.53068435 1.3104138
0.52856874 0.681596 1.3238599
0.08852979 0.6888911 0.60639673
0.18581817 0.97679186 1.3482183
0.09225329 0.894795 0.73620546
-0.3018543 1.755963 1.1855963
0.28145045 1.0729339 1.5704746
0.7822441 0.49353373 1.7265975
0.4569964 0.66940624 1.0533937
0.48869017 1.0908071 0.8448454
0.007130623 1.2016677 1.7674167
0.1977953 0.3417472 0.95047504
0.49184778 0.67430836 1.5140138
0.45203122 0.74189633 1.4179997
0.554201 0.55039304 0.49301296
-0.39539108 1.7857639 1.3075588
0.2411995 0.9659117 1.022207
0.37283298 0.8699005 1.6685071
-0.054755732 0.3630835 1.6030173
0.7709656 1.1580609 0.78141975
-0.07583298 1.2222729 1.5619233
-0.28776616 0.3383875 1.1581962
-0.7927166 0.96227413 0.689333
-0.2858011 1.47273 1.4101799
-0.1362198 0.79186004 1.3977695
0.3842296 1.2956904 1.6092243
0.37091342 -0.11407109 1.842814
0.67253387 0.65883535 0.71189976
0.3868248 1.0956274 1.6030562
0.38848162 0.36900792 1.593745
-0.7124409 1.6040658 0.25037447
0.039782457 0.85510314 0.8543525
-0.12373014 1.006318 1.6417009
0.41441566 -0.19430943 1.9752649
0.40758905 1.8506521 1.0697931
0.2682564 0.07438501 1.4760225
0.36489838 0.54983324 1.6316782
0.46216655 -0.06990555 1.9753351
0.4796794 1.6337714 1.2649328
0.23987158 1.1643697 1.5542753
-0.86214364 0.97295856 -0.23519371
0.28542203 1.1511213 1.4396591
0.35654533 0.048140302 1.5095698
-0.20821512 0.49788854 1.6753145
-0.28531435 0.3047051 1.0263151
-0.50038695 0.4300295 1.2432736
0.45835793 -0.028327823 1.4466878
0.13637583 0.8385171 1.6957861
0.42105097 1.4430836 1.5781652
0.73288053 1.0204592 1.5756952
-0.024729893 1.0617967 1.6733795
0.19053671 0.20240852 1.1917931
0.008353837 1.4194193 1.6752895
0.3412799 1.498697 1.3511938
0.50218487 0.810596 0.6675527
0.37332705 0.27332234 1.8129874
-0.7218135 1.7166977 0.7631524
-0.38434198 0.7162189 1.7437454
0.16860738 0.031164316 1.7690302
-0.38082933 0.025424046 0.79666775
-0.010951631 0.9116555 0.47510213
-0.18406937 1.6713803 1.6260548
0.1441682 0.89430535 1.3518213
0.18471828 0.99404323 1.5293139
0.006445881 0.3166693 1.9019649
0.5834933 -0.029032726 0.65802735
0.06289604 1.0528835 1.5490239
0.058288615 -1.961909 2.748576
0.4071808 1.029496 0.7388961
0.39371058 -0.07901115 1.65871
0.25680965 0.6403496 1.6795063
0.13010988 1.3509163 1.1850657
0.33860537 1.3346299 1.5437098
0.7634929 1.1275882 2.0279806
0.60657394 0.36915833 0.38017914
-0.33769497 0.1898479 0.8840274
0.5324443 1.6360242 1.2156395
0.35750538 0.8372958 1.6402156
-0.2177572 1.0766019 1.390788
-0.1491258 1.4544848 1.4394357
0.18521123 0.72566676 1.4877913
0.15472889 -0.1362748 1.7204876
0.22124478 1.1667396 1.2964873
0.14996387 0.65289915 0.82529676
-0.8023297 1.3362983 0.38440058
0.4811453 0.026492368 0.5440427
-0.158957 0.99966866 2.0263832
0.07691333 0.3348908 1.8883402
0.31561685 0.13182047 1.54531
0.61858493 -0.16276297 1.18277
-0.42518452 -0.027026884 0.6959
0.7634036 0.704287 1.4913445
-0.34130347 0.8908817 1.4226756
0.35726982 0.39399785 1.6430447
0.93332225 0.6337825 1.0657408
0.116745174 0.61097884 1.4929461
0.10392213 -1.5268046 3.6049645
0.10460898 1.0363975 1.4327991
-0.34166786 0.45523804 3.525805
-0.05980412 1.137312 1.533689
0.5903934 1.1836439 1.343363
0.4503184 0.7559209 0.90530056
0.42354304 1.1960754 1.3062369
0.54252315 0.8643924 2.3154418
-0.8164195 1.2914864 0.7181952
-0.018948305 0.035391174 1.7151228
0.8855837 0.7835058 0.9581291
0.22022837 1.0552158 0.73990566
0.6411588 0.616038 0.76133645
0.6115872 1.2166328 0.89642733
-0.09783259 0.08373907 1.7156483
-0.5917558 0.48270488 0.4456336
0.4537611 0.14417945 1.551602
-0.15232415 1.5325966 1.3757535
-0.6863377 1.605787 0.37502182
0.56801885 0.98484415 1.3961879
-0.038945924 1.2426231 1.6120125
-0.14804861 0.2696752 1.4686835
0.6252134 1.4648802 0.8728846
0.20659137 0.22410809 1.1366061
-0.22559999 1.5227962 1.2477869
0.80653816 0.86313844 1.5975658
0.3056976 1.6904819 1.2772709
0.027623449 0.7927292 1.1269374
0.37001008 1.4636747 1.6634153
0.24021716 0.64264053 1.6395968
-0.51389617 1.3500746 1.4487664
0.13849905 0.1486572 1.6091989
0.80912983 1.0549151 1.5123588
0.6008357 1.2479662 0.49544412
-0.3153916 1.3011982 1.5050389
0.5885503 1.9066983 1.5024439
-0.27859652 0.91370386 1.473688
0.59602183 0.9323984 0.96445274
0.22198765 1.3068557 1.3473994
-0.324427 0.195247 1.0297279
0.6995853 0.12249926 1.1745081
0.735695 0.5377088 0.5252817
0.35994673 -0.045996074 1.8545539
0.098904155 0.69346946 1.4152673
0.44765553 0.8814176 2.2743924
0.7742693 -0.21851768 0.4656127
-0.15362763 1.5219374 1.5911819
0.8481866 0.5874105 1.1190625
0.4179221 0.6646385 2.0781548
0.499204 0.81265867 1.7190169
0.19166875 0.10733149 1.9495016
0.48023555 0.96406615 2.2092004
0.7758707 0.96259993 0.7194388
0.07964938 1.3145292 1.4138652
0.77600396 0.8683533 1.217893
0.91664416 0.7146954 0.953646
-0.2352756 1.1993346 1.3306878
-0.47906426 -0.27070513 1.2753395
0.5834068 0.61614984 1.547593
0.09278201 1.1328833 1.4654762
0.9054661 0.100863785 0.7724423
0.15009707 0.47885484 1.4970225
-0.6722607 1.3165157 0.5410332
-0.011070512 1.0141692 1.7368385
0.16768524 0.814944 1.5542213
-0.030155696 1.0751562 1.7790524
0.29467455 -0.033816174 1.7706892
-0.012305111 1.0457667 0.285442
-0.025497742 1.6043814 1.3059087
0.2885261 1.2179106 0.502353
0.7073567 1.0227865 1.8825254
-0.9989091 1.0011035 -0.48647374
0.16186666 0.4285997 1.7208877
0.4751663 0.528023 1.2779274
0.11862053 1.3684833 1.4381278
-0.9329705 0.34877214 -0.30574885
0.07308805 1.3963214 1.5108962
-0.2623853 1.382655 1.3895049
0.065401375 0.9255331 1.5863564
0.340985 1.6929103 0.5661038
0.23957452 1.0218347 0.9409151
-0.4649642 0.82112545 1.1678894
0.5320493 0.74868524 1.1994967
0.42641062 0.15480894 1.5928793
0.012857348 0.8044958 1.6628866
0.81304073 0.11063346 1.1530905
-0.3654658 1.8778629 1.1142836
0.025703803 1.0182986 1.5564314
-0.019662209 1.1632065 0.25517556
-0.2995089 0.34868592 1.4029765
-0.89971817 1.4475957 -0.030217756
-0.033079095 1.2345119 1.430576
0.32246718 -0.41069835 1.821561
-0.84278756 1.3507016 0.5111255
0.38320175 0.45805496 1.3966336
0.38263676 0.28660077 1.7250079
0.41184554 0.33772862 1.6569728
0.31340155 1.8419931 1.2584523
0.22446558 0.87570614 1.3966819
0.7409942 0.7650908 1.6047095
0.74927413 0.74140686 0.9890867
-0.7400677 1.5539335 0.6681386
-0.6181352 -0.016681172 0.30244273
-0.7829875 1.2823795 0.2625363
0.1751768 0.67535305 1.0203782
0.2539439 1.4943936 1.2210665
-0.05479177 1.0854276 1.7352656
0.37692165 1.4095764 1.5670606
0.28176594 1.1700128 1.3847466
-0.3102221 0.29957026 1.1178697
0.51361597 1.6152604 1.28754
0.41122323 0.8073733 0.9744553
-0.7032275 1.0052822 0.23506917
0.7129916 0.6950904 0.6007432
0.22368115 0.9458874 1.323744
-0.6392338 1.6317046 0.5337954
0.07116017 1.4149083 1.5466592
0.61895835 0.768831 0.73279226
0.5094655 0.7599136 2.3332434
-0.74659 1.4832094 0.5894368
0.003500577 0.97940016 0.47139236
-0.2997054 0.47393638 0.8938287
0.73183787 0.3752548 0.45789924
0.8597878 0.00332837 0.5848152
-0.7309127 1.6918894 0.37069416
-0.26499587 0.6281505 1.2797033
0.6459416 0.32851183 0.36833054
0.3085817 1.6077069 1.3147075
0.39469147 0.28454667 1.5948434
0.102238715 0.55074805 1.637564
0.17459819 1.3887361 0.93627656
-0.026662175 1.1774267 0.2721575
0.41344333 1.4041331 1.2777164
0.007795181 1.0552793 0.27150494
-0.3774616 0.61119324 1.0497103
0.3930165 1.6237532 1.0186206
0.2046766 1.0571213 1.1769055
0.10531889 0.550236 1.0097196
0.45323622 -0.5903414 0.8216474
-0.025508326 1.2558392 1.5039988
0.03836297 0.8473831 0.49604404
-0.5519073 1.7379094 1.129875
0.09774901 0.23294556 2.0802555
0.38569766 1.02217 1.6015799
-0.31394637 0.4644095 1.2140298
0.40632594 0.74368286 1.0332645
-0.54392135 0.5718463 0.54460126
0.30909902 0.87747633 0.7730331
0.6459276 0.8321699 0.95319325
0.4490025 1.5880741 1.1154262
0.78146803 0.43055767 1.2528471
0.5455712 0.7737756 1.1391397
-0.66862166 1.3944478 0.92108727
-0.74392813 1.6659985 0.25326955
-0.1699562 0.41521063 3.9725423
0.6682004 0.9587813 1.6621883
0.16503799 1.22402 1.0418441
0.57333136 0.2313621 1.022042
0.43097988 0.7765068 1.4501023
0.14195856 0.72020316 1.530952
0.7479049 0.6598438 0.88972926
0.75304145 0.71574646 1.4081534
0.38911635 1.7240577 1.5711725
0.8640435 0.12749821 0.617484
0.42054838 0.623 1.0051152
-0.02646587 1.0246612 1.6616937
0.8625133 0.25604323 0.5794869
0.81503433 0.47645873 0.8161968
0.19511682 1.0556788 1.1833231
0.91020584 0.040364828 0.8844193
0.34219867 0.07428145 1.6385125
0.3777655 0.742345 0.91512424
0.8567096 0.005008961 0.6372448
0.92390734 0.6304074 0.876234
0.028891318 1.1834627 0.330371
0.7122422 0.77324677 0.9789755
-0.477734 -0.11536274 0.48662993
0.4876477 0.7324821 1.0550946
0.2865405 -0.14892407 1.9017324
-0.99293035 0.9975319 -0.04637323
0.099898115 0.6470572 1.666249
-0.13187483 1.5639143 1.4811033
-0.025425706 0.81886995 0.5277285
0.3737051 0.49700254 1.367266
0.26436362 0.23207416 1.0731231
0.8958013 -0.22977881 0.6811116
-0.5671661 1.7957339 1.0102313
0.69107485 0.46627393 0.4451846
-0.47718403 1.9019542 1.0915924
0.5949711 0.93863493 0.50854856
0.011499118 0.82680345 1.687296
-0.0005594753 1.1536442 1.549206
0.6168521 1.6243376 1.5466541
0.35838243 0.28389174 1.5863451
0.05736542 0.946586 1.7063283
0.6097912 0.8222076 1.3952317
0.023716178 1.1871814 1.517564
0.44428837 0.379829 1.7693859
-0.14900927 1.2613436 1.8130146
0.4014731 0.2801013 1.5170611
0.29203433 0.61152494 1.37494
-0.7111705 1.588262 0.36093342
0.78103703 0.95813274 1.6032268
0.09060688 0.62700754 1.0063559
0.13213162 0.16025649 1.8930693
0.2955555 -0.037051674 1.2532383
0.85640866 0.8744686 1.3210881
0.3513148 0.056583595 1.3447528
-0.1845215 0.42204368 1.589525
0.75266576 -0.15499419 0.8675632
-0.30462757 0.16056474 1.0886039
-0.0817277 1.3752174 1.5284215
0.41025314 0.5252184 0.723991
0.3100348 0.92672175 1.4352875
0.79155844 0.6008768 0.77344614
0.6227164 0.72299546 1.4190245
0.48903444 0.4571733 1.6640356
0.26833296 0.17260712 1.0868552
0.031338193 1.4587544 1.2143371
0.6725547 0.34615073 0.40570182
-0.06801063 1.0113173 1.6085854
-0.059995346 1.3144352 1.4374797
0.39086914 -0.066188976 1.6182506
-0.52300304 1.5373576 1.1842546
0.42577404 -0.32384303 1.6243684
0.33370623 0.7701006 1.3619676
0.61026406 0.6740583 1.7189906
-0.89639014 0.45430312 -0.16213222
0.29260412 1.0400847 1.4247886
0.16503729 1.4283648 1.0184493
0.7471495 0.86320317 1.1524055
0.6932862 -0.100127265 0.1002796
0.45920387 0.8663533 0.68314683
0.35873738 1.385143 1.4805472
0.08497636 0.88547486 1.5267737
-0.7577331 1.0306547 0.8460271
0.3870729 0.3662002 0.9487068
0.25668892 -0.17602864 1.632403
-0.7483147 1.7560862 0.43053317
-0.672654 0.5143496 0.42445245
0.14380093 1.2571849 0.9603215
0.088449806 1.3223568 1.5406957
0.17839973 1.2711052 1.1870419
0.28437474 0.26948383 1.9712507
0.28816456 -0.5391489 1.4308391
-1.3264107 0.39122587 -0.37157378
0.3586151 -0.34111634 1.9969866
-0.12170997 1.5392216 1.320333
0.3636872 -0.31632826 1.4096638
0.34792954 -0.21221162 1.5208956
-0.5457732 0.57709855 0.46842596
-0.33076453 1.8347012 1.2488321
0.21781184 0.41098335 1.6226423
0.274612 0.4014183 1.2369963
0.32583237 0.19621386 1.4610994
0.62175614 0.2014354 1.4249238
0.087405935 -0.30056798 1.6175588
0.10290505 1.1535811 0.4846842
0.12193635 1.176072 1.2310997
0.053972803 1.1833107 1.2410988
-0.69127965 1.6791066 0.71628606
0.56317765 0.3075016 2.313856
-0.33498168 0.819768 3.4043043
0.05774136 0.7967889 0.46286902
-0.30915752 0.46563444 1.1766187
0.31706724 0.7653526 1.2236556
0.2500599 0.11179265 1.1701306
0.01668838 1.0454594 0.38589257
-0.0065733753 1.306427 1.5325654
0.41138536 0.2293316 1.9229656
0.26996648 -0.05415825 1.5268689
0.18298343 1.0587777 1.5289267
0.45885372 0.7013493 0.8616216
0.85886574 0.30996686 1.2151736
0.19713284 0.8304109 1.6246809
0.49175406 0.5285179 1.6376274
0.38129318 0.4556741 1.3820484
-0.3808906 0.8902386 1.2767239
-0.33226123 1.5520695 1.3806942
-0.29967248 0.33293378 1.1378571
0.23673572 -0.09374508 1.5953476
-1.3186189 0.3699614 -0.58015627
-0.12222017 1.2993239 1.6367189
0.23139371 0.72869295 0.8954986
0.36446837 -0.29732248 1.5086253
0.33570766 -0.08312483 1.2063416
0.5524977 0.7186434 0.7070695
-0.44153175 0.32657555 0.6548386
0.81131524 0.15788086 0.55602646
0.40230435 0.83321214 1.8765472
-0.25688225 0.4765396 1.3594917
0.70460576 0.59617186 0.55107135
-0.6732237 1.6394416 0.8286214
-0.74897933 -0.17876983 2.826778
-0.14862034 1.142542 1.4653239
0.49145097 1.2105963 1.0669391
-0.006680675 1.353399 1.4107398
0.8494357 0.95245355 1.071535
0.12826699 0.7527958 1.2874526
-0.3041915 1.5197307 1.4022135
-0.47919416 0.020577956 0.47994024
0.17637813 1.1110523 1.6193932
0.2837649 0.67631286 1.4494642
0.22951771 1.4084524 1.2003336
0.054180197 0.20457576 1.651998
0.60557663 1.669859 1.2190481
0.47616276 1.4535561 0.44535258
0.5051575 0.7089769 1.8884037
0.40124416 -0.15613234 1.9610993
0.7550695 0.07467179 0.56746626
0.7014897 0.22790779 1.3065575
0.6983408 0.025227193 0.6539949
0.66880316 1.3134667 0.73876
0.3567815 -0.3971575 1.6140484
0.49359226 1.102914 0.34069136
0.27972603 0.6534274 1.2020472
0.8390221 0.5919435 1.4208153
0.38566136 -0.14235133 1.5539521
0.33019817 0.42594147 1.2408148
-0.038475424 1.2662996 1.5130752
0.4476351 1.7120539 1.9045001
0.608737 0.9507653 0.79616445
0.25172588 0.46757552 1.8633554
-0.034049287 1.143893 1.8325208
0.27197582 1.1429102 1.3026743
0.25550073 0.13944879 1.9166538
0.1780203 0.43295112 0.90345
-0.020420954 1.7196075 1.5278596
0.43217814 0.65822315 1.1570686
-0.016297787 0.8889913 1.0616382
0.23283148 1.2128528 1.3421137
0.051127188 1.1935481 1.2284224
-0.19788478 0.6807351 2.2477238
0.008788895 0.4664128 1.8562746
0.46881285 0.5862189 1.9842505
-0.36420327 1.361266 1.4967993
0.70057917 1.0241908 0.5842304
-0.12444353 1.2846754 1.5729172
0.4948897 0.3938454 1.6080658
0.7725332 0.18928784 0.45022517
-0.2762791 0.23049207 1.0728141
0.32992 -0.7059729 0.9676423
-0.14360525 1.4565202 1.4965432
0.07091078 0.9697069 1.1258854
0.8737092 -0.050328422 0.5236815
0.66703105 0.027505573 1.205768
0.36648503 -0.1840067 1.4435605
-0.15306342 1.55163 1.3276607
-0.034631673 1.0369165 1.7016009
0.37368122 -0.14335114 1.6135293
0.31609517 0.9443775 1.3326416
0.2518805 0.6944412 1.4960911
0.017447945 -0.07278496 1.8780322
0.48747382 -0.027648319 1.4121356
0.30364448 0.63099205 1.6790797
0.43709087 0.9154115 0.85220665
0.40307024 0.9552536 0.87254214
0.23349835 0.31638354 1.6078537
0.6528441 1.8047255 1.6759901
0.28736266 -0.042435624 2.0211065
0.89186084 0.96112514 1.3311346
0.35305932 -0.07668883 1.3762454
0.7856939 0.52001 0.7005724
0.35219598 0.19026443 1.6530955
-0.3056934 -0.21463645 1.1756914
0.08729084 1.1720687 1.7215972
-0.95893455 0.9577155 0.5462675
0.31691164 1.2890362 1.5278809
0.6187705 0.9721229 1.160679
-0.019361224 0.7099469 1.5347335
-0.012711335 1.0641733 1.5650392
0.6417148 0.8574029 0.5354562
0.48410717 -0.19085443 1.1568084
0.30711797 -0.11631831 1.3207334
0.067745075 0.1543991 1.3832173
0.11289109 0.44693652 1.7892056
0.60536736 1.1874027 0.87973726
0.25252512 0.29820788 1.3134308
-0.11308663 1.3914715 1.622266
-0.07639615 1.0618035 1.7480602
-0.15611607 0.9760892 1.4070655
0.010369249 0.33156094 1.8010354
0.022888102 -0.059912596 1.4605561
-0.5437182 0.9782946 3.5710192
-0.93669224 0.5138252 -0.21763898
-0.8422047 1.3411515 0.27871633
-1.0551925 1.0058577 -0.20198165
0.5157781 1.1553969 0.50696194
-0.25006858 1.3331233 1.5218924
0.63097864 0.06005831 0.37126476
0.3065568 0.6860405 1.5578071
0.7196102 1.5921305 2.0241346
0.66382366 1.048051 0.44459847
0.39203477 1.1925668 0.5699859
0.06327331 0.9252948 1.4907517
0.24428013 1.032857 1.5097653
0.25893822 -0.10095235 1.7078394
0.2614308 0.20888993 1.5703186
-0.92790574 1.1965542 0.16216725
-0.3120755 1.8245519 1.2652005
0.8483468 0.25832185 1.0131963
0.027655493 1.1221906 1.4475058
-0.8740432 0.945547 -0.050679453
0.2968366 0.6347717 1.3592635
0.07500249 1.119484 1.3860556
-0.69352823 0.6091222 0.36700752
0.056921378 0.54898393 0.9709644
0.39934865 0.27313957 2.0151837
-0.78442466 0.4733534 0.34027547
0.52497137 0.9292559 0.55751884
0.2704945 0.7509983 1.1961079
0.4756429 -0.36818433 1.483604
0.21238878 0.19621679 0.9605129
0.2699861 1.0621526 1.5354056
0.14728194 1.0117085 0.7325251
0.5340155 1.0833143 0.59459746
0.24881253 0.8750899 1.1106874
0.8054839 0.57422304 1.0852976
0.323806 0.7468452 1.1760519
-0.3637711 -0.108856626 0.6998133
0.434886 0.14632392 2.0987403
0.3936729 -0.25016996 1.4085436
0.4838281 1.2925781 0.9216712
0.91019464 0.37469238 0.8911404
0.35650173 1.043421 1.7288821
0.07634466 0.5018125 1.8138652
-0.10224093 0.5487461 1.7161437
0.3397827 0.07324643 1.682483
-0.69683427 1.7700397 0.73257655
-0.028272875 -0.053651597 1.4406719
0.322262 -0.46365392 1.4496133
0.30702266 0.9691079 1.5342214
0.50608087 1.7203513 1.9942343
0.23139217 0.14648548 1.3062375
-0.5849403 1.8443668 1.2083141
-0.14156143 1.5025537 1.3694588
-0.6808543 0.36852884 3.7092087
0.5137813 0.17736207 2.1489244
-0.097966 1.5661771 1.652734
0.22963569 1.3235961 1.212207
0.2704725 1.2991434 1.4093878
0.023898724 0.58550346 1.607492
0.7235212 0.70147526 0.763544
0.74630475 0.3773757 0.85035616
0.0074154846 1.025272 1.7576748
0.2827298 0.7350678 1.5558903
-0.8450978 0.92991614 0.25053766
-0.044016298 0.9182006 0.5264161
0.49032578 0.41209614 0.9847575
-0.3118315 0.15601441 1.115501
0.7006864 0.3502829 0.43270323
-0.69248044 0.8058934 0.50451666
0.34190094 1.5743495 1.5156958
0.21081156 0.2217142 1.1299577
0.14937468 1.4390842 1.1534916
0.09146133 1.138349 1.3656106
0.028523508 1.1723201 1.419724
-0.32640943 0.29244083 1.0281874
-0.07936017 1.0577245 0.30165997
0.38789204 1.4912384 1.5642346
0.5784062 0.22767562 0.663302
0.34212175 0.8739268 1.7210052
-0.7041683 1.7327675 0.36542407
0.26690716 1.657325 1.2239043
-0.33792195 0.10498485 3.9776082
0.44594386 -0.03760448 1.1242889
-0.021711882 0.38807696 1.8259692
-0.08899 0.4248752 1.1259218
0.08397323 0.71054 1.5117391
-0.13449407 1.1173719 1.7931966
0.053047534 0.99568015 1.6346576
0.8298462 0.013829244 0.82985294
-0.19917993 1.3931693 1.4426903
-0.07557653 1.1072216 0.49193642
0.226395 0.44006962 1.9004992
0.31849432 0.9843174 0.7819948
0.31787363 -0.32297873 1.593009
0.15174694 -0.36443478 1.7931967
-0.39057449 -0.08183317 0.7360203
0.5899894 -0.25773346 0.5672653
0.26180485 -0.33582297 1.2391845
0.39237198 1.12286 1.5926229
0.5037516 0.14698516 1.0843188
0.3674038 0.1688259 1.3989056
0.8889885 0.8471721 0.99836767
-0.5097293 1.4974209 0.6441885
-0.27734736 1.1213596 1.3012626
0.6939789 1.1540486 1.3656455
0.11926742 1.2643836 1.4035113
0.036659826 1.0216013 0.43502098
-0.29066455 0.21045597 1.1926836
-0.021855291 0.16222943 2.0912263
0.1969917 1.1277096 1.8708398
0.51737237 1.1708753 0.7935939
0.12403008 0.9928208 1.8367598
0.28017536 0.15074264 1.6629508
-0.34919494 0.50174576 1.170263
0.33500963 0.3622609 1.3907893
0.1630835 0.10831346 1.7822509
0.68953764 -0.32046747 0.554498
0.35840413 0.2973033 1.6442418
0.20060843 0.61016303 0.87233734
0.030762635 1.1722184 1.5941656
0.65080905 0.45099267 0.47318423
-0.33760235 0.49875906 1.3931336
-1.1587545 0.6916693 0.14564009
0.82801086 0.68799895 0.8286061
0.23931503 1.601681 1.2396376
0.48406735 1.3784696 0.91740525
0.0269816 0.52518797 1.4671433
0.39597976 -0.107256114 2.103206
-0.3067193 0.60171324 1.1959946
-0.40206298 0.8567257 1.1232228
0.23563367 0.9180839 0.84822327
0.49260342 1.4662526 0.66519564
0.50772625 0.6633958 0.86781824
0.46515304 1.2135546 2.1447356
-0.5507876 1.1872813 2.8218563
0.28416333 1.3648138 1.5125564
0.6058353 0.79081345 1.1869378
0.57562035 0.7899246 1.7141331
-0.300108 1.7938826 1.2049388
-0.50207597 1.9893312 0.8741271
0.08155948 0.8298918 1.5951507
-0.13403589 0.68539363 1.7816458
0.41630363 0.5896146 0.75860155
-0.6979603 0.31479344 0.31199124
0.25654274 0.024015196 1.8009641
0.28717777 0.9664848 1.4735328
0.8000485 -0.20050794 0.30190092
0.2534257 1.0198166 1.7016096
0.35878542 -0.10009684 1.525472
0.2823467 0.42884383 1.8242081
0.0807337 0.90965486 1.4896631
0.79919386 0.5178509 0.85549355
0.628723 1.3226451 1.0796927
0.0416813 0.76251596 0.58274734
0.6331988 0.8358669 0.8296466
-0.6387345 1.8119938 0.5067408
-0.02482621 0.8155182 1.8802769
0.17005719 0.95428437 1.3303418
0.008725818 0.89160454 0.68515444
0.502358 1.8780969 1.3436311
0.44344506 -0.2589286 1.250327
-0.8613851 1.0622638 0.1869675
0.5520716 0.49948385 0.63026124
0.03678224 0.23432639 2.3060186
0.051870085 1.1266329 1.7063056
0.6982348 1.0441217 1.1581726
0.06595557 1.477871 0.8216108
0.5293642 0.8873388 0.5492463
0.7929638 1.2757633 1.0816185
-0.15036967 1.545115 1.1692193
0.41094625 0.7795847 0.6680793
0.29127526 -0.05681079 1.5138986
0.8188561 0.16358055 0.5565676
0.38347235 0.17218845 1.6970599
-0.17242365 1.4343438 1.3735347
0.3619534 1.4557543 1.1414638
-0.09196141 1.1615818 0.088779226
0.25130212 1.661455 1.2346096
-0.31428465 0.08381416 1.0666434
0.6551527 0.9296149 1.1048646
-0.033954512 0.7818065 0.5598856
0.69688845 0.07587929 0.24888973
0.6883924 0.75033236 0.7871065
0.24212945 0.33858162 1.4266616
0.15053296 0.084181264 1.6237229
-0.7078118 1.2015716 0.37550616
0.79504573 0.21559489 0.5198317
0.30807903 -0.025280524 1.3146783
0.5487542 1.3030452 0.8553821
0.07932678 1.0364864 1.468201
0.3798556 0.7549461 1.3467019
0.28951433 -0.14425096 1.6120582
0.51291794 0.9539206 0.92132914
0.42799228 0.20917855 0.6994282
0.49636787 0.7803139 0.74778795
0.8646409 -0.14967497 0.5383515
0.46832877 1.4158496 0.95877063
0.72121626 0.8520503 0.963802
0.62221956 0.7894578 1.6758114
0.69214135 0.7069819 1.0786842
0.48464453 1.2886792 0.8710299
0.13080987 0.032067575 1.6205789
0.027859055 0.6834969 0.7791974
-0.015776433 0.70658976 1.6414621
0.38175705 -0.16730508 1.3493729
0.1813812 1.4222429 1.1086726
0.28305084 1.5580671 1.4522507
0.26446822 0.83244616 1.495697
0.01711744 1.2006919 1.057766
0.727154 0.16747858 0.33184162
0.6865965 -0.0049770195 0.22970873
0.56114835 -0.09442578 0.65812445
-0.0065338016 0.29959044 1.9232285
0.44219306 1.2236903 1.1860479
0.1397703 0.871975 1.9431926
-0.5334656 1.8009022 1.1799093
0.6566828 -0.29606724 0.6014701
0.1977267 0.77333325 1.8058184
0.9300402 0.3271229 1.2409025
0.32657465 1.356415 1.5437275
0.46725497 1.3026124 1.0691329
-0.0077330396 0.34832853 1.6565058
0.047063522 0.072147444 1.2821083
-0.9576963 1.175566 -0.15445879
0.31508502 -0.08496866 1.3129109
-0.6336751 1.6447334 0.43022773
0.2625757 0.02809654 1.8533738
0.6307707 1.1072026 0.59180945
0.0661573 0.874784 1.8448405
0.35482448 0.33016938 -0.047629755
0.038029995 1.0258468 1.5507078
0.71931046 -0.889469 1.6779172
-0.20758633 0.7930106 1.168765
0.31444782 0.23568349 1.5942873
-0.29149944 0.99230343 1.4243368
0.12078482 1.1481272 1.2354012
0.29123312 1.4136579 1.190012
0.38835174 0.37480772 1.7847161
-0.3218792 0.38663593 1.3337368
0.5669589 0.71041787 0.48035258
0.8323451 0.51699805 0.9026196
0.3616904 1.6437367 1.1898164
0.18823801 1.1007689 1.2895528
0.3894205 0.9958998 1.066328
0.6500461 1.3143171 1.0910257
0.11610232 0.7359387 1.820707
-0.2271416 1.1664587 1.7697624
-0.30954677 1.7586223 1.1868149
-0.28964543 0.57487696 1.5413553
0.8342395 0.7478036 1.1308388
-0.00946147 0.31432095 1.4170914
-0.28574863 0.47846317 1.1647341
0.22177304 0.8218522 0.92750615
0.6922006 1.8073125 1.4552525
0.029957492 0.37588766 1.9122111
-0.71549463 1.6452141 0.3691397
0.60567147 -0.035667762 0.538119
-0.07336725 0.52361035 2.0547216
0.07192241 0.99587905 1.7301533
-0.16987859 0.0460345 1.4757844
0.1271724 1.2947748 1.2826066
0.22570659 0.51841843 1.784725
-0.25041032 1.8168688 1.314703
-0.26148912 1.6820613 1.2964566
-0.45019823 1.6171513 1.4918559
-0.010490056 0.39118174 1.9255593
-0.91550326 1.0244355 0.0058642365
-0.024379086 0.7865522 1.5503277
0.8543973 1.0030353 1.3549204
0.31534004 -0.1387446 1.6825238
0.7841005 0.973025 1.2057817
0.22657414 0.4906763 1.6552212
-0.10859686 1.4871765 1.3222697
0.5662968 0.681767 1.757501
0.12693425 -0.11643856 1.8469335
0.41891485 0.71298474 2.0476363
0.39648634 0.4599306 2.0703895
-0.08093748 1.3093648 1.5864577
0.6537051 0.7329151 0.7517184
0.25606695 1.2050143 1.5078895
-0.42284045 0.6676807 1.1505663
0.075529225 1.0505707 0.4424021
0.4850661 1.3820134 2.206152
0.702668 1.6761376 1.3973554
0.7895227 0.18578449 0.7939415
0.27195585 0.5236534 1.7970431
-0.007773094 1.1479664 1.4043818
0.37792885 0.58827746 1.4806503
0.45798457 1.051503 0.94896036
-0.31211284 0.8298752 1.6482614
-0.041865718 1.1220729 0.22580697
0.0109242685 1.1443492 0.2656788
-1.2490228 0.5620349 -0.39038438
0.24842481 0.86499745 1.2537466
-0.5137195 1.8090509 1.5921596
0.71860546 0.5523508 0.5314861
-0.39217585 1.659228 1.1493278
0.576512 0.47690156 0.44437075
0.3464206 1.5795587 1.4813548
0.5745628 1.2583712 1.0741476
0.4536144 0.6399526 0.34628192
-0.14574954 0.6546859 1.7589775
0.05611152 0.64412683 1.6089594
0.029081065 0.47339973 1.3701977
0.2825247 0.19485267 1.9317098
-0.35605997 0.22528584 0.6999055
-0.15325363 1.4637718 1.6637137
-0.12706399 1.454071 1.4487808
0.522956 0.8594597 0.49903604
-0.20797616 0.6412898 1.696164
-0.03787583 1.3370955 1.3492212
0.68472075 0.43011472 0.44671
0.08824399 0.23957801 1.7730261
0.1490519 0.9780846 1.439799
0.7803681 0.33146754 0.9888849
-0.2767989 1.1436776 1.2489235
-0.6924871 1.4712609 0.6819535
0.3876671 0.3610618 1.8330978
0.41408965 0.2264405 1.6905195
0.06000463 1.1630131 1.4706954
0.075808495 1.146653 1.4827107
0.48888534 1.1626247 0.65111035
0.50124466 0.56613505 1.8600537
0.43544558 0.089545734 2.0846267
-0.084654085 0.4623529 1.9279376
0.1372323 1.2165387 0.7433992
0.2506178 1.1727309 1.3785502
0.112065084 0.98569834 1.7585565
0.27091306 0.04623074 1.2571757
0.26363403 1.5902827 1.2447133
-0.78814894 1.4127026 0.28058538
-0.002684459 0.49636692 3.008248
0.4918121 0.3848116 0.50351256
0.48470747 0.47036088 0.65824133
-0.082096 1.3059055 1.6870396
0.77679515 1.1462891 1.1331153
0.2838331 0.80187327 1.7533531
-0.28474218 0.4236493 1.5691924
0.7664459 1.2974094 1.2351072
-0.3323642 1.0204794 1.2469392
0.2623083 0.65315026 1.7430613

