0 0 -1.0064398095576563 0.608838513854197 0.438677158645432 0
0 0 -0.36927939717649627 0.7410977196814179 -0.06273148840518061 0
0 0 -0.9849789693033629 -0.49582852495329405 0.6176637404729599 0
0 0 -0.3316902074356376 0.7424991260422492 0.12479934252034777 0
0 0 1.4350346153572735 0.11794647159795356 -0.8066340686977909 0
0 0 -0.7901647263190733 -0.3510293666702905 -0.734653643528176 0
0 0 0.012386290818491519 0.7296961244738454 0.3562215027971338 0
0 0 1.515556423951538 0.5809508850735114 0.4637073259187382 0
0 0 -0.6492128434988536 -0.5749041189151656 -0.585666144444266 0
0 0 0.07719410360244994 0.5212967769976653 -0.580936879888947 0
0 0 -1.3058158861766866 0.5841715381784258 0.5003630636192907 0
0 0 0.5981769463876287 -0.37740258958048295 0.6871672695958309 0
0 0 -0.5962936690428406 0.3102837760282728 0.7633643954769489 0
0 0 -1.470642688838193 0.34452580751795053 -0.7629989473656285 0
0 0 0.09167286397330643 -0.6917595240087637 -0.28846696461675175 0
0 0 1.4341439489229604 -0.7763565726145262 -0.3093073487658043 0
0 0 0.5747366402210154 0.633366756635852 -0.4855074416679603 0
0 0 -0.11784916532392398 0.7461368365280764 0.3289263053392136 0
0 0 1.3326547863481717 -0.7293998220550064 -0.17921943011970798 0
0 0 1.1226943013646036 0.6263401977765448 -0.5431376514919412 0
0 0 0.7501123802290102 0.31191919368080867 -0.6893096772927206 0
0 0 -0.1847634929704749 -0.7721374572774223 -0.1323061192842667 0
0 0 0.023630612917293847 0.27305468120996773 -0.7810049224017365 0
0 0 1.0927200925303464 0.7404711905570525 0.12355545675170942 0
0 0 0.9637531666665313 -0.7840401251618211 0.2297358875118847 0
0 0 0.9974826410881534 -0.17105445583047066 0.8048062270895732 0
0 0 1.1455387044578065 0.3503279194438278 -0.7571212408630404 0
0 0 0.9439289484772355 -0.8354145810041654 -0.04554750166877007 0
0 0 -0.747561504839126 0.48390703524533873 0.6404425102679288 0
0 0 -0.31937695253821463 -0.6006672044263117 0.43954594633772115 0
0 0 1.5671037764928344 0.4042030350800289 -0.6387944230472724 0
0 0 -1.4317596077785668 -0.2906152142222278 -0.6917621622299401 0
0 0 1.221553799552619 -0.0729604670226021 -0.7583988072666648 0
0 0 -1.27410002467533 0.5168954893460544 -0.631350216299896 0
0 0 -0.4546743994001019 0.005255437471456282 0.740456329766832 0
0 0 0.7671426306122004 -0.47883884423741224 -0.5978907255787111 0
0 0 0.8179968293482696 -0.39460789069900504 0.6879383884792236 0
0 0 0.6661892178112172 -0.2910473352787887 0.7578135584482875 0
0 0 -0.3333191591418012 -0.7556362647469472 0.07896828535052533 0
0 0 -0.12892743495513015 -0.568004738137885 -0.5042708662563911 0
0 0 -1.433673915186448 -0.5255497115760195 -0.5343952333396443 0
0 0 -0.27819408039453486 0.36971880099111976 0.7345462987780488 0
0 0 -0.6011611782468473 0.43642182088897624 -0.5984939114148985 0
0 0 -0.04838008112138481 -0.2916170704123182 0.741670103985564 0
0 0 -1.294466008450975 -0.7721195963328911 0.29310390918257156 0
0 0 0.9076543549229528 0.2224937171053924 -0.7494363579316229 0
0 0 -0.4115799795366637 0.07532842042793449 0.7368199652091373 0
0 0 -0.20272933490025258 -0.0511759102729613 -0.836923471131197 0
0 0 -0.8011851427086687 -0.6677567762359727 -0.41647986433555684 0
0 0 0.7454716922666114 0.7347326995656579 -0.31893988228932435 0
0 0 -1.020254986052298 -0.8206286621541002 0.1666919206155577 0
0 0 1.3154546944331074 -0.7399044314563711 -0.10822540781339791 0
0 0 -0.1219003698015293 -0.83352271081414 -0.013399660720984388 0
0 0 -0.8778986776932001 -0.05062035211216045 -0.7515638586032345 0
0 0 -1.4221585204955918 0.5257867569463589 0.6417367024018505 0
0 0 0.8008072448791488 0.7323175961611917 -0.23927924601594006 0
0 0 -1.220899003459994 -0.7643466112162605 0.21862669125589654 0
0 0 0.5978418847962979 0.710221874977214 0.35782607956732343 0
0 0 -0.24877608953310548 0.42127077625158826 -0.660083363879108 0
0 0 0.9301416347605516 -0.7202410496971517 0.20434369476457004 0
0 0 1.157803415396263 -0.13641644205560988 -0.7440655703548453 0
0 0 0.9290481326293736 -0.3349020393732696 -0.7429775525249116 0
0 0 -0.005790555275696274 -0.20872230346430892 0.7820722882753982 0
0 0 -0.32043098158324024 -0.8169822458821712 0.15102513170111562 0
0 0 0.23978899930432918 0.7812318663037899 0.26821145938530994 0
0 0 -0.6600564738050244 -0.35290927719108456 -0.7044007133357072 0
0 0 1.5459789880474566 -0.8122773896242893 -0.0993826983603909 0
0 0 1.023958033829158 0.5040769470817665 0.6138291719032161 0
0 0 -1.4442222542025147 0.15428842987239091 0.8159368172914558 0
0 0 -1.1246921223003232 -0.7369902726766626 -0.14573639007820496 0
0 0 -0.013597963072373265 -0.6462233088916712 -0.48006014984201445 0
0 0 0.6879551437608389 -0.8096549660713662 0.1018854967531404 0
0 0 0.35284807551451003 -0.2820238663724203 0.7093098005035388 0
0 0 1.0497324889992488 0.7680474186550275 -0.13387686242115346 0
0 0 0.2278211983268854 -0.14883001991976239 0.738433021185501 0
0 0 0.5706958307964838 -0.7577310859816551 0.25441927526826025 0
0 0 0.9618465948696184 0.5341126041158222 0.5277415596941242 0
0 0 -0.24525913944420052 0.21942776643609127 -0.7378848052817526 0
0 0 -0.2955087084909176 0.7972222177054361 -0.16826319780998403 0
0 0 1.2886617799504494 0.057641900729094725 0.7483713240718256 0
0 0 1.4682314548000757 0.7456730215538909 -0.09801526860394473 0
0 0 -1.113274312224345 -0.5026539699807578 0.6030141748327493 0
0 0 -0.8507881064901107 0.7594762705297994 -0.10570651874447869 0
0 0 -0.1480863968475996 0.3823714618455907 0.6553155485606403 0
0 0 -0.2733980374486553 -0.11648979171573313 0.7779295063749254 0
0 0 1.4490947111169392 0.706503729288459 -0.3788816926660189 0
0 0 -0.7361916190200961 -0.7709549134989523 -0.20061055930196078 0
0 0 0.44503275964634614 -0.7415177234471455 0.33270917041498255 0
0 0 0.8148441022875845 0.6789283688662878 0.45544737976922 0
0 0 -0.2843440039817968 -0.8233279111753516 -0.07476460804161326 0
0 0 -0.7168162416696167 -0.4934945059330557 0.6777913669116035 0
0 0 -0.555617803863671 -0.488792818596247 0.6103880210842028 0
0 0 0.7528690575349031 -0.4717420391418597 0.6670350766550277 0
0 0 -1.4406644802349142 0.7403397108277995 0.056102710180717066 0
0 0 1.1296841685380765 0.5095551514620635 -0.6509066486555676 0
0 0 0.03806943518004213 -0.6773267415815447 -0.4350747761674447 0
0 0 0.5015962526252644 0.33610281961129485 -0.6753471869256679 0
0 0 0.012251343150891492 -0.6432557934736957 -0.45165625470705406 0
0 0 -0.5907424247013634 0.47799803300721305 0.6049660446537498 0
0 0 0.9635582820927824 0.3286230230641115 -0.6755555973178264 0
0 0 1.1242536014662612 0.6656224096795995 -0.4966281321148617 0
0 0 0.00042667848762967253 0.5277497845384199 -0.64440599796088 0
0 0 0.8946639467238362 -0.38454135758247243 -0.6666800350991826 0
0 0 1.3842165745505142 -0.7153466575515116 -0.2398835895664762 0
0 0 0.9187629181584218 0.6068917668647714 0.43109819105375535 0
0 0 0.2553382790874992 -0.27696677098937955 0.6892541783944083 0
0 0 1.370739042753188 -0.29036597113717266 0.7846661870644766 0
0 0 1.0754906540419804 0.29854135369642704 0.678878525010639 0
0 0 0.7517756454742983 0.5835285277365602 0.5736605299745101 0
0 0 -1.351071948931386 -0.3171444751663438 -0.7483874416629517 0
0 0 1.488326345548328 0.2938989711109372 -0.7484162410857175 0
0 0 0.9882871334336145 -0.15161382915456784 -0.7486793140523036 0
0 0 1.2041681237982509 -0.3701071756321643 -0.6449119477417942 0
0 0 -0.9594737746235088 -0.13533558528104891 0.7456215084000449 0
0 0 0.3616168764588745 0.22211070911595526 -0.8001314225850572 0
0 0 0.9085257156957489 -0.43308736468474585 -0.7097013069653937 0
0 0 -1.4118606755515837 0.4637715411801422 -0.6833328616942536 0
0 0 1.0655062339166839 -0.6908178120135802 -0.3152547210498974 0
0 0 -0.5595754647522433 -0.2366344516655537 0.7342975578404397 0
0 0 -1.447748252762563 0.5260293282899107 -0.6089107633961777 0
0 0 1.5542838835159838 0.7927943111430342 0.1051812400081751 0
0 0 0.9942872393326647 -0.631314234047683 -0.39786164221895043 0
0 0 -0.21656384548500252 -0.6574754435199855 -0.41094948513797325 0
0 0 0.47141031751848894 -0.43464638216512874 0.6269270204000722 0
0 0 0.27546851228845926 -0.25837438174377675 -0.6948426957943378 0
0 0 -0.7791324430002777 0.2837822002236173 -0.7611160050241161 0
0 0 -1.496592347350952 -0.6135106373896115 0.49822421992612437 0
0 0 -1.1125982402997647 0.5507353001731812 -0.611455995138808 0
0 0 -0.829037005969051 0.6460263773661149 0.5121929852870798 0
0 0 -1.4233722071878652 -0.24645463243987706 0.7838246681527833 0
0 0 0.5423530202765057 0.697024564974502 -0.4036356715924573 0
0 0 -1.4854254302334888 -0.716532805988216 -0.3552879881719323 0
0 0 0.9215822661255104 -0.7107186741643874 -0.27144990291459553 0
0 0 -1.2792803218142477 -0.36181194639092024 -0.6985590538240509 0
0 0 1.3302851899250987 0.7618868156190756 -0.04543658543592649 0
0 0 -0.7968512629771617 -0.6328912674320947 -0.40664191376593045 0
0 0 0.5685562353928311 0.4047986061973689 0.6938720260623148 0
0 0 -0.875064706625871 0.716662395029576 0.3262884788698075 0
0 0 -0.49376839773345904 -0.33694231392945906 -0.7396471327856653 0
0 0 -0.17284145702028053 -0.7782317041152348 0.24922290866083247 0
0 0 1.1682119174753964 0.3196712928134523 0.7686810305577131 0
0 0 0.8792232513875509 -0.10148032093168886 -0.7507638919235456 0
0 0 -0.9118217848558205 -0.8338606138443494 -0.03761271236649898 0
0 0 -0.8687480031743621 0.008307688105616445 0.7540227489996435 0
0 0 0.8910434420497868 -0.7054214238363928 0.44966511518634095 0
0 0 -0.1496546772219447 -0.5416845158623883 -0.6225070520225982 0
0 0 -0.908281278791428 0.3675952873925564 0.6668822305744824 0
0 0 1.503174457219501 -0.724935052036239 -0.36189304289275637 0
0 0 0.03792685382382088 -0.5012687981087035 0.6263927369495162 0
0 0 -0.2648905276867173 0.3357993937085628 0.765895783137108 0
0 0 0.7553794895569235 -0.6617543674731158 0.4736118156270735 0
0 0 0.7616750541154773 0.7919109322129593 -0.010654954007787446 0
0 0 -1.490668406285359 0.7739196887218944 -0.005074255401918732 0
0 0 -0.4162836650907895 0.7636848004618363 -0.257988167891147 0
0 0 0.28663235437388557 -0.6696224691220392 -0.4368026418487485 0
0 0 0.07473644825454162 0.44935898147156755 -0.6956665513198983 0
0 0 0.8262245686551046 -0.4271710803823922 -0.6811358287544419 0
0 0 0.6110572703843413 -0.13565525401531564 -0.7417360911498107 0
0 0 -0.18688845996577252 -0.7362323102382606 -0.2167402505367193 0
0 0 -0.6641438841722545 -0.03907563448532906 -0.7676551881683044 0
0 0 0.2842409598325806 -0.5701883936315364 -0.5561697496244047 0
0 0 -0.02821505234978683 0.6671244098362286 0.3279721750960606 0
0 0 0.46425287801738335 -0.5521923310596196 0.5093363621448463 0
0 0 1.4367151494164934 -0.6083412524792996 0.4554579522956795 0
0 0 1.4648846484837779 0.7302548019692547 -0.303050437538662 0
0 0 0.9101494023160162 -0.3217627979970908 -0.7439962984421987 0
0 0 0.7972966775114512 -0.38971503218745 0.7002511132917866 0
0 0 -0.9854621740457588 0.48376107929920853 -0.686571626534991 0
0 0 0.009070420184677852 0.7328064322330398 0.14606892535102417 0
0 0 0.5521224319905467 0.6429534101123627 0.41291953951361376 0
0 0 -0.5111633339865971 0.6293783743719474 -0.39807427933685946 0
0 0 0.28552441781516835 0.6121393154990165 0.4889952064506642 0
0 0 1.374969637976414 -0.6761497977325366 0.4113333221447989 0
0 0 -0.302990739530385 0.10072663005808932 -0.8323868137803349 0
0 0 1.5565366302173085 -0.40051985341188223 0.6286638409363765 0
0 0 -0.6073585892897709 -0.01678719576028226 0.8139603149984908 0
0 0 -1.5432037549991569 -0.4673896624675081 -0.6029417736818775 0
0 0 -0.6630704016277558 0.5606642390118506 -0.4939478848953876 0
0 0 1.1705455283147437 -0.15402395256006507 0.8123741586277617 0
0 0 -0.8367787621037233 0.09363608341817976 0.7839455046876772 0
0 0 -0.007298178575343206 0.7150207069544673 0.4210566677302761 0
0 0 0.7519578994322504 0.754747503249137 -0.15846793791889796 0
0 0 0.22659886659875994 0.7802377835593696 -0.30252851494142796 0
0 0 1.3009105933200846 -0.7972305459790648 -0.23627714838879438 0
0 0 -1.2343676187050698 0.5548876584742061 0.552974340432678 0
0 0 0.28332356280910953 0.6025763800922825 -0.4640784245699741 0
0 0 0.9085742347586292 -0.6047666547083218 0.5438552868096662 0
0 0 -0.9928596320541104 -0.7110124045160946 0.41910997766690006 0
0 0 0.3527676207037518 0.34907515735281053 0.6539809371033826 0
0 0 -1.2336234000610722 0.7106289023769944 0.3258914084216814 0
0 0 0.6297069929860784 -0.48629496156977003 0.5944713915359506 0
0 0 1.0047088107486721 -0.7252219465788515 -0.27959200068118867 0
0 0 -0.34631840751075615 -0.21594497759414372 0.7421736378964688 0
0 0 0.918834377029389 -0.5251736675636514 -0.5440138483290647 0
0 0 0.17246888584550124 0.025248202313658766 -0.7936776806276695 0
0 0 1.5054359281674499 -0.26115642568569575 0.7884150198231661 0
0 0 -0.22006107070288894 0.6684320607852213 0.35576519983820454 0
0 0 0.2291029201993906 0.010419293257287406 -0.7461543727856116 0
0 0 1.5467663134933742 -0.7103332638614372 -0.3338921102818262 0
0 0 1.1834345545952258 0.09178599979554541 0.7894903582795804 0
0 0 1.1446010240700106 0.7621001320372525 -0.09701140601441821 0
0 0 0.029781245148972513 0.13197531779418595 0.7944079324309877 0
0 0 1.0502943193393595 -0.7435950410368395 0.2076832772602205 0
0 0 1.2265399134796788 -0.10807172716038797 -0.7762322317488207 0
0 0 -1.343681191702815 0.8020681218409238 -0.13611077063133814 0
0 0 0.7500126307620234 -0.8146063993604852 -0.13717321473906588 0
0 0 0.3558772665919445 0.7948405271371172 -0.03160357556893698 0
0 0 -1.2215382954668337 -0.43106133543762515 -0.6475307061249054 0
0 0 1.0878450378577385 0.7861432173886131 0.2760209415757273 0
0 0 0.22624708602766153 -0.6799973171624245 -0.36675948323147944 0
0 0 -0.30039370830043133 -0.7563504018103615 0.2513843280347195 0
0 0 1.3253066128943702 -0.3728155404488846 0.6782332073157943 0
0 0 -0.9919175252107373 -0.7502333443024201 -0.2129882427777953 0
0 0 0.45765319034204 0.07669343488724972 0.8214710189063934 0
0 0 0.16337530086936725 -0.6910447603134191 -0.41657790476925466 0
0 0 -0.757138155386768 0.7975535489001171 0.20759751179930372 0
0 0 0.9179943933050354 0.7824669609679648 0.2589389919792795 0
0 0 -1.4264775248604686 -0.6611892102171172 -0.35787669362547503 0
0 0 0.5030676410511297 -0.0023612019076459084 0.7566159573371458 0
0 0 0.8659676850687097 -0.6621247394220011 -0.35499061174739116 0
0 0 0.713479534552206 -0.18333832845090867 0.7262789105356116 0
0 0 -0.7914124038694897 -0.4365497323768695 -0.7072307739953435 0
0 0 -0.8459873500984688 -0.5621160484398731 -0.5230176995737612 0
0 0 0.7766273457216646 0.25375381040142103 0.7698874892247205 0
0 0 -1.5078659379145412 -0.6227244124514406 -0.4258300800023 0
0 0 -0.49095510802671183 -0.6733272424001382 0.42962998606202707 0
0 0 -0.015213452535395966 -0.228062606464484 -0.7672264139364718 0
0 0 -0.8427187827420072 0.8178725895454146 -0.06416875278163461 0
0 0 -0.7938696971701233 0.5525495339287925 0.5863043226621093 0
0 0 -0.24815319390175405 0.07635287059311378 -0.8166622274533986 0
0 0 0.7526167146919258 -0.7430435770910633 -0.3181173449502771 0
0 0 1.3578995598912855 -0.6358702781344462 0.45564364644993205 0
0 0 0.5253850804915086 0.6702307740963459 -0.48745467300870177 0
0 0 -1.4127463518083792 -0.6677359022435021 -0.44251404089787655 0
0 0 1.2785999311029124 -0.78370093926355 0.27919425167830725 0
0 0 -0.3499374562943314 -0.8242018996281146 -0.130034971822205 0
0 0 1.010236119894905 -0.40264775198952835 0.644705218528171 0
0 0 -1.4273632607967173 -0.49288441234060787 0.6702281971334625 0
0 0 -1.2317455901075316 0.40171265683086105 0.7220904947314395 0
0 0 -1.564448999445554 -0.19036001425719692 -0.7370195294216169 0
0 0 0.23524313402198427 0.8056167078988475 -0.1309533870055222 0
0 0 1.3717970532011288 0.6520832014954295 0.4443289382186481 0
0 0 -0.5319801928518797 0.7636508812859376 -0.21244742648988066 0
0 0 0.6683028265422681 0.5135450272175961 0.5378642952503577 0
0 0 0.20076025764640293 0.17286801533572263 0.7551228410824153 0
0 0 -1.553483993787757 0.2433313226960547 0.745351314618307 0
0 0 1.1991876542199078 -0.7770801319718964 0.016602263235944013 0
0 0 -0.8154044403480167 -0.341131287422611 -0.7233281667970961 0
0 0 0.6522538153790061 -0.8218097183327396 0.09788501264767765 0
0 0 0.05727367868755251 -0.7183350269677932 0.37329302260511904 0
0 0 0.6219751794935746 -0.7374759056185821 -0.3756831777675055 0
0 0 -0.11520939533413888 -0.23537245459808495 0.7017382285778452 0
0 0 -1.3570476483226586 -0.06021093393388131 0.7810366925282544 0
0 0 -0.5021938540030133 -0.8079206143724881 -0.13656951374125068 0
0 0 -1.3082425077568383 -0.6764349462701059 0.44730417507550563 0
0 0 -0.6278608045498624 0.690829266123555 0.3099700221726947 0
0 0 -0.025478602711521914 -0.14550379675529165 -0.7387903280917825 0
0 0 -0.6558254509277464 0.7886503462611723 0.02863983387884695 0
0 0 -0.34140444052634034 -0.30526077324036865 0.7556774338792362 0
0 0 1.1188526715571911 -0.7539203239253326 0.06207642008399013 0
0 0 -0.5280981526193445 0.0953401066172239 -0.8293574940669269 0
0 0 0.45084869763563873 -0.7602081276170151 -0.259818770228138 0
0 0 -1.3410981397568058 0.7522356318516539 0.30730136841395295 0
0 0 -1.1277627753853965 0.6121481199707538 -0.5522885599247161 0
0 0 -0.17672375916129246 0.6478055799821409 -0.44495381421114855 0
0 0 -0.5181327839281973 -0.7704219569764903 0.24904617462227757 0
0 0 -0.11917783257382997 0.8058052612403968 -0.1627417798050817 0
0 0 -1.0205076941795528 -0.7444432644458797 -0.14954153823671587 0
0 0 -1.2314385875291904 0.3803234594927169 0.6780578902510819 0
0 0 0.9834961385736092 -0.7744191016544533 -0.1964395105641829 0
0 0 1.4904916965748196 0.04712864613430387 0.820206978197093 0
0 0 1.4711632959087804 0.4778218254028263 -0.596469507839153 0
0 0 1.5513799014049674 0.6998083183987928 0.43707525782752465 0
0 0 -0.19859703747139346 -0.11292187611929808 -0.8283776558423034 0
0 0 -0.3244622554179184 0.4509455616260468 0.6991818364535406 0
0 0 -0.5308474415055746 0.18656275145556736 -0.7169219188818825 0
0 0 -0.5681928868249664 -0.672684079677459 -0.4222806583795041 0
0 0 0.05774910021986557 0.7251985621792763 0.19090015627894938 0
0 0 1.364190133815471 0.13697041941702068 -0.8256243125529749 0
0 0 0.892962616710296 0.14502885293525872 -0.7894119268568465 0
0 0 0.3918928389255776 0.6415315054246582 -0.43382377839752295 0
0 0 -0.2358765013283346 0.26743052675772916 0.752585041066538 0
0 0 0.2669154753753489 -0.6834196479749323 0.2986827879096534 0
0 0 0.13814848795806722 0.557222060735731 0.6127361325764895 0
0 0 1.047139356214842 -0.4689224198251251 -0.6921731864792997 0
0 0 0.7239044000408539 -0.8166416012304087 0.1000265611686041 0
0 0 -0.25647317163103356 0.3960241753627861 -0.6830291159899156 0
0 0 -0.9986878124255526 0.21843808462831818 -0.7649637171145182 0
0 0 -0.20112026961263574 -0.5541369054555512 0.5749881931465898 0
0 0 0.021354860495727213 -0.6543542820152124 -0.4748756975289145 0
0 0 -0.7427765709694857 -0.5071571766534062 0.5865170654913927 0
0 0 -1.2290414484093777 -0.12652053499547203 -0.8276709236509212 0
0 0 1.05424102935037 -0.7777812673042418 0.013595973491561877 0
0 0 0.9278886862390325 0.8283862911536207 0.12734202361088853 0
0 0 -0.03299315656613744 -0.5786494147266295 -0.48895060895198533 0
0 0 0.3524579128957366 0.2536723885193641 -0.7739374144027794 0
0 0 -0.8323677347926284 -0.04322703637978655 0.799853743617468 0
0 0 -0.5997033545246829 0.7588037532806272 -0.3519050897853001 0
0 0 0.37342824358711146 0.33638807844703394 0.6854702385821132 0
0 0 0.6280352746306077 0.3943461567714198 0.7149175099680571 0
0 0 -0.5537447462324341 -0.47627929362980875 -0.6273499370784904 0
0 0 -0.6286413120417886 0.0578711970984699 0.7788651160094342 0
0 0 0.06939730026835722 0.3848028225811952 0.7324305498370575 0
0 0 -0.8101900931217682 -0.817714682425144 0.027773685217350734 0
0 0 1.0761786096043902 -0.17944327695944767 0.79800848274162 0
0 0 -1.003473107311598 0.1962472391897862 -0.7652292810125542 0
0 0 -0.6691286475702605 -0.7129253960051897 -0.37477152122282686 0
0 0 1.4986931867110993 -0.7578173459589169 0.11883361029746631 0
0 0 -0.2869377834859197 -0.5546488526841912 -0.5005739096714965 0
0 0 -0.3890261835789066 0.6516565516183813 -0.49888379107392744 0
0 0 -0.30641995152363144 -0.2945749686312059 -0.7705272709064934 0
0 0 -1.1250571302888086 -0.7616067077988008 0.04391894266700935 0
0 0 0.22045642300797108 0.06741292864053228 -0.7826977136767189 0
0 0 0.8745089598860467 0.017437777772463494 0.7516208127346792 0
0 0 1.3619529716398886 0.5391767441851381 0.5821551088147995 0
0 0 -0.0894358318161328 -0.19209937811996053 -0.7660716506381025 0
0 0 1.16921905797334 -0.4710147309719252 -0.6184950999934711 0
0 0 -0.5088597411516409 -0.3569345609791556 -0.6702101273487011 0
0 0 -0.31494128676206934 0.7660501648417996 -0.16051310356280032 0
0 0 -1.4342588700972545 0.08051381165608962 0.7596328130763355 0
0 0 -1.3892913026793072 0.09070183429124888 -0.7618296694927473 0
0 0 -1.077855995659108 0.10333500656301974 -0.7910765002731035 0
0 0 -1.400613568276059 0.7199141303184908 -0.3579906152769624 0
0 0 1.1209478161105961 -0.12498626597396112 0.7996526768109306 0
0 0 0.27863182573608203 -0.34906872812370954 0.7512633691103229 0
0 0 -1.157371062757002 0.68393532926062 -0.47472972074171765 0
0 0 -0.4360426783615394 0.5770516913599456 -0.5062631290618966 0
0 0 -0.6976315453831002 0.3713802357334966 -0.7381048257242829 0
0 0 0.4486626037280552 -0.38884449031389456 0.6564674092782655 0
0 0 1.1690030793057513 -0.7792289393972728 0.11887503941435913 0
0 0 0.7310502645356522 0.48619429395544383 -0.6477592775155098 0
0 0 0.37424436975956055 -0.6845797270525172 -0.33062325148097216 0
0 0 1.0869051976090818 -0.6249187465475883 0.4117613801028137 0
0 0 -0.8020633837772625 0.8041843185670583 -0.010718079669099533 0
0 0 0.02906715670508886 0.3120134319589011 -0.7310714506180832 0
0 0 -0.28953730981783377 0.20316032866216371 0.7820822787414474 0
0 0 -1.2338471617819207 0.3553223055318384 0.7486853220346711 0
0 0 1.0160850361769072 -0.009409944334222459 -0.8098465611360872 0
0 0 -0.5853551706340221 0.6467284969272439 -0.5178270117842185 0
0 0 0.790942268188835 0.21361092025326892 0.7176773466177411 0
0 0 -1.393489020126555 -0.2990474990104401 -0.7157230689200873 0
0 0 -1.0058392627301784 -0.7683272855829429 0.2846556983162096 0
0 0 1.4258594254244605 -0.8326864712668098 0.1004260807663313 0
0 0 -0.0015845727849790325 0.07229795238846042 0.8281529718279832 0
0 0 0.3496011804938708 -0.7357360464827795 -0.3300873429574539 0
0 0 0.31571445845516655 0.44358424356142784 -0.6225859419598868 0
0 0 -0.36322437869961477 0.07372507149854889 0.8366379485841349 0
0 0 -0.6451919503972265 0.789590408674653 0.115320920736479 0
0 0 -0.7140045570320357 0.5570653823555637 0.49061672500323794 0
0 0 0.03226106009180785 0.4204061134662199 0.6098392564563121 0
0 0 1.2835377950907456 -0.42628447908164124 -0.7058444641513809 0
0 0 0.24831868560358417 0.17839155896960868 -0.8174442118838908 0
0 0 0.36708691956797357 -0.6464751811632904 -0.3803945169636203 0
0 0 -0.39293772695577234 -0.13652323602126948 -0.8060460237550259 0
0 0 1.3212019349456745 0.22188994994978725 -0.7813912157662418 0
0 0 1.0493675749322482 0.5469926140125575 -0.5994528175547542 0
0 0 0.9712868651435724 -0.4907420154448353 0.644896674937789 0
0 0 0.5319586533646756 -0.24416071161325587 0.7869592596808097 0
0 0 -0.6842475476039538 0.6005966478248062 0.46336998284766867 0
0 0 -0.2157686298662671 0.78094002651141 0.22309901721422762 0
0 0 1.4031785695426033 -0.6078204233293855 -0.5163296143749915 0
0 0 1.398133433768228 -0.7344408990008453 0.390722153344892 0
0 0 -0.25262721449064074 0.4935487784330766 0.5629645353861885 0
0 0 -0.9207092883402501 0.7582867493331454 0.23021809828726003 0
0 0 -0.1319878011250537 -0.7753734490781711 -0.016699806645943987 0
0 0 -0.5684693223871355 0.7085970967574651 -0.28015120672607385 0
0 0 -0.8849745183950647 -0.6981808775268656 0.3042144157706418 0
0 0 0.7120389202684332 -0.16386884511400907 0.7697176920368785 0
0 0 1.21419804558938 0.7387686586558487 0.22252787386696457 0
0 0 1.5658665304066344 -0.5439985660730277 -0.5166281518021517 0
0 0 -0.01580473516649228 -0.7683471931350719 -0.11596423281081782 0
0 0 0.6594577671298354 -0.17590311890904073 0.7472787598187477 0
0 0 1.4488122530852006 0.3443920002215348 -0.7092822181308536 0
0 0 -0.45095336380064777 0.7397696336546569 -0.07479465952799859 0
0 0 -0.40778866645007583 0.717736827803886 0.22399848463148492 0
0 0 0.8958980876079332 -0.7578929746119492 -0.09531338604891743 0
0 0 -1.2008103572200124 -0.7187827956652281 0.41452732215037214 0
0 0 -1.5668361759972076 0.7120361096177902 -0.30122859939234903 0
0 0 -0.24279105830014625 0.3127193257506163 0.7297585047241748 0
0 0 -0.2992914136904652 0.24977301008840047 0.7498824654622702 0
0 0 -0.3086130015552855 -0.7610578072472064 0.27459257704549733 0
0 0 -0.1920657644991024 0.6972824962543375 -0.31799718512833364 0
0 0 1.536140374879773 0.5593204118102686 -0.5684388186845932 0
0 0 -0.20843727891087438 0.22644742385650846 0.7658994548208901 0
0 0 0.006121163726661827 -0.6369715040830853 -0.5463925108658949 0
0 0 -0.08849867573944104 0.6847330476806536 0.4051089641137558 0
0 0 1.3100953779018556 -0.08475588541299252 0.758701167179398 0
0 0 -0.21676290007225751 -0.7250867988113863 0.34271000283638214 0
0 0 0.41696024154289724 0.5585805618046439 -0.5479127726372008 0
0 0 0.28826748658399026 -0.4987842403055493 -0.6345022207738795 0
0 0 -0.9072883955433682 -0.8162330230213432 -0.14413553831191744 0
0 0 -0.7068562816346027 0.7202997148440885 0.35193699528111194 0
0 0 -0.5808171950866314 -0.4088809206696235 0.634171746861704 0
0 0 1.191047008524908 0.022727907909664172 0.7522633002557392 0
0 0 -0.5901976272029361 -0.39965161703845964 0.6301261051147939 0
0 0 0.6959943393056154 0.3649257257511474 0.6920574982515705 0
0 0 0.9298461647382172 -0.4462948990445772 0.6260383719107822 0
0 0 1.2422740924595592 -0.7110365799181666 0.4427774105360644 0
0 0 -0.21762955612874113 0.7129769070623391 -0.3754401122945034 0
0 0 -1.3581747150451526 0.7070849625969305 -0.304777863992027 0
0 0 -0.23658652682004022 -0.4965153140996609 0.5806342176243366 0
0 0 -1.106936105652688 -0.15180632677964528 0.7882640915469972 0
0 0 0.8566419351197845 0.6041359667151187 0.4910183468389872 0
0 0 -0.6226755859040821 -0.8270606694742306 0.07122573521439016 0
0 0 1.0520628791505362 -0.7408602358151587 -0.05972822071237777 0
0 0 1.1055862998404522 -0.5094694755009402 0.6184003383343473 0
0 0 -1.1245544394958402 0.6501605650369494 -0.5093025237992425 0
0 0 -0.1798409957501057 0.6222538532542714 0.43989672462710083 0
0 0 0.19142110885146235 -0.1315895645417972 -0.7946597202357889 0
0 0 -0.4679938939775943 0.3180679008593724 0.6818721693952946 0
0 0 -1.2270866311302124 0.79414304306475 0.06635712922191521 0
0 0 0.05465750293273719 -0.7626890952005602 0.27989215006533846 0
0 0 0.09144497779147165 0.549396933877597 0.6005118911929267 0
0 0 0.9130123141206421 -0.7641279209743441 0.07293195670687426 0
0 0 0.38435968271599186 0.6768307233577817 -0.4863564292809003 0
0 0 0.03268505651583542 0.04640992597182328 -0.7716972688437009 0
0 0 0.13351866762822806 0.4062038230850407 0.7275813825622632 0
0 0 0.47837802598587587 -0.5494161237137122 0.6221234022396235 0
0 0 1.0388613768692054 0.6898802770667202 0.43580309029150666 0
0 0 -1.2380137094517136 0.7366885471303629 0.12992035822538073 0
0 0 0.1509104204745717 0.2941865647320263 0.7404100157451956 0
0 0 -0.7194432729894313 -0.053368170501044046 0.774855412520752 0
0 0 -1.3564405997480453 -0.27648497912945047 -0.7215144256657109 0
0 0 1.031299104951088 -0.7313410298769271 -0.11641284032211592 0
0 0 1.2768969893156736 -0.5852992029966014 0.4952235066420111 0
0 0 1.4133700194217922 -0.7766433873221026 0.08435725314532526 0
0 0 -0.9896620046128312 -0.45412028070501415 0.6752589810738227 0
0 0 0.7024541452821476 -0.07659813636710179 -0.7761898614576372 0
0 0 -0.7265831547921249 -0.4827557926763643 -0.6674093419552118 0
0 0 1.3067048065415188 0.6620511730933089 -0.4898045579726825 0
0 0 1.442746446292575 0.6686876084080625 0.3491932310551217 0
0 0 0.10855326985048919 -0.5004498755358275 -0.6294621301951372 0
0 0 -1.2444182209509207 -0.7986675774164583 0.032841589111595494 0
0 0 1.4317113364773815 -0.5164478973956489 0.6176445942054409 0
0 0 1.4297244020356623 -0.4814956534747147 -0.6824730496887919 0
0 0 0.4863149934583628 0.7549707750452593 0.29662722212411274 0
0 0 0.42274231214192337 -0.001460145873486986 -0.7755101730029572 0
0 0 -0.5700484435826769 0.7560979176175604 -0.021675578149715723 0
0 0 -1.0181375455929969 0.2699980578007983 0.7357857378990391 0
0 0 -0.4547337483952667 0.057839179375457093 -0.8223778873572205 0
0 0 0.5846025010344107 -0.6811704589403692 0.4566974363823124 0
0 0 -1.424374840798927 0.260572602205956 0.725988468954289 0
0 0 0.5667587594528762 -0.8002296126841909 -0.22870388341758943 0
0 0 1.3101718578713202 0.444658559503779 -0.5965695539635719 0
0 0 1.3083790967273092 -0.5979749703782824 -0.5308233431940569 0
0 0 -1.2246916420941611 0.25521899842654616 -0.7756165063431618 0
0 0 -1.3860899682783536 0.2581515103076373 0.7764391640306837 0
0 0 1.2148010639293938 0.8053959019988397 0.18558983474775428 0
0 0 -0.24631011063313202 -0.13979929281296988 0.7583052905521098 0
0 0 -1.5298985895801636 -0.5204058643438332 0.6378133205760691 0
0 0 -0.8983162945961669 -0.4978599905095606 0.6316210258735568 0
0 0 0.796989498601298 -0.42721507689487687 0.7015316546663818 0
0 0 0.10381546453910895 -0.42404889261370177 -0.6794165790382235 0
0 0 0.8609318852545349 0.19116043900028545 0.798855600064492 0
0 0 -1.521807108194745 0.3178901849890455 0.7462818223489264 0
0 0 0.3567487340054454 -0.6990878585991278 -0.3308575459645519 0
0 0 -0.5667065481393698 0.4565209279760086 0.6008912188191464 0
0 0 -1.0583595515512776 0.5991029947314647 -0.5502072450488653 0
0 0 -1.155390472249557 -0.7014548838217793 -0.44265166914790466 0
0 0 -0.6782970709975615 0.3755750637525515 -0.700720438189173 0
0 0 0.8026575953064019 0.132142891064843 0.8186181621903783 0
0 0 0.18748366085028456 0.7811198086686377 -0.008780781569409073 0
0 0 -1.498026419585916 0.65970665903729 -0.429471215823446 0
0 0 0.3412698824982625 0.39468729071839115 -0.6872461119843732 0
0 0 -1.0183204823654561 -0.40265960116855853 -0.6728486025341919 0
0 0 -0.47392865581583576 -0.7835175339006897 -0.27228416308907666 0
0 0 0.19642230285578677 0.44136196122155485 0.6363090631847523 0
0 0 1.184319103771216 -0.43453279916987647 0.6108291534928935 0
0 0 1.1052662720336803 0.15882620877685177 -0.8238097636398709 0
0 0 -1.2545552865035092 0.7807860927633445 0.07938206312356388 0
0 0 1.2106114420937217 0.5106680994071648 -0.6654743186692899 0
0 0 -0.37364907099528155 0.6997258075460167 0.3716407618474175 0
0 0 -1.1834955661874904 -0.8003829750359568 -0.12256334853275207 0
0 0 -0.27758872042417515 -0.8247929469113712 0.006603588971065287 0
0 0 0.9998744030407813 -0.12977630870540258 -0.7827281312930735 0
0 0 -0.3309651075373803 -0.2043632344171033 0.7566781470402311 0
0 0 0.9341056201362217 -0.8257718683479699 0.14750054090826997 0
0 0 -0.1874495201945836 -0.19808686312318427 0.7228386356991918 0
0 0 1.5212985696917811 0.19584937136165337 -0.7623582115173079 0
0 0 0.653685321361499 -0.5928244510932771 -0.48971353681121604 0
0 0 -0.6425831894023425 -0.5529064978010968 0.6308297128814122 0
0 0 -0.2636104582089762 0.49585606277068117 -0.5906971283093876 0
0 0 -0.5412589855256964 -0.10361068848994552 -0.7590070320548852 0
0 0 0.7109603059866347 0.11145034891132063 0.7397966854644198 0
0 0 -1.135468021692737 0.44486265230336164 -0.618479624586948 0
0 0 0.02662276720929424 0.7630782563351413 -0.0681841368787176 0
0 0 -1.0895383089749666 0.5480890362189101 0.5178080996930613 0
0 0 0.1731091683419006 0.03915393272459382 0.8170586687357534 0
0 0 0.9926132373417969 0.6611090194237326 -0.4590797728607181 0
0 0 1.3033168720123904 -0.005080002840986381 -0.7697662330187387 0
0 0 -0.538062980642452 -0.7392589439889905 0.07658855342477208 0
0 0 0.6566315968086713 0.6431740322117023 0.391518639864367 0
0 0 -0.20368172358630687 -0.6440017798844876 0.4482722716168516 0
0 0 0.6731082153131629 -0.604071740009442 0.5224170335462583 0
0 0 0.8995729567129813 -0.10917857957245565 -0.8070892276716922 0
0 0 -1.2668552279280882 -0.4393036115467108 0.6631513705810663 0
0 0 -0.39578727877241127 -0.13031989007783112 -0.7470632007683506 0
0 0 -1.529434418992196 0.6591497584857128 0.45490757388102404 0
0 0 0.6718002674190604 -0.7501419480414987 0.05085404708058014 0
0 0 0.6269899665916325 -0.7088104548867475 0.33530044487382277 0
0 0 -1.1198011700407309 0.6210005654545321 0.4492034825843446 0
0 0 0.8966405179452752 0.42382571214730536 -0.7251778735709831 0
0 0 -0.3815536476247181 0.08122529421961232 0.804991459153889 0
0 0 -0.2786443128669014 -0.44299879666248915 0.607806147590398 0
0 0 -0.5853009434969128 -0.7254456691816049 -0.392317274516682 0
0 0 -0.9264927983436096 -0.44606715331727 0.5951718869201208 0
0 0 -0.0924556653734867 -0.12990661237693862 0.8012996989710348 0
0 0 0.5955146609496929 -0.27665615923628556 -0.7276981450445541 0
0 0 -0.020688770803056755 0.7494057715380069 0.06823166278043753 0
0 0 -0.5897300260587514 -0.8261110839668445 -0.11933629436993241 0
0 0 1.4854165052794261 -0.5440645081403338 -0.6354172648551075 0
0 0 -0.5588528331028397 -0.18841515084263497 -0.7770518075083012 0
0 0 -1.1318531076800744 0.18962459715366597 -0.801522411503041 0
0 0 0.173409147422541 -0.3990724320608879 -0.6420931019606263 0
0 0 0.21871563388230397 0.7759419344165935 -0.31014377490429085 0
0 0 0.020574156216981665 0.11811100041491053 0.7819888137370241 0
0 0 0.19412262958825277 -0.6364728546490519 -0.4475841711146586 0
0 0 1.0936131219851752 0.3021325927186722 -0.7410284283991823 0
0 0 1.0519448075763038 -0.42812326981742277 0.709764176484907 0
0 0 -0.6125325785251087 -0.30615657260355683 -0.708065379959912 0
0 0 -0.19256284030078286 0.20630122717889263 -0.7994506827938787 0
0 0 -0.05709480361361252 -0.7927073210545033 -0.2655591271248401 0
0 0 0.10506490360409071 0.7352354642072721 -0.26170723733475343 0
0 0 0.15058698933296655 -0.025775266225077375 -0.7859035282126258 0
0 0 -0.13354401885497724 0.6816965828652332 0.3957568068639923 0
0 0 -1.1686508821908999 -0.4274262891748427 0.71831909228824 0
0 0 0.41220681487687294 -0.6062419182335508 0.49078681249945905 0
0 0 0.9029525817211943 -0.8047940492103677 -0.1933184677648137 0
0 0 1.065259011635082 0.7503013742101184 0.1523404674956565 0
0 0 0.7594099499372127 -0.06844245245956473 -0.825263115558951 0
0 0 0.41287216103657776 0.14135967390617873 -0.8182887451462552 0
0 0 1.1861566391183427 0.18100742034254838 0.7448056074381503 0
0 0 -0.7497129263071203 0.20911295114409367 -0.7827341366285245 0
0 0 0.33996819486977126 0.6805756914689082 0.47827982984069944 0
0 0 -1.2281464356614635 -0.7602764504591429 -0.21948857385860818 0
0 0 1.0394990961300152 0.004565223051129371 -0.7655038088287442 0
0 0 -0.8782182242919426 -0.2252317756419992 0.7088776250431063 0
0 0 0.5153273520131982 0.4744041021877462 0.6607365973450303 0
0 0 -1.2358952931747795 0.22497968744381314 -0.7464156215820692 0
0 0 1.0727792224356025 0.17597040939899444 0.8073864164581148 0
0 0 0.5736610982746413 -0.7335682624870908 -0.1982002585832172 0
0 0 0.5448074222332999 -0.6916166560832364 0.45817127101229643 0
0 0 0.5308614117829973 -0.5254948711219561 -0.6521666188511187 0
0 0 1.012852061522707 -0.4489105731998967 -0.6679561517190769 0
0 0 0.17875835448900657 -0.8017573877861511 -0.24356656459055667 0
0 0 -1.4771514595956177 -0.7995514592233697 -0.07420718936789937 0
0 0 -0.5830412881321092 0.8108956865916291 0.1954814813352622 0
0 0 0.7202801708906961 0.4836696467269669 0.6474434884031655 0
0 0 -1.235724684809957 -0.1415601348474624 0.7410674301887288 0
0 0 0.41675660273367665 -0.5313117369664251 0.5973875411743226 0
0 0 -0.6450425432236333 -0.7762311172014877 -0.22651406435356694 0
0 0 -0.6431353817667597 -0.567784547565777 -0.4936182824617955 0
0 0 1.237035914569911 -0.7618724866059695 -0.2495643196082839 0
0 0 1.3500492159999142 0.726520618735749 -0.1557702423361016 0
0 0 -0.3504626265495421 -0.21300909492777134 -0.7506500330118095 0
0 0 -0.1660231289340932 -0.6649036961834833 -0.4395664934447862 0
0 0 -0.15405457574729842 0.21385249754684849 -0.7734157487440887 0
0 0 -0.30959107017963294 -0.7127242088335323 0.3578800191239844 0
0 0 0.4897936061115016 -0.21938224373171994 0.7183121958004813 0
0 0 -1.268754875785993 -0.50492924693868 -0.6333463753587955 0
0 0 0.7747961538750552 0.5009205113111995 -0.5801344072586416 0
0 0 -0.7426424956464092 0.15417184562769015 -0.7664102364098178 0
0 0 1.1692219940107722 0.7426473501922672 0.07754299441148167 0
0 0 1.4349961564130838 -0.6258074635812898 -0.4490841309521063 0
0 0 0.17774317216676905 -0.2902233872040563 -0.7201327928794706 0
0 0 0.0901737916885339 0.6078330459302356 -0.5129526699621909 0
0 0 1.155047323907466 0.8344934295998541 -0.018207236825597217 0
0 0 -1.187027945112431 0.5340098854251007 -0.6288342353704599 0
0 0 -0.6674603504461747 -0.7661404344144066 0.04291656345928426 0
0 0 -0.9115741507639595 0.4017698086206487 -0.712391896766545 0
0 0 1.0391157696156426 0.20622333920641564 0.7195007969865288 0
0 0 -0.6874137327434267 0.715770746517297 0.3507655774363161 0
0 0 -0.8180473485473203 -0.55290561339492 0.613988810752517 0
0 0 -0.45888797607582665 0.7936887513575925 -0.1546704645070065 0
0 0 -1.1998597307082675 0.6608679081367436 0.4951774251830606 0
0 0 -0.6043455535697894 -0.229586082232392 0.7259314711663242 0
0 0 -0.28236092510386746 -0.48139163089490505 -0.6402308296093565 0
0 0 0.6464891623142464 0.24144114189396496 0.734335724273408 0
0 0 -1.2632234602215973 -0.3645660923575803 -0.7507701638573553 0
0 0 1.1482167757926356 0.4156082173166965 -0.6251384137488243 0
0 0 -0.6273763651293203 -0.79358134434606 -0.1474721533533863 0
0 0 0.44053289013940455 0.30506771182190767 0.6992961247510627 0
0 0 -1.0620355594026742 0.25827089305733736 0.7414749270021013 0
0 0 1.0264487074977562 -0.6955018878845116 0.40244952286817276 0
0 0 -0.9017528750023474 0.797531937834404 0.05557643368340468 0
0 0 -0.3516292915046193 0.244485757582165 0.7263719615081249 0
0 0 -0.6851138635344913 0.14277060709963446 -0.7682723306531548 0
0 0 -0.9033683668904124 0.14572772274111526 0.7503449551373292 0
0 0 -1.3220913640994696 0.09131955980320981 0.7461567331630744 0
0 0 0.2572770079189599 0.8200169820104822 0.12315827249464825 0
0 0 0.044552409528413106 0.7285950148747264 0.21736004561882435 0
0 0 0.44558285988207214 0.28615456923134575 -0.687949216099624 0
0 0 0.5742346446952804 -0.3238695773752719 -0.7265725189785341 0
0 0 1.0163236647811242 0.7746545482071594 -0.3085643542638199 0
0 0 -0.33163603483192516 0.6727384776439451 0.312553077844243 0
0 0 0.6125062633565261 0.21066813934404546 -0.7785228171908606 0
0 0 -0.7170317378671605 -0.7435798703198463 -0.24868700466965055 0
0 0 0.7454804930073187 0.6163568538466094 0.4756787891736041 0
0 0 1.4114562754257292 -0.6804913019091702 0.4844761469912292 0
0 0 0.12493844861391468 0.00991746594747995 -0.8056649747828787 0
0 0 1.1683302938144693 -0.19355288861639 0.7277372840635018 0
0 0 -0.4643060742034033 0.4823438680805636 0.6282360782563905 0
0 0 1.2504125378006252 -0.6629505245149737 0.32911214747546574 0
0 0 -0.05811083053623323 0.10080112672029619 -0.7741051554239635 0
0 0 1.5641818398781306 -0.8056431428164849 0.0860102074731845 0
0 0 1.1344732952646517 0.8183103451829388 -0.15753824258839616 0
0 0 0.6637168084680476 0.4433323712662765 -0.6708519222288446 0
0 0 -0.3648601728112981 -0.04174303542987044 -0.82685071968283 0
0 0 0.05194756369383313 0.02285788915334115 -0.810247844546718 0
0 0 0.01702187020109802 -0.5222640818869015 0.6410289593060526 0
0 0 -0.8599419371749982 0.3323099191970623 0.664008264279606 0
0 0 -1.427288875201323 -0.43889979476518437 0.6065516364788153 0
0 0 -0.807357410721321 0.7581437932951741 -0.14908369754665354 0
0 0 0.8364376039424104 -0.4117653425993294 -0.6224393392001947 0
0 0 -1.559462521006364 -0.6051101475353128 0.47990070193598156 0
0 0 0.437988155553096 -0.033797639302369356 -0.7996071684474721 0
0 0 -1.4179909154681898 0.5901206368570102 -0.5414662593502126 0
0 0 1.5071688972477175 0.7531824496533013 -0.19698591501342086 0
0 0 -1.349313953388244 -0.48905360667111797 0.6750423051091595 0
0 0 1.5099069857482093 -0.3975897641677801 0.6627960976137335 0
0 0 0.17444584536298913 -0.27816285874489227 -0.6958513041812538 0
0 0 0.25710174985926226 -0.536096766250469 0.5609073753186472 0
0 0 1.2129132137221772 0.7467378786873287 -0.28189820464094867 0
0 0 -0.21642900459106174 -0.13667509652792006 -0.7705418653313891 0
0 0 -1.1084944830866919 -0.4173971577764156 0.7253439710119252 0
0 0 0.005476955763753288 0.7576924518060562 -0.041334826355114165 0
0 0 0.8041447709978367 0.28753302299797434 -0.7182797438112412 0
0 0 -0.8777077591336825 0.36174810374865496 0.6668728377367208 0
0 0 1.4954541311652214 -0.2157276919654295 0.7588834033196535 0
0 0 -1.4291829448044167 0.7562534152537064 0.23284519068357318 0
0 0 -1.3605123197423716 -0.7234140919837646 -0.26294065928190175 0
0 0 -0.2845544999848675 0.19628544618636481 -0.7794983834730167 0
0 0 0.15298950035405867 0.7469067351609087 -0.07422752578487715 0
0 0 -0.7506012364547198 -0.7413859423872917 0.19506756425239835 0
0 0 0.21472758236536826 -0.7078841643954428 0.31661595460623215 0
0 0 0.09729038390948253 -0.5639324384928679 0.5667604473533568 0
0 0 0.07943416322114616 -0.5017253799208058 -0.6079897265121414 0
0 0 -0.5371489032719314 0.11081266293509097 0.8144233958077625 0
0 0 0.737622493424773 0.6132922081022816 0.5314795451536567 0
0 0 1.2211335927683136 -0.6894221503737812 0.3330659479536681 0
0 0 -0.7596246899500124 0.03020215124604672 -0.7546085548203885 0
0 0 -0.5298694148094689 0.6850988791585051 0.3075104694406784 0
0 0 1.0047621032357363 0.09850404035640584 -0.8150826009295721 0
0 0 0.24617948298526215 0.6914078650703745 -0.35471136792508834 0
0 0 -1.3882822655256366 -0.757340879342477 -0.2373501285650604 0
0 0 -0.3831825398846582 -0.8063219205027147 -0.12904326236781602 0
0 0 0.6019066414705994 0.08910244744213223 -0.7489876573534326 0
0 0 0.01360099059498121 0.15460869351969064 0.7888456994483602 0
0 0 -0.1995531604772276 -0.7236892677228254 0.18250778822070668 0
0 0 -0.0450588075788827 0.7183096796689717 -0.43306199072430956 0
0 0 -1.3257200294198772 -0.6976726482401805 -0.37116717232032437 0
0 0 1.2373176133866242 0.6035796087549254 0.4480704032937685 0
0 0 0.6414307835823623 0.6539655993530047 0.5172382958581554 0
0 0 1.1273806217894116 -0.7161922319465885 0.24081619067459348 0
0 0 -0.6077602871040044 -0.6285896295209447 0.41310738559708643 0
0 0 -0.11279142887765059 0.7337242171910546 0.4079919432384151 0
0 0 0.24613367118042695 -0.5365495641939931 -0.5790735872341962 0
0 0 -0.6499804580323019 -0.1993291534330013 -0.768105904681089 0
0 0 -0.8116290325306105 0.7599681229984485 -0.0950503724737411 0
0 0 0.6276595947338377 0.5562219456210354 0.6074076587099544 0
0 0 0.2642401083862569 0.35561414000610997 0.6843704222378506 0
0 0 -0.5067314227977007 -0.7200413321719898 -0.30731496211045917 0
0 0 0.2101487404163378 -0.7425977031342842 0.16022735518479547 0
0 0 -0.1715644601447499 -0.29290722431190935 -0.7288465287920017 0
0 0 1.4178036265486216 -0.7728259978052612 0.10421185167566878 0
0 0 0.24027091518106936 -0.07149904573439199 0.7384035756278803 0
0 0 -0.9694385725410044 -0.11425511503328217 -0.7927001375271127 0
0 0 -1.3916586759285365 -0.6223289143872847 0.48928973207838455 0
0 0 1.2887154765682554 0.06992362958679507 0.7621378384878283 0
0 0 -0.0030028381034179485 0.5785691003141435 0.5878210106898243 0
0 0 0.7669194976281846 -0.5206428607733453 -0.5881589750673429 0
0 0 0.7296457010202166 -0.36739389689787405 -0.7516521965624224 0
0 0 0.5064386410660302 -0.8082245518649239 0.1374036954366276 0
0 0 0.476266833712927 -0.16804646431926065 0.7673662378076822 0
0 0 1.176590168860919 0.10806819298758699 -0.7367529433880441 0
0 0 0.8960548898337697 -0.11355758482386727 -0.8147537934443456 0
0 0 0.08371941299314978 0.7649332595964983 0.07616756524210025 0
0 0 -1.5178209915907022 0.5542378966402617 0.5252468332787175 0
0 0 -0.20329672610441052 -0.42486142153285644 -0.6363670556967997 0
0 0 -0.5116774828215993 -0.1174523718587803 0.8231778573842409 0
0 0 -1.5496438709617821 -0.14273940187835035 0.7517844731759461 0
0 0 0.00023903967647020963 -0.17852941734292788 -0.7527207804772466 0
0 0 -0.7477658151212397 0.1553657726825274 -0.7326100875512996 0
0 0 0.812418820425524 -0.5592479150603934 -0.5646453715110367 0
0 0 -0.2252006821980499 0.4320226472460494 0.6997588194874741 0
0 0 0.1604353519160142 -0.7336418485666504 -0.25118757711622236 0
0 0 1.2284814364217205 -0.011564099221610391 -0.8342892056389719 0
0 0 -0.20849723500766237 0.6915477890926678 0.3535703603643131 0
0 0 1.3886527228688528 0.7071096613308077 -0.38983768813228575 0
0 0 0.16236893199543223 0.34692312217753607 0.7219387831592625 0
0 0 0.8440638851123334 0.3293205143845243 -0.722678854838124 0
0 0 1.436964943615365 0.36173458708239054 0.6650469493268076 0
0 0 1.5270320514321254 0.7189045621957943 0.22146828520978945 0
0 0 -1.190289238930462 -0.32762034368631826 0.6707786698700761 0
0 0 -1.4198750395807083 0.555548507783769 0.6051662586389247 0
0 0 0.39115603188681125 0.6153091740645048 -0.43331671968480784 0
0 0 0.3280531117200096 -0.2900355059539773 -0.7869280531002343 0
0 0 0.6960962594484328 -0.09841754256285254 -0.8232102993128632 0
0 0 -1.3540042867470112 0.41775522545805094 0.6706028581244006 0
0 0 -0.3081946898551604 0.709074790418741 0.2794784172702064 0
0 0 0.8341592163227456 -0.6773306348424631 -0.3021572267398062 0
0 0 -1.4673292069420776 -0.45184941100195025 -0.609694580092805 0
0 0 1.4115028156901652 -0.17480580624210215 0.7354543903061111 0
0 0 -0.4678737097186598 0.7320379575193201 -0.19278992357225183 0
0 0 -0.347923736173412 -0.6571363572485042 -0.4072266901840411 0
0 0 -1.3526161613082544 0.8041496922562376 -0.1060221614271986 0
0 0 1.0813440466359774 -0.3111583316872358 -0.7542495110489531 0
0 0 -0.6953096808883074 -0.7532014732045933 0.3481678971689712 0
0 0 -1.021356831330126 0.285544435549016 -0.7678716470337676 0
0 0 0.8444337785707847 0.7774603766280708 -0.02236815002636788 0
0 0 -0.87142847533017 -0.046516688113691 -0.8210765381480267 0
0 0 1.2050836659329396 -0.7224385488562534 -0.37345441394344353 0
0 0 0.7877957502091246 0.2801514734863067 0.7225832349973672 0
0 0 -0.5139112943061912 -0.09117816936076514 -0.8169390596212354 0
0 0 -0.9153326554005585 -0.048126351503953675 0.7607485893431167 0
0 0 -1.4406752316139544 -0.7979862962944819 0.11928525972066147 0
0 0 0.36365759335409953 -0.4003879659215261 -0.6798515683737522 0
0 0 -0.32655034666720595 0.3171979592358451 -0.6939340467340239 0
0 0 -0.9953383063085799 0.7788912510237608 0.22986601721901365 0
0 0 0.854832548695784 0.215424658416816 0.7327486671320648 0
0 0 0.9109403362193285 0.2975153372258517 0.7122176518184201 0
0 0 -0.7319975278489934 0.5313215276174608 -0.5549018769611127 0
0 0 0.8638643287083241 -0.6803004493773732 -0.4354442576577061 0
0 0 -0.6549739375331622 -0.5825543063279802 0.5892212529289731 0
0 0 -0.5296391254993071 0.3740439956919367 0.6548557178597078 0
0 0 1.1282485038130323 -0.14115337906802788 0.8057541068761688 0
0 0 1.380910809737725 0.816099810222664 -0.16627763949240087 0
0 0 -0.7727236546223516 -0.6879667325224852 -0.444168141096409 0
0 0 0.4970662456546018 0.7630808311951235 -0.30503510725543376 0
0 0 0.4571444979571866 0.8326445375267617 -0.0989818425663912 0
0 0 0.6309738080963103 -0.10384158070673771 -0.7627058871393151 0
0 0 0.40897356346010083 0.7538461429903045 -0.02048712235366817 0
0 0 -0.8501980743534696 -0.44278492797639435 0.6195532427054041 0
0 0 0.2623844587249273 0.7724352692615402 0.2681439535644431 0
0 0 -0.3209001903799269 -0.7335976323213155 -0.15910737914404036 0
0 0 0.8481232867086086 -0.7694212134401439 -0.0267573302577278 0
0 0 1.4044433726966257 -0.5753504753393405 -0.522595455490912 0
0 0 -0.6497286584186441 0.41503034321809434 0.6778374274925639 0
0 0 0.209369603679449 0.7375326902027538 0.22954620679680915 0
0 0 -1.2614180794462857 -0.5344659914437259 0.530750720677489 0
0 0 0.4142967905828492 0.4921186895749363 -0.6084206818865313 0
0 0 -0.9248040112223826 0.016192723000601348 -0.7525327923768822 0
0 0 -0.2900197900303738 0.7451467433604183 0.3264668647475549 0
0 0 -0.7095359399662549 -0.7240117679877365 -0.2960864033533951 0
0 0 -0.3393161125837727 -0.751354756114029 -0.041014184217502914 0
0 0 -0.08272856981580534 -0.7551264050315133 -0.3047970394128118 0
0 0 -0.049847197231477125 0.4500166472991465 -0.6988821963910726 0
0 0 -1.21620941161926 0.7360447649762871 0.11900883539167056 0
0 0 -0.1805419988468553 -0.11028164752368658 0.7476246419866811 0
0 0 0.8889436541139952 0.3583813672102052 -0.6595216852426783 0
0 0 0.6277201177167386 -0.5836470942114774 0.5730260256619782 0
0 0 -0.9179116867641464 -0.8130213954713232 0.04820555668850922 0
0 0 -0.14124264441817225 0.6551675102514936 -0.5060028352022122 0
0 0 0.7590773508400854 0.7797438018108799 0.0594665355355643 0
0 0 0.520906205381825 0.17609047549015278 0.7341985523722526 0
0 0 -0.9217405866997869 -0.40693960857787864 0.7303658625043548 0
0 0 -0.1054920530518837 0.7969533635277329 -0.12105385197487258 0
0 0 0.8895875560277098 -0.5547767731627943 0.5407407544620307 0
0 0 1.3264635031702356 0.7757984423140634 -0.03646570537974511 0
0 0 -0.2663642026361617 0.7780675912092996 -0.06994787140824865 0
0 0 -1.3722526223956295 -0.45412385719362813 -0.695924598230662 0
0 0 0.34048040992881234 0.8146681784690231 -0.1377022063485405 0
0 0 0.174588210914844 -0.2520288555563032 -0.7994604852283542 0
0 0 0.3626055627686826 -0.2683240681788588 -0.7113454938086123 0
0 0 0.31365738553863753 0.5668725527175781 -0.5180746089820791 0
0 0 0.10538529472412606 -0.8264813779033816 0.011649852587153824 0
0 0 -0.3264588457175739 0.6445753114140941 -0.4021163398148411 0
0 0 1.4171242620185147 0.6607772952082679 -0.3942228714675592 0
0 0 0.892206437852296 -0.6682533004298072 -0.3685375427044059 0
0 0 -0.9133624767520022 0.752852220514217 -0.03580087600758192 0
0 0 1.3719789166408574 -0.7197698920746561 -0.3831812175492646 0
0 0 -1.1573986967804186 0.22677440885360522 0.7355846820405888 0
0 0 0.19484600618367343 0.486100621464487 0.6425182425340994 0
0 0 -0.557163958773466 0.6219429447629004 0.5361267215999043 0
0 0 -1.3783938225740415 0.6096818384126628 0.469084071705938 0
0 0 1.057689585476322 0.6872695248187827 -0.45324949476211546 0
0 0 -0.943150611358544 0.1402144645368087 0.7972659571437147 0
0 0 0.6669639289608313 0.5068375897568095 -0.6378931893148059 0
0 0 -0.9400845985769313 -0.6451088487231561 0.44630666748335684 0
0 0 -0.32678328026553016 0.7662940353414573 0.33188923034500184 0
0 0 1.019811361828732 0.5130681017981799 0.5474938169742238 0
0 0 -1.5613964715029856 0.3615196074349916 0.7145783223199805 0
0 0 0.7590326428339051 0.08903228483182765 0.7819949661314164 0
0 0 1.4172306387342628 0.7218519049878637 -0.3497991966440053 0
0 0 1.4152895844854592 0.5424635894207728 0.564550530461833 0
0 0 1.1209973789333065 0.44465552489716254 -0.6849007589632592 0
0 0 0.300696550917795 -0.42729236115424246 -0.6425160761717722 0
0 0 -0.1958265848592864 -0.24770888921923345 0.8010834358577142 0
0 0 -0.8860418643565766 0.7975111982299226 0.07074950046743557 0
0 0 1.2311060868659234 -0.5917939841968203 -0.5479145012148693 0
0 0 -0.7746514503884581 0.8081380897980218 0.10819834288198252 0
0 0 -0.711618039094962 0.7087245060513946 0.3885479518069879 0
0 0 0.4619922915842567 0.8202502922635068 0.004200998578708788 0
0 0 0.9686099245135109 -0.5929296278867088 -0.5760657058147316 0
0 0 -0.46839972118644435 0.5159447305322185 -0.541800942884254 0
0 0 -0.1637619945824238 -0.3754515262105285 0.7083201081381327 0
0 0 0.2628122139655511 -0.45575642226660107 0.6204330955248091 0
0 0 -0.9744110302004438 0.5118740808283825 -0.575932810595408 0
0 0 -0.4939757745786042 -0.6419026654971886 0.47090028187540384 0
0 0 1.4519960741646871 -0.4392721164686959 -0.6952436786158603 0
0 0 0.9623621422427622 -0.4559971442807201 0.6239062807793343 0
0 0 1.129676931608032 0.5820973934364218 -0.5872482478354563 0
0 0 -1.075036302142145 0.33198982853230596 -0.7138728947792649 0
0 0 -1.3611568162183938 -0.346095429061335 0.6779293893051579 0
0 0 0.9344748938603273 -0.194437057712919 0.7944086025578093 0
0 0 -1.2092196865836753 0.2522311075215912 -0.7875822588444965 0
0 0 0.5349277970708628 -0.22984660955787728 -0.7533620116449957 0
0 0 0.6190538389526181 0.11420426316236991 0.7603094523672618 0
0 0 0.7581099635355635 -0.8045470889018987 -0.07871926759038772 0
0 0 -0.31817147023574965 -0.5022058345247032 -0.666129789002657 0
0 0 -1.3863786381758272 -0.26795677723342815 0.7732016076955734 0
0 0 1.518500290182358 0.6789733589751076 -0.480991888218445 0
0 0 0.7203943557338368 0.775985889989852 0.1607790961048649 0
0 0 -1.072828826677077 -0.39312289759724506 0.6520866288506354 0
0 0 -0.914473345965878 0.2526585914891899 0.7052584031576463 0
0 0 -1.2267046571009246 0.7537139868176717 -0.18942991560170652 0
0 0 -0.4188026355996459 -0.7610556291621305 -0.23744925564683236 0
0 0 0.351045952812548 -0.6101100266609608 -0.44127349260459414 0
0 0 -0.14785499906993294 -0.45806420021301975 0.606246509472147 0
0 0 -0.6448077883354038 -0.5867906778004509 -0.4581429932943634 0
0 0 -0.3289873746471452 -0.6413125678559766 -0.5096105733145361 0
0 0 1.2054682225674154 -0.6720701712254497 -0.42535884258110473 0
0 0 -0.26187759854912174 0.6261306093638808 -0.48841379436503046 0
0 0 -0.6548421905633007 0.4277067435837235 0.6889020542856191 0
0 0 0.547282406059415 0.8014822974630516 0.07010370808693547 0
0 0 -0.9981279356335054 0.7541915460579109 -0.04807049234702199 0
0 0 -1.3876149980433832 0.41879641350809543 -0.6865491142999878 0
0 0 0.3315770240312441 -0.42714847765690916 0.6058087007931462 0
0 0 -0.47455468426963443 0.713269222458996 -0.4031514899725923 0
0 0 1.1374226207892542 -0.748817100986763 0.17813278199341986 0
0 0 0.5070493217862362 0.6245429916429294 0.516102589592055 0
0 0 1.2263014992173367 0.2779932620474158 0.7375960987572934 0
0 0 0.9563329397601046 -0.7101491526544393 0.23971670159135255 0
0 0 -1.3919082412439983 0.7644181694984142 0.21210271773221825 0
0 0 -1.2406694566940049 -0.0507849053319955 0.8150252647665043 0
0 0 1.2671606579046872 0.618078148560467 0.44894073960847397 0
0 0 -1.090497409596458 -0.07385207301900626 -0.7374792600191002 0
0 0 -0.0011976689808415042 -0.7423843415418174 0.3496305817161936 0
0 0 -1.166250165352986 0.5943668743954004 0.46171563308399155 0
0 0 1.0028383218863453 0.5218943895886592 -0.5875402535136857 0
0 0 -0.5375276900121919 0.532831096484112 -0.6492893645807124 0
0 0 0.6413812726045447 -0.34888113779493357 0.6975320893583513 0
0 0 -1.4013647124092719 -0.1705577854238406 -0.7687375762221224 0
0 0 0.40938599374718065 -0.2923212666993533 -0.7384857604467854 0
0 0 -0.6453482835139376 -0.014816477513907042 0.770244058215034 0
0 0 1.310932297229845 -0.7894846241714496 -0.006056305996163762 0
0 0 -1.34448439873517 0.7570194527034406 -0.15842765966449304 0
0 0 -1.2138414494359426 -0.6650300540373418 0.325255952677655 0
0 0 -0.730442650527146 -0.5711406005656361 0.5677639836647946 0
0 0 0.2161133866529974 0.2836084937672387 0.7685270092680521 0
0 0 0.7041459107031396 0.8124252227303428 0.11482906092465338 0
0 0 1.3754980756661732 0.7006217734823137 -0.3413874079369554 0
0 0 1.3102462582306251 -0.17985022977658996 -0.7230951159845399 0
0 0 0.8621374489091043 0.2729255128891718 -0.7894979446596401 0
0 0 -1.1206127235481143 -0.7657744412691617 0.09627719364037038 0
0 0 0.714717675298866 0.7717068980152064 -0.022350857949841776 0
0 0 -1.2714755794880297 -0.7902492263471115 -0.1958273040076293 0
0 0 0.8710375279692069 0.58111668979719 0.5402637750917099 0
0 0 0.232727976250112 -0.7785297609251383 -0.12006116282108423 0
0 0 0.8278088223192932 0.20453913467841067 -0.7170187418540717 0
0 0 -0.4933433071263853 0.5554058238343853 -0.5447264280153011 0
0 0 1.140025200397036 -0.19464963671786165 0.8059527820459008 0
0 0 -1.3179412826743466 -0.794699543210018 -0.22472109428972747 0
0 0 -0.7158451521180805 -0.45507712106805054 -0.6362672977000254 0
0 0 1.2668174214285668 0.5373776620759619 0.6274015179126572 0
0 0 0.02362963398017759 0.5620584509502367 -0.5638862070562777 0
0 0 0.6719180472914985 -0.18897420141671326 -0.7592854099841743 0
0 0 -1.1532583088033412 0.19196751589466018 -0.7659617876696704 0
0 0 0.769330340650662 -0.10556457417314245 -0.8272151384903599 0
0 0 -0.9283238234681616 0.7102592676954148 0.29673536852543797 0
0 0 -1.475540952297484 0.3346649698632432 -0.730378717025153 0
0 0 0.31974777578932656 -0.6583589346765921 0.41669637890046624 0
0 0 -0.05066772918129714 0.7132995859968273 -0.2954267904520489 0
0 0 -0.9343761000679801 0.7001234986419892 0.2946249795031111 0
0 0 -0.5297423408273567 -0.3464520204418255 -0.732329405655072 0
0 0 -0.18545896365092918 0.8374775243385294 -0.04997378051003143 0
0 0 0.23272923446677707 0.31873729849178084 -0.6865613249962775 0
0 0 1.489099995378246 0.7720679277024054 -0.2881553676386611 0
0 0 0.6491690689943446 -0.4727763052913775 -0.5827476046447848 0
0 0 0.24005698882330795 0.6182560686516964 -0.4901910790233593 0
0 0 0.5216448414032366 -0.8314017500700268 -0.007689385963169768 0
0 0 -0.14737938206761547 -0.1823181747454467 -0.7450800896878615 0
0 0 0.2056780805238243 -0.6091007076360702 0.566539664866003 0
0 0 -1.3294347200760075 0.1660829055158926 0.8015386501906258 0
0 0 -0.9849933762810719 0.23883361700921266 0.7109837184874974 0
0 0 0.29958883730508856 0.7398629440310613 -0.07636614795819668 0
0 0 -0.38763026026338165 0.5614690602804234 0.5216952760248492 0
0 0 0.3608686790673399 0.7210193714628298 0.362329838424314 0
0 0 -0.8312503258298369 -0.2704305497393802 -0.7254877808849576 0
0 0 -1.1836569860787842 0.7727534731292269 0.2810373320015735 0
0 0 0.13561640271550646 0.6408423805744339 -0.5187431848935832 0
0 0 0.3225187999749657 0.6861294623896915 -0.292344336620863 0
0 0 -0.7771849971931406 0.7721494032468266 0.19068262525608015 0
0 0 0.1697662619152671 0.7185101855094729 -0.36016255182781814 0
0 0 0.2144940804401143 0.35673731860224106 -0.7484113661186179 0
0 0 -0.12665507085187078 -0.7536581555785726 0.2320379068945904 0
0 0 1.3107931033532068 -0.5594110401042446 0.588013790912402 0
0 0 0.4748120668409799 -0.7213358399441699 0.38115510800669145 0
0 0 1.4585695073767662 -0.7664039113347039 0.30059397270411314 0
0 0 0.8627236914391188 0.425896674778217 -0.635797662827639 0
0 0 -0.6781791149471545 -0.4198310791275161 -0.6499695922521993 0
0 0 -1.1584505236352967 0.34638350407368196 0.7560696037143805 0
0 0 -0.022489753062489237 0.6133269280889416 -0.47125817564701156 0
0 0 -0.28426693709093365 -0.7946183151264921 0.09221281933845103 0
0 0 0.9997793418998513 -0.626115587092368 0.5296762253362051 0
0 0 1.0049076696049575 -0.5578639611605458 -0.5582045305992056 0
0 0 1.54145459065316 -0.06027281709594927 0.8199768912626706 0
0 0 1.2486722734259792 0.7775553820383374 0.2755260781644728 0
0 0 0.3141522621321904 0.7978614125323139 -0.18272991862039145 0
0 0 -1.2560241577391227 0.7811855554098988 -0.008424615535029859 0
0 0 0.6673477641977223 0.7237349243052227 -0.32590208226255135 0
0 0 -0.5232357356005704 -0.78679135108711 0.09790417537582627 0
0 0 -0.028224624981531665 0.12712182599826807 0.7561476075976442 0
0 0 0.01984092702924367 -0.10024539707297557 0.8130661774100133 0
0 0 0.9788448893417963 -0.788709727871187 0.128545394642266 0
0 0 -1.1234678086044163 -0.8183909721541557 -0.134022393947993 0
0 0 -1.4970173424445712 -0.3421659601068402 -0.6992901674481872 0
0 0 -0.08039091491086126 0.6019312193088794 0.5385933303246951 0
0 0 -0.8306268080656374 -0.4419372783388452 0.611543099938661 0
0 0 -0.2859886664924991 -0.32026247019744924 0.7287790060130916 0
0 0 -1.47540607679732 -0.4075832983085505 -0.6351468664845697 0
0 0 -1.1219434239341068 0.6834699264302149 -0.3267834536734669 0
0 0 -0.05588534233044351 0.4355019928836733 0.6496385368862321 0
0 0 -0.3286156343287445 0.6859864254855373 -0.4290317805370054 0
0 0 -0.19012185564123185 -0.2506371808857944 -0.7395927056051003 0
0 0 -0.7330630111956397 -0.5793562886615989 -0.5510398231870421 0
0 0 1.3089025129593241 -0.2999844240328721 -0.7375414590298505 0
0 0 -1.5048646937176478 0.6823722682091037 -0.3147888551391247 0
0 0 0.22198519617502233 -0.6775123237005161 -0.3282145281553783 0
0 0 0.3568284144130074 0.5944283527525067 0.44176149102091145 0
0 0 -1.5284882642649165 0.07205310345982448 -0.7565404356285405 0
0 0 0.20274306812438248 0.7110788519968085 0.35471290319444326 0
0 0 -0.005763501584072017 -0.5464905733972051 -0.5512794862783728 0
0 0 -0.23355775665668133 -0.6536472175018384 -0.47891444096470076 0
0 0 -1.242427744721497 -0.7771770590966395 -0.08514038619605026 0
0 0 -0.07480113400016752 0.6303677312284275 -0.41813073112457305 0
0 0 -1.2587644899245534 0.7007426296519702 0.4365567719390448 0
0 0 0.742406407395984 0.37510692460685424 0.6676121711712806 0
0 0 0.03761750581322021 -0.20886700116711032 -0.7752268939835169 0
0 0 -1.2589959579064485 0.1480307091598904 -0.7598644714085956 0
0 0 -1.1199515190890454 0.7178074988837579 0.29880910077936834 0
0 0 -1.199372195252691 0.7823411901949299 -0.058490104648853875 0
0 0 0.20538786490856253 0.7121942611060944 0.35293499566091274 0
0 0 -0.22174174028937466 -0.2970764800062916 0.703114424173738 0
0 0 -0.17722816796392316 0.2291075124343643 0.7283212296388448 0
0 0 -1.343501799729848 -0.6846897894017933 0.34431024440528313 0
0 0 1.2074018077732678 -0.5484663903123674 0.5685077130368653 0
0 0 1.1343392420651122 -0.018744427701008076 0.7809081853167428 0
0 0 0.23683368706679642 -0.044404774283668486 -0.7679851466413596 0
0 0 -0.8958292225662798 0.18655216682203002 -0.8006216715128005 0
0 0 0.10118946608986246 -0.08563718512317717 0.7772202168089987 0
0 0 -1.4703757015514172 0.6709838378264831 0.4107662868217452 0
0 0 1.5125333736498705 0.5085482386032162 0.657561776431101 0
0 0 -0.02853771291480589 -0.6523758376200657 0.4861403494509784 0
0 0 -1.4334172952628095 -0.7317479637037003 -0.3285959231179939 0
0 0 1.495884313798724 -0.7481114342783253 -0.322380112589222 0
0 0 -1.4235647621989327 0.8121233401673408 -0.04049123940800523 0
0 0 -1.0066388108460191 -0.5513251709126277 -0.5799436445270963 0
0 0 1.4122886107886994 0.8238137376349168 -0.14903161635691015 0
0 0 1.5636632677779865 -0.4158980018405537 0.6305862195382479 0
0 0 -0.805929870554183 0.8034436287538096 -0.20770117824019166 0
0 0 1.3643978635299234 -0.4858932283963875 -0.6098914020044774 0
0 0 1.1252167563088618 0.46252740604269477 0.6901786178039655 0
0 0 0.04208336951110092 -0.48732637908699744 -0.6018388130364505 0
0 0 1.1490319477754496 0.44116065731487686 -0.5946127530062537 0
0 0 -0.5099344470644209 -0.34878071158704266 0.6814072866857266 0
0 0 0.38475788816165957 -0.7794305856362481 0.0012426953047171656 0
0 0 1.4166471874192976 -0.37600933183231366 0.7070753560692717 0
0 0 0.7604847619260959 0.7412804998978662 0.3461408975719539 0
0 0 0.9106433716726965 -0.6550984075356768 -0.3825993621693764 0
0 0 0.48863449764378997 0.27733076820213304 -0.7628087410117799 0
0 0 1.1790486348842846 0.15555826299471598 -0.8237452301897252 0
0 0 0.28142957993472417 0.7701324729862564 0.3018061602358391 0
0 0 -0.6466393021356504 -0.17299168983197935 -0.7892172967232817 0
0 0 -0.4017415631907404 0.34401243993574 0.7202374227346109 0
0 0 -0.22810726790791525 -0.7608006940599722 0.11015098319848292 0
0 0 1.3163374213110735 0.0015463238505118995 -0.7618928592183569 0
0 0 -0.5024127843956216 -0.7635871880478067 -0.008402328330330333 0
0 0 -0.6594458040205773 -0.6004910693442765 0.46552725325058236 0
0 0 1.4854777374442794 0.33848198559465914 -0.7124962040464232 0
0 0 0.5406815788199397 -0.6660257553304934 -0.501519506655583 0
0 0 0.0862511876363492 -0.24710816573333863 -0.7970216678830738 0
0 0 -0.5132904042982485 0.6398519904414787 -0.4725146956800296 0
0 0 0.9079527858326126 -0.8232787815265714 -0.0763336451055533 0
0 0 0.19788398102218618 0.7128727363158257 0.3208092124995839 0
0 0 0.05258568601902969 0.2492282201334241 0.8006615484037343 0
0 0 0.06304643113168651 -0.15800000128558198 -0.8149449558500835 0
0 0 0.8022763822281638 -0.4014431144265752 0.6287549293489146 0
0 0 -0.09060321388536141 0.6411305042921799 -0.47427969154257577 0
0 0 1.1360578147756226 0.6829441178856852 0.45968811202655463 0
0 0 -1.1504892538578297 0.4849111435734314 0.6818174217886285 0
0 0 -0.8989263861375075 -0.36007552860966724 0.7330222036312678 0
0 0 -1.3833317729626278 0.6211932285329809 0.5003334500401042 0
0 0 -0.10308719064417637 -0.5097406911170399 0.5575861408057493 0
0 0 -0.5806807460212597 0.24034237423190943 0.7292833497732688 0
0 0 -0.2681446046251421 0.237774817212282 -0.7673955524471349 0
0 0 0.1414247202456831 -0.48557163857728874 0.6535112889333983 0
0 0 0.20256734896529127 -0.7388366274362508 -0.05289837492612625 0
0 0 -0.8429679867875233 -0.6754390048399006 0.31920223012920795 0
0 0 0.04569595412581817 0.6072031845153446 0.48801046672481213 0

