0 0 0.345012505616876 0.3965719112204718 0.48321303661106174 0
0 0 1.2488517278958247 0.04606356560837854 0.8477333159906137 0
0 0 1.0374099684760796 1.4449073893280624 1.6010190596672107 0
0 0 0.9300574216388933 0.45468099770775133 1.990664247712317 0
0 0 0.265165860704238 1.5068217411234075 1.017977114778565 0
0 0 -1.4643633944764467 0.9585858269061287 0.48964162988428583 0
0 0 -1.3266673366451684 0.6799409326047638 2.04741356372871 0
0 0 0.25275190247427126 0.8524693017657292 2.0515323381276973 0
0 0 -0.12418209270426472 1.1132803340265935 0.5736846107236643 0
0 0 -0.9570065907025913 -0.02507929254888497 1.1184572405412596 0
0 0 0.626630210217602 0.9156887046521577 0.4240003794918862 0
0 0 0.6531191534819545 0.3152786702273413 1.885484466431911 0
0 0 0.7843221675912657 -0.08015299555084365 1.1561578019558592 0
0 0 -0.010191762804377724 1.2212553321575919 1.897648705261233 0
0 0 0.46591774662873187 0.1008429112883027 0.7522182233365674 0
0 0 -0.8595012239861808 0.14404982380742615 1.8096501671986402 0
0 0 -0.2658890898145454 0.18893868078508969 0.6934651889279722 0
0 0 -1.4380994316082045 0.04426784839338693 0.8035238719093063 0
0 0 0.5189027247621443 0.05585304359124177 1.5322969845544239 0
0 0 0.5754700491463032 0.14975030242776854 0.6943982898351606 0
0 0 -0.8668317222562612 1.2957551983551239 0.5924152403054875 0
0 0 -0.032920920772537166 0.3468743600852436 1.916574052725342 0
0 0 -0.9487762483694668 0.6799244305189327 0.48485702933175523 0
0 0 0.31216140122285996 0.15816375492520018 0.6930439718456876 0
0 0 -1.3176911335396366 0.7612625208073608 2.060209320098782 0
0 0 0.23216427909034354 -0.05677880619917508 1.1357972056693673 0
0 0 -1.3881553690006758 0.005210750006245157 1.598762490995826 0
0 0 1.421767630226484 1.167774641610558 1.8403926331045017 0
0 0 1.3892891721261296 1.2356708320862322 1.8164030124616448 0
0 0 0.6981578785861497 -0.045120962490563965 1.3486249285822034 0
0 0 -0.06942616424040926 0.06432873677744244 1.59076776841565 0
0 0 1.404739110552939 1.0674371419361788 0.503463090536985 0
0 0 -0.6572371458219874 0.5299768766143185 1.983815447993448 0
0 0 1.3721219649587533 0.32712615422132124 0.5650363116060103 0
0 0 0.5932138156250577 -0.0722069618933856 1.3066643918669307 0
0 0 -1.1938889602549267 0.9982397959810986 2.005199562263843 0
0 0 0.11082000555320781 0.9008691270644716 0.49802199577705164 0
0 0 1.073229872542564 1.553590137188535 1.348413598218857 0
0 0 -1.2560313873705236 1.5858082817323638 1.195627596318698 0
0 0 0.15023546280333355 1.4441051322048288 1.6061218215413489 0
0 0 1.361530865592841 0.9141572319588629 1.9738934367195582 0
0 0 -1.089084699508477 0.25460143311107164 1.7961112009646314 0
0 0 0.8435592794231734 0.20927152206245814 1.8637452219060768 0
0 0 -1.402422636852051 0.614459475009465 0.4601771153325602 0
0 0 -0.026349987544618703 1.4068897034739984 0.8315353047659365 0
0 0 -0.8355181103846703 -0.007365727187164883 1.5342340405720125 0
0 0 1.002097280763338 1.2193543173624475 0.5378992954914856 0
0 0 -1.5429807292545628 0.944810227442904 1.9437580417809968 0
0 0 0.25764283830431856 0.5269505134694112 0.47060917075426045 0
0 0 0.4898054620537877 -0.06071741862649205 1.192041049657143 0
0 0 1.159908480813617 0.4321053746957503 1.9451934633703098 0
0 0 -0.6929619435285904 0.3109647789964478 1.9405253837939707 0
0 0 1.4026244363276712 1.3362122147649154 1.8286507790141746 0
0 0 -0.6772264720451372 0.9033455491974247 2.036161871058904 0
0 0 -0.2976806822974367 1.0802932184781537 1.9864046224711958 0
0 0 -0.15098261523895595 0.9741742211726395 1.9770940906750707 0
0 0 -0.7185916347315187 0.2029836731894421 1.7485082362873117 0
0 0 -0.4232365201603181 0.8496789708597399 0.4716657772832803 0
0 0 -0.06252992083357367 0.22461505354570044 0.6022665708984878 0
0 0 -0.7198895306603285 1.5267001191033853 1.2101096113390926 0
0 0 1.236863614274521 1.357342509004988 0.7351248490825975 0
0 0 1.5280030542576135 0.19613180290718157 1.7706038302723386 0
0 0 0.6255429521630664 1.4461657003101307 0.8410140618538653 0
0 0 1.061195435304938 1.5131519474686204 1.1669762480731878 0
0 0 -1.2374875854152891 0.45229283504596407 0.4562498867657905 0
0 0 -1.4125275932068815 0.05537301379312587 0.9344399020917802 0
0 0 -1.5375851057233438 1.0087276373595255 1.9320389694733044 0
0 0 1.4919651771600448 0.9540211965642845 2.022151939417879 0
0 0 -1.4072642321886428 1.1552786346900672 1.9633252656652145 0
0 0 0.26211560045780535 -0.07712062060399827 1.1910120114832192 0
0 0 -0.684702607404577 0.17185299981855717 1.8331712454343116 0
0 0 -0.2339099184648219 0.260885986288503 1.8322749143633956 0
0 0 0.08799977365168088 0.6745209871638398 1.9795123504071097 0
0 0 0.6379793420054924 1.3034981116181956 0.6417306784188594 0
0 0 0.030552913811657145 0.10114231027352505 1.6170190634445267 0
0 0 0.6474381943012357 0.09583421650679935 1.586396672315208 0
0 0 -1.430687059587241 0.014492667258326986 1.0449285172651819 0
0 0 0.20374634098820388 1.4195436614226624 1.690843504331436 0
0 0 -1.2508925365950738 1.4551107378988404 0.7973632840990796 0
0 0 -0.5614543790821835 1.407439110339735 0.7326854823629214 0
0 0 -0.23410300120597616 0.7895405598009895 2.0565954649649156 0
0 0 0.6422784742647449 1.2827339195738523 0.6260080858936794 0
0 0 0.6512294955318696 0.6190407691538689 0.39987817488305066 0
0 0 -1.500690218085604 0.0012871825970618422 1.0090289420347582 0
0 0 -0.8613545604211441 -0.008860442626786202 1.5034114927542397 0
0 0 1.2769555783167013 0.4827673733667897 0.5001828952984874 0
0 0 -1.4949132325741246 0.433803015693756 0.5300294709207478 0
0 0 1.0876774740640465 -0.007583719258112298 1.1508950846783763 0
0 0 1.1103319639410056 0.31633222989313975 0.5359453078757782 0
0 0 -0.9014423173186089 0.04196747835999004 0.877790718736424 0
0 0 1.5163753084594807 1.1490585574736025 1.876465732485241 0
0 0 0.8834797671569445 0.40607771237368395 1.9081054386739469 0
0 0 -0.797586924871245 -0.04817385503484084 1.1319711563711814 0
0 0 0.43797664117223123 0.2089611416064736 0.6387966481800804 0
0 0 -0.03988074450440093 0.8209163271096831 0.3916797072471281 0
0 0 -0.8507390118492151 0.19406345343858455 1.7721311798135662 0
0 0 -0.2559066615449712 0.0149735582142414 1.4116514365907775 0
0 0 -0.9367992096536852 0.0284381784842187 1.0499784190483263 0
0 0 -0.435243943208216 0.11199470543321721 0.7218354725349477 0
0 0 0.623124779089673 1.2300869929473355 1.7974391275910566 0
0 0 -0.6698591625104591 0.16600958000111665 0.735104274573863 0
0 0 -0.11548040306056517 1.4841896871599458 0.8317641209674358 0
0 0 -1.5578966472415383 0.22292186640523348 1.7933558026959762 0
0 0 0.20381333183714578 0.5429146497478092 0.44372726552033037 0
0 0 -1.1182536693254086 1.2919713925420973 0.6180884791922951 0
0 0 0.524022422955396 0.07236330457419382 0.7383284535239165 0
0 0 0.9716590673148784 1.0606913169617043 1.9139703619999544 0
0 0 1.5693059299111871 0.6649136693601295 2.0279121076249678 0
0 0 -1.371435469452163 0.8897399751490397 0.4966141118177254 0
0 0 0.40704783286567614 0.10341479751287586 0.7009254401624776 0
0 0 1.392668615767485 0.562710391308351 2.0340239565221587 0
0 0 -0.8333340927731464 0.011958464729797558 1.1582401291907074 0
0 0 -1.242202962282317 0.553973657700252 1.950470383053387 0
0 0 0.904925629053118 1.007105876225459 1.9914198259293752 0
0 0 1.3727584203668663 0.4901773054423451 1.9783850102516294 0
0 0 1.0452286237838924 1.136048434878266 0.5884831736301955 0
0 0 -0.02746705351450296 0.9123446608035055 1.9544538331958334 0
0 0 -0.9095581842230536 0.20991290315488764 1.803122192867571 0
0 0 -0.29047780487504893 1.4139296217748365 0.8349810098776398 0
0 0 -1.2393501850267186 1.4717906269352645 1.5236128573463956 0
0 0 0.4194341467324296 1.5073637910302167 1.1091389743696092 0
0 0 -1.2264895926348314 0.5863578732248539 0.448523336149392 0
0 0 1.4563559852418897 1.163872104146758 1.851019114945016 0
0 0 -0.4812111876682055 1.146411044650224 0.4955335000891993 0
0 0 0.10713767633994009 -0.0565056195423459 1.22410550277271 0
0 0 0.035238389832828565 0.8347649932502436 2.0400219088714917 0
0 0 -1.0971550005535993 1.3632799166540968 1.6793531718903427 0
0 0 0.5130842475843562 1.5104680843141334 1.2326934680022015 0
0 0 -1.5384170255831144 1.4670876714760066 0.9131990415270275 0
0 0 -0.8720246865403808 0.7996580652063817 0.4649154001546929 0
0 0 -0.5597973757147698 0.03872215608058727 1.5008541666697075 0
0 0 -0.6058367690357903 1.5235557995512585 1.4315725779663349 0
0 0 -0.3190729109970416 1.4989031042715515 1.0774307857067582 0
0 0 1.37181552908516 0.0050589819685976645 1.3254843162330392 0
0 0 0.6715941541708772 0.8541020485322858 1.9681554993013024 0
0 0 0.3158971125431653 1.137771423517218 0.5816111120772669 0
0 0 -0.8702643299941369 0.7583946017848457 2.0573235529886906 0
0 0 -1.0617173096622743 0.8065341510788631 1.9826991002404606 0
0 0 1.1045545131897048 0.155847496965692 1.7488393383390224 0
0 0 -1.4306917043729617 0.5887028275502872 1.9634448960450719 0
0 0 -1.0728701308132418 1.4347559243130323 1.6009128597534776 0
0 0 -1.5671035570542309 0.7931036562159429 1.9976178552473955 0
0 0 -0.9415468232364825 0.8397424559424309 1.9898861810731094 0
0 0 0.551834165027917 0.5154278421416882 0.5154881170296326 0
0 0 1.1844295535534797 1.38363038589228 0.7150158720096046 0
0 0 -0.1436444472177938 1.3236487037933011 0.6510956670627946 0
0 0 0.5714597184275108 0.06833993912940262 0.8930535200075698 0
0 0 0.024407847885256295 0.7867122092827779 0.4810136884845012 0
0 0 0.782929580888577 0.2958371785696065 1.8259647333142097 0
0 0 -0.5451992330322721 1.4618204771496488 0.7935732602143666 0
0 0 -1.285608827979737 0.8193250861677964 1.983962266189053 0
0 0 1.2210512517154588 -0.052533499846589726 1.2514198430848482 0
0 0 1.013191872543155 0.7964319643598344 0.3967489146309955 0
0 0 -1.0639757691600926 0.04093698086888664 0.7922600051988524 0
0 0 -0.4157482155654395 0.3926192457102983 1.987745744097266 0
0 0 0.8720875111547435 -0.026021091529435103 0.9868755176035358 0
0 0 -0.6874330117307415 0.30093334105367786 0.6147576735429203 0
0 0 0.6432107314477746 1.5389592156366532 1.1423503485140554 0
0 0 1.4627059096536104 0.030541370543536228 0.8499872197428938 0
0 0 -1.067221946945406 0.48443874277481874 0.5158341662244934 0
0 0 0.9699023638132576 -0.059601135743860945 1.4418233906807063 0
0 0 1.5300214328730477 0.49613367786644286 1.995855876487548 0
0 0 1.446647214442867 0.05468995715352798 0.8511942687666034 0
0 0 1.0024425852155296 -0.05533533226062892 1.217502006949413 0
0 0 1.124253223717104 0.808928778212719 2.0484455280688945 0
0 0 -1.1025815162035568 1.4354928809466214 1.6366147182666744 0
0 0 -0.41157012415893535 -0.07572462094191046 1.1885281424464085 0
0 0 -0.28911266732450347 1.519370476256088 1.075065493643298 0
0 0 0.2594395921984136 1.5024151673654533 1.172839679820059 0
0 0 1.2462707885935749 1.1997196903298413 1.8540726202932167 0
0 0 0.6107430881151688 1.415746362030056 1.5525078372735102 0
0 0 0.6812818998819585 1.4783852076925044 1.4267595783275717 0
0 0 -0.5579244010257147 1.1746799596162096 1.8467000230905275 0
0 0 1.5594292864678563 0.22451882143706103 0.6604411036279415 0
0 0 0.08949980301776805 0.41916005514546556 0.5392668240826273 0
0 0 -1.1959653539445976 0.5784425009636498 0.4729893564002685 0
0 0 -0.1942017064651742 0.6761559491532243 0.45145906243087697 0
0 0 -0.01542687015348232 0.19167499966942625 0.7261578483498391 0
0 0 0.7838988126110098 0.24030689121650373 1.8226384932905468 0
0 0 1.0844814433992092 1.5335766035332479 1.1599732335253827 0
0 0 -0.13371878991130948 0.12344484392466226 1.6287563014106932 0
0 0 0.20251228658244802 0.58513565329779 1.959322088589824 0
0 0 -1.1002198358321513 0.1174987434666398 0.6781373077520413 0
0 0 -0.22901427900030447 -0.0668092980669488 1.384018517866812 0
0 0 0.13499509589303682 1.3726534767566871 1.7894441192564796 0
0 0 -0.24043681154264718 0.0007172856437055453 1.4386791904682734 0
0 0 -1.2605879653264287 1.5028441782233921 0.8640616022899515 0
0 0 -1.3048844704117089 1.1099207520305012 0.5189263266597373 0
0 0 -0.9231002951847028 0.03481169326893063 1.6679159075011265 0
0 0 0.9942322296486732 1.4080635310958085 1.628522764031667 0
0 0 -1.1893885212099726 1.1261543737666724 1.8919354401181177 0
0 0 1.4118255763782668 0.9901290734392888 2.0038618789062195 0
0 0 0.48511764612509145 1.2465375571145278 1.8156134160988482 0
0 0 -1.5131504600720882 1.4301697093514365 0.8705027527883366 0
0 0 -1.2315063747458483 1.3269396057620748 0.7610871248177851 0
0 0 -1.2822417353253808 1.4290977433165457 0.7418490355352003 0
0 0 -1.0245466861912087 0.1173934124135424 1.6606948903163743 0
0 0 -0.14648484694222752 0.05592897612852932 1.5217810144500137 0
0 0 0.2582301616593543 1.416801168366633 1.7315109385031433 0
0 0 -1.4187514792729856 0.07920949687958401 0.8586447972877703 0
0 0 -0.02998235174978059 0.6232523507837574 2.02466856362108 0
0 0 1.2184747978893906 -0.01677382897603552 1.568876328186547 0
0 0 -1.4921408123477609 -0.0009967598272353495 1.2159628994990102 0
0 0 -1.3601983003289764 0.989502783222378 2.027694242031816 0
0 0 0.7403169385542863 -0.045160641807573065 1.2053796087100006 0
0 0 0.7341991875488159 1.5296311559360039 0.9260266939648588 0
0 0 0.49077705355183854 0.2318180154428705 0.6725683712070805 0
0 0 -1.4850632736146963 1.4850435491243075 1.0146240072549897 0
0 0 -0.8198686308553885 0.05806590052165728 1.579663235827017 0
0 0 0.8786195707700117 1.0812309562734557 0.48328616451961237 0
0 0 1.4239066162094214 0.978816517327223 0.523811475265356 0
0 0 -1.3040673773312874 0.951809800877092 2.007717942009802 0
0 0 -0.05579892078572479 0.17862781126775806 0.7021388748836267 0
0 0 -1.396313885328637 1.0062711246051361 1.9311526962123775 0
0 0 1.1501997826391386 0.5674673128815831 1.9848505703427224 0
0 0 -0.2021166746767682 0.8388618161079461 0.4634260401923823 0
0 0 1.4551303960730233 1.314231156328482 1.8185624459375522 0
0 0 -0.006495034055251425 -0.03840756394438516 1.4242660748054758 0
0 0 -1.0050796120460839 0.26927939592555705 0.5788308419759485 0
0 0 1.3114536630859948 1.3286998922394746 1.6903241832844502 0
0 0 -1.0984194303074455 0.35074303326358236 1.9586106874224345 0
0 0 1.1091099814093899 1.498077888377852 1.5079501873829537 0
0 0 -1.217684168117136 0.5708700351222762 1.951358278114367 0
0 0 -0.9758796377594097 1.3244151050972253 0.6504869828623205 0
0 0 -0.5675267970510149 0.8817288545006919 2.0278121041280084 0
0 0 0.759732292506746 0.8699148596805837 1.994235338127393 0
0 0 0.46084794701723375 0.9233841467750006 0.47546465257262027 0
0 0 -1.4658320772914692 1.5010893647739716 1.5846587996130788 0
0 0 -1.1644308320308525 0.06291294703833461 0.8741370541524509 0
0 0 0.603471353386499 1.3728234232145877 0.7449881311789384 0
0 0 -1.5271589637917893 0.9220772709807616 1.9864919433173567 0
0 0 -0.33693321086908634 0.9517268955872483 0.4138647324947594 0
0 0 -0.4111177827837089 0.6695842137081855 1.989686267628505 0
0 0 -0.20162429615552702 0.4952069024892595 1.95949399123266 0
0 0 0.4923607545552984 0.1477171639939292 0.7747686226052087 0
0 0 1.0329595492948886 0.49403490260321936 0.4939497747255114 0
0 0 1.1095991538981873 0.1096264556684049 1.6565000999301285 0
0 0 0.4938382956280911 1.4857777983600544 1.0945948182016267 0
0 0 -1.2156008638538889 -0.007191673607119031 1.3448804851611258 0
0 0 1.5139885915719105 -0.0014268064449241002 1.2332718731036627 0
0 0 0.7130535729745295 0.4748168669871361 2.017205669124965 0
0 0 -0.9377545029201955 1.277533009551469 0.5972468064054957 0
0 0 0.6093651020498054 0.3358926269465215 1.9422345292303178 0
0 0 -0.14471044064453786 0.7579167951505241 0.3986823315596745 0
0 0 1.0684334805812452 0.006264674533596359 0.9440811243960916 0
0 0 1.3896779236484975 0.04379819153320863 1.4737923909730553 0
0 0 0.02884666943437275 0.6012589995516757 0.4782546041709538 0
0 0 -0.4921979985648781 -0.0003254967662057462 1.535829021151425 0
0 0 0.010547951965830027 0.05020723790552972 1.6455802539073425 0
0 0 -1.2795110928683167 1.2894994686833021 0.6041664630870435 0
0 0 1.2940526467239861 1.511694419090077 0.9237901112479137 0
0 0 1.4115286899544106 0.5549413591691867 1.9942285047259904 0
0 0 0.688605124260711 1.544780303920209 0.9612633074790793 0
0 0 0.24692939909110367 1.4920324375495444 1.5008148267859276 0
0 0 0.996033141549018 0.22429561556027522 0.68760576095984 0
0 0 -0.443081907430632 1.1381679800262399 0.4927500964086279 0
0 0 0.9955885060994016 1.5846876707193904 1.3152633504108666 0
0 0 0.750209665337151 1.570436219912117 1.0517635805329137 0
0 0 -0.8531128509567147 0.6753384259451694 2.002118003194946 0
0 0 -0.023949343216719265 0.45278581227178194 1.9164279006320633 0
0 0 -0.8919291524672506 0.9082278260679006 0.502068154570719 0
0 0 0.46558235993242336 0.29858661719008284 0.6106418673312595 0
0 0 -0.2729789571625585 1.2453211535417066 0.5640773240859192 0
0 0 -1.089357916518582 0.9941003819726039 0.49701169419902436 0
0 0 -0.22444869826977598 0.9325058644916968 0.49399945659621136 0
0 0 1.3111783459685595 0.5334635410745541 2.0389024851931588 0
0 0 0.14625239162390513 0.8540004098338818 0.4854919789244182 0
0 0 -0.8998239778982371 0.04328491573297932 1.5753451251374377 0
0 0 0.20550549960996567 0.603645562024863 1.9909287262013269 0
0 0 -0.46752925040481097 0.7743981002036054 2.062826900461186 0
0 0 0.2768837410015428 0.5744631521795571 1.97832312154176 0
0 0 -1.3958763547828983 -0.006920452930492926 1.4982562683146161 0
0 0 1.0371320903744126 0.6311291334697587 2.0108071089120747 0
0 0 0.003100838032450648 -0.01780049352018931 1.3125105827551047 0
0 0 0.3960631639246468 1.2296087053734923 0.5750521109091467 0
0 0 -0.9422880169521332 0.46737563532723575 0.5286885561910378 0
0 0 0.09220452487245101 0.4414210986577251 1.9693588688211188 0
0 0 1.5127434977010048 0.9735406051095283 1.9408473407610485 0
0 0 0.09272895724208641 0.5442943147134268 0.4387985725554343 0
0 0 -1.342782476675652 0.045797713833837794 1.5197724591630681 0
0 0 0.6558532150624528 0.32554241851319904 0.5085314037128099 0
0 0 0.5464939821362793 0.3673523289232694 1.9053403016812476 0
0 0 -1.5553211548514374 0.6916922691474946 0.4678805053425903 0
0 0 -0.22450223624861532 1.2527077332885224 1.869052607619641 0
0 0 1.2596282045842293 1.0955810197359166 0.4660769577919014 0
0 0 0.2220887520554653 1.439641874090685 0.838059270236371 0
0 0 0.7206316379111022 0.04856263955878637 0.9816321628416929 0
0 0 -0.8439563340262227 0.21655849572726138 1.7905529609948458 0
0 0 -0.6112136557149884 0.39927062202899216 0.5477507146930615 0
0 0 -0.7998539150267217 1.5294104138426392 1.3019734568247754 0
0 0 0.11305599220936347 0.35662527662068627 0.5588390097730156 0
0 0 1.213167524360978 1.1523635061786632 0.5412746083804196 0
0 0 -1.0189920293615855 0.8910362881049061 1.976959669240518 0
0 0 -1.522099537598449 -0.044844731315700215 1.2914792172403775 0
0 0 -0.507712374474186 0.7807440408504537 0.4240625585834128 0
0 0 1.5693910751597642 1.3604054427643615 1.6610114253639539 0
0 0 -0.9101371569741096 0.3075115198506989 0.5658683548342467 0
0 0 -0.21353566044976646 1.0822895324593367 1.943010685888478 0
0 0 1.5000840589154127 0.21596627774778576 1.8290985220217846 0
0 0 0.511102441686087 1.5153852204952396 1.3996274381319342 0
0 0 1.2072933017588054 0.8562756775660603 0.42684911547819404 0
0 0 1.0366787711628338 1.4255710399473933 1.680126044811618 0
0 0 -0.8664418569932872 1.4531361805210816 0.945652975524524 0
0 0 0.2179994720771552 0.8599988414049988 0.4658976353383385 0
0 0 -0.08645377527507403 0.08714714063261852 0.8077607350459217 0
0 0 -1.4080770693881826 1.3712306400801362 0.7190874033238415 0
0 0 1.3010435065227868 -0.06864261900597957 1.3417707622751902 0
0 0 0.4614504117815281 -0.005191419975292932 1.178531729475569 0
0 0 1.3026548765211832 1.242555068748524 1.7891526835938218 0
0 0 0.7691218229759973 1.4783762422029567 1.394685660118679 0
0 0 -1.4111661959579258 -0.018526600574264585 1.0241349232214343 0
0 0 1.5638960937014739 0.5501929357242675 1.978926068304756 0
0 0 0.8427748125254144 -0.03168021065186388 1.1867056509827396 0
0 0 -0.6853913843255213 1.2652866615934553 1.8369012360383008 0
0 0 -1.3572291729902017 0.8148480928196131 0.40196658278530883 0
0 0 -1.2056597841222634 1.4946842901261896 1.29196675618332 0
0 0 -1.127137979086537 -0.050409944185835776 0.9936789897594599 0
0 0 -0.44088400311237663 0.27925080741665576 0.5572052162210785 0
0 0 1.1291465699762213 1.4819762047690421 0.8483259450983702 0
0 0 -0.6396190977656544 0.4551106844881228 0.5119868570960293 0
0 0 -0.06828890238273533 1.400627544366646 0.7030119088739862 0
0 0 -1.3917665149926322 0.5062437677505564 1.9357285069388572 0
0 0 -0.7679240508146391 0.5986786073102556 2.038146475291843 0
0 0 0.1269548468277788 0.3637646310374131 1.9108205677267955 0
0 0 0.8347520345994703 1.4193084772804625 0.8892332849540522 0
0 0 -0.4859143592786357 0.49070781288240023 0.49499516999959736 0
0 0 0.7772736980147243 1.4820568699958474 0.8842218313067245 0
0 0 0.7132678908452004 0.8974556911844105 1.9612273947889514 0
0 0 0.8024847737154306 0.22411067611326152 0.6024298740648837 0
0 0 0.2959190765711526 0.0645157644347687 1.6207357590140588 0
0 0 0.5822272183994275 1.1672094155838453 0.565133642560332 0
0 0 -0.465240072611115 0.9034698078982901 2.028929029930133 0
0 0 -0.6939532743652792 0.8216779032104744 0.4273720416856488 0
0 0 0.9242681020100769 1.218279309669288 1.9114758337202016 0
0 0 0.887613734025948 1.3925171631608602 1.6169521830067888 0
0 0 -0.6741665377567279 1.4615859936529332 1.0043400988757625 0
0 0 1.3146872669625154 0.09394683457396202 0.7404484569909905 0
0 0 -0.4423192665782032 1.5720369853085163 1.265122402083764 0
0 0 0.8256863410655493 0.22804401724311762 0.5754205148531384 0
0 0 -0.02730734194967055 0.8920649797133673 0.4337105870244369 0
0 0 1.4999709176470075 1.0860642644373693 1.9101257768560482 0
0 0 -1.5250034456631565 1.105966593093226 1.9228837513906947 0
0 0 -0.18187217000085676 1.5235949444292172 1.4812594851891379 0
0 0 -1.2274397653900477 0.9007186767071849 0.4994859029219074 0
0 0 -1.4617950123706112 -0.0024468128685696255 1.5255435472602796 0
0 0 1.1720209242973505 1.1410443542026 1.9011786977566238 0
0 0 0.5110685022457004 0.12536917827889404 1.6570682341142933 0
0 0 0.9978298200196831 0.2596441556041777 1.8694516125776004 0
0 0 -0.8833779061580906 0.6659450308054844 0.4882056470326097 0
0 0 1.0733667907370554 1.0787953658512655 1.9874759211642061 0
0 0 -0.8259093281957841 0.5058845841062143 0.49260130630833043 0
0 0 0.6804723046539785 0.031142148193029184 0.9337249021385161 0
0 0 0.9681751080783254 1.0973326967304233 0.5304566741659892 0
0 0 0.04510851250763093 0.6710994536622577 2.0573050412393066 0
0 0 0.34084247629484454 0.9850772016129343 1.932558487187061 0
0 0 -0.031812295592853035 -0.06728575312707585 1.4188152797467546 0
0 0 -0.24993575976411808 1.4279793109161973 1.5967071383612454 0
0 0 0.2774087906929108 0.9645305468407607 1.9644003764361577 0
0 0 0.034508408407380564 1.4492652461711004 1.6291629414838755 0
0 0 -1.3531142205658713 0.7833509891844967 1.9899777236023724 0
0 0 -0.40344222404893704 1.4271045629271821 0.8014075036487261 0
0 0 0.5021717723028125 1.5228511417804298 1.0891826448077737 0
0 0 -1.5160912662300439 0.4816679201017842 0.4985750663378269 0
0 0 -1.113764111987386 0.06930627883786045 1.5964642027563092 0
0 0 -0.041000048772281694 0.7893153584681465 0.4473003275824038 0
0 0 0.2743406145131486 1.4666058739101866 1.4580590754137892 0
0 0 0.8661831218614715 0.5114192947429719 0.4373624544901221 0
0 0 1.370394337470135 -0.059222247176439535 1.2493558827953046 0
0 0 1.3764825839147372 0.033895214461686085 1.579712381533668 0
0 0 -0.971269667404225 0.05602120528820698 0.8959958072814338 0
0 0 0.37086669678077167 1.559874984879733 1.382133873756545 0
0 0 -0.6259148454266674 0.3420918085777551 1.8939161095528858 0
0 0 -1.5367861947930865 1.4159573558651288 0.8051792979225418 0
0 0 -1.4397410118998486 0.758601652561982 2.0320785918293316 0
0 0 -0.4662135913158989 0.8754855836791375 1.9726688225016662 0
0 0 -0.6812333760857053 0.9789251937338523 1.9453708444294606 0
0 0 -0.03353876038365877 1.219720511870227 0.560548972956282 0
0 0 -0.884294578393624 0.8864900205424555 2.0384658338976243 0
0 0 -0.41622774944202123 1.476825081612801 1.440099064182909 0
0 0 1.3355747278656325 0.3653112123858174 1.8772820300092503 0
0 0 -0.7520157866585212 0.10158182943860405 0.8343078575114966 0
0 0 -0.9167959272122773 0.8790152572164893 0.42197908434031706 0
0 0 -0.5094175074975864 -0.0464582524006083 1.1610017797586398 0
0 0 -1.4223214509049047 -0.027913409118852206 1.2936023811787256 0
0 0 -0.06989500961535411 1.3309102897365936 1.8258444262222588 0
0 0 -0.08162578109157925 0.37767662908159816 1.9647529008865812 0
0 0 -1.3024198624021055 0.3493736301728906 0.5114670139023052 0
0 0 1.497317704269293 0.48564837927167803 1.9390388639844707 0
0 0 -1.395598650383128 0.6668988520967153 2.056224576538746 0
0 0 0.7211931987816209 0.9029583153091811 0.4960443379648978 0
0 0 -0.3958385038061454 0.4772118953960359 0.4585977662842632 0
0 0 1.4495419956051938 1.5888991903576926 1.2220267832282936 0
0 0 0.48247366499835387 0.1769741531229635 1.6998882056910662 0
0 0 0.38987485641083075 1.2212914352628068 1.8674025971236188 0
0 0 -0.1528492397386607 0.1524981756260555 1.6903667931138502 0
0 0 -0.04908943414724942 0.3874874494009332 1.962991059274184 0
0 0 1.4830551549987887 0.16670228334984638 0.6924650298758356 0
0 0 -0.8229947330144377 1.4490743727266255 0.9186563081040994 0
0 0 -1.0828922440370674 0.11300872616729774 0.7753782464655006 0
0 0 -1.5441080020914348 0.04255434990822382 0.9910338926768067 0
0 0 1.034474327883605 0.3736057958872743 1.8835858963761438 0
0 0 1.1384690742263048 0.11357370239923559 0.8133327483598674 0
0 0 -0.8159217583655645 0.34999692218471196 0.6022418647325049 0
0 0 -1.0256355671483486 1.2192715946273958 1.8451868632707191 0
0 0 1.4954197369932523 0.9454777217898355 0.47287883073789694 0
0 0 -0.19494771106944553 1.5107459689800522 0.9889472068343258 0
0 0 0.9688809442614779 0.12326860530926798 0.7470619650985931 0
0 0 0.4006028697733013 0.2400288570751995 0.6631668833534763 0
0 0 -0.37147992059234647 1.4790439225522634 1.435483314740567 0
0 0 -1.104559189960364 1.5400310970584274 0.9598013113373857 0
0 0 1.416413047567855 0.26988860777647006 1.890340356508179 0
0 0 1.3031669079634054 1.4934662809258492 1.45330887622258 0
0 0 0.14284017740327704 0.40215567340035746 1.932610469376233 0
0 0 -0.9006506300398797 1.32590250398075 0.724562001260463 0
0 0 -1.5256713602120597 1.0641175706855823 1.964317815226046 0
0 0 -0.8608622540359759 1.235167631574541 1.861652917477786 0
0 0 -1.0521530612316181 0.2972180070862525 1.822757963753432 0
0 0 -0.20639436399937283 0.33429016805586537 0.573611683997965 0
0 0 0.719259738547128 0.7075852057259542 2.007519459431164 0
0 0 -1.220605566649938 1.4545673218122512 0.9705955734321279 0
0 0 0.9866158266765397 0.0025112057033015445 1.0003504908404481 0
0 0 -0.9168866427392328 -0.027656540892285086 1.4641362116806858 0
0 0 1.1225387873623238 0.7338101582309254 0.4494878822120809 0
0 0 -0.9629889941554145 0.07694557961178361 0.7916198672292913 0
0 0 -0.23491422466197287 1.4833076470049866 1.1064301569601116 0
0 0 -0.3134270529484684 1.1700469516398824 0.5830175845005745 0
0 0 -0.6260324815868409 1.5631963972127687 1.4345604629239472 0
0 0 -0.9148260555999691 1.1262166703524876 0.5400348932536163 0
0 0 0.6966326776931209 1.2989278038409933 1.7258162517899924 0
0 0 0.5075214737198257 1.2541249538349148 1.7934575713535272 0
0 0 1.413458644336992 0.6782093057627119 0.4527524195756649 0
0 0 0.08464548146871542 1.4332516262906694 0.7792931028830157 0
0 0 -0.6151268939480954 1.1054377158405966 0.4900216320544758 0
0 0 1.0648030740547552 0.11507707076302698 1.6647396593155368 0
0 0 -1.2282145033138345 0.008946655950435867 0.8490813698725046 0
0 0 -0.21747513587682676 1.1598356374995225 0.5266769554378044 0
0 0 0.3881225929249421 1.0156122524005846 0.5032805184967685 0
0 0 -0.9493307501269149 0.6126462269287201 0.4903837075966815 0
0 0 -0.6594917226437232 1.1506767913498355 0.5054971707821736 0
0 0 0.139576891114642 0.06187702366159653 0.8104043783994137 0
0 0 1.4974038602118638 0.24213711966163542 1.8767194400481886 0
0 0 0.517071927960334 0.002078377190877334 1.4538670873876967 0
0 0 0.9101637325376251 0.5786566289564171 0.5006153246173589 0
0 0 -0.43029886136948203 1.021579634860684 1.9811495152523722 0
0 0 -1.0975279449469335 0.1451402226566728 0.6777365184754299 0
0 0 1.296725705890506 1.5488767389867468 1.0998167946380177 0
0 0 -1.4765918077761033 -0.024105886401309395 1.0148362682794891 0
0 0 -0.6859928267827416 0.1213056758203156 1.7264420899529842 0
0 0 0.6079238073916211 0.14275835054507424 0.7573180743072891 0
0 0 1.3243417985098782 1.2872334886239996 1.8579780252122093 0
0 0 1.4524553694381317 0.4185672914809216 1.9024120709361738 0
0 0 0.24556506923194732 0.32627470826521626 1.8692648937864205 0
0 0 -0.20076138518735798 0.06791150329164608 0.7801342354911721 0
0 0 1.50962098108874 0.6191064034203588 0.42372960741241095 0
0 0 -0.7625759229215644 0.3294602713516266 1.9469633882946593 0
0 0 0.7247988809029744 0.994554716081831 0.49304416398560524 0
0 0 0.9616396773578826 1.3756123187213847 0.8324548716914273 0
0 0 -0.972571514361748 1.1092131105258913 1.9628890408590376 0
0 0 1.1205125413302448 -0.04435878870910115 1.3233362034619138 0
0 0 -0.4362646704001447 0.9210953057955991 1.9671713413255967 0
0 0 1.5470331425419874 0.0034571572406666418 1.3421565621802949 0
0 0 -0.4538303493168556 -0.06704901524297469 1.3467029412315348 0
0 0 0.08499698057657512 1.3663249506615442 1.6548507475672116 0
0 0 0.0842533909658083 0.6685666765295887 0.4448052390279287 0
0 0 -0.4757343544370394 0.1630089952035929 0.7642932892430649 0
0 0 -0.4386393670249389 1.3216851250303447 0.6600875313756815 0
0 0 0.03536447857672287 0.7044885105722353 2.0563791099320694 0
0 0 1.3215779678395223 0.44439629417259496 1.941279343588389 0
0 0 -1.4001727685804721 0.6730013142906562 2.058452948942407 0
0 0 -0.4988949235669069 0.012020814600157137 0.8652313052178108 0
0 0 0.9958974607592435 0.008741598626758273 0.9668125698337392 0
0 0 1.0439813998620564 0.5625883315262102 2.0010516866187347 0
0 0 1.2196468226891648 0.8360707868788928 0.47798665244811345 0
0 0 0.6001264267934023 0.007520601959217332 1.0808399603608523 0
0 0 -0.41587830060476305 0.9353003014140171 0.5039755333965977 0
0 0 0.4634195277498079 0.4071668821336675 1.9449947144404063 0
0 0 -0.2751303321849452 0.9583779002593493 0.48779096182388626 0
0 0 0.8202317681835547 0.08456897959303256 0.7877869642730129 0
0 0 -0.03951809758593505 0.35739924766976655 1.8738903686378914 0
0 0 -0.4751720095451837 1.5477052902459913 1.2483514282052577 0
0 0 0.8774635222471177 1.4621095431166613 0.842106113761203 0
0 0 0.8174099590095127 0.7059322018594784 0.3933588301211729 0
0 0 0.02978160025394061 0.011747344103609447 1.1051752542495328 0
0 0 0.12562583936388116 1.4437719898538488 0.9562626234383231 0
0 0 1.4657871114911005 0.8854953651706183 0.45291151151034303 0
0 0 0.874798188358779 -0.041231034383214515 0.987144079756622 0
0 0 -0.3878325307248034 1.4690428908704922 1.0458066220907136 0
0 0 0.5180603346276897 1.1111395652310465 0.5264895139188704 0
0 0 1.4731401079852597 0.9326751709748947 1.9479193776458248 0
0 0 -1.4130524155485638 -0.044939330233305874 1.0598632582204777 0
0 0 0.4394142777616161 1.5467174828159775 1.3620826446683232 0
0 0 -0.6436589291325333 0.3945090323257933 1.919939375885527 0
0 0 -0.7326349733178181 0.6736104811542832 0.48299218492759766 0
0 0 1.5346452334773004 0.4710612451238497 0.4976774023640319 0
0 0 -0.07362245350696717 0.9087352404374508 2.0056592528018102 0
0 0 -0.18182782967626854 1.5073205023492027 1.4901843981587861 0
0 0 0.3025470695480392 1.344057940750597 1.7184247853772392 0
0 0 1.484530795757696 0.7457388208222007 1.9888844219700306 0
0 0 -1.1659088850376462 1.3069664878181617 1.811562326553865 0
0 0 -0.7364621371287515 1.4659980693163384 1.4844254758572544 0
0 0 -0.6229385613536368 0.018392861720224918 1.3764428132470232 0
0 0 -0.2586448818167164 0.024674115654594764 1.4525313540682767 0
0 0 -1.282841482299069 1.415076073341294 1.7176261549661624 0
0 0 -1.0811379708040023 1.0147288129561018 0.43995789260330465 0
0 0 1.3597473060714806 1.5065316562387583 0.9493645457974038 0
0 0 -0.5117925337866998 0.1476620829043973 0.7750882512414974 0
0 0 0.1855966679775798 0.8740566201595367 0.4389297656359078 0
0 0 -1.493112228812863 0.03832910310567628 0.8518755889727965 0
0 0 1.2991463027581251 1.4570284384305916 1.5762575208930698 0
0 0 -0.579335256638369 0.6721515273547971 2.0417930876823878 0
0 0 -1.4121381890789186 0.8288079184595422 1.9673018890902696 0
0 0 -0.8225915859657338 1.0442212500530872 1.9630932346642878 0
0 0 1.0930712785088512 1.2199091659969914 0.6203232418096513 0
0 0 -0.2723867960244628 0.8887057318781344 0.4364309505520483 0
0 0 0.4803455807299799 0.14032203701188783 1.7088887728983644 0
0 0 0.18281271671092347 0.37166441471877865 0.5190125046581907 0
0 0 0.740076279066646 1.4034117805185802 0.8797884152317579 0
0 0 0.9188487328869761 0.04559161446400395 1.5592489640239626 0
0 0 0.32292581683036503 1.0213098098802589 1.943072829739865 0
0 0 0.16681395222169426 0.23392323530650905 0.587740026278586 0
0 0 -0.18734900818947997 -0.06988498452160741 1.3206228359899765 0
0 0 -0.8681967183688202 0.7248564071499839 0.48769495776950456 0
0 0 -0.7991436455611687 1.528717099479783 1.2936307503127997 0
0 0 0.5253908523592061 1.4797588652098725 1.565120181730683 0
0 0 -0.20560987630185457 0.1465378239422147 0.7438436283044234 0
0 0 -1.1343020358479068 -0.03567332358426778 1.1093925053077847 0
0 0 -0.2030005049898933 0.8019248716108563 0.4169593588879804 0
0 0 1.3627369649766243 1.111750079162924 1.9516528212648208 0
0 0 -1.1602580944284708 -0.03145735710778397 1.3267710729966538 0
0 0 -0.8199266821955685 1.5748411823187949 1.2269869603320305 0
0 0 -1.4040635488507263 0.7772380121373798 1.986036173948269 0
0 0 -1.4452551867088061 1.2457964518571734 0.5740480753519599 0
0 0 0.5481126488563932 -0.012833174818203008 1.2034529532140052 0
0 0 1.2300278938694253 0.07912243907842653 1.7034796581969198 0
0 0 -0.5299397585614112 0.826586036083051 0.45860871393613856 0
0 0 -1.406394090895553 0.9320963348585721 1.9524823832214804 0
0 0 -1.3103928526867534 0.9531986364207379 2.033569605444121 0
0 0 0.8832892170184854 1.0653419666231436 0.5426470288213706 0
0 0 -1.4203588792314137 0.9401305811262819 0.5098933332515532 0
0 0 -0.24757651469574515 1.5470278605591186 0.9832690606819976 0
0 0 0.04427779280638311 0.143532324643022 1.715003371148648 0
0 0 -0.3198908735902941 0.9784096879505105 0.4259596824633902 0
0 0 0.6499501767879652 0.22243845146373953 0.6643957660565294 0
0 0 -0.09947927010470825 -0.06467172231508234 1.2965549838359791 0
0 0 -1.2661395932561836 1.4994692306399142 1.5036904897223171 0
0 0 -1.352695706497951 -0.05451630753341885 1.4303149423724038 0
0 0 -0.4371222888797992 0.17708982558157105 1.8054332080373274 0
0 0 0.13358648773098203 0.5677379262544824 0.4405319892411217 0
0 0 1.0934106893008146 0.015271464495821174 1.017556599168397 0
0 0 -1.0373299273673373 0.14682594858205555 1.778204673118153 0
0 0 -1.2415334336855914 1.502565532955596 1.2280306217686874 0
0 0 0.08596574128933576 0.1304093367800644 0.8194440959799862 0
0 0 -1.163030661930483 0.16956561121803448 1.7686382890224959 0
0 0 0.48789763508882356 1.4905678616784894 1.182186837362969 0
0 0 -1.5680770032453044 1.3361151921129804 1.7353345584795195 0
0 0 1.2297499212168441 0.033356645194004386 1.6080848960954506 0
0 0 -1.3156829377347792 0.0642988895088401 1.610757524719266 0
0 0 1.008499505621526 1.4111871773249682 0.8833120548437134 0
0 0 0.4738893589809159 0.9472604230056271 1.9796768219191017 0
0 0 -0.7623175829853238 1.2172099573299173 0.6307906330140841 0
0 0 -0.3791764772531785 0.2864253549777363 0.5976606230959947 0
0 0 -0.27300807248474857 1.2276736366500474 1.854651193322006 0
0 0 -0.6773704509533309 1.4124511124681018 1.606214711049418 0
0 0 1.4990364892524353 0.9285524952387696 2.0023876958502154 0
0 0 -0.06377878873587872 0.014624606972238108 1.1308568969236232 0
0 0 0.31581656124912727 0.11436377793160624 0.712699307551522 0
0 0 0.5228394994075525 1.5259810425402556 1.2920317434026092 0
0 0 1.368493516230096 0.6199624586941409 2.0448464388289533 0
0 0 1.0409691265186463 0.6743574215009044 2.014645070940314 0
0 0 -0.31757823993187895 0.8946316493773265 1.9930850726712328 0
0 0 -1.2876897876160087 1.1371780671310858 1.9382632913992262 0
0 0 -0.6991644788933775 0.12996106564176146 0.7109481441564127 0
0 0 0.19716946197326712 0.03386684979238064 0.8273244386742311 0
0 0 1.027934982141049 0.48102446280127936 2.0056545253271896 0
0 0 0.4197990006035508 1.556506390423648 1.103644562510549 0
0 0 0.9272478679390854 1.5115978483721224 1.5703839269752191 0
0 0 -0.11473089018788185 0.2898092268937694 0.5837657696712834 0
0 0 -1.0779186995006316 0.22285369657784238 0.6566308857607255 0
0 0 -0.375410682346073 0.9206830962066046 0.48985429854669027 0
0 0 0.9905588938427421 1.4644448325269503 1.4899193371422066 0
0 0 -0.8354284496898263 0.0117833162933898 1.592096805786467 0
0 0 0.008294443865346501 0.3019248300542859 1.8816007120867764 0
0 0 -1.3288661029844238 0.5742532190357554 2.043154081380334 0
0 0 0.37530510452908694 0.17096173210313848 1.824756551701904 0
0 0 -1.0891843083820847 1.3988905586548288 1.706890592485002 0
0 0 -1.4114279801003504 0.14985355644091014 0.7193724836326095 0
0 0 0.5623446293440804 0.6725092804238141 0.47288624058254525 0
0 0 -1.000751239244853 1.3257394779772191 1.721112898481449 0
0 0 0.8350738497750072 -0.052316399996872764 1.464131323843845 0
0 0 0.4773567770186946 0.42068757691890274 0.5039425611205597 0
0 0 0.18600884389244787 0.6390493195319062 2.034455555412328 0
0 0 0.4841284810270703 0.4618220262959586 0.46152733973203697 0
0 0 0.35478594426120424 0.8930234135094655 2.0527689980747272 0
0 0 0.697060232797325 0.34871106696486276 1.9240793837971089 0
0 0 -1.3637369163283148 1.5436595591426565 1.2134302424812013 0
0 0 1.3222245203851029 0.3118809712986897 0.5177752741685246 0
0 0 0.6698111268266675 -0.06863558663002911 1.2162444177455876 0
0 0 0.5707937257264191 0.6553259820023064 0.4144219150642714 0
0 0 -1.2730854988348272 1.4655722001885654 1.4867462834938578 0
0 0 -0.6929176072765941 0.44696188095637474 0.4640588138326843 0
0 0 -1.4053150604787708 0.31128236731228487 1.8784652648754814 0
0 0 0.8454494113961899 1.030327148142748 0.5118444357801851 0
0 0 -0.2158359972421675 0.465924558592195 1.9660275367608255 0
0 0 0.3331548234611177 1.001977957305041 1.9276778284404434 0
0 0 1.5442876199014126 1.4791855431000978 1.042170031560428 0
0 0 0.06819922411725732 1.1931103320199996 0.5428442665532418 0
0 0 0.4093118823192392 0.07373785408385702 0.8471232051841759 0
0 0 0.5738422319319509 0.4077621001697367 0.4997583684628626 0
0 0 -0.5789844348476395 1.2408682050705604 0.6593235017756783 0
0 0 -0.2646747941064056 1.510354523287048 1.2985398723451205 0
0 0 -1.0708904565669504 1.408573150596569 0.823135020196545 0
0 0 0.6795165773744993 -0.017796825732686927 1.295653113065455 0
0 0 -1.5655210431703097 0.8572625240633237 0.4217623727252413 0
0 0 -1.4140052657916593 -0.06094573870913789 1.0207157391961186 0
0 0 -0.34983865977400597 0.2126118773415886 0.6047936000415832 0
0 0 -1.518914694647486 0.41042838448387076 0.5511365721194597 0
0 0 -0.7731824622273246 -0.03071448303032065 1.2690281638695897 0
0 0 0.7766311624175364 1.2687458172315185 1.849748295398081 0
0 0 0.2996511701062572 0.8234431276955422 0.42781999420271855 0
0 0 -1.5207445780583204 0.7594478010078569 1.9846157717173485 0
0 0 -0.8825492626836364 1.4970830502596657 1.547002496877501 0
0 0 1.3789313158346679 1.5394757067087814 1.490072393749222 0
0 0 0.14132171578141994 0.11197198543348974 1.7150848807006231 0
0 0 -1.2481834559309357 0.38505105052333033 1.918799596087657 0
0 0 -1.157448248788048 1.0705352651473454 1.9978791450727638 0
0 0 0.6391449396396376 1.5298022372819018 1.3139876232854424 0
0 0 1.028922495962831 0.05717927846368731 1.6390426557642739 0
0 0 -1.0638930248217109 -0.06195005225252992 1.208012526417914 0
0 0 1.275920274873426 1.3100886741918432 0.6795882331044916 0
0 0 -0.5066869248790467 0.08075313068001944 1.5728469944464256 0
0 0 -0.6421153322896295 0.9653017067153034 0.5027592849138369 0
0 0 0.15956820610341005 0.40105185242701213 1.9373026470383041 0
0 0 -0.10748714008004456 1.4984894189436226 1.0542645033928792 0
0 0 -0.2970058066033947 0.3761827348185368 0.5705458807818947 0
0 0 -0.7870646917473829 0.1606292844567373 1.810764811772552 0
0 0 0.9715572805713686 1.225908810009814 0.5483359681665052 0
0 0 0.7759699462610019 0.07694366609458392 0.9180725674897547 0
0 0 0.4158320145333878 0.18680764895284385 0.619241724697221 0
0 0 0.5536269446504911 0.9195411557778821 0.4631471341544541 0
0 0 0.5174271892531088 1.4233960084101844 1.6835703107991224 0
0 0 1.3395109765725937 -0.005390707866333666 1.2785839060496653 0
0 0 0.08940957172995634 -0.06875138636705125 1.2109504108793878 0
0 0 1.3486773387820432 1.5852193224712807 1.3050947215480388 0
0 0 0.16369038830456573 0.0359878405471471 1.6087907061505518 0
0 0 0.5350839456424388 0.034538267486242 1.5536439130594306 0
0 0 1.0173559708306636 0.09221562840876085 0.8763632034499658 0
0 0 0.10673804170888479 1.437743964329346 0.8663652097206858 0
0 0 -1.0394753234006007 1.5476904071657482 1.070951423338615 0
0 0 0.6127978077605811 1.4227007525166584 1.6621818811996898 0
0 0 -0.883138192439541 0.5567979440431227 0.4631288699119246 0
0 0 0.9821363692862248 -0.024548670378838233 0.9578787591370326 0
0 0 1.3944936831018344 0.4592953729016417 0.5059233009057745 0
0 0 -0.2753190855273646 0.5286416226774393 0.46794121796988686 0
0 0 1.5648701439706003 0.504060538353313 0.4649709319959757 0
0 0 -0.6384162640618023 -0.029981121975700464 1.5284481237875889 0
0 0 1.1107981484327678 -0.040314582719449765 0.9661747693325695 0
0 0 -1.0337321064869323 1.4919967144975406 1.5551685712878842 0
0 0 1.1252093847388598 0.131827104422221 0.7889369211943769 0
0 0 -1.1594914255518431 0.9472778970372061 0.42194029991718407 0
0 0 1.1283724752432152 0.6310552397157113 0.44737894237387654 0
0 0 0.847307377084547 0.3133432667339855 0.5508031321031013 0
0 0 1.1928396274925506 1.4525211320013818 1.516857803495702 0
0 0 1.1190729864232414 0.8089310852895008 2.0600708546559217 0
0 0 0.8822256571283376 1.4458940955172972 0.9021661669626013 0
0 0 0.5220134185892231 1.4537739079685612 1.5835315858199117 0
0 0 -0.04464352877875055 0.07416106903501751 1.5867345587878674 0
0 0 0.46521244230436 0.24404214060557572 1.8541319203447881 0
0 0 1.0601972885851079 1.0659706644109086 1.9515988230533754 0
0 0 -1.4192353889368297 1.535599464760655 1.0662877988602357 0
0 0 -1.379232865275673 0.7359063734169763 0.40684948973505497 0
0 0 0.9111636810115495 -0.06991593273385033 1.2503258107636561 0
0 0 0.7634754432133963 1.1074851102578316 0.5111376715086289 0
0 0 1.3828331185429903 1.0954903063529766 1.936814225561015 0
0 0 0.8798026770824574 1.4906235967873478 0.95849082430212 0
0 0 1.3572758291015283 0.0072229573864665 1.2234554499306611 0
0 0 -0.25182310112792927 1.4665756243396744 1.537560503461906 0
0 0 0.08201212676329872 0.4559261855065337 0.5209901895397191 0
0 0 -0.06640137676608249 1.463614815376709 1.5763315598184549 0
0 0 0.9219231112229207 1.3330959178529072 1.7502928807906806 0
0 0 0.3970098904386328 0.06619740230776017 0.8868168241382166 0
0 0 0.8666659690023599 0.822892975186899 0.4013398166995996 0
0 0 1.1308556450582383 0.7745821357982253 2.0271775998737334 0
0 0 -0.7894076451370295 1.492015064682361 1.2430572240762503 0
0 0 -0.4460452024998598 -0.01747797669543849 1.4735999983862123 0
0 0 0.85040677238079 1.0773703254541642 0.522794182165538 0
0 0 -1.0880364856805973 0.042926094187704544 1.4736421006838345 0
0 0 1.055201770351489 1.424292845040363 1.6739397755316614 0
0 0 -1.3947779026969989 0.342425850067547 0.603761172835375 0
0 0 -0.8847400385160398 1.3520689138669943 1.7249663290520205 0
0 0 1.2023698066584037 0.045159679891713767 0.9908359932407864 0
0 0 -0.23109518775377658 0.27455354937922777 1.8191091849750078 0
0 0 0.17366476106157847 0.1549075957943038 1.7956480791261278 0
0 0 -0.13833234518572302 0.7499630830896805 0.38811952312822817 0
0 0 -0.26816604980303516 -0.058131326091180546 1.0829923046803425 0
0 0 0.5178241924093534 0.0620437469815488 1.6629920451839273 0
0 0 0.9093369696046114 -0.02823527784835833 1.3002258517872471 0
0 0 -0.6781998215677658 0.09013579332994226 1.590832352035759 0
0 0 0.2879884542786877 0.5255359659413862 0.45890039442018715 0
0 0 -0.9488492954142296 0.026991556871998945 0.9081172464767224 0
0 0 -1.519340262607221 1.2088034548923607 0.6429472804606133 0
0 0 -0.2045516476826279 1.4683783273427415 1.6493939352196605 0
0 0 -0.3068394221655184 0.31102505243420475 0.557143216718783 0
0 0 -1.0995060868491033 1.4716986773126965 0.9664904542915723 0
0 0 1.0593898255173957 0.033070772363947065 1.6440929895487697 0
0 0 -0.019265545096762926 0.1911019838201663 1.7134413387232827 0
0 0 -1.2301513816806846 1.1564929345242625 0.5193797800880463 0
0 0 0.5222630356216684 0.7266251283937122 2.0300702828090595 0
0 0 -1.2282314858240087 1.394772220676385 0.8243674561650833 0
0 0 0.5236999154311834 1.1703150188767366 0.5715331142943297 0
0 0 -0.6270744839372482 0.3746864613075927 0.5383985918028398 0
0 0 -0.39974839672214224 1.4064839523801895 1.7466510873435324 0
0 0 -0.23440764528229097 0.4008833139932106 1.972802328403398 0
0 0 0.7163008155342703 0.14411641953746668 0.7482490174492396 0
0 0 -1.2519744694509591 1.3781399649367723 1.6916775942921856 0
0 0 -0.695341909728986 -0.08115403648814801 1.2917025846986157 0
0 0 1.1555600483648782 0.5682212479393496 0.42764447965045604 0
0 0 1.0079469330977098 1.5771802862099302 1.1987467575135924 0
0 0 1.3358770638731983 0.862704663083676 0.42375096614861574 0
0 0 -1.431351297322372 1.044243547007647 1.9600336726235867 0
0 0 1.454073612019263 0.966176130015393 2.015331643290378 0
0 0 0.5422288977610283 1.4968651748685735 1.2088868883316244 0
0 0 0.3426178275578713 0.8912724853003653 0.484578927585524 0
0 0 1.1884856614257946 0.10820825615131369 1.7527081232902715 0
0 0 -0.4172014892638063 0.019681302861575434 1.4787437590866714 0
0 0 0.020342244303629853 0.7412622792087844 0.39730713594451506 0
0 0 1.3963617932916992 0.923977787178256 0.41986368608083635 0
0 0 0.6903151518218724 0.050553355739506145 1.5264588667785104 0
0 0 0.4963224055635864 -0.03578882372794545 1.5022150860545997 0
0 0 -0.9997353357775414 0.08519512968896548 0.7999267571679627 0
0 0 -1.4296561718071326 0.3481015973385925 0.5560786862945261 0
0 0 -1.5098276296797395 0.22177042581171402 1.767162097521866 0
0 0 0.14432109358018064 -0.01930570911213403 1.3917847422723728 0
0 0 0.39270523201427743 1.1362920554665488 1.9672428336621657 0
0 0 1.3043179012436412 1.4813684095607438 1.0992949560996161 0
0 0 -1.0451437780376742 0.0053633540132992374 0.9541062833356142 0
0 0 -1.304249307512473 1.3793173737841857 1.6242092601469031 0
0 0 0.558049330810563 0.5988244831903295 2.0275211299511047 0
0 0 -1.2785881832731043 1.3328908693943926 0.6415347295999405 0
0 0 -0.9154446078702362 1.3454280595786945 1.676477719607607 0
0 0 -0.903556211246906 1.5039705785622222 0.949899968810159 0
0 0 -1.1575983688814746 1.2824777534733647 0.6835770989719611 0
0 0 1.3384872711382747 1.4352861427380574 0.8350637497324367 0
0 0 0.4342465936061446 0.2821837790399087 1.8113568316230104 0
0 0 -0.2668853237808839 0.20745936760449124 1.7890807673717282 0
0 0 1.191656610621885 0.2221713757294208 1.761136108371281 0
0 0 0.804238830512654 0.374904132063378 1.9561111471727433 0
0 0 0.6444013365277161 0.0849240339863705 0.8783707075748444 0
0 0 0.9341697100371866 0.18802259454893278 0.6237873605747277 0
0 0 -0.0703467802548261 0.5854250563168039 2.0162733346973707 0
0 0 0.8952570783590867 0.8068220029367079 1.96591579263221 0
0 0 -0.28906286814691207 0.16166621039911167 1.7645197416382397 0
0 0 1.3215954597368769 0.9596074811405493 1.9678212104685637 0
0 0 0.498363255420863 0.15323364303766918 1.7727603960755025 0
0 0 1.5235207369350876 0.5588818048046634 2.0157862444764887 0
0 0 -1.2684775515452145 0.7535517617225853 0.42252464616143104 0
0 0 0.5365490511607174 1.0811237654240493 1.960360266500969 0
0 0 0.43523110227656625 0.9777634159695926 0.4722311782585207 0
0 0 1.1889718410528598 1.27267418840202 1.7782726087880798 0
0 0 1.489954603474032 1.4678138256752256 1.5373415953224714 0
0 0 -0.5467629271687253 0.9995434427487437 1.9658192704256172 0
0 0 -0.3941307027987375 1.4881385602514996 1.6018715298336124 0
0 0 -0.3822536909880816 1.4109509695510645 1.634882620565026 0
0 0 -1.2447163792168685 0.777045263941539 2.0585242500434004 0
0 0 -1.3022744267961643 1.3256553367912485 0.7008505486448754 0
0 0 -1.5503824176081658 1.4935857192915174 0.9145481931910883 0
0 0 1.497071655175351 0.13893905837119447 0.6943299025073939 0
0 0 0.6509247737779114 0.6627178353759371 0.4250025806949127 0
0 0 0.5033407460836821 1.4454995252412401 0.8026345503569545 0
0 0 0.33277653699569476 0.8655073210783494 0.4786902956108652 0
0 0 1.2087407073583099 0.07444007255733742 1.6287041074177993 0
0 0 -0.18936201629459037 0.1591141564239471 0.7351550992282816 0
0 0 -1.3240920503038556 1.5385083325606708 1.040753884849643 0
0 0 0.763289745723085 0.4257358570941987 0.516941513076854 0
0 0 0.6622373050723573 1.093496620234647 0.48303701538337884 0
0 0 1.2181514207211124 0.2355313105497686 0.5838212017980987 0
0 0 0.9961555710311245 1.4242409653587207 0.7571290607971262 0
0 0 1.2845973958277246 0.09577755322461312 0.7609016831271268 0
0 0 -0.6193669828059052 0.8099084648703028 2.006954712847447 0
0 0 -0.824197446729825 1.3549859038819365 0.7107840704360584 0
0 0 0.8827028970044939 0.024142021698049243 1.608158752713451 0
0 0 -1.221950446134487 0.767246341845678 0.47963372277686467 0
0 0 0.2690400546121321 0.7223153912272001 0.43646486819111263 0
0 0 -0.3115679274579972 0.43349869209018116 0.46248955989593843 0
0 0 -1.4725272638897797 0.8907894625087883 2.0375599630209176 0
0 0 0.7117764922146796 0.5333021096848616 0.42724668182198844 0
0 0 1.245209786809748 0.7015318786492509 2.0547188805796472 0
0 0 0.4460828982943861 0.41091535385077815 0.4804555987481962 0
0 0 0.46078524243596464 0.11743767145552653 1.6972075911210576 0
0 0 0.1121518764661118 -0.03413093774047404 1.2419444208323505 0
0 0 -0.5696397160817268 -0.054173615080416404 1.3056698093570438 0
0 0 -1.2609911903127609 0.7044579908562015 0.4025155835898726 0
0 0 -0.7997964055231693 1.331229938226465 0.6982048220803865 0
0 0 -1.4429001932909182 0.8075329384097238 0.46112484435011036 0
0 0 1.1585022937124445 1.4978058594032602 1.2235838496634284 0
0 0 0.061582661478703615 0.26306749051133643 0.5657422265438524 0
0 0 -1.172478292210129 1.4772680150283968 1.0882882350211012 0
0 0 0.1015429955042424 0.05156571708536273 1.640960130211843 0
0 0 1.4267322011751906 1.2116408280173696 0.5595293605189344 0
0 0 1.2615833804533243 0.8572915288764322 1.9734256857733277 0
0 0 -1.46634501301485 1.1780978803869275 1.846369215992687 0
0 0 -0.03342415970041235 0.0934936855361922 1.6717169510419838 0
0 0 0.9828590320115098 1.1141903075054511 0.5829955423747295 0
0 0 -1.4298701962729585 1.5638391872301969 1.197156384763057 0
0 0 0.3505734429295513 0.5389908692356301 1.95730153274711 0
0 0 -0.6478984925966375 -0.0006712347376102157 1.3232204914232288 0
0 0 -0.030999374977226157 1.523620104528804 1.5330514879534367 0
0 0 1.2997431535013315 1.5484773758879296 1.0190064965165901 0
0 0 -0.08216924238741208 0.6411492719487126 2.040809198350124 0
0 0 0.15162999401514865 0.1461570814109754 0.7504670589581353 0
0 0 -0.524352101974773 0.8491259147661546 0.48168849395427416 0
0 0 1.1575028326660748 0.5686399092316383 0.4577789097768954 0
0 0 -1.3895845543732765 1.4001507039838366 1.7059943780759699 0
0 0 -0.05572465988901132 1.4931726845977413 0.9995534686313956 0
0 0 -0.4978718924529959 1.2198368132003603 1.9160320805761089 0
0 0 -0.26113445449630857 0.7887689238633623 0.4368203399110234 0
0 0 -0.5013786234507913 1.5040717006468434 0.9916934119614651 0
0 0 1.5508838356084067 0.3012240840033405 0.5358743803558529 0
0 0 0.6658208339569911 1.551676553941547 1.4362014191327446 0
0 0 1.4291787399090525 0.7760057378012607 0.47849685717199864 0
0 0 -0.1716172024018705 0.1924577718019307 1.7681020670332872 0
0 0 0.6014604945430286 1.5081108579804767 1.0398577461892846 0
0 0 1.5184843351151467 0.8162735067859976 2.059542693759547 0
0 0 0.43061498650434293 0.45634010334717456 0.47729426673262676 0
0 0 1.2417219517874196 -0.04512249940820079 1.2684901641084767 0
0 0 -0.3957742393057415 1.5319816215299915 1.0840950339852384 0
0 0 -0.2783202684528301 1.2749532444636842 1.7654463764292887 0
0 0 -0.7982087844633914 0.06715237095774573 0.7946750598054004 0
0 0 1.4001719265544845 0.03741609722219441 1.5517390431773825 0
0 0 1.1015725773136715 0.7358011826128922 0.44989093016418824 0
0 0 -1.3062107774983023 0.8424708751885277 0.41456585669708956 0
0 0 0.009106331174368876 1.0134196330722856 1.9405205056327954 0
0 0 1.4850735663213785 1.3832199815411597 0.842827054483418 0
0 0 -0.1286477396034471 -0.02250434908818244 1.286032302889491 0
0 0 1.3499912173002508 0.36219967658730007 1.9058732533038476 0
0 0 -1.5149474274234167 0.003252306781569736 1.3473812136010226 0
0 0 -1.2476072660562427 0.008758787480416808 1.2980665191450689 0
0 0 0.1427317963355612 0.2748574005452611 1.8511787933846438 0
0 0 1.436858694605526 1.5273876240465647 1.020259124684066 0
0 0 0.7305211814637351 0.26606304685967974 0.5816514543399874 0
0 0 -0.6970001741634089 -0.026005792142668294 1.1373114544157992 0
0 0 -1.2123782864186592 1.209931518890065 0.5848705652108592 0
0 0 -0.5405105007953577 -0.014168550586664774 1.3030896986410483 0
0 0 1.3789213529049165 1.5052574484409647 1.1705838857862914 0
0 0 -1.5449436476333862 1.040591175000611 0.4785795257496256 0
0 0 0.6570985174124289 1.3930293659262127 1.6596167538934548 0
0 0 -0.890674297588969 1.037523319556746 1.9170945238678008 0
0 0 1.567164416681623 0.39515516328145184 0.5443800731033879 0
0 0 1.4412025926400207 -0.006326624180108764 1.4590837257200209 0
0 0 0.19513023314650524 1.0363295190131345 1.98730234803656 0
0 0 -0.13226800214293433 1.5129261955393565 0.9943587598172348 0
0 0 -0.06883213429378765 0.6994454487937318 0.48160616587985794 0
0 0 0.9290617578617022 1.5187107049590527 1.3859021623967243 0
0 0 0.9420745633489997 -0.022613147740806583 1.3910431247664135 0
0 0 0.6823950253604685 0.5489641399928302 0.4806894563444697 0
0 0 0.5925324616466305 1.1753905028575895 0.5481396875262364 0
0 0 0.9950430326739412 0.49086551916538496 0.47870854319194556 0
0 0 -1.159576479812791 0.18259875952336868 0.7232446273559133 0
0 0 0.788339134445796 0.50977478441886 0.4534361166828228 0
0 0 0.5168251987716181 0.9516381087450726 1.944954461584743 0
0 0 -0.5461943216086114 0.1495491817998097 1.7995999269684826 0
0 0 1.0233657968774161 0.6172648241846621 2.052371685575721 0
0 0 0.10576696277201325 0.01227878922345449 0.8333518054224213 0
0 0 1.2052447228286645 1.4557752412669485 1.6372635348148727 0
0 0 -1.0096949067885146 0.010631990359030619 1.428686460698023 0
0 0 0.14884208218882855 0.42495919164268786 0.4670393419251724 0
0 0 -0.9282433518950474 0.7970124667506698 2.0007561730999672 0
0 0 1.0629696124665848 0.7401145597624562 1.9829526003097846 0
0 0 -0.7884450822728115 0.012286991237727252 1.1562501678870571 0
0 0 0.6240855489496338 -0.0044666860606371594 1.2676384047809999 0
0 0 1.4238698087209678 1.563232569898644 1.0689674461169492 0
0 0 1.19122938914773 1.1374622540673651 0.49854461745693435 0
0 0 1.2659784229575268 0.10567281740413803 1.7669058096258166 0
0 0 1.534288064601537 1.0474267556824113 0.4827821663214702 0
0 0 0.7481441370486421 0.628434181757672 2.028003909870043 0
0 0 -1.2639973236475093 -0.06926548144517597 1.3890964786797737 0
0 0 -0.8566656980134405 0.4659403821487548 0.49669100449990844 0
0 0 0.33793831291870347 0.44926671889184244 1.9178154617304792 0
0 0 1.4684824653879835 1.2115695673588875 0.612868634389923 0
0 0 1.2438436560010961 1.2957149992077954 0.6890861837783911 0
0 0 0.44356206495039086 0.9794515005428366 0.4729373498051599 0
0 0 1.327018599261593 0.9093132285895333 2.048231113871436 0
0 0 1.3673827630489175 -0.02230648581938499 0.9498477023535062 0
0 0 -0.8129225413315804 1.4707292247382597 0.8345242024917352 0
0 0 -0.039552598332526 1.541658124529481 1.3656653193893598 0
0 0 -1.5584444626374576 1.5162509714373007 1.3848387252440277 0
0 0 -0.8562625617135661 -0.020406724917290342 1.4071524410393557 0
0 0 -1.1568716287428469 0.8463468721909513 1.9825161376270874 0
0 0 -1.1711464688579327 0.8210566280669833 0.4198920988608573 0
0 0 -0.9649670041448773 0.48332147575730294 0.4319261985405074 0
0 0 1.0256823983002272 1.0243987662927725 0.5082582910025147 0
0 0 0.34339126568872014 1.0948887806354575 0.4640669381531318 0
0 0 -0.6244792335127107 0.6196295354240673 0.48084952328421493 0
0 0 -0.25343294348576184 0.09554615237455288 0.8784403959899082 0
0 0 -0.299456375354505 1.5128454814834675 1.519302677883919 0
0 0 1.2052399314027031 0.6684592259336555 2.0333377443366585 0
0 0 1.435747068540684 -0.005517140894665151 1.3865377448554908 0
0 0 0.5974589724659984 0.5159303796903716 1.9315537449063558 0
0 0 -1.1627319170673016 0.030246157621248715 1.4085180023137527 0
0 0 0.81104570656343 0.04233193465812557 1.6463632295479562 0
0 0 -0.8910215087863864 1.5503748757316074 1.0652001567949418 0
0 0 1.5444466621351314 1.1850266680902661 1.9312691964589717 0
0 0 -0.8234380155541176 1.0904516167935054 0.5424704587615907 0
0 0 0.9593220921645145 0.09653831002907665 1.7341725096054472 0
0 0 1.5085960319850482 1.5201411545081656 1.0120491124568904 0
0 0 -0.5295642012096047 0.7778173253577909 2.02435799226724 0
0 0 -0.6801153686393224 0.5785951984501605 2.0168898273882574 0
0 0 -0.6706339199247618 1.0760721538593243 1.974896812373774 0
0 0 0.45799360824204305 1.478482575670891 0.827687742747854 0
0 0 1.5376179760136077 0.011388541083415471 1.0225752966310186 0
0 0 -0.049857708257981415 0.14879192099621863 1.6666530271181552 0
0 0 -1.1577794187743216 -0.008409924646524014 1.1335632317642013 0
0 0 1.2337792870366475 1.5160302211726164 0.943266835448942 0
0 0 -0.14623958731049758 0.9892948139622277 0.43570612683893617 0
0 0 0.7060351339278306 1.1027369028636933 0.4682692606674588 0
0 0 -0.9898770763127825 0.21236784595014824 1.7883807241611849 0
0 0 -1.2420943079302345 0.4064139877608745 0.4877741222348323 0
0 0 0.9576552167072556 -0.03846355214896424 1.4782284319462953 0
0 0 1.1106720247447912 0.12906680684140115 1.7528700019391599 0
0 0 -1.5030477821087562 1.5648542514320425 1.234752319432311 0
0 0 -0.3951764250435241 1.2152810988368146 0.609796534817782 0
0 0 1.1790824999815124 0.858087941792991 1.9825707165367978 0
0 0 -1.2269381072592074 -0.07992724104279647 1.2982009009551172 0
0 0 -0.6498071874037966 0.09771134261556313 0.8530695733026921 0
0 0 -1.1963412768940402 1.31964755690448 0.7416503296288426 0
0 0 0.8251949519955701 1.1015690218998315 0.5456472363933855 0
0 0 -1.2452850021106392 0.13480290053195731 0.6610350376151621 0
0 0 -0.4845314385291981 1.0668547039027039 1.960796594428853 0
0 0 -1.3620527844316945 1.5489432463342374 1.4791230406020102 0
0 0 -0.8532359870470538 1.2942788632175986 1.7645215316596772 0
0 0 -0.14526003692141565 0.2293458235036102 0.6188697725095189 0
0 0 1.4769347150965624 0.038102368938151 1.5953299521529432 0
0 0 -1.127574917350247 0.6707489686075073 0.48102178446799526 0
0 0 1.0789021716960892 1.4307698833592823 0.7564577227824458 0
0 0 0.47248841737031366 0.1689724001821219 0.726948631737406 0
0 0 -0.16892595472978789 1.3195364973323689 1.7151068392546427 0
0 0 -0.30542623644581646 1.0793669224686262 0.47081938341515994 0
0 0 0.14896271085756174 1.4787210473415757 1.6343171576535904 0
0 0 -0.029226479896985014 1.3173492363900559 0.6592989193937117 0
0 0 0.8862390152552804 1.0437858925143166 0.5305747879949797 0
0 0 0.6092275665676516 1.254745678276071 0.5821158264375069 0
0 0 -0.13971382771106833 0.9134621079099282 1.9890828357549064 0
0 0 0.5328377037308725 1.2134756141617626 0.593592493967752 0
0 0 -0.7624235680204448 0.7296093165243037 0.4629397163243798 0
0 0 0.7729651564132163 0.6626090562719734 0.48209152731222193 0
0 0 0.5203451182467131 0.160799211275936 0.685572956879824 0
0 0 0.5269285681990858 -0.06159724172734771 1.3819237191219242 0
0 0 1.3984829216803951 0.6301626528050666 0.4128760667085477 0
0 0 -1.085356144102149 0.7802940040928833 2.0173664407631153 0
0 0 -1.2235704874914097 0.4532653076961875 0.46059027445861533 0
0 0 -1.4636762200948228 0.2932205151200849 1.894398526221786 0
0 0 0.935296804629397 0.19066990902720882 1.754109702486571 0
0 0 -0.8281838005515906 1.3778809163429595 0.6989013017017788 0
0 0 0.9198455329145254 0.09273729170993594 1.6690612323469851 0
0 0 -0.8652062584585104 -0.042514197295581035 1.3920397751063216 0
0 0 -1.3257715898187028 0.04243533576496339 0.8467967104176708 0
0 0 -1.3254009287108626 0.006507747395165131 1.2719840281607357 0
0 0 1.3616652095977555 1.169139066860506 1.8835310440490105 0
0 0 0.14899067614019357 0.03564632042182647 1.4728857923593968 0
0 0 0.3983251704784021 1.111586106675911 0.5260452736826996 0
0 0 0.5709169819185629 1.565776380509288 1.3402198298637447 0
0 0 1.4893849816536746 0.7174719666409265 0.4649000460240279 0
0 0 0.76027337425759 0.4394542811285611 0.5304705652213182 0
0 0 0.8291788085303353 1.4859589034704368 0.8595436446146527 0
0 0 0.10402760503162134 1.0266448695958528 0.44384543156475975 0
0 0 -0.01810948524311362 0.05309965157912455 0.9642611195601676 0
0 0 -1.3978031478713515 1.083362630163999 1.928226323558997 0
0 0 -0.8766542717499016 -0.0390483103201954 1.4134690955498004 0
0 0 0.26041226098031367 0.9756591681883275 1.9574536713764386 0
0 0 1.547790155805679 0.29087133676312243 1.8975498994625366 0
0 0 0.33378613812405344 1.3067986289353866 1.7696871339266496 0
0 0 1.036208402828823 0.8451715930395737 2.058295689417861 0
0 0 0.7780864728106764 1.5649315146019687 1.3490548983648716 0
0 0 1.0198518926021052 0.6617270878342599 1.9682407271848155 0
0 0 1.2368954910156478 -0.013085190419120929 1.170541988311 0
0 0 0.3855564561043374 0.3532374646435008 1.9343654575122873 0
0 0 1.3519418605442612 1.1506857470748257 0.5638490196928045 0
0 0 -1.5578001741314556 1.3778367806820402 0.6864339758574085 0
0 0 -0.3198508944749139 1.40888710843763 0.7354326435406846 0
0 0 -0.15284036039527615 1.2958509217365717 0.6723314868367845 0
0 0 -1.2959654481627012 1.3562181182531685 0.7391764243194121 0
0 0 -1.3399735889769315 0.5656112034911311 2.0361797841369738 0
0 0 1.563791888532812 1.2821060090921603 0.6857002721430475 0
0 0 -0.8729791968958736 1.5408499863089946 1.4744436583123228 0
0 0 -0.7962140281889124 1.4397467970257072 1.5950489791093183 0
0 0 1.2817310965255775 0.6091147543950135 1.9629413410871288 0
0 0 0.4543882805223203 0.9464485320233176 0.4877001381845323 0
0 0 1.464381675448359 0.2051438073820706 1.8335485790997543 0
0 0 0.4006796265541932 1.2932497568440544 1.7368454349368996 0
0 0 -0.30110254950277304 0.29834248789438284 1.9282067195283075 0
0 0 -0.22675569031132792 1.529602536854989 1.2495845401726942 0
0 0 -1.1629067149424324 1.3200986699332709 0.7140540354028188 0
0 0 0.3363705985003467 0.5123231758745861 1.9327902993881048 0
0 0 -0.8518550354790863 -0.005533471897970266 1.5893103110906015 0
0 0 0.9694621499034324 0.5036457488808261 0.5039552340384702 0
0 0 -0.33076061657519173 1.4039508252000923 0.7974789700288967 0
0 0 -0.9285452481458518 1.4701322312877951 1.0452775783272859 0
0 0 -0.7461465571810656 0.6102400186985777 1.9655192325956303 0
0 0 0.8130734076952915 1.5093083085794903 1.027344073176365 0
0 0 0.3526204611796777 0.6868163950747846 1.992518648844143 0
0 0 0.3147703581188679 1.3395544645518553 1.6955730621960596 0

