0 0 1.9537319068689722 2.0668824630113476 1.7974874702774704 0
0 0 0.5227531079343057 2.0843777044807608 1.0966156220776044 0
0 0 -0.11971843007968941 2.146278026970844 1.021609730856372 0
0 0 3.0090617984406265 -0.4681131203170623 0.4373337948509439 0
0 0 -0.30827337324889026 -0.4979507586450036 2.0354815103770485 0
0 0 -2.3362651991424586 1.685360254799355 1.9621774638834888 0
0 0 -0.963317596139059 0.5391534398769513 1.9914311596860275 0
0 0 2.4932445236105423 -0.6272055908495984 0.7373513550805232 0
0 0 1.3395052880336165 -0.08075101083342484 0.500929285994869 0
0 0 -0.6146885979304346 1.074581759844316 1.9986666859813296 0
0 0 3.064820026486535 0.08224262533409432 2.0262093559903906 0
0 0 -1.9470327755296317 -0.6245300230815891 1.3746697009683349 0
0 0 2.511212762897517 -0.6479428414962947 0.6673029150964833 0
0 0 1.3552529818779648 -0.4310318754569804 0.42850058126255575 0
0 0 -2.490493109452861 1.6005935851073911 2.0398186498126876 0
0 0 -1.345087835144012 0.7785170384972411 2.0063054172859385 0
0 0 0.89467857415202 2.0700283431274693 1.787147886700821 0
0 0 -0.42965809285110046 -0.11220795567066655 0.4429800141505378 0
0 0 -0.08805717705674487 0.12784363620056904 0.4284090974727952 0
0 0 0.1500976875264297 0.18222287519953828 2.047693976453875 0
0 0 0.4339814308490437 0.04938796326339301 0.4437511969626843 0
0 0 0.2691390308498147 1.4526234487068665 1.9848021090821297 0
0 0 1.6995631529154487 0.2727387871445862 0.45560164482826626 0
0 0 0.7271120187563409 1.3532080992448452 2.0201584757089295 0
0 0 1.2693333116581709 1.6041980428511675 0.40359646623584167 0
0 0 2.7467479145010625 0.166343614022883 1.973532637058483 0
0 0 0.9245826362426461 1.2554162456335791 0.4719373236054989 0
0 0 2.3856819606034882 2.110718286110513 1.3308934664807346 0
0 0 -1.4632099701293895 -0.5108139667838034 2.0240120706427502 0
0 0 1.2424795307010275 2.0880677197085316 1.6655391952914187 0
0 0 -1.8067163524662482 2.1305266802519425 1.538683069674601 0
0 0 -1.365998757100586 2.1460955149404164 1.1590433539630984 0
0 0 -2.0652356327322257 -0.3466800955299989 1.9807601131429302 0
0 0 2.887482867050072 -0.6202109726040852 1.105316818110928 0
0 0 2.993986219888022 1.564974450324941 2.023890402522409 0
0 0 1.2096905087288166 -0.16273117080919985 0.4413381958742677 0
0 0 -2.925037881647868 2.1468897889354506 0.6013677663707129 0
0 0 -1.362205852558783 -0.25420148908262563 1.979902694350926 0
0 0 3.1013507261340747 1.316225608060506 2.0328322665486382 0
0 0 0.9003695266168954 2.07572643242924 1.380732670122763 0
0 0 2.1419849758689393 2.0959251140408126 1.3657434512201987 0
0 0 0.7773777783208429 1.3489329725428882 2.008031363282067 0
0 0 -1.1179624794558198 -0.5763960810958919 1.1397982657513874 0
0 0 1.695968996492673 -0.6388401299464992 0.6103750224642817 0
0 0 -2.901587778791175 -0.6187820147615337 0.5597994187817817 0
0 0 2.0053301313510303 -0.6158716021559778 1.3092190227598084 0
0 0 2.8862632382764355 2.1192427217410543 0.6601261113176435 0
0 0 0.8528241775562595 0.6752295049967147 0.5014078397005812 0
0 0 -1.8423342322368852 -0.5886886044137998 1.8883160045110572 0
0 0 1.2796187270407477 0.6921619882821242 0.41759803855665034 0
0 0 2.8738843788889277 0.2642693263927334 2.0261936705589383 0
0 0 -0.1192508578771756 -0.6335075230285803 1.4892770008843892 0
0 0 2.857513795599572 0.011593798320812643 2.0299700438508648 0
0 0 -1.5088348460673757 0.553737364942775 0.4290393042607108 0
0 0 -0.6877573791609515 -0.5419605003408052 1.955284030292109 0
0 0 0.7584099424999247 0.9993044199153112 1.968396912038326 0
0 0 0.3622553106291462 0.834287957675387 1.9718845354204255 0
0 0 -1.8004492250472304 -0.586661192791675 1.483118784567702 0
0 0 -1.1575663191832666 0.2392895907470567 2.0401967610303178 0
0 0 2.3055388583544802 2.0956696057897615 0.5456632750429066 0
0 0 -1.9505649490717538 1.2966592314891467 0.4667973423076873 0
0 0 -1.8813822025823133 0.7766049185174271 1.9908082333656827 0
0 0 2.4064006702505036 1.549222735705394 0.4556477010947909 0
0 0 -3.0260853203159215 -0.5867089284769402 2.0290110900585865 0
0 0 -1.0054322192336982 -0.5990639713572439 0.9979553346160364 0
0 0 3.055337304691304 -0.49470800276819493 0.4548811506460898 0
0 0 -2.5621789608082786 2.1028676792880483 1.5177398634862147 0
0 0 1.500227689616124 1.449882238327039 0.4539741558080511 0
0 0 -2.2343365244855606 0.516039468696261 0.4159703614771091 0
0 0 2.925618293786325 2.0531449906755386 1.7752175315925505 0
0 0 1.9301540511680235 2.1006552499561213 1.2092280819465013 0
0 0 0.2621140598935856 -0.580693766697427 1.442498623301536 0
0 0 -3.081656549270722 2.1254995955970384 1.2601284669857207 0
0 0 0.24673271450107004 -0.2367409280637055 2.029804159603759 0
0 0 -0.33455285176455885 2.1117549548389856 0.7823068615866302 0
0 0 -1.0445620832440383 0.5140413172532317 0.4235210555368183 0
0 0 2.409556392762445 0.5265723518545047 2.035424624875737 0
0 0 1.3689021422723746 0.8777910078974316 2.0322579146683797 0
0 0 -0.5408407988849477 2.088184745283029 1.0287099540858566 0
0 0 1.971554094884456 -0.6240728741877186 1.9759866283844905 0
0 0 1.3791782528796874 -0.5646868661632274 0.4363968996106169 0
0 0 0.8593365231490386 1.0688772270335007 2.0285040202172144 0
0 0 2.9619676500640617 1.5061238894082656 0.49929198769062777 0
0 0 0.2869384902157619 0.0007321308449802499 0.49488801856968956 0
0 0 -1.1829705081130029 1.0394630425360398 1.9729373446452176 0
0 0 1.5259736283582113 1.7797139053784161 2.048110622878971 0
0 0 0.12867006679936255 0.22780755371201578 2.044558118949953 0
0 0 -0.4473413864593274 -0.6408269492815513 1.9929539482114778 0
0 0 0.16841027902791028 2.113793455817693 0.5953848156775778 0
0 0 1.2461156585360325 2.073224304300827 0.6160498034380999 0
0 0 -0.9280210132662647 2.0564119711438096 1.5486778496968046 0
0 0 -2.637898634128779 -0.5690815448926618 1.51662245242511 0
0 0 0.5992558826877779 -0.6101563215138626 1.5776974306571796 0
0 0 -2.564364973929309 1.1345907915503775 0.4780589183933348 0
0 0 2.8294977553393394 0.11462616326094976 0.4972209547701356 0
0 0 -2.2157544256569275 -0.2495928660517026 0.4550106554243146 0
0 0 -0.10179678073437781 2.0417703863318435 1.9950413778442886 0
0 0 -1.8854591010030006 2.1284540116385045 2.020999847281416 0
0 0 -2.056252435378359 -0.5597107704659803 0.7859481978161542 0
0 0 -2.72013020783017 2.067460308157607 1.7155181385861364 0
0 0 1.5160651844595332 1.5801307899085952 1.97180549070062 0
0 0 -1.5938548788977773 -0.5570596188300274 1.753141984425489 0
0 0 0.6291101644492234 -0.6156224104600836 1.4260246492272814 0
0 0 -0.12384952105533564 1.1478303161712025 2.001746913377402 0
0 0 -0.298002385796746 0.6579742861387841 0.4086120626583907 0
0 0 -1.9487625253988214 0.8503652980728698 2.0093338323207974 0
0 0 1.4647349627619883 -0.6019561871725234 1.4727241788123335 0
0 0 1.6645828154500988 0.28868913863244117 0.4866714355926669 0
0 0 -1.4359103777002353 -0.07144185344206044 2.0382056734530836 0
0 0 -1.0510669050109223 0.3502303524641692 0.49600608682761316 0
0 0 2.868459812444163 2.1175112647453025 1.114574165020386 0
0 0 -2.458694452521174 -0.636299985656364 0.8511039072977873 0
0 0 1.1157306832136742 0.19900732813024002 1.9974588874675518 0
0 0 -1.7380590406861982 1.3722268958191048 2.0240237340148117 0
0 0 1.1180643740813965 -0.57462932730671 1.5681180804006334 0
0 0 1.096155465592643 2.082174377139997 1.27550298755888 0
0 0 -2.7895218914770687 -0.6394105575839701 2.0446973687683414 0
0 0 -2.9095086463150195 0.7017793078015013 1.9595817813122702 0
0 0 -2.4560379436832247 0.44007164274607 0.4577559492531035 0
0 0 1.440696712523466 0.38008137463932135 2.038024099534295 0
0 0 2.4374890833974634 0.842359026678849 0.4828571624575896 0
0 0 -1.508326651497122 -0.19648149456987563 0.4880967636774707 0
0 0 2.090734743870132 2.1346579472292975 1.4594197959782995 0
0 0 1.1321069554372034 -0.5521052965185014 1.0741323800548819 0
0 0 0.47177346026275746 -0.4572279558689303 1.9801060575371243 0
0 0 -2.4103266428719827 0.39099968109403294 0.4902943962393158 0
0 0 -2.909288675156973 0.5109084984895969 0.4397097898750888 0
0 0 2.9012813521005327 0.41294079821857266 0.4065211516380982 0
0 0 1.325355921364399 0.9153909060007657 0.477802867405827 0
0 0 1.3545125965021807 -0.5541005472123268 1.6534226115577333 0
0 0 0.5764912789126715 -0.6387623021757003 0.9916082148239685 0
0 0 -0.7971653268113572 -0.30217747571487874 2.0332796653380867 0
0 0 -2.5331445630616836 0.13765553744680814 0.41896760170572667 0
0 0 1.1130990096831654 2.055013719557598 0.6329877266562061 0
0 0 1.4879123144117665 0.5163249288768923 0.4448299288516857 0
0 0 0.660474825620986 1.494873488170145 2.0388813323750536 0
0 0 1.0929921251877257 -0.3094013905295443 0.49055373239487154 0
0 0 -2.814631133883851 0.5406656555153162 0.484967534161188 0
0 0 0.5832748133139969 -0.6215122924231882 0.6234891107829837 0
0 0 -2.0700812787441274 0.7811632315497856 0.40423846101819894 0
0 0 -2.009390479863308 0.5419588198597789 0.43002894418354165 0
0 0 2.411829767143571 1.6400957938609573 0.41747583746196437 0
0 0 -1.9395980515109816 2.1489396812272465 1.1959174649857776 0
0 0 0.17777435701519728 -0.2583087835218374 0.42721340002941943 0
0 0 -2.808641007367143 2.0866701320147873 1.67166447251577 0
0 0 2.4588535431524745 1.988291976716024 0.46901473430739704 0
0 0 1.096168517433811 -0.24670570940364733 1.997728146044924 0
0 0 -0.21016098866136623 2.0640798817407386 1.0525594733195356 0
0 0 -1.506138476153797 0.6683656196522001 1.9668602853444195 0
0 0 -2.873899134473794 -0.5918551898898416 0.40492288408079946 0
0 0 1.3877982777348672 1.2211623725199576 1.991547487907922 0
0 0 -0.8633976542720028 2.0539032584090613 1.6734120592304003 0
0 0 -0.28055703595168247 0.5840541118978408 1.9774674187833605 0
0 0 1.2163375485077488 0.9925294109890472 1.9646033377128882 0
0 0 -0.8357488428167201 -0.6089265515154467 1.768566362643885 0
0 0 2.0042358016690756 -0.6417882825150354 1.8847479106248537 0
0 0 3.0654766482107405 -0.6243259572312887 1.093007793496858 0
0 0 -1.0479448763527421 0.48162197094698334 0.40687425371934627 0
0 0 2.2112880588401795 1.4605172756038265 2.0481486741877837 0
0 0 1.343015206277605 0.12736216975698522 1.9604070283403106 0
0 0 -1.210914445824054 2.1182924887103702 1.4870407849998872 0
0 0 -1.7025076632915301 0.12953203125393775 1.9665207765896127 0
0 0 -2.399542331089919 1.497785428307792 1.987729169448988 0
0 0 -1.3154606481729116 2.073514538134341 1.3587106573342904 0
0 0 -0.5593929743870922 0.41402196347979114 2.031011309851357 0
0 0 -2.8340369659048195 -0.6036430885909896 0.7706560895896291 0
0 0 2.625492732096384 -0.45274097760136844 2.0323445729663066 0
0 0 -2.474126611921596 -0.07732591014091494 0.4149126008769628 0
0 0 -1.8768933627425466 -0.5823441021213831 1.9432862698624016 0
0 0 0.9047231743560324 1.579296298914661 0.4801605702819708 0
0 0 2.324694215053672 1.7484327534474329 0.4253397131878438 0
0 0 -2.598108905735245 0.8117661827714997 1.9713764824172966 0
0 0 2.480740052270349 1.3413936787955412 1.9558622820188836 0
0 0 0.8922353309432447 -0.562695925770746 0.7888027998556706 0
0 0 -1.3043678671490615 -0.6014917228785264 0.9854155278201089 0
0 0 -1.7433561680876715 0.17170466136898999 2.0121305266203144 0
0 0 2.7656118246584205 2.0512618110461154 0.7232341151721206 0
0 0 -2.659522295311444 0.750527856269152 0.4900845993051407 0
0 0 2.016442149866812 -0.5790188972911647 1.337971397825371 0
0 0 2.276410101357559 2.109096273821662 2.022186025605298 0
0 0 -2.0335054920386613 1.5062141079581701 0.4374440514249843 0
0 0 3.0676163173016056 2.1041944168130193 1.3442843294787465 0
0 0 -2.0984489833534874 1.8594871984522856 1.9863218856611309 0
0 0 1.017494744689686 1.7641727981495234 0.44390912805348115 0
0 0 2.6625742175869913 -0.5874139917269159 0.4384802521833746 0
0 0 -1.647384871163502 -0.594188579336709 1.7074516142893328 0
0 0 0.3723025536536957 -0.6434257473994065 0.85046912968775 0
0 0 -0.2026158211680582 2.0586047930281595 1.9280873961959606 0
0 0 1.4077441325046811 1.8996192368119915 0.42531287555903674 0
0 0 -2.4450069005899957 -0.5863501892858416 1.7702373849166477 0
0 0 -1.99989781935412 1.9432311108501852 2.0267684233149463 0
0 0 0.37421907701703194 -0.6387623762166383 1.266254635787456 0
0 0 0.5554651696347692 2.1064633604262153 0.6145633339896259 0
0 0 -0.47649092734957366 0.30798060879439004 0.4136822027849085 0
0 0 0.7214991295974023 -0.608155286447857 1.7957388909216954 0
0 0 -1.9914989202023021 0.36138280424158453 0.48550590099602065 0
0 0 0.340546954760399 -0.2703086828378911 0.44588666369533014 0
0 0 -0.3255912234003544 1.8681229415573555 0.4853071407127364 0
0 0 -1.2036199911185117 0.41230068289316624 0.4586252712687384 0
0 0 0.7174176182991618 -0.5549981619517934 0.6346840337459428 0
0 0 0.012715710339797237 1.0298896455584499 0.4428354014648601 0
0 0 -0.09738083940865216 0.6356665430077577 0.40524483342543327 0
0 0 -2.13058001304727 1.9095728593240648 1.993242976768759 0
0 0 2.765150586809119 0.11269749233274051 0.4591448201161096 0
0 0 2.7903666571336423 -0.4001992784889763 0.5001056154800873 0
0 0 2.330912713530018 1.0184572201934445 1.978839280226587 0
0 0 0.9421075083993582 1.6327998662131111 2.0484508812669766 0
0 0 2.0603300775483557 2.068853041622873 0.7957867066385815 0
0 0 -2.4970903351247165 0.1539459382709717 1.9835439861166442 0
0 0 0.8896596107631645 -0.6087897464063263 1.1813311354035672 0
0 0 1.9544449605042917 2.1317945004120062 2.0392769063385883 0
0 0 -2.6811227042664005 1.3652037472367646 2.014939550478716 0
0 0 -0.10712988622080966 1.4593553716073406 0.47210395970399444 0
0 0 -1.9212026119508057 0.5141987682938314 2.0520100406957544 0
0 0 -1.1060903978087948 0.49335472272297975 1.9808626488301342 0
0 0 -0.06664778140813521 -0.08524421966860074 0.4281099616563768 0
0 0 -0.9537237900451756 -0.5619312724348073 1.6494390579159057 0
0 0 0.46497050642681304 1.7428555200798825 0.4821488897727686 0
0 0 1.0693806591681216 1.4090013925975569 2.0402021131283417 0
0 0 -0.477125263878567 2.0535484331690395 1.3128853147353596 0
0 0 -1.2142518374480715 1.3740001978585954 0.4585162918754866 0
0 0 -2.8769503111136014 -0.5683837992422074 1.4345036125068218 0
0 0 0.04175539065924072 2.05802264773937 1.9987152043131857 0
0 0 2.1691221567130192 2.14950370034774 1.042767694918671 0
0 0 -2.2559064402339395 -0.6191957872046816 1.3174686250521512 0
0 0 -2.444540435766821 1.2196497822238632 0.4254665331452694 0
0 0 2.3440250592686356 2.1345788634447436 0.5312829944892328 0
0 0 0.9276031261212312 1.2840229503681364 0.4136463820195685 0
0 0 3.1400049283255766 -0.5884285732055858 0.40476597907268674 0
0 0 1.7200064686046508 0.543645035367428 1.9963912173099065 0
0 0 -1.5693530843701882 -0.5515417909956595 1.6074990979731303 0
0 0 -1.849771334583876 2.1386490556434303 1.8195188847785142 0
0 0 1.1528713774592685 -0.5747528152634451 1.4713523014937449 0
0 0 -0.08505765904005047 0.8876417570526911 2.0077558465611487 0
0 0 3.072351253276686 2.0611399593397897 0.5483582222554391 0
0 0 2.626629726966927 2.1016998439117 0.6986175866366743 0
0 0 -1.5848155794638863 -0.05448273563061945 2.0033096860997337 0
0 0 -0.688443775884847 2.1235019875487726 1.9744162097468059 0
0 0 1.1739814979288345 0.9837503259175226 2.032001560215961 0
0 0 0.7947011017705914 0.25195954317092484 1.9962031736924044 0
0 0 -2.48048486843159 1.68108804689805 1.955448318696581 0
0 0 0.35905832060637755 0.47411873519772296 2.0118966123024915 0
0 0 0.3274132907177387 0.8517779762697024 0.45041017054577015 0
0 0 0.7270697770477992 0.6011996000872981 1.9920633208904506 0
0 0 -2.9964552632052235 -0.5766564523075466 1.905980717200226 0
0 0 0.8706373898319804 0.48056404200754144 2.014778874708842 0
0 0 0.383109384018959 0.5927352107082422 1.9937998872208325 0
0 0 0.8634351082231699 0.5561959497929936 0.41368341614344295 0
0 0 1.5038359057517292 1.8594907553539513 1.992669868700169 0
0 0 0.14844894480405468 -0.6364249725121116 1.954755139178302 0
0 0 2.696431720753024 -0.6105746961128342 1.6250821184723747 0
0 0 3.0097098996224982 -0.570913992146433 1.733611915007953 0
0 0 -1.7966672793661733 0.8951017306425733 2.041991415858419 0
0 0 -1.629207773453876 1.2783374209617442 1.9708939999022 0
0 0 1.4235067432105657 1.4661776822340393 0.4235838260187679 0
0 0 2.2734939483065073 0.6583941060971281 0.41228598333400157 0
0 0 -2.109216531115858 0.7337837247927341 1.9621406452529149 0
0 0 1.6474478673233266 -0.6459455648297658 1.3142992060308865 0
0 0 1.2853113489043402 0.6842386044061048 0.44183125790415223 0
0 0 2.5484421738322176 -0.03755711055465272 1.9893387908677522 0
0 0 1.55232911963674 1.9606036995258005 2.01599921485129 0
0 0 -1.0960043877041552 1.4954629042860577 0.47910021883329734 0
0 0 0.7806888052421241 -0.5517658276826707 2.0085634514436257 0
0 0 -0.02301399260624626 2.09324247330073 1.120373442293587 0
0 0 -1.7128681552899092 2.0951243983610484 0.5322474790668686 0
0 0 -0.6005675542048938 -0.07411088334493698 1.979994092928491 0
0 0 2.018721094039896 0.385851223937155 0.429633440867626 0
0 0 1.3175027459519981 2.0757998939495637 1.4592821986907978 0
0 0 -2.6394446328903154 -0.6203666692942458 0.8031780064714855 0
0 0 -2.109114329714891 1.1450792584830702 1.9908715356583493 0
0 0 -1.1303623660271525 1.3401553848058951 0.41435628197649 0
0 0 -2.826387537781064 0.7733404039117966 1.9771656773564854 0
0 0 2.7312710466153067 2.1496779590977844 1.6143716892125353 0
0 0 -1.4622766242684027 1.2205456214233428 0.4915458491920005 0
0 0 -3.0522154284388647 1.4477690502017804 2.0235140275359256 0
0 0 0.5345038526643573 -0.5718747769708175 1.1258861545078882 0
0 0 -1.9737570739193524 -0.10011834611394588 0.4125682657633569 0
0 0 0.7972732078033031 0.7674207400064328 0.47032390641902555 0
0 0 2.995560373751286 0.4646543749702994 2.025380575596845 0
0 0 -1.038558894330241 -0.2250154137533753 0.4038362743619155 0
0 0 -0.22489463422610267 0.7374507957464618 0.4907741680188987 0
0 0 2.6009531405001143 0.7573937566159525 0.4787822816518589 0
0 0 2.1817237359542245 -0.14052868539894692 1.9990353500794809 0
0 0 0.7121727402758298 1.1104240702388568 0.45526186008300484 0
0 0 0.8825840966943002 -0.1620531079533789 1.9837499706310944 0
0 0 2.739719715864263 2.1152852290554693 1.5333529672050206 0
0 0 1.674331568651727 -0.4470171550422968 0.46526378373883615 0
0 0 2.8564496317621897 2.143883056193982 1.2424847023920715 0
0 0 2.3564846886293713 2.0989875529988744 0.5366476048137965 0
0 0 -2.6181048680805334 2.0376066777747335 2.008369377599852 0
0 0 -2.1747514133765016 -0.6353084479981808 1.7650769908092119 0
0 0 -2.6035488184666207 0.7799949300589597 0.4908004347530299 0
0 0 -1.7413193259407898 1.8789547428336915 0.44242728739483705 0
0 0 2.6260778738360475 0.10506508468240461 0.4663477352710538 0
0 0 -2.908899966465191 -0.5922260202722416 0.977812948092863 0
0 0 -0.15233395133538652 -0.4165502297712307 1.9653006052101498 0
0 0 2.2462921289086824 0.39959122381706735 2.018889934954465 0
0 0 -1.7933834595476923 -0.3627009439339499 1.97732496025164 0
0 0 -1.2864232901748027 -0.5712055468159778 0.5766104279854607 0
0 0 0.732102439687953 -0.5579480953070199 1.0646834916290766 0
0 0 -1.6681716987190398 1.4907807349209097 1.9697291698944261 0
0 0 0.20045930360036746 -0.6292844415630916 1.233886652536486 0
0 0 1.0745021428063843 0.6144531417456263 2.034640557382467 0
0 0 -0.23424673839489163 -0.5540651533217349 1.8390449066515817 0
0 0 0.9887912947291708 0.32600080125420683 1.9786834139612473 0
0 0 -1.1952702540475861 2.129313453851715 1.591662443417274 0
0 0 -0.9243757845173719 0.46887726388914586 2.0159828061893883 0
0 0 -2.8375378131359272 -0.5947348919611297 1.2593881008284251 0
0 0 -0.07672072329639601 0.3387055416110265 0.47474559288097484 0
0 0 -2.853888888182736 2.1319237429610944 1.6381640718719326 0
0 0 -0.8074741142986279 0.9172716478543903 0.4415574743460364 0
0 0 2.2282025475434946 1.8418640510976168 1.9659235299514641 0
0 0 -1.2446160170381697 2.061046508725424 1.089807933796589 0
0 0 1.654341289489759 1.2100305434311145 2.0167425754506456 0
0 0 1.7389683041644188 0.30931079727505184 2.0059280731517246 0
0 0 -0.5286513961893289 1.3319376380542913 0.4071074075085227 0
0 0 0.6808754811626465 1.4174199088614288 0.49102489703825336 0
0 0 -3.1197835190882257 2.0543615300770943 1.7624927912696617 0
0 0 3.015973165732807 2.138100251247718 0.7719136505729063 0
0 0 0.6563220778203762 -0.5805073497775115 1.8106860254935453 0
0 0 2.7655890855447938 -0.5619023015835796 0.6555138651716684 0
0 0 1.3982726920527888 -0.6169179365906585 2.0443335806521934 0
0 0 -0.6713549339250058 -0.1107677553787062 0.43023444046773873 0
0 0 -2.344270876669489 1.086339233479531 2.0466047916497603 0
0 0 0.627428114970991 -0.12846727530384605 0.432809847963064 0
0 0 -2.6077795460832074 -0.6418132133302701 1.4003177445630173 0
0 0 -1.9236905570759484 2.146491751643209 2.0019519264724543 0
0 0 0.6662361426549532 1.5058478283673964 2.026308572622956 0
0 0 2.7032192817465024 -0.6353761807055627 1.696280906904513 0
0 0 -2.8188833555522 2.1276666381641816 0.9915740203455387 0
0 0 2.1665627299414973 1.7701197979796637 0.47056740828929267 0
0 0 -2.4205645724757936 2.0662204044764807 0.7977709922099532 0
0 0 0.255038880756675 -0.6378200468911754 1.0253684205395146 0
0 0 -2.990733756645797 -0.617162446314691 1.277204262054053 0
0 0 -1.5148216828873646 2.087858943320128 0.8074097530489084 0
0 0 -1.4677668026635142 -0.6105768533892426 1.5029846757636705 0
0 0 1.284902642941975 2.128252638583099 1.6092726370872619 0
0 0 -1.4597538858140158 1.4250396653175081 0.4878808521209643 0
0 0 -0.585041308848564 -0.22058165445131384 0.4587554643902081 0
0 0 -0.012012070076282022 2.112880726893148 2.0276218505202115 0
0 0 0.9968992347890984 0.023735035070627575 1.9724060498524656 0
0 0 -0.18175650974149393 0.9866941222962826 1.9601056701149102 0
0 0 2.223816289381138 -0.6499080807645519 0.5146010507259047 0
0 0 2.604537524356153 -0.5602138110995352 1.969194237743624 0
0 0 -2.4504595806511986 -0.6283202961076235 0.4164136456456967 0
0 0 1.1715456865233076 0.34748190947988344 0.47990713079125347 0
0 0 -2.2106321604897925 2.096169350984632 1.8464062505033365 0
0 0 1.5962932726211871 2.129993925646354 1.6297909075915087 0
0 0 0.0354521273966979 1.1184663139686928 1.9964987457341268 0
0 0 0.5297904359560346 2.094690184020134 1.5534129006958624 0
0 0 -0.2679699167920502 1.3881889969477155 0.46572576656969 0
0 0 -1.949108454648524 1.4872461093808556 1.9928311195654254 0
0 0 1.096424213147988 2.059135947543049 0.7297292181137391 0
0 0 2.9959498099952366 2.1324442875123895 1.5808954826776156 0
0 0 0.773398286748348 2.1038409916890077 1.2765043885217247 0
0 0 2.5956076819540934 2.1111584756708357 1.213994984337989 0
0 0 -1.213275613806489 -0.632291914235062 1.349704175913037 0
0 0 -1.1507006740656345 -0.5931124352650108 1.1306065916262278 0
0 0 1.0169228529426002 2.078534471046537 0.6651727412127256 0
0 0 0.297957389638551 1.7121847076398125 2.004829678655111 0
0 0 2.533896561404992 2.053700704278614 0.9835989238260868 0
0 0 0.5730147481134789 -0.6094434809031155 1.4554708801871954 0
0 0 1.357468204205138 -0.4178724087744685 0.424998959695879 0
0 0 -1.05297409414792 -0.26130345632182994 1.9566136660663638 0
0 0 -1.4967676299461083 1.9954322735234473 0.441886353335317 0
0 0 -2.553973018640994 -0.28409663657762496 0.43433562444132123 0
0 0 -0.14866143690354772 2.007758417052111 0.4245187356661202 0
0 0 -0.47346321990667084 -0.48244209267038296 2.031044761293242 0
0 0 -2.8346484402060605 2.140234852411031 0.6192603255253426 0
0 0 1.8724712625781716 -0.6269331213999685 0.9859528902562112 0
0 0 0.3323457282494857 1.0371064727086867 2.0127428235270717 0
0 0 1.347507561698948 -0.597915664650899 1.83403969347441 0
0 0 0.5853041843531921 0.2154007662868893 1.9753710908580122 0
0 0 2.3346464259525286 -0.3671778080830057 1.9842609737733612 0
0 0 2.079645136775957 1.8652527623749682 0.4851940817260385 0
0 0 0.6235673973757758 1.111950653184114 1.971400515274685 0
0 0 0.8279979904925598 1.5759766566993234 2.0439958389743076 0
0 0 -0.41092533637229245 1.664710134387714 0.44463213401144464 0
0 0 1.42747589028997 1.968467733853973 1.9560801967048782 0
0 0 -0.8283397516995774 0.026461743343085598 2.0324255853627267 0
0 0 -1.7776325264799795 -0.3950452181367008 0.4217401678098812 0
0 0 2.866422854630862 -0.45743147119627947 0.5024680809293564 0
0 0 2.739254675560929 -0.4974038267345784 0.4137285187163794 0
0 0 0.4820861480639076 -0.4008081179274132 0.42789538004853533 0
0 0 -1.4633481270328055 1.0980089673393543 2.0284465898690294 0
0 0 2.992710330047581 0.22207324304805653 1.9771575679617306 0
0 0 -2.526762493664225 -0.629260325640381 1.9822830479806348 0
0 0 -1.7399644328599677 -0.23492170622285502 1.966864133388087 0
0 0 2.8538570085394745 1.0700356938951676 0.43601358092381104 0
0 0 -3.0567621202722606 1.6388928298946526 0.4414717922879752 0
0 0 -1.2456019209753073 1.6108816062633118 0.4861379270569076 0
0 0 -0.24225445633394438 1.959339457932592 0.45443804978620483 0
0 0 2.6184054994222405 -0.6123229964451444 1.7945864075510767 0
0 0 -1.035914066593794 -0.6156263800075257 0.7469461779888054 0
0 0 2.6257351929126145 2.1472373818391857 1.3040900010439684 0
0 0 1.3395902061140683 0.4113653205203436 1.986307022102705 0
0 0 0.9307577350650122 1.9798845929027398 2.0234532129096543 0
0 0 -3.056765093276043 -0.5180388786413772 1.9978722895445715 0
0 0 -2.530541273218542 1.96897594131403 0.4925552933307845 0
0 0 0.10723732249539975 -0.16854809598050002 0.4512920840093959 0
0 0 2.9592521367503313 -0.011668915775877031 0.49873486403580225 0
0 0 0.5015653012285135 -0.5624126586194187 0.8745097763619744 0
0 0 1.2859813501948327 1.1868027333112314 2.000351354487699 0
0 0 1.2203404075235644 1.0153321832818873 1.9832619106624096 0
0 0 1.5100894197555226 -0.6209743971431865 1.7710307682275233 0
0 0 2.750306211191571 1.2183901427454562 0.41595522019261144 0
0 0 1.3394485063973933 1.2742058744252744 0.4138865868897501 0
0 0 0.29602795722318387 -0.6184985897813826 1.3218107149918705 0
0 0 -0.060106297678416354 -0.568651165890177 1.0039672845508592 0
0 0 2.3615795444161254 -0.6247351681066742 1.6689720262295717 0
0 0 2.262542027925365 -0.39467962589693784 2.037046329390174 0
0 0 -2.2998720922293625 2.0696121952778563 0.9673641078055145 0
0 0 0.37920844484252036 0.7508548109936253 0.4118367689762772 0
0 0 2.222520231220364 -0.5988636278999011 0.40851239528855754 0
0 0 2.792808518460963 1.6743846276603447 0.41007415978170136 0
0 0 -0.7936034533015954 0.10276721236191944 0.41421310450713333 0
0 0 2.312753376681532 2.091664516660023 0.6455333739410366 0
0 0 -1.5217556811103512 -0.5114173958698838 0.48597751151082114 0
0 0 0.10176284473787778 2.1160425329506083 1.523003272150358 0
0 0 2.1460001992642237 -0.6482938363893964 0.8360591880349258 0
0 0 -2.926550096820011 2.0800327186559855 1.2984692905678794 0
0 0 -2.2379049418725354 -0.5888419198932731 1.5706894931301418 0
0 0 0.4502851778822352 0.7818260401087274 1.9994618409349494 0
0 0 0.26208823368201495 1.055237446792431 0.4223989094635976 0
0 0 0.28125815940112675 2.067844791375756 0.8389092561477416 0
0 0 0.42705409199662814 -0.40761753386123 2.033579730709783 0
0 0 -2.1891602926079274 0.9085995515470582 2.0336436154340634 0
0 0 2.9797952293830603 2.145264136212159 2.0277287609972356 0
0 0 0.4809786096800712 1.0046640046066468 1.9847722436362503 0
0 0 1.669678459372248 2.1463171100762066 1.8685431773627514 0
0 0 0.24063649458432002 -0.6236594173743155 1.173879797629818 0
0 0 -2.6566604133187166 1.565851524988272 0.4322519859509819 0
0 0 1.301763021337754 -0.14299609984637196 1.9707036615997615 0
0 0 0.2129126368371086 2.0666296871303595 0.7742043640338254 0
0 0 2.093087626072438 0.46366146024250776 2.0215235062122368 0
0 0 -0.8755562765718814 0.5228440896731099 0.4184065444146621 0
0 0 1.6808609590077142 1.1363227080161247 0.4985074879381649 0
0 0 -1.843367611250118 1.7553168792648146 0.4852391503971756 0
0 0 -2.7829596961888736 -0.33663695138370686 0.47003934386714274 0
0 0 -1.6207285413557575 1.5633552589867652 0.4960276256732369 0
0 0 0.03162828770803339 0.9456251769293706 0.4506106189765945 0
0 0 2.359640767387182 1.79783800285305 0.46984164748147716 0
0 0 -2.5318640643712524 -0.5588067861912456 1.8818316149499408 0
0 0 0.5650531213363439 0.5787080459232763 1.965620604929157 0
0 0 0.5207881392354721 1.781858782436765 0.42574992886259677 0
0 0 1.9344372659686409 0.7431364177320745 1.9970835026284859 0
0 0 2.4476327258417436 1.21649363673 2.0299783941373644 0
0 0 1.7220166742613623 -0.6377930906221234 1.350226759897541 0
0 0 2.4789592560994373 0.3313992608640598 2.0326081264211773 0
0 0 -1.409425865064706 0.34891758647156157 0.46453573137686666 0
0 0 -2.9443757006069475 1.743446587085746 0.40390456278316356 0
0 0 2.5358767421216397 0.022135337451601567 0.4374474769003699 0
0 0 1.7171086246836902 -0.602034693251154 0.40760705998104585 0
0 0 2.685448849984909 -0.5548301402631861 1.4592855350294338 0
0 0 -1.671619642967847 -0.582681528142768 1.2067149346334087 0
0 0 -0.5270098100576033 1.411178341019183 0.44060832447692544 0
0 0 -2.414815208802378 -0.08403055451344221 0.43443121092077064 0
0 0 0.5113954408291099 2.130695539185277 1.7287195657068133 0
0 0 2.8149466404817094 2.0947564478632197 1.651427442582093 0
0 0 1.264615002244005 1.1803405322199398 0.45231025541944403 0
0 0 -1.4885101293249041 -0.6086977328327301 0.5824253084267811 0
0 0 -1.6566365264093321 0.13904667645957325 1.97711393810442 0
0 0 -1.4604806614557078 2.1380009059798977 1.3416734896183073 0
0 0 -0.9926026092054623 -0.050345069988253055 0.48792428978446734 0
0 0 0.16307921669844738 -0.5028380378230957 2.0506398004421618 0
0 0 1.0073624888937633 -0.5197682360088904 0.4482102798261759 0
0 0 0.2550627378682062 -0.0334173433720909 1.969054616702681 0
0 0 -1.2987914595600367 -0.6039700295463308 1.902204354860981 0
0 0 1.631208276680403 1.2749725335673339 1.965572760449705 0
0 0 -0.6593053413050098 -0.6007755167921465 0.5088600283931004 0
0 0 -0.018452562657417015 -0.6315620426058268 0.7849670784043918 0
0 0 -2.9043808600960213 0.33298145155369996 0.43112542595359815 0
0 0 -1.529529316548192 0.5226152996270501 1.9644316411997298 0
0 0 1.8573104725992673 1.5427950211887234 2.0266584876060607 0
0 0 0.280491831666664 0.3465927919772883 0.4501602812706951 0
0 0 -0.7891268583255426 -0.26012384432382407 0.48211156770743213 0
0 0 1.7361811688716964 -0.5652035772797359 1.2387680317901797 0
0 0 -2.4962217070909167 0.07289966457428443 0.49402716647275324 0
0 0 -1.4284958011827544 -0.06433815475122451 0.4324412491968509 0
0 0 -1.0774583914938534 0.38001404128176874 2.0128493299713104 0
0 0 -0.4720967961588327 2.0910820861385986 1.5870401197185473 0
0 0 -0.6203339133802435 2.14062409074951 1.3829006274145477 0
0 0 2.809602638940775 1.1639359759917751 0.4428565637205345 0
0 0 1.551021050045203 2.1391424104965284 1.3438501354432033 0
0 0 -2.0691816204029934 -0.6133998289789508 1.5335917606023872 0
0 0 2.442321594914268 1.7383905227106615 0.48877167721536685 0
0 0 -2.81778657826289 2.089413405630842 2.037636820897983 0
0 0 -0.09037105250935751 -0.5612285430738044 1.562925978784425 0
0 0 -3.0331265085483556 1.9110087147490893 0.49139980004394723 0
0 0 2.4051112474585983 -0.26946912683799473 2.0379142829995507 0
0 0 -2.7562555519711074 0.8415146382728309 2.035707685986366 0
0 0 -0.14635119525968898 -0.5922638911141642 1.5430133163031594 0
0 0 -3.020901447446777 2.065530148328647 0.6798023496821687 0
0 0 0.07100542430640155 2.1082417377362743 2.0172056819114124 0
0 0 -2.4249776635332503 1.0980848183096596 1.9954250804384848 0
0 0 -0.7234189453399371 -0.20411568000435443 0.46150147375946504 0
0 0 -1.077064945528421 2.1417411977012035 1.458160925083658 0
0 0 -0.39905268738417643 -0.6256554189215913 1.9363355449697384 0
0 0 2.2401408567104983 1.866376980157763 0.49321959807744187 0
0 0 -1.1325878679405643 1.8196225237204546 0.5014238370287288 0
0 0 0.5261442718953053 1.7765373595315606 0.42595149400805776 0
0 0 2.817153581429814 -0.5780646219095609 0.8960759675614298 0
0 0 -2.4559134201199924 1.0356739720340205 0.4178178706382155 0
0 0 -1.3848641452918764 2.056435201805238 0.6597860584910858 0
0 0 0.8700067899672765 1.3009810085452516 0.4086362252513063 0
0 0 2.2436116065712897 1.229037919326916 1.9850008842203108 0
0 0 2.730013468851312 0.41629871586805545 1.9711910277199742 0
0 0 2.704348447209191 0.325067736763168 1.9907699587790226 0
0 0 1.1797598256485484 0.004863989308206085 0.428133659768563 0
0 0 -2.694617041047105 1.16814048132797 2.0525649084327884 0
0 0 2.5391385806148996 -0.6188853229865707 0.6792300955780519 0
0 0 0.9735914455169059 2.1427075205791937 0.690403612356568 0
0 0 1.4069545293299912 -0.6079652419577166 0.43604933668701773 0
0 0 -3.017735614615194 1.5017425942778997 1.9801682544617925 0
0 0 1.0264829465887981 1.0411577777094987 2.013672821899677 0
0 0 -0.9502260380218561 0.6638132540344914 0.4846109115375129 0
0 0 -2.5374367848649118 2.10105783576824 1.1442912130990182 0
0 0 -1.1105682426370036 2.0694343878894546 1.3835463661937526 0
0 0 -0.7514208093497383 -0.3393325468430777 0.4299035839430603 0
0 0 2.990695583231455 -0.08887279237674761 0.46626920584181986 0
0 0 2.1704945002749296 2.0899263247385527 1.4642768131207202 0
0 0 0.8368281446444739 1.6971418661476012 0.49886669883753043 0
0 0 2.2123786430523547 1.0624942907527244 0.4690643383533496 0
0 0 -3.0523850135002975 0.22572435052066986 0.4287800355600748 0
0 0 -0.9515137512809133 -0.4543168807858047 0.4302094222978088 0
0 0 -0.27620146214633934 0.06684996679948751 0.42054634735007546 0
0 0 -0.6888429754902616 -0.3628606767743259 0.49458531696683383 0
0 0 1.5501725830262956 -0.5658657972689263 0.7687070969566956 0
0 0 -0.6187334091315946 0.7289038635447529 0.4510942665283143 0
0 0 -1.7404439012213708 2.1093200126295883 1.9051754550592022 0
0 0 -2.0800357768696953 -0.24479767893564408 0.4877121036536317 0
0 0 -0.13385327374987277 0.28805968959597794 0.4789881501542098 0
0 0 -0.26982759079251606 -0.6322060662753348 0.7457594481442398 0
0 0 -1.7152770511100648 -0.5590811151535695 1.0061579668101035 0
0 0 -0.08220724867564977 2.0951978960155015 0.5704626653117293 0
0 0 0.03310575442574981 1.4264705015729509 0.45242192392430103 0
0 0 2.036322345087447 2.0521956070151086 1.7838271879680037 0
0 0 1.0901774738757855 -0.5734612747114542 1.4105433013615454 0
0 0 0.47524288885782395 0.8239192380327602 2.0136021445828662 0
0 0 -0.7295480769752278 1.8908684111487115 2.017151650479444 0
0 0 2.1364401888432463 -0.38252986330865246 0.4758070042959027 0
0 0 0.6295297606690737 -0.5503171053479927 1.934142844763567 0
0 0 0.648702704837615 1.5475449440919642 0.4225309559180632 0
0 0 0.8940639079816082 1.3092747946220424 0.4717524007471675 0
0 0 2.9307137456526524 0.3504456331738859 0.41800321716220956 0
0 0 2.2382020944123777 -0.5649661851120149 1.3878852303929448 0
0 0 2.515283229988187 2.100835463282356 1.6359715885703223 0
0 0 2.8828280421968984 1.864302320990533 0.45232020658568106 0
0 0 2.23350028239662 -0.5110397831265374 0.4749154069797942 0
0 0 2.1050722391172796 -0.05577878026567418 1.9780712039028854 0
0 0 -0.5628459703835027 0.7647419737952603 1.993167381953998 0
0 0 1.363075805668295 0.5736080031428634 1.9948973808261647 0
0 0 0.8717263471757999 1.6912942164193894 2.004093441561322 0
0 0 -1.3964381854968124 -0.5720473965225028 1.4944999810797923 0
0 0 1.788738837778661 2.1276405482932965 1.8851913325113705 0
0 0 -1.0844895761267495 -0.5709419114038246 1.8865304557304141 0
0 0 -1.4038918414121482 1.6683233334479948 0.4324492526427606 0
0 0 0.2113484198409301 0.23694996155166737 2.0412489755651855 0
0 0 -0.5296730931062821 0.903762963042892 0.40658532573050665 0
0 0 -0.3904903157264923 -0.4364808002529712 2.010849150533171 0
0 0 -2.553338573686622 -0.13433436206577543 1.9634390729514484 0
0 0 -2.8674538932757185 1.3194076163541208 0.45156947060747377 0
0 0 -1.2667126647648783 -0.6160871866362101 1.348878560924403 0
0 0 -1.4445458493083843 1.1944275091046517 0.4323013457512376 0
0 0 2.032936909316242 2.0787585014125014 1.4885709131265397 0
0 0 3.020343679713549 -0.6280142386645933 1.4627457375478232 0
0 0 2.903337457840709 -0.6252926688357627 1.7631143335434256 0
0 0 -2.648632629822217 0.04067247081284908 0.4536248832271128 0
0 0 -1.6123177209958903 1.1908131212888415 0.4779403925072362 0
0 0 1.4489477168122766 -0.5700366502267502 0.7007008359650916 0
0 0 -1.256315003636343 -0.6306689729181496 1.8232665920592204 0
0 0 1.218784866034433 2.1030475342185806 1.653240082033886 0
0 0 -2.501758498542264 -0.6105172850697773 0.626114971140349 0
0 0 0.6533333200820794 0.0601216037312875 1.9944061872032905 0
0 0 2.7076774165124 0.5682889120481516 1.9916868507876597 0
0 0 -1.6940138435538814 -0.5644217009777821 2.0415813434645758 0
0 0 -1.4463822718652062 0.8732646656852086 0.4978994327406078 0
0 0 -2.036241038469201 -0.38921878458118786 0.41845984290582816 0
0 0 -3.1265572016729766 1.7768362488318254 2.036792142547316 0
0 0 2.758043452456193 1.660639871056427 1.977718615786117 0
0 0 -0.4787589963080987 -0.6278999171325153 0.8109562872042424 0
0 0 1.8151101302804529 -0.007535204834826503 2.013419177575226 0
0 0 -1.8211077007614624 2.084476173764033 1.9037016304892689 0
0 0 2.678754395458296 -0.5624240810962746 1.0342834527795335 0
0 0 -0.023412697433617513 -0.6140735192565294 0.9887194349106296 0
0 0 -1.5907234145256899 -0.3550598516742083 2.037281886985112 0
0 0 0.3733998317984657 2.019469127291913 0.4792873185641292 0
0 0 1.6896871966229385 1.9770926265487303 1.9958479914346086 0
0 0 -1.1972801827459587 -0.09196020979793373 1.9775706479057842 0
0 0 0.2591936132871533 -0.49659959760004946 0.4853178149293955 0
0 0 1.7201252750004112 2.0934208008780346 1.3559005659477164 0
0 0 2.0347445410399025 2.0552465542767777 0.783930527388611 0
0 0 -0.056684177775942146 1.8801536856303847 1.987674239610692 0
0 0 2.826963100002338 -0.6267387685913977 1.6672515690754155 0
0 0 0.46586434873365956 0.13471961084353168 0.4392926758928428 0
0 0 1.2841497183934152 1.2405966679365832 2.0510055675893843 0
0 0 2.8176346758078177 0.07330275192472868 2.021960515964089 0
0 0 0.8168113177506751 1.9963959159795384 1.9980052319655517 0
0 0 2.8915013394779647 2.0953433800409673 1.7944024156138838 0
0 0 0.9437014933861834 2.1085558194093155 1.6287086290678805 0
0 0 0.5729833884797984 2.145571958382698 1.3796002659149664 0
0 0 1.7413847638830067 -0.6055210720464912 1.966648012452963 0
0 0 -2.44776079881695 0.3385826572976196 2.0088710512087333 0
0 0 -1.4751833665734049 1.815076760642851 0.4204075058260307 0
0 0 -2.8071498711010707 2.1205970786245354 1.781290430722211 0
0 0 3.114141195780287 2.0583817202174663 1.5154016372307462 0
0 0 2.448877841504749 2.0657868637164576 1.5254858386268628 0
0 0 -3.077123021637481 -0.26224549181475276 0.49500189036993736 0
0 0 1.2873805874143525 1.4981616313945605 2.004380388681489 0
0 0 2.907676507041492 0.5113626264743989 0.4796599243091352 0
0 0 1.6256552700647182 0.3616513296182621 2.0245963794674138 0
0 0 -1.5128606413734556 -0.024094200200658555 0.48711667616944065 0
0 0 -0.23287275378537364 -0.5408906918322189 0.4506055777262665 0
0 0 2.1406181000711673 -0.3799225364660077 0.4461859677841502 0
0 0 -1.1461628848799765 -0.2134149340349234 0.4258988775615833 0
0 0 -1.7889061815133116 0.045927391134341744 2.008110035337178 0
0 0 -1.2242126219442557 0.43069041440567757 0.4459456757257563 0
0 0 -1.5052647661735918 1.9311528644536249 0.4180733906241514 0
0 0 2.1082080497853717 -0.5575070950696837 1.8286705408487374 0
0 0 2.5849222892194588 1.3910661616105071 0.49658526330707453 0
0 0 1.1889586115720796 1.800343762161787 0.4628106282222728 0
0 0 1.4000372987242296 0.577412874756223 1.990221815901085 0
0 0 2.8555830813218046 1.7793863732563995 0.426679610293784 0
0 0 2.6017557044021498 -0.574108501851194 1.2049853544241058 0
0 0 1.2431908407058012 1.4195130908389915 2.047385247972844 0
0 0 -1.9138248585738669 -0.4365485792818933 0.4266598088823971 0
0 0 0.7813870802024265 2.0594379629343056 1.799354541494502 0
0 0 2.240722504201864 -0.5412247194615818 1.982387919790449 0
0 0 -1.7560972999151159 -0.5826448975693994 1.5332732677703096 0
0 0 -1.4135278880426827 -0.5837729671073746 1.001961414436492 0
0 0 2.9454439185188264 0.45196171902631077 1.954787851063799 0
0 0 -2.2996513369991103 2.0527810803779056 1.1026405954725755 0
0 0 -1.8263356637426618 0.04128334881893836 0.40970011006051976 0
0 0 1.9194499935531422 -0.18297569100645106 2.0321142987329623 0
0 0 -2.6670704705475403 -0.5596267287991084 1.2598367317391341 0
0 0 1.9752252957488352 -0.26597562967619415 0.46325545877043606 0
0 0 -0.4275374330402273 1.3667577121929577 0.465982935699933 0
0 0 2.1776940747101623 1.536463418697558 2.0496535538563307 0
0 0 -3.0463792922306707 2.0605948728506744 1.7956153843702343 0
0 0 -1.1656319701559188 0.4726137172592697 1.9692049742757431 0
0 0 -2.0147054087134544 -0.6452773847966438 1.0166421066390718 0
0 0 0.17684728900742597 1.6828605444490627 0.41624638385128443 0
0 0 -0.6633242294115185 1.756495104644922 2.0021329694637737 0
0 0 0.3484958870796162 1.119360918900966 1.991100002182908 0
0 0 -1.106499875554741 2.063923866477144 1.5538172910368597 0
0 0 1.9546003862401573 -0.6118648610244184 2.006566439659602 0
0 0 0.17121554375497938 1.610907702177374 0.4055113776742929 0
0 0 0.012155238403839697 0.976633711687793 1.953634766264197 0
0 0 0.4458985448113575 -0.4308223025790836 1.9773609871743738 0
0 0 2.829023556031185 -0.607323509340616 0.8450008871186953 0
0 0 -0.1135702977592965 1.676932237279397 2.0166361740601264 0
0 0 1.471693663129523 2.0277810228011903 0.4720844999147662 0
0 0 2.4720681969196763 1.9655433376480864 0.40594656668206275 0
0 0 1.62719736347292 0.7626859700473534 2.006038081289561 0
0 0 -1.240290181181385 -0.2192945812730287 1.9897711916585805 0
0 0 -0.20006771734650286 1.3306500938501198 1.9984867965567497 0
0 0 2.6812512046758536 1.692524407692914 0.4675637843986089 0
0 0 -2.2356263701232946 0.3403456515031903 0.41409484986428724 0
0 0 2.1289145078977256 2.052096792333306 1.8091594096053505 0
0 0 1.3059161652110278 0.9863691951527476 0.4508255619735544 0
0 0 -1.39662429769045 -0.6341149256446235 1.8871433980057422 0
0 0 -1.2376294318227576 0.37338677385501096 0.49154508177766154 0
0 0 1.324121449444692 1.7937295240424513 0.4819108728127913 0
0 0 -0.8084014140846527 1.390210376254978 0.4229090157959007 0
0 0 -3.0476257388763024 1.6062724171228193 1.9993009261914536 0
0 0 0.4048160996807879 1.662781771888646 1.9705474380657404 0
0 0 -0.754340521564556 2.115017623303678 1.2091719484917256 0
0 0 2.905282562973597 2.0981331842149364 0.9697026102084964 0
0 0 3.130133673399241 2.138016012171122 1.2609037346604435 0
0 0 0.012197497173982885 0.8035833686283016 2.0447390865383155 0
0 0 1.9383495842989564 0.882683357370003 0.458961187795328 0
0 0 0.665432492451886 2.1284123503961143 0.8911005014705083 0
0 0 -1.5575233224741758 2.0891726090553524 1.0033702356504486 0
0 0 -3.112678092759305 -0.35625719572413805 0.4996369923878219 0
0 0 2.7017714120171217 2.060894667487183 2.0385808141428625 0
0 0 1.2997658953648807 2.0657315643655916 0.6907353526545776 0
0 0 0.3588051620030841 2.0919657193194787 1.3435547156748635 0
0 0 -0.9709014514171903 2.0740737736789203 0.956954292141145 0
0 0 0.9421827767558568 2.1141818819084865 1.0491725728696109 0
0 0 2.6751961467524135 -0.24954396483939656 0.44750849557150885 0
0 0 3.0637636934249866 -0.6053538491876687 0.5420547663667947 0
0 0 -0.007557108128607215 0.008484667541165725 1.9606587562129019 0
0 0 1.616895131280093 2.1202757274978588 1.2671167862030384 0
0 0 2.2214200381214217 2.04054920634918 2.026591365780733 0
0 0 2.4863262170916434 2.1069861498419264 1.372797822576548 0
0 0 2.299605894005655 -0.57585084085869 1.260006625163722 0
0 0 -1.1410348933500534 -0.5225103045724242 2.0173872826507235 0
0 0 2.6847861116146614 0.5658602496344054 1.977022550573977 0
0 0 2.4739438811854138 2.052378636209128 1.579271335991083 0
0 0 -0.9701338724237982 0.1320811920572147 2.035326748314741 0
0 0 -0.15999768210037102 -0.551303767825224 2.0193041048697706 0
0 0 2.4074470672017645 2.1429868325060477 1.9377955046346094 0
0 0 -0.6920423961741644 1.031985978843922 0.4987716783889816 0
0 0 -0.3688205164473093 0.7309478128206086 1.9563549050193032 0
0 0 3.0083468198623544 2.140248594457222 1.657273079888524 0
0 0 2.499481343439834 0.03838187347953037 0.40509955642011364 0
0 0 -1.4876230992668487 2.1029527901034832 1.9494884894425046 0
0 0 -0.6668080567753658 1.6322637113227734 1.9815836991858387 0
0 0 2.3819835563007254 -0.20449084618547564 0.4327750558176664 0
0 0 2.5097051549706624 1.5788388944447143 0.41056160658287555 0
0 0 1.796006145849157 2.139437437032434 0.7770666779174169 0
0 0 -0.6686768584888743 0.03776824008834545 0.45455294182364847 0
0 0 -0.3626675784389386 1.7639444995308395 0.4182349073643632 0
0 0 0.6577971085991661 0.9670517281991122 1.971866401701632 0
0 0 -2.2205948043526504 2.072831862947756 1.9030447625146092 0
0 0 1.5753386340441144 -0.32196984664375927 0.41614369382336336 0
0 0 1.7480282076366045 -0.5982090506018454 0.41273412311762336 0
0 0 0.30895480109069773 2.082961416969222 0.7258146106560655 0
0 0 1.4561317824395665 -0.6327906183359531 1.784929740930976 0
0 0 0.04680577532616903 -0.6304063432341731 0.9446450255915119 0
0 0 -1.006670002355607 0.059325982421618795 2.017086714049334 0
0 0 -1.9519729881796668 0.6091588127710132 0.4589913431394763 0
0 0 -2.7693462917377127 1.5646177688857674 1.9696760379927873 0
0 0 3.0659429107486673 2.095486672969116 1.711684277743434 0
0 0 0.1905887495579539 2.1138793505340914 0.8061816775067779 0
0 0 2.3830581023969275 -0.6425033523398309 1.2489840688434328 0
0 0 -0.4678054875819764 -0.05917981605591616 2.013189991176266 0
0 0 2.123979387371591 -0.5692887741640009 1.8512026786116245 0
0 0 -1.2773557489255234 1.8967850178058085 2.025038079492958 0
0 0 0.9381377038756371 0.19380302743040156 2.0153693413630265 0
0 0 1.9456988966554576 1.1976198874899542 0.43610517182659925 0
0 0 1.4273367412802997 2.133276034006099 2.048132429031427 0
0 0 0.861211290917665 2.0842718374688434 1.6817704641137228 0
0 0 -2.418366565447559 -0.44354327574754326 2.0196342420156927 0
0 0 1.9543781672276381 1.5805473502662462 0.4399591437280592 0
0 0 1.9153121094306318 1.7116122455601774 1.958039001358647 0
0 0 1.182385979628001 2.0670931829819117 1.9103929837877263 0
0 0 -1.736146170240808 1.5520922726274253 2.03405800358391 0
0 0 2.114507449941758 0.8063755375314292 0.443961556506818 0
0 0 0.013249253165708907 2.0771121718917103 1.7441094210794699 0
0 0 -0.5377612661331934 2.0685112908912595 1.1351466325789148 0
0 0 0.54461451510489 -0.6186986724886969 1.6424127907379544 0
0 0 -0.07570624633739786 -0.5457396724115959 2.0072766763118555 0
0 0 2.9680050692379556 -0.615260025688205 1.6221988802342644 0
0 0 0.13309734123207528 -0.30636371137897744 0.4716035282569927 0
0 0 2.2203619184903545 0.7931620839704892 0.427925119602503 0
0 0 1.4032236190388092 -0.29085901190966945 1.9651981873086624 0
0 0 2.9658889247487643 1.6950189970470648 0.49300625573481294 0
0 0 1.6937841543719214 -0.5900968129169597 1.4313404704658543 0
0 0 -0.7319579390307767 0.48767290335644864 2.04353651523627 0
0 0 3.0715091630510116 -0.6054372923359588 1.950637052927982 0
0 0 -3.075765433612327 2.139164224110816 0.9368484291699924 0
0 0 0.6208109787160865 2.096318625460928 0.6721841529059323 0
0 0 1.6972654450931222 1.5833068934297396 2.0291180152432413 0
0 0 -0.5545492811540056 2.116970734477715 1.4962604506594597 0
0 0 1.3971088301033783 0.18152534559913236 1.9802399266739403 0
0 0 2.5898580564910363 1.0453433653595425 2.042586689600528 0
0 0 1.61637229392674 -0.5800121050768918 1.6924564192837264 0
0 0 1.4561738541489655 -0.6245919046968571 1.845795890162662 0
0 0 -0.2781166658327763 1.6961745872602225 0.4750287181735827 0
0 0 1.3380312534819279 0.8708801838787203 0.41167375559454156 0
0 0 -2.5278630374553916 -0.5997805602622808 1.603401989227149 0
0 0 1.0357368247077687 1.7529569702872354 0.4843451846799589 0
0 0 -0.7148480074593224 1.6034481913997596 0.480887138151771 0
0 0 1.7687671872594724 -0.5762267555468585 0.6869202447694639 0
0 0 -0.935894516300686 1.4709419110507593 1.9557042104216689 0
0 0 -1.2247697241275852 2.0744728255047455 2.036379842432587 0
0 0 -0.00835545417415462 2.0632121354104016 0.48469721459335136 0
0 0 -0.3910994749471053 0.7955182263618734 0.44876601831791996 0
0 0 -0.11325555049432623 0.7261005550192843 0.43110455745297027 0
0 0 0.4310597631318278 0.869754509131689 1.9789164451541092 0
0 0 -1.9642834533549767 0.44550008075604364 2.0260422321801874 0
0 0 2.768211653733222 2.1388707486739573 1.9545437273756923 0
0 0 -0.31601136663224594 2.132747374838635 1.2489109123546616 0
0 0 -1.287598340456772 1.5322397195492463 0.48574410463492546 0
0 0 -1.2774454297666868 2.076663423166838 1.7467206750114528 0
0 0 -1.6797106064957597 2.143847253915705 1.7968488168135104 0
0 0 2.236095610123063 0.7392955180771235 2.0295480796696315 0
0 0 -1.7945074897882902 -0.5726853711440003 1.294174773889318 0
0 0 2.6903264853732436 2.109512807541336 2.048719606780757 0
0 0 1.3898531298039307 2.1187348382344746 1.8050951833355007 0
0 0 -2.1758844541168965 1.0313785694051278 0.4171713959369603 0
0 0 2.465483370436294 -0.213441168682173 2.012067155450403 0
0 0 1.0717326269852139 1.5937780081884305 0.4967529841804784 0
0 0 -2.1108730904947963 2.1064157846652667 1.8797458303857568 0
0 0 0.628461238289566 -0.5774569262357663 1.8739405912794351 0
0 0 0.8699586940096369 -0.6132020832612397 0.7618002851317054 0
0 0 0.714827943947697 1.424577106610377 0.43823643466189166 0
0 0 1.1318409490979846 -0.6040984690459741 1.5055759578776569 0
0 0 1.0677843422299267 0.34325526127716555 0.43730763090192126 0
0 0 -0.807733840759941 1.914352757394511 0.4911622547667579 0
0 0 1.76788002411379 1.7216541992359546 0.4112757704356983 0
0 0 -1.3147521460090665 -0.6268978114318493 0.9398192947896253 0
0 0 -1.8264715822223105 1.150510595167181 0.44771503830811055 0
0 0 2.848585246159944 -0.5807860447850164 1.4534468904910023 0
0 0 0.8052602923275307 2.059698885020153 0.43447776030101537 0
0 0 2.63356017066533 -0.5784793628210143 1.8755591870422688 0
0 0 -0.009347812684195045 0.7992098759272319 2.0427780750924995 0
0 0 1.112196072637527 -0.5187503319836122 0.4981609485898595 0
0 0 0.9436074835660992 0.5341579077348153 0.4683162936562252 0
0 0 -1.195786921431106 2.134067197460751 1.6942386438289565 0
0 0 1.7688288239690575 1.3044664749742665 2.045023611291016 0
0 0 2.34231765203699 0.1883520711376877 0.43674987896053674 0
0 0 0.802017569954971 1.683761902319626 0.4270439205911145 0
0 0 -2.577703803119698 -0.28221626552879364 0.47735968306568355 0
0 0 2.4584517777558803 -0.4970751650476708 2.0113084030902755 0
0 0 -2.333033941162343 -0.5700417940797471 2.0387768794767096 0
0 0 -3.0807008427957245 2.137138990631798 1.9530438764236835 0
0 0 -2.5146657185281223 0.8876360696710228 2.0364312570508414 0
0 0 -1.978809997152921 1.0803816766211598 2.0396698602851107 0
0 0 1.484804152266288 0.5468197027121824 2.0221745166849203 0
0 0 0.18230160292066566 0.32085475934464014 1.9799699122830847 0
0 0 -3.1239963802213047 0.5265908994868715 0.4245889960316802 0
0 0 1.383653034763718 2.065664775325651 0.8685669507689722 0
0 0 -2.630732505588285 -0.14505121847104463 1.9665865152728534 0
0 0 -1.824719524894801 2.0631879085279587 1.4748221869751963 0
0 0 -3.0977463395797207 0.2672217390955186 0.45946734949316104 0
0 0 2.905173170392815 0.3186810598483085 0.4226605580299587 0
0 0 -1.7576038883007752 2.0921948896716094 0.8209025992415961 0
0 0 2.859825595943321 1.9261703330742266 0.4065515587426627 0
0 0 -2.125208774337837 0.9256453215571883 1.9599640041108453 0
0 0 -0.9452427679911048 0.22411440817787398 0.46740120561476917 0
0 0 -1.5181768980465467 0.5011744803652849 1.9575671765938498 0
0 0 -2.614077992884233 -0.6433339990352733 0.4120227213740265 0
0 0 -3.106909257222226 1.194772064710656 1.9606901522814826 0
0 0 2.488454344431612 1.4899832661295493 1.9987823771869608 0
0 0 -1.9886828840525037 -0.5687979103816307 0.9607078426458155 0
0 0 1.6548405917792417 0.17444955879658564 0.42736724751570465 0
0 0 -2.225354224480162 2.1353163802791015 1.06738756346058 0
0 0 2.665958337151018 -0.6409250959500199 1.5194033014495123 0
0 0 2.3155688735678677 0.4566665675915873 1.9686127677575254 0
0 0 -1.6121693105170647 -0.14968519082690235 2.0304781784125083 0
0 0 1.2439985109220775 1.93153273417469 1.9990632162441715 0
0 0 0.6023193232094597 0.23708695630587195 2.023633574927183 0
0 0 -2.9644219562145517 1.927269977016697 1.958004843910627 0
0 0 -2.8515106747049455 1.8655275015405828 0.42105467870025726 0
0 0 2.967526371146313 1.6710732341858965 0.4371803746419387 0
0 0 0.9233059954387981 -0.5597667478398147 1.5660494473716826 0
0 0 1.3196637580171586 -0.15466910589210303 0.4340758966861351 0
0 0 2.323606292966087 2.143294511339011 1.0481613443630415 0
0 0 1.966258813361062 -0.19511357447115418 0.419531296075746 0
0 0 -2.9213342748648805 0.6848280454593303 0.40310273189635937 0
0 0 -0.7980335411899051 0.1661357565335091 1.9731206569421347 0
0 0 2.77116049031056 0.6724174802327665 0.4478486724812485 0
0 0 -2.4613787313738844 2.099901170313893 1.1857121310004604 0
0 0 -2.8095537866209734 0.5097213257151427 2.05280912869066 0
0 0 -0.8494451749226366 1.927442438745348 1.9627623744738372 0
0 0 0.9979244195997419 -0.6013171682195164 0.9247370480585742 0
0 0 1.2928712708389982 -0.6205885085047735 0.7149037942514146 0
0 0 0.2713880369811834 -0.5380890770515061 0.4037832025822311 0
0 0 -2.868397381106753 0.3412388049670051 1.9793033563042288 0
0 0 -1.9171922221724442 1.199172163454382 0.4223367840795569 0
0 0 1.1240415416063758 -0.5745731419512321 1.804446671923599 0
0 0 1.1969952503198984 0.24197051320053709 0.49412713949216425 0
0 0 -0.10005228215667605 -0.5809197704969016 1.0167600731553632 0
0 0 0.36437969607961795 2.115554558969287 1.8843899091769551 0
0 0 1.5774695916292778 -0.08267065683475838 2.001101289685124 0
0 0 2.910244259364833 1.9926365097946566 1.9771270197936432 0
0 0 -2.253283731848032 2.119210739026457 1.0414511980641366 0
0 0 0.011625698359900127 2.0043641555197045 0.4134824626356418 0
0 0 2.4189283883788226 -0.6481866228547457 1.9052095588462765 0
0 0 0.6614512303106586 1.365219805163257 0.43459859379467014 0
0 0 -1.3660122627613882 2.123631953602178 1.1935344781276722 0
0 0 2.0796059239441833 0.329368574022163 2.0220451759435134 0
0 0 -0.3245493372553563 0.9633270800552951 0.4327994625764997 0
0 0 1.6943856024645427 0.029577468272616758 1.9726184713087882 0
0 0 -1.7405034842689986 1.1542719217013562 2.039539913056996 0
0 0 1.1078278524588985 0.8862683423497846 0.46684754646972115 0
0 0 -1.288399722699803 2.1221943543063375 1.6632284896413723 0
0 0 0.5568662136533726 2.140049936134342 0.9871374926719462 0
0 0 3.0514566122032702 1.7755194354562176 2.003632365873547 0
0 0 -2.4467923609031748 1.3647989725139618 1.9642032551536985 0
0 0 -0.7185528959229424 -0.6168355374642427 1.0520007126974844 0
0 0 1.6659275714498714 2.1413963254104886 0.5298753676782562 0
0 0 -1.6394453661005837 1.9187607608718953 0.45917510847281673 0
0 0 1.0278708084472497 -0.31396134328782654 0.41985725412913943 0
0 0 3.1172112517077046 0.0437913348486596 0.45782663070434204 0
0 0 3.0488297766050962 2.056035130834201 0.6691809967990634 0
0 0 1.550868224143743 0.4807093368628259 2.040462757688813 0
0 0 1.4508395433659613 2.1085816776711415 1.557083365401533 0
0 0 1.2535714658958392 1.1960773242993217 1.9963028745843892 0
0 0 -0.8606772156080429 -0.12469226465310013 0.44482656509191554 0
0 0 0.6024197665892439 1.9362165594776684 0.45014648726777584 0
0 0 -3.0787978893447505 -0.023983186103304965 1.9553369455962675 0
0 0 2.9658706797119256 2.135897983383667 1.867360307713735 0
0 0 -2.01913451524742 -0.6076588674707379 0.526904076158765 0
0 0 0.3306032634109086 -0.6424072847857556 1.6745881076876943 0
0 0 -2.8305006709736933 -0.6330113645873328 1.1888376859698853 0
0 0 3.100963197527637 1.7312614896770346 1.9777915406305047 0
0 0 -0.5917052936455192 0.4275767727334383 2.0269189964301533 0
0 0 0.6611773689960958 -0.6171985559714641 0.6356833633131356 0
0 0 0.6627324938576638 -0.5514015793437468 0.7584659069386067 0
0 0 1.8769609547950603 0.6575100570491006 2.041991250394082 0
0 0 0.5623144588127493 0.6707989540058099 1.974593782497449 0
0 0 -2.8920875222129245 0.11622372397922964 2.0469075963176335 0
0 0 1.8448780465118544 1.405538864077437 0.4937633229880116 0
0 0 2.1474537986595124 1.1591354178459967 0.4750739683808738 0
0 0 -0.7596884439008891 2.0546857264955576 1.4901387474540408 0
0 0 2.3818521532347567 1.1548423301959603 2.0066496883526437 0
0 0 -2.8957540481463937 0.6584544896705677 0.4643853768355588 0
0 0 -2.6125279482276604 -0.21232104638323113 2.0118699289969486 0
0 0 -0.9919581501457606 0.43128135733061423 0.44189689224817785 0
0 0 1.3186069828479177 0.8467659558045404 1.9905464243337283 0
0 0 1.213189720129626 0.8329243522012713 1.9825278402232236 0
0 0 1.2680237872628286 1.0958680405248005 1.9879257657020528 0
0 0 0.6078156019461183 1.5169812537966492 0.42864557210106335 0
0 0 0.24011086627414313 1.9720982603147899 0.43827428081351916 0
0 0 -0.40039368040506984 2.0764967248080186 1.8887276898408953 0
0 0 -2.2434939109310896 0.8576929808763631 2.018404256813909 0
0 0 1.2148714405252106 -0.17597149913459664 0.47837910486784896 0
0 0 2.522164226427261 0.5397227076766233 2.0356718251021113 0
0 0 2.1302960415678553 0.06139133866523161 2.0522277771513853 0
0 0 0.9232182751375948 0.8383184414457154 0.4666584366379226 0
0 0 -2.127298045227385 0.43532179944656535 2.0155639116906907 0
0 0 -1.0510847514219406 -0.45447361881054515 0.5006718896528763 0
0 0 1.1435071498383502 -0.5544460382703735 1.6149359133298913 0
0 0 -0.9344911956746373 0.006684192570288738 0.4431328765116097 0
0 0 -2.4118450756298184 1.884815641833563 0.4823811616560818 0
0 0 1.105401677589156 0.971101277922326 1.9919819623129673 0
0 0 0.9894039713155891 -0.5974437871295026 2.0521906557380643 0
0 0 -1.0047795938826596 1.4973064478633902 1.9805865838990768 0
0 0 -0.8142392955048701 2.1237394217329486 1.8432560932831978 0
0 0 -0.9661412867817889 -0.3157536791185631 2.024859343728882 0
0 0 -3.0236941210701764 -0.6189096092642239 1.1036253394310864 0
0 0 1.1639931687315048 0.5743336286518752 0.4767534223526241 0
0 0 -0.4699006605695404 2.088472151735777 1.4082828834869288 0
0 0 -1.9300727854462425 -0.5761912579902588 1.463019795816482 0
0 0 -2.1852728175912812 2.0548630154112173 1.0888744139508868 0
0 0 0.9132400176003816 -0.6177404447826043 1.4787292663082907 0
0 0 -2.479979512125833 -0.5086009357652006 0.4961695318243504 0
0 0 -0.35477752067114166 2.133424275630377 1.5255981080012004 0
0 0 0.6390948624492254 0.8378034512121357 0.45050845103496917 0
0 0 -0.0377753733209687 -0.6196190997579871 1.5238338183329818 0
0 0 -1.1617440319054717 0.09745203249822953 1.9965998750198857 0
0 0 -0.7965109508831509 2.102300847281829 0.7378687518915694 0
0 0 -2.1773433785540166 1.06304863709211 1.9711637857719946 0
0 0 -0.22238726339042003 -0.5961901695028469 1.1909339643059678 0
0 0 -0.7727247784351547 2.073137265714194 1.4253510051577791 0
0 0 -1.6731103961534581 1.6141176600471143 1.9662227508676524 0
0 0 0.6408155570659941 0.0609745321904982 1.982495398746296 0
0 0 -1.9599258679887164 2.0827960307693885 1.906708530354763 0
0 0 -0.998655669572615 0.34231253839680154 0.4790391353847798 0
0 0 -0.7186883848903713 2.1489098767418557 1.7942674794743 0
0 0 -1.1172096948141492 0.585840663531654 2.0468937852630336 0
0 0 2.6305877530326454 0.931503306310081 0.40692290566854195 0
0 0 2.149998523150142 -0.5554216948962678 1.8064551864656917 0
0 0 -1.0092234597058183 0.5212687198151964 2.003803263048215 0
0 0 -1.8792047900944442 -0.2511804739767469 1.9835738781681305 0
0 0 0.8969055937770936 1.8009464618710964 0.4860544673527818 0
0 0 -0.40936513942539676 -0.5990950586799157 0.8488054799098426 0
0 0 1.5315813190032328 0.1485859837243887 2.0134943921804886 0
0 0 -0.04906152853642798 -0.5769890400510285 1.08538943514808 0
0 0 -0.9637280342144989 -0.6065305395836544 1.641806888988773 0
0 0 0.5256591455194166 -0.3561533094265532 1.9680606893242534 0
0 0 1.0813627497988847 1.935389079715282 2.023386944885158 0
0 0 -1.9118419394984978 1.225420175005197 1.999267339885758 0
0 0 -2.4816934640912813 2.1351296226955525 0.9519950347743723 0
0 0 1.649311604316419 -0.23273530331750347 0.4885767573514693 0
0 0 0.4367615522869195 1.0390964310729054 1.9889261720804916 0
0 0 -0.6799015451040673 2.144394788391045 1.5458955235823668 0
0 0 -0.5563982951201396 1.2635178964206453 1.999166348132423 0
0 0 0.1975322631047569 2.110645499639415 1.852273299088652 0
0 0 -2.1584583731451805 2.09770633020504 1.2508160523374539 0
0 0 -2.555820502013217 -0.6108005662029758 0.6935286238590987 0
0 0 1.4470729844572778 -0.6474355721204994 0.4455965716817085 0
0 0 -2.1312473493105113 1.2663566697374686 0.4104691947532151 0
0 0 0.6005771194237952 0.23619694708750993 2.0208062092626937 0
0 0 0.5549398758306672 -0.43210827599141677 0.4549876445642117 0
0 0 -3.0663580837218096 0.0552241905371863 0.4762934341979772 0
0 0 -1.8483257059344878 -0.1763694266092627 2.00539861434868 0
0 0 -0.9996898950310831 0.20486860042408095 0.42313768809386465 0
0 0 0.4039529842448637 1.3930634784074098 1.9775632243243058 0
0 0 -2.4143330760044974 2.1288327919526546 1.8102850319611206 0
0 0 -0.15659177758592557 1.042082965398613 1.9625250357162547 0
0 0 0.5096842133063633 -0.12958375836279745 0.48522502732794537 0
0 0 -0.8672481946811903 -0.6431123716133103 1.8981977808269968 0
0 0 2.39647969921901 1.9139492298011997 0.4882147759102181 0
0 0 1.5102974693164262 -0.624390750727488 0.9178192912087882 0
0 0 -1.8923899118190501 0.7440555710751138 0.45892308483169364 0
0 0 0.20190346404480142 -0.6029907821590181 1.0138081995241803 0
0 0 -0.9016890506046433 0.41563777193411244 1.9762807067107122 0
0 0 -1.3755591733758334 0.09599632204846753 1.9793553567511275 0
0 0 0.5614405810004208 -0.5566934660487766 0.4755958484850643 0
0 0 2.2483869414566655 0.7295467356075396 2.0405204252875624 0
0 0 1.611698727393053 1.2995273347335794 1.99640535996902 0
0 0 -0.010407574563700006 1.5341519331450997 0.41055802027674215 0
0 0 -0.12776230511328013 2.0200031220150727 2.0460159441623444 0
0 0 -2.779019965135782 0.44876006871218754 0.4505100023941362 0
0 0 1.2922220945236509 2.071552416858121 1.7979285202884059 0
0 0 -2.3357592478718274 -0.573149699065918 1.0484572805953474 0
0 0 1.4814701685860188 2.1360638500389406 1.2818652764318186 0
0 0 -0.6085485285518883 -0.28010269789643094 2.0433462305710473 0
0 0 0.2540559591426601 -0.5511103774757378 1.2225833434589592 0
0 0 2.317364625733152 1.2973630578373325 0.41343573351267693 0
0 0 -1.799448800354549 -0.4207944560011061 0.4969887452068801 0
0 0 -2.1703336249479115 2.098841059258319 0.7891081963042752 0
0 0 3.0274774799037356 1.101141213861968 1.9577273096234307 0
0 0 1.0773411348794237 1.3951199208849623 2.0035918783754925 0
0 0 2.1113915266423717 1.8258872230603853 0.41654314519234703 0
0 0 -1.9182584431221772 -0.21318960751548532 2.01602491074917 0
0 0 2.124513386070719 2.1311595648375783 0.756111191197613 0
0 0 1.658468834744685 2.137075216030288 1.371953983708134 0
0 0 2.619605446669251 -0.35292262834160426 0.48628924881201707 0
0 0 0.3063312337524118 -0.013033235140261112 0.42154542725285826 0
0 0 -0.6448020032798296 0.951822635566641 1.9821081925412205 0
0 0 2.594572351314439 2.0822117882285096 1.7699645666477912 0
0 0 0.1064135681092151 0.4525249725114644 2.011758525308531 0
0 0 2.135723829345176 0.8618037178792857 2.04903269008683 0
0 0 -1.3911322099715244 2.100889208744408 1.4851006158453408 0
0 0 -1.4412265997686058 -0.5258680205726782 1.9999584387488998 0

