0 0 0.030044491355514458 2.0979832437054053 1.5346842512592245 0
0 0 0.14931239335403168 2.101384447248142 1.8752412222398747 0
0 0 -1.3600060684451631 -0.6419189223193145 1.761329378916966 0
0 0 0.8587110161430536 -0.5899136298282674 1.154147408013793 0
0 0 -0.3750521800505435 0.15728647005758034 1.9967540200440326 0
0 0 0.9931303750132976 0.02863127312681779 0.46046631979186126 0
0 0 -0.23069344423927962 1.82664235995243 0.4332270030879909 0
0 0 -0.08271107163094205 2.0579808877762584 1.504708650938745 0
0 0 -1.374719451683494 0.5765446891961576 2.013930422251768 0
0 0 -1.0871069253941965 -0.6263201701752421 0.6235723895146525 0
0 0 0.0113513110396255 -0.1240155001226797 0.43701550577395776 0
0 0 -1.2165507591510125 -0.5991357551857337 1.1749351463199964 0
0 0 -0.3543650257765645 0.06933317935922456 1.9777429802644155 0
0 0 -0.7614323671240258 0.10613609706820748 0.4871730032024242 0
0 0 -0.5336949866349627 0.7574105386637704 1.9718402861703823 0
0 0 -1.5422514651110732 0.7689376450399776 2.0488468657818264 0
0 0 -0.6202589767182118 0.4460785591784123 1.976690799237102 0
0 0 -0.3683178043493822 1.5542320547322095 0.4059048344874625 0
0 0 0.15897966508821604 1.8469589743429664 0.4408355697614549 0
0 0 -0.35204638909402286 2.015195770433283 0.4761718604921311 0
0 0 0.2965438896291892 2.104554242945433 0.6659324783005773 0
0 0 -0.49808119845987564 0.8444832955850154 1.959415142783658 0
0 0 0.13840905163243278 1.3915589335666438 1.9843682640828983 0
0 0 -0.681337662668092 1.9141695540751134 0.41509616565635166 0
0 0 -0.17423315978877163 0.6048525119424792 0.499935054518327 0
0 0 0.9510703116323955 -0.6389457100736635 1.6710968531074053 0
0 0 -0.33730127859016457 0.9282081134722444 1.9967990387789734 0
0 0 -1.5077997025317296 2.1480572693359923 2.0214808796759884 0
0 0 -1.2788727509756495 -0.1775344318437848 2.0093940293167045 0
0 0 -0.5908215609051712 -0.5049181173673609 2.0382755890354796 0
0 0 -0.13514751988718543 -0.6363208860402496 1.0722315055218852 0
0 0 0.18136793352445846 -0.5978728168566669 2.026786888838407 0
0 0 -0.10405887951234338 -0.6376035352090237 0.6362297502252273 0
0 0 1.2442954588527857 -0.3962669103041281 0.47112717818497707 0
0 0 1.029622744256102 1.6666145775301968 0.4248686561121098 0
0 0 -1.2205349736915558 0.005171210216087796 0.42405829906408765 0
0 0 0.8490538455794958 0.12156850037048639 0.4087502775713806 0
0 0 0.6806961904691775 0.3392799042434158 0.4620310579214293 0
0 0 0.85261020619263 0.6997810635045567 2.008044192782762 0
0 0 0.2845162771353653 2.082974503212794 0.539727471435709 0
0 0 0.5967664187289881 0.06597643218883298 0.4122413760753558 0
0 0 1.104183546906436 2.1203884335796994 1.4429614940821918 0
0 0 0.9174862950323899 1.7033363961900967 2.050153562639702 0
0 0 -0.09166390300739646 1.3262059739059824 1.9879186500678419 0
0 0 -1.0837120805062503 0.6273820982114366 0.46676236072754185 0
0 0 -0.011646063137980667 -0.5868087636194557 1.0283648583641187 0
0 0 -0.4441990884678846 -0.6322098835713195 0.7062107913429131 0
0 0 -0.999421135000815 -0.6327096038870086 1.6824369666722354 0
0 0 1.4617606908580272 1.4678717535212507 0.4474199901560816 0
0 0 -0.8700729546455026 0.8365243453847593 1.9826162129642775 0
0 0 -0.6794769689909871 1.1110293234913777 2.0459976408550284 0
0 0 -0.9834520042904974 2.1017126638857997 1.5620354127749487 0
0 0 0.18974331544370648 0.22305943025273178 0.47798600800349766 0
0 0 0.08739097357139891 0.1251457534469924 0.46665191795632877 0
0 0 -1.1610290492080568 1.1344573934007083 2.0443414416594043 0
0 0 1.3246357668951312 2.1133017352913956 1.5086978673859048 0
0 0 -0.0897748751114158 -0.07550139061790628 0.48951359248984216 0
0 0 0.45529960478521403 -0.6034630398037282 0.5510562615275859 0
0 0 -1.2304128495933333 -0.48715373032152964 0.46290661802819355 0
0 0 0.5579336413573612 0.13952929813974446 0.46292426746435433 0
0 0 -0.5864688231845564 2.1273552440333856 1.1109388843169348 0
0 0 -1.0420703319770905 2.1238832163770023 1.8355483414875686 0
0 0 -0.920664686208883 2.0740036357221383 1.5248870112076707 0
0 0 0.9908231214799179 2.0925787674358767 1.0288450797960949 0
0 0 1.2898535740836525 2.006283710505894 0.41992291732600484 0
0 0 0.9611085732215758 2.1120162327605443 1.7548788944103104 0
0 0 -0.982788770481923 0.220005492149284 0.4270942453640052 0
0 0 -1.0690674797452875 2.0930192262604987 1.9780969573771492 0
0 0 -0.2242292994600934 -0.5957292646777208 1.9232472242147471 0
0 0 0.2854045733218751 -0.6222546435681855 1.1060752868675443 0
0 0 -1.3194398371390754 -0.6104923844130936 0.6385314670864001 0
0 0 -0.9120510847176235 1.2443658029882438 2.005252877251413 0
0 0 -0.7195416498012467 0.13344909298280272 0.473482844940707 0
0 0 -0.47105086489396664 -0.6129935283337189 1.3728596364644114 0
0 0 1.120361738812734 0.5403734729971723 0.5023972931943319 0
0 0 1.3030047728833285 1.954243322505998 0.44345358500823784 0
0 0 1.540177020483278 -0.6013529403001061 0.48197477474812245 0
0 0 -1.2192953407021767 -0.2545460933151742 2.023893872343322 0
0 0 -0.9986788163970279 0.625014546840511 2.04813704180848 0
0 0 -0.31046028451503194 2.1112581409997278 2.022825553853115 0
0 0 1.2812203336337302 0.5475720231421644 0.4668121021303704 0
0 0 1.1883891743510784 0.06393388065709238 0.4626685512729225 0
0 0 -0.11678017133087715 2.137344327149473 1.0851971670686877 0
0 0 -0.5368732471519706 1.960498286459005 0.46634687403673525 0
0 0 1.4311665048398732 1.2036025361772356 0.44051015229036605 0
0 0 0.10843124748594524 -0.6456956916130556 1.0558486029680578 0
0 0 -0.6569653505769881 2.1145942017530563 1.7451375745632323 0
0 0 0.993332846125929 -0.5641552880443279 1.8472288480801784 0
0 0 1.1463788036671394 2.045609429757855 0.41386187331877056 0
0 0 -0.10158633602495049 2.0880878354449184 1.5317304254946533 0
0 0 0.20213603109151101 2.0593997602797893 1.542450425760335 0
0 0 0.998178917700923 0.045572918993938116 2.043818431942026 0
0 0 -0.4761842728021233 -0.512736773308911 0.4868391691182632 0
0 0 0.02022037650718489 2.1335386913717374 1.688030319108801 0
0 0 -0.8172788322365964 2.0803777299853223 1.7995049117070059 0
0 0 0.6758551121327976 -0.10100108774199712 2.0378181485840448 0
0 0 -0.8085060223661034 1.6931189315395037 2.0110331928902374 0
0 0 -0.5672386659563167 0.544643506258907 2.0126264498599093 0
0 0 0.9559540794842141 -0.5779377897201978 0.9152570319427406 0
0 0 0.04495899951582327 -0.017356514250897348 0.4588523309524273 0
0 0 -0.7269065966221375 -0.6302714743482043 1.9767027216678819 0
0 0 -0.0503989634444022 2.0775648734893926 0.5814515240592038 0
0 0 -1.375794097148166 2.0544338316464046 1.156279405371936 0
0 0 1.1204563307659097 2.0899389101798675 1.8380159336598338 0
0 0 1.3326175431663012 2.1138728931228794 1.5592014376468126 0
0 0 -1.481274213664026 -0.11318094636824605 2.02727693077307 0
0 0 0.3538032863797935 0.43366636418656124 2.017253482605839 0
0 0 0.6722540194787952 1.6481278087045619 1.9589135623936071 0
0 0 -0.44425746727287607 0.676157891943669 0.41647866498992525 0
0 0 -0.3562607724700244 -0.45549988623847426 0.42081866839339455 0
0 0 -1.2811302100342163 1.276819120420145 2.0052701365890693 0
0 0 -0.77680594086004 -0.008205973161701574 0.4533410270190801 0
0 0 0.5144671696559895 0.767905760226159 2.0081592211662054 0
0 0 0.14777993965705205 1.4022867199850444 0.4893878998687411 0
0 0 -0.5515042103490368 0.7387621645821811 0.46683445772441357 0
0 0 0.819272626787372 2.148395729360481 1.2533591457432953 0
0 0 -0.9873037794903576 -0.5606725782641302 1.2582123198458672 0
0 0 0.5856693621233124 2.103873067157192 1.694506396936048 0
0 0 -0.7858654116494072 -0.5801715283008648 1.1831873659288519 0
0 0 -0.4951148796096436 -0.6259319922393201 0.7153766663372478 0
0 0 -0.6404711572514452 2.1310538906257372 1.0942929297098347 0
0 0 0.1175026661087406 1.4813061578252282 2.0354827774302136 0
0 0 0.17427872590733862 -0.61345599315907 0.9801467121327532 0
0 0 1.3291953251163853 2.137599852297763 1.424837045743533 0
0 0 -1.155883484200169 1.598861091120239 1.9561864051621205 0
0 0 0.5120943232850448 2.0885368666911335 1.2928346551970389 0
0 0 1.0362433296585882 -0.23403891931232745 0.5017478192694265 0
0 0 -0.5507864297675542 2.087813064965989 0.538295586190496 0
0 0 0.007252276984485606 1.4631308818242068 1.9708443608884187 0
0 0 -1.0865288760913314 0.75941445178933 0.48988928588427516 0
0 0 1.4997818381943469 0.7515225257255436 0.4949527958675739 0
0 0 -0.8808818844316694 2.069122632353939 1.8702918882112631 0
0 0 1.0132804925621186 2.0961874000366425 0.43140950832605074 0
0 0 0.8306785210629717 -0.5173506254094988 2.0332087582760434 0
0 0 0.9551766962921309 -0.5471792729273379 2.0114259322685317 0
0 0 -1.3921200837112029 -0.6360491835664879 1.80825965102152 0
0 0 -1.4450706598865297 -0.1043044248455478 0.4182364018367216 0
0 0 1.5236551982895588 1.7180874474549637 0.4814356131369959 0
0 0 0.40926288927214216 -0.32071115321127164 0.43176358824769 0
0 0 -1.1969213577450313 -0.6450343752257444 1.6597965590066894 0
0 0 -1.5587550850442007 0.04412378791817362 1.9972977335236697 0
0 0 1.4456414032367597 2.1342521173341202 1.609496498874853 0
0 0 0.057835361823669995 1.6549731769785165 2.0432199985846635 0
0 0 1.01251483105134 2.0916020821620513 0.8506987452277588 0
0 0 -0.6322987341253744 -0.3766923747348796 1.9627682100469483 0
0 0 -1.266409834984777 -0.5699052005834431 1.8086233648657835 0
0 0 -0.1727281015382407 -0.6108747845220619 1.4608368398239846 0
0 0 0.7045718142458126 1.6450540551669006 1.9824503301050793 0
0 0 0.6377482638193719 1.583899810623292 1.998968235227852 0
0 0 -0.26199266245330444 2.142383127510972 1.7662239576634289 0
0 0 -1.247205580480965 0.2557059048800444 1.9941828595678972 0
0 0 0.1055171332205267 2.0005536522237213 0.4520562312362154 0
0 0 -0.9973564452487487 0.22247294228403425 2.0024610154847284 0
0 0 -1.3537177435452061 1.408609840740567 0.46321842744582076 0
0 0 -0.6252459341806273 -0.6023404000179049 1.1444997980503204 0
0 0 -1.1929884857606634 1.818627435598198 1.9940040495069828 0
0 0 -0.7639890077931836 0.09997306559573393 0.4137657976322816 0
0 0 -0.31756267939115745 -0.6104286854324539 1.4309280990210032 0
0 0 -1.4065379956523596 1.884922024031667 1.9845136263861998 0
0 0 -1.2406494657617333 0.9004720071586811 1.9824679335924336 0
0 0 1.238773722408455 -0.5695799506982848 1.6889930071105552 0
0 0 0.5530748806303669 -0.5919268656074759 1.7704972588020076 0
0 0 -0.16630833349808283 -0.5892716034130776 1.8781045251939532 0
0 0 -0.5141762615508012 2.0538540899550886 1.8775557750970429 0
0 0 -1.1445067211454214 -0.5736600865433177 1.396537327762628 0
0 0 0.14015669298295164 -0.5809038317992536 0.9163417055302208 0
0 0 0.33615724581678097 1.7204364643353067 2.049759402345143 0
0 0 -1.243044416380851 0.002531634103235092 0.41169822370712417 0
0 0 1.3994049247256095 0.3015177951374509 2.0288600373438186 0
0 0 0.43582966270696755 -0.2373251728443091 1.9855447549423055 0
0 0 0.0298746537842296 0.9981835638457983 2.0119289661904176 0
0 0 -0.45958578515352166 -0.6098080802312043 1.7012217716344105 0
0 0 -0.4145781712730596 2.0659695768167032 1.7207732041624486 0
0 0 0.9746706364318651 1.4143677704158555 0.40302689282200355 0
0 0 -1.349161842586145 2.1403691434990932 0.791702335501974 0
0 0 1.0666280571319482 1.4164877691976285 2.0454818802205863 0
0 0 0.32704614764984696 1.991886447128565 0.4390537676134789 0
0 0 0.7670077137249427 1.7324659878922557 0.45999908107822407 0
0 0 0.1361251827112946 0.5483837537147032 2.029919834540028 0
0 0 0.8996803447016903 1.3224860644806626 1.9729015758495319 0
0 0 0.9997122230541509 -0.6232714161863897 1.8922157264204507 0
0 0 1.097205724977417 1.5983872451075987 0.4311099380943534 0
0 0 1.0414342791120843 1.9902206884441738 0.4121183857407684 0
0 0 1.0187297714757402 0.7904854203798444 2.015054380193783 0
0 0 -0.21199012560975827 1.370725783968898 0.4979179408507045 0
0 0 -0.698178515243547 0.7119379768370759 2.0010102461779065 0
0 0 0.948941746612237 1.4412947139980536 1.9796818099017155 0
0 0 -1.0823521847109565 0.4563598073648063 1.9839555424453046 0
0 0 1.1712302128677043 -0.47983734304774606 2.029034727483116 0
0 0 -1.1738995270288108 2.0871688620857007 1.350954591746655 0
0 0 -0.18537827645796812 1.5645295752141755 2.03824690063778 0
0 0 1.111351256910182 2.0823018529332673 1.7063164867856506 0
0 0 -0.8200456706843887 2.0274880588856403 1.995815833025727 0
0 0 -0.6451395262678647 2.121979487745513 0.5352804831870952 0
0 0 -0.24585769218201792 0.9572518624294886 0.4361155558507429 0
0 0 0.02578809440270846 0.814988693251244 1.9899432939971446 0
0 0 -1.3325621647437522 2.102520688988413 1.1273228284444197 0
0 0 -0.1265234852645083 1.0419168674412576 2.0125987790401347 0
0 0 0.1058499276077709 -0.5937772898794609 1.702885053394128 0
0 0 0.0339192008662772 0.7284740731097807 0.42907967243836254 0
0 0 0.30489468054176894 2.1207257335680993 2.010209590240075 0
0 0 0.5002099534558377 1.6595954686842511 2.0091517665792775 0
0 0 -0.5751993941674629 0.4795631834861245 0.4950444303204845 0
0 0 -1.3954083527737056 -0.05905932620965637 1.9877972356393292 0
0 0 -0.6942795162280853 0.051450433137200546 2.0303993768070265 0
0 0 1.109743327079996 -0.20432943857382868 2.0103650304882033 0
0 0 0.3511086104156096 0.6787262266968048 1.9897210459299677 0
0 0 0.6168384451234852 -0.551471790153512 1.021451396218679 0
0 0 -1.4504182650569946 2.0997572911038906 1.132340163910094 0
0 0 0.37474251948906434 1.4119425354391004 1.970269279470434 0
0 0 -1.4465202990577293 1.0409225984274597 1.9823793711959294 0
0 0 0.4981124492381981 0.6682507838844141 1.9543594053778754 0
0 0 0.22184523355009644 -0.30032600376787166 1.9927707001386705 0
0 0 0.6619739367364654 -0.5904721367678858 1.7922111450359217 0
0 0 0.6061782078390014 2.0627343611835607 0.7860514201174693 0
0 0 -1.2764062303267494 -0.3600442995940967 0.40433739212553477 0
0 0 1.1131421742960135 -0.10711033305230044 0.40985579364205393 0
0 0 -1.2972955907587074 2.1407935313150395 0.5550351357487467 0
0 0 0.3089277781376769 -0.5609756758701687 1.4936272413686555 0
0 0 -0.6553563117859051 2.098146891189395 1.4516422269151068 0
0 0 -0.036945821992153016 1.851852215897128 0.502500224861295 0
0 0 0.47847885290204983 -0.6315405674334469 1.354516478258898 0
0 0 1.5707839565999753 2.113054466626439 1.2126228687975114 0
0 0 0.520004334672401 1.4160569517655854 2.031418366312317 0
0 0 1.5692798519567437 0.21138942166038188 0.44730001682485254 0
0 0 0.3510834981369717 1.0605093544209698 2.0330721208407163 0
0 0 0.2733311218412344 2.035078975292018 1.9693420421214438 0
0 0 -0.07115870539629077 2.063084657428657 1.4335484987578722 0
0 0 1.5368321255033282 -0.6491182807180338 0.7961566166398002 0
0 0 -1.1735532468029846 0.04436853209684066 1.9814583736771072 0
0 0 0.2750804132526721 0.1460397434460341 2.047463954406227 0
0 0 -0.4598596034889517 -0.48082365242713765 0.4165281566229915 0
0 0 -0.05368598756635112 -0.5705815127848937 1.7935278274312987 0
0 0 -0.21515484007552899 -0.5521526483351078 0.5720868225878897 0
0 0 1.0223743876627154 -0.6198282112053797 1.785667292081047 0
0 0 0.15155910312059828 -0.6466879508654819 1.259111950169727 0
0 0 0.020894955721123765 1.0125555633455792 2.028687459760341 0
0 0 0.8277847409361576 -0.578282427083262 1.4605409059243988 0
0 0 0.16858658659979708 1.683446843676663 1.9580599065890414 0
0 0 0.5867523277640179 -0.5508314470445126 0.47312030803053384 0
0 0 -0.5297144591683387 1.8738690931637427 1.9872725983698316 0
0 0 0.6268708340002096 -0.3577413864529193 1.9831470971814324 0
0 0 0.32245791812829383 -0.5526381355402197 1.6749747942712367 0
0 0 -1.3899819234822655 1.6378294391662365 2.0509791525019136 0
0 0 0.29961264252476916 1.8319313050484503 0.41609525719526075 0
0 0 1.253925293423872 2.083864840576882 1.1048877918373976 0
0 0 -0.07939775735345478 -0.5722361605587889 1.2483041982872944 0
0 0 0.5179276157985271 -0.3928382053975712 0.4575126625568837 0
0 0 -0.9635013090660844 1.8290859329930413 0.44297863756350964 0
0 0 0.3011788257515704 2.107109676259574 1.7061342845506833 0
0 0 -0.1617916766314762 -0.4199817458570476 0.49996979726013113 0
0 0 0.25877610689667674 0.5799242755836824 0.43717546523862716 0
0 0 -0.5113326186372491 2.0996362949532887 0.5904032808190735 0
0 0 -0.16507886176554654 1.936038843738065 1.9804744290507657 0
0 0 -0.903614124176292 0.8465899957966825 1.9693039051924228 0
0 0 -0.30946876100344456 0.7135530939510812 1.9933314679992764 0
0 0 0.19198058838078813 -0.6287113738947614 0.4988219118354733 0
0 0 -1.0260315959415949 -0.6214249772873939 0.6816239782295388 0
0 0 -0.3404243676932044 -0.5770759933683012 0.4689018606935528 0
0 0 -1.412670975794537 -0.6109533614119453 1.1874352564337265 0
0 0 -0.4219659416320525 1.0825356588507546 0.4909137851447767 0
0 0 -0.4463974295630613 2.1240769217773776 1.9429784580383385 0
0 0 0.8525557239713137 0.7325779067885168 0.4562096154148336 0
0 0 1.157553394188401 0.16177365210857397 0.4989525232751869 0
0 0 -0.5133188093845471 -0.5760060891115291 1.3295742987328905 0
0 0 -1.2399700206722404 -0.550282358190612 1.559359181135601 0
0 0 -1.1615991797483642 1.1997070477883995 0.47198707144218055 0
0 0 1.0017150155404448 0.3172044041268529 0.4449896311908281 0
0 0 -0.5770523447921038 1.118142415055307 0.4545807987956738 0
0 0 -0.13574651247145475 1.4807307519897142 2.051732951888026 0
0 0 -0.5348215712536981 2.138977757509742 0.49296296161154673 0
0 0 -1.0076894633851836 -0.46821688765539715 1.966701205504373 0
0 0 0.4694817124981423 -0.39430816684812964 0.47484287531184266 0
0 0 1.2758107304866462 1.9751560850702108 1.9949426711819758 0
0 0 1.3337155212149079 2.043536517406735 0.41984880912317457 0
0 0 -0.8863763214691094 1.0075853014344796 0.4614752589351303 0
0 0 0.8843131496106529 2.0988194214145235 1.300874541939657 0
0 0 -1.1695228769530388 2.078967662939551 0.4803832861288694 0
0 0 0.27243954305129425 1.027533644382038 1.9885704343450117 0
0 0 0.6827741082810799 2.0724269390173244 0.6448339126167306 0
0 0 -0.3291709509627112 -0.6026523519455658 1.3804171627955901 0
0 0 1.5230318014387274 -0.30309929555772763 0.43290771737879596 0
0 0 -0.07383940428338542 0.04874822427876946 0.49333198194785666 0
0 0 0.8260603057191775 2.1055910938987155 1.6368963517346728 0
0 0 -1.2106188811068954 -0.5849927467891314 1.4675449390132864 0
0 0 -0.5176432550994441 0.18998073747670485 2.012067552638621 0
0 0 -0.6694300631534013 2.0809123404696184 0.4736035531456825 0
0 0 1.0510789661164726 -0.5911836711238958 1.7579425245113571 0
0 0 0.02002179152781669 0.11310357287776507 0.4460216786642339 0
0 0 1.3783469434084692 -0.6170092615008367 1.323073221994769 0
0 0 -1.5603710714827328 0.3096849161041684 0.47483785641093246 0
0 0 0.459234521426807 1.5339703093688744 0.48344814736738817 0
0 0 0.07218556482184058 2.1362094811322025 0.9508706989779758 0
0 0 -1.3313428505722 -0.5869009513939161 0.689057992385466 0
0 0 0.4243392410157061 2.1483380149617703 0.49822706957925056 0
0 0 0.025323622626188813 0.42126343629461427 0.45443501883465354 0
0 0 -0.16541088131725412 -0.5342901138427587 2.0344584126821923 0
0 0 0.8744043636226682 0.14707007873877065 0.4865810086145861 0
0 0 -0.8372187237388401 2.0866131956412586 1.8303419459431738 0
0 0 0.4978624786826522 1.3773427763975326 2.02015065664069 0
0 0 -0.397434786440632 1.0873614210185145 0.444946715443584 0
0 0 -1.3213487165688937 -0.1815284868107634 1.987936742707031 0
0 0 -0.7839072409996761 0.12576593503099087 0.4787049156734926 0
0 0 -0.8377134807597801 2.076447644997523 0.8823338358428668 0
0 0 -0.6640086193048892 -0.6123163482012763 1.276858967024904 0
0 0 0.448898500332946 -0.6312499016878192 1.6531008971146874 0
0 0 1.4304486977652071 -0.13584141868133925 0.4883445631400358 0
0 0 -0.9449099779265145 -0.014884296918172946 0.47588761610828767 0
0 0 -1.125772372179833 -0.5938947800682579 0.701685883908322 0
0 0 -1.4586397398100055 2.057516920947429 1.5827353913272146 0
0 0 0.8069885577028968 0.8217601373991921 0.4224378649190157 0
0 0 0.9251624530924971 -0.5969657009331077 0.7176800399053693 0
0 0 -1.3776522529590798 1.1500603668176597 0.45801823229352956 0
0 0 0.15198769864635797 2.106931257408508 2.0066616986602543 0
0 0 0.5305773090655119 -0.602450973717471 1.5447255256990982 0
0 0 1.0597734314147353 2.07048087669515 1.0945056630065029 0
0 0 -0.3408057602184167 0.05770067592327888 2.051851970677914 0
0 0 1.101729854802413 2.016576841699421 0.47447539384920434 0
0 0 0.701112527819963 2.081814864451597 1.0775495689102952 0
0 0 -1.5513556892074392 -0.5502483193538132 0.5166720619107433 0
0 0 -1.5280920218325624 0.624668241184043 2.048421367634848 0
0 0 -0.6557549582493308 -0.5781122356059436 0.9474655096367988 0
0 0 -0.0451310131097562 2.0520374000160784 1.6129924121420836 0
0 0 0.48415935854541026 -0.5501185031626785 0.824191244636308 0
0 0 -1.1873395946051915 0.7258833285725084 0.4966856878715321 0
0 0 -0.8035603916383575 0.4109073013083989 1.9570370959902297 0
0 0 -1.2820458316564203 2.09580580116974 0.7013049875540132 0
0 0 -1.49417660850087 2.1451606963097127 1.028314766835861 0
0 0 -1.496419975141307 -0.2262349634265609 0.49697131181392284 0
0 0 -0.9374483045644443 2.0956290936656305 1.1432863050114244 0
0 0 0.019843211583444376 -0.30094564179689876 1.9793944442298876 0
0 0 -0.7129324507408223 -0.6105632160200081 1.3956292680409423 0
0 0 -0.08062624293795162 0.28319599287492403 2.037095710101159 0
0 0 0.002440442989739333 -0.6100332674095532 0.7583627397306429 0
0 0 -0.07933664172928423 0.5424125442320995 0.4628812898704915 0
0 0 -0.19140313822195254 -0.6259362971744653 1.0327751971270918 0
0 0 -1.340673874007574 2.0422089059367794 1.9710049217851946 0
0 0 0.504257535578188 -0.5753283306804382 0.7290252679476634 0
0 0 0.2945353750798114 2.0168095192732665 2.0029929213328854 0
0 0 -0.7141699922443351 2.093631917426994 1.9409505921986072 0
0 0 -1.3717537463286402 0.4136722616121551 2.0460686784686244 0
0 0 0.9829928810547233 0.17235466486308748 2.050208677133479 0
0 0 0.8829427867460371 2.098735530555712 0.7790863871890437 0
0 0 -1.3291968143357356 0.43246317646762455 0.41689720400373076 0
0 0 -1.2747973300979731 -0.11646326471329949 0.4299867928399306 0
0 0 1.5417124080413211 -0.5964177468759357 1.2007529565655441 0
0 0 -0.3399791273432127 2.0622049967579525 0.6783413996285497 0
0 0 -0.3033775939213299 1.6471958892131646 1.9849518089803677 0
0 0 -0.2820443619410544 1.1362570326912558 2.0433254613063 0
0 0 0.6812756806665097 1.2405618759188286 1.9557183563247742 0
0 0 -0.7173103088667607 -0.5541871789386468 1.781088168433379 0
0 0 0.9115153557183437 1.462865784740117 0.42717803794746245 0
0 0 -1.1647536680322776 1.551363816433913 0.5020330774820485 0
0 0 -0.5827994659323306 1.3775218179137612 2.049604939412885 0
0 0 -0.774565263576937 -0.5281436582461541 0.48143743954763774 0
0 0 -0.37315674580372526 0.46235815683141657 2.004033481368508 0
0 0 1.1406439542491191 2.065208837632866 1.9133719030164862 0
0 0 1.2308228086155664 0.7388508699075926 0.46170364541512166 0
0 0 0.20656662223620748 0.9448345180176236 2.038459709059109 0
0 0 1.569809182673597 0.19214775808230322 0.4149936418420176 0
0 0 -0.7337782908378797 -0.5239762788195375 0.4071434299622718 0
0 0 1.3496353733010436 2.1144962615224374 2.041553379791179 0
0 0 1.544962316470925 -0.1903888147254129 0.4235437045580033 0
0 0 1.056367570359129 -0.5589539063347511 1.9969866992311336 0
0 0 -0.42658221685140885 0.2421056478228817 0.45238561969988844 0
0 0 0.6319370267458417 2.0642172789709425 0.4921738750928011 0
0 0 -0.9898062724021225 2.1203860822872107 1.7023683821546438 0
0 0 0.45831113410228497 -0.5047551570591673 0.4261622971239375 0
0 0 -0.2462782365132523 2.135999111923162 1.3043444887219269 0
0 0 0.9907124164062089 1.320949406184487 2.046966221092797 0
0 0 -1.0382855701466611 0.7973923717388838 2.0496861516419553 0
0 0 -0.5222987256676592 0.9622055183540843 1.9672409723093622 0
0 0 -0.9233809937834848 2.0788134418592614 1.6403261740440953 0
0 0 1.2119247065802252 -0.2982521611493645 2.047415181161555 0
0 0 0.49789259078628323 -0.6459266281684444 1.9599010583509695 0
0 0 -0.044757016091212964 1.027209202693451 2.0254865175006134 0
0 0 -0.032770004031913214 -0.6132170977679228 1.318183549680854 0
0 0 0.9835442162206629 0.6245712967721531 0.40401697127740566 0
0 0 1.449233544236662 0.8419380304905448 0.4082245731608415 0
0 0 0.7938810747794194 1.0761790680487746 2.0082997634170447 0
0 0 -0.5022233789737243 1.8422200907531374 1.9590936105336119 0
0 0 -1.1766110714407718 2.1265669344289044 0.4580347854869776 0
0 0 1.3195218411657819 1.1775118822060673 2.0328870295059267 0
0 0 -0.2901565983664558 0.3959864380615481 1.9849587190888396 0
0 0 -0.7481475134133782 1.7306079270179493 2.0157176996431896 0
0 0 -0.7419181635530154 -0.5172796003257933 2.0417301939038355 0
0 0 -1.0534881808297456 1.3315463136305026 0.45503014227797867 0
0 0 -1.0669409075748333 -0.07304549480413214 2.0228457602059633 0
0 0 -1.3995867505615038 -0.6056863299918573 1.607592005530317 0
0 0 1.5645440401186015 -0.6486029397410829 0.5030222808075813 0
0 0 -1.3177359487464586 2.0974798953912424 1.7538962186792653 0
0 0 0.5879662020799206 2.0792796616010736 0.4844789517475858 0
0 0 1.0060274052220475 -0.5964445435209935 0.673697418379869 0
0 0 -0.14081626323995522 1.3761830120953664 1.966585782169223 0
0 0 1.406656694088786 2.0597654865998574 1.059922140944947 0
0 0 -1.0029309288849508 0.03575201304280162 2.0494892875049664 0
0 0 -0.8713953205893822 1.2442469604638406 0.5015972268437274 0
0 0 -1.224729047105648 0.2915343232981301 0.4563603045376622 0
0 0 -0.0028779749450484893 1.4799896507459198 1.9801389767438926 0
0 0 0.5258823434200579 -0.4160668335084705 0.43545319671410443 0
0 0 -1.2334672401334226 -0.6369865618254127 1.7968305242058942 0
0 0 -0.5728736107784421 1.5915835301740693 2.014714853815448 0
0 0 -1.504803132926776 1.6482063810807788 2.019645484103805 0
0 0 -1.0561672574437377 1.4979398834120177 2.0116836485208784 0
0 0 -0.8458575459198954 0.9193246999223783 2.043173184654601 0
0 0 -0.8875882838360881 -0.6439684040715128 0.7696745835633568 0
0 0 0.6025661330495753 -0.6479119528906121 1.7294865874227177 0
0 0 -1.226506151279957 -0.5893030658924301 2.011179942921154 0
0 0 0.5024461726439622 -0.5639794684120509 0.8131599875765925 0
0 0 0.9946469436020395 1.88526407951455 1.9594259102155591 0
0 0 0.7422188015581446 2.0581201483137765 1.6917206075902271 0
0 0 -1.1373944265399083 1.865483367932401 0.4552776019953375 0
0 0 0.1570867662831923 -0.3139444870621899 0.44866372882566885 0
0 0 0.6938357353351172 -0.3314722009225408 2.036233235156704 0
0 0 -1.489995046975551 -0.6155203403355927 1.5162730065343615 0
0 0 -0.19999744153965593 -0.6186678936743171 1.5948505333783844 0
0 0 0.33209025128258585 1.8822834460214553 1.9807331904752334 0
0 0 -0.2791599864801393 0.054712602384673126 0.4393713622065373 0
0 0 1.0692135542850112 -0.24010828887749658 0.4773651965216361 0
0 0 -1.3993000300104554 1.3815528158738448 0.4974988588209057 0
0 0 0.7208756138613461 2.0792646830386508 0.5064751704266478 0
0 0 -0.9021300502063548 1.633683277715052 2.0384001755208274 0
0 0 0.791312053557705 1.9544914101366777 0.42610736260192095 0
0 0 0.7688699028045822 1.7231020017916754 1.9747845019374786 0
0 0 -0.7855632299580898 1.7045340056508536 0.465703046587302 0
0 0 0.25620661883615803 -0.5998219652030765 0.9725249368959694 0
0 0 0.5357231341175761 -0.5683284647620337 1.462362248132144 0
0 0 0.5975695764975275 1.6003554922178485 0.45616609013602094 0
0 0 0.5003365206765729 1.3293168577096046 1.9858881289413006 0
0 0 0.15718212748668337 -0.26958524599508427 1.9910579619078717 0
0 0 1.131900406876809 2.059327250915447 1.2724662221688545 0
0 0 -0.38280755181836423 1.4488392167556452 1.9701808893049786 0
0 0 -0.6005067148252524 2.136412659416104 1.9075893878352868 0
0 0 -1.1998567996938978 0.19221742745438608 1.9688684764432651 0
0 0 0.3939208372829217 2.0715802697559713 0.48107230745208807 0
0 0 -1.0379600548910104 2.088510103274664 1.9171283173722802 0
0 0 1.4527370085871363 0.697355770847583 0.44442250188089916 0
0 0 -0.5558772526589544 -0.524593982618375 2.034414777346442 0
0 0 0.2933524544878383 1.4020876196872316 0.49922277169064344 0
0 0 1.321639305906162 1.8260609487056179 2.0253037015897526 0
0 0 -1.3315830164077758 0.983803309529762 0.4532332089555333 0
0 0 -0.5816215762172875 1.1402685272071407 2.0294534691269632 0
0 0 -0.5182987414003037 1.3665841117578066 0.4241035955708373 0
0 0 -1.4894133775912946 0.1010020221890231 2.0196602327402218 0
0 0 -0.6477763827139956 1.6839401333896091 0.4476937941865201 0
0 0 -1.1948839232439066 -0.04563795692400341 1.9581369279088827 0
0 0 -0.709717090786109 1.6953984877684725 1.9635167031501655 0
0 0 -1.2645618144008997 -0.20995455130019502 1.9879322543820235 0
0 0 1.0813297441040741 2.0586630405472635 1.122051876602944 0
0 0 -1.1306716631668596 -0.6259537122341015 1.019902736775319 0
0 0 0.8322319643232934 -0.5717893358908182 1.5607599194586925 0
0 0 1.4459147034110242 1.6918335579221753 0.4827812235332406 0
0 0 0.7402400028889984 0.5417450011009739 2.0255318566237253 0
0 0 -1.1427499960493728 -0.3865958525037432 1.9941912191756792 0
0 0 0.4575737420111001 1.9695286878333305 0.44671207781568434 0
0 0 -1.5291016135039113 -0.573327586303634 1.5534292016502167 0
0 0 -0.6649584544661749 1.9328216495983301 1.9900796269276655 0
0 0 -0.6582791107034989 0.35871723592195937 2.029707959813685 0
0 0 0.5780654766109903 1.4111274395107871 0.4064464196880141 0
0 0 1.3862885017901685 0.8306390596564395 1.9831124298194123 0
0 0 0.25284045907506036 -0.5686147564992861 1.0827454031424617 0
0 0 1.5304079468035332 -0.601540396225694 0.626861110515329 0
0 0 -0.6741061940741809 -0.6323896818251438 0.8062261313287584 0
0 0 1.1521946509225813 1.1758005753574041 0.4846673950155388 0
0 0 -0.7613052244857971 0.5584692727856835 1.963065623501298 0
0 0 1.009159305037314 -0.03804414651496901 1.9798208203510277 0
0 0 -0.8195197801483267 -0.6015267260396391 0.7729085077505923 0
0 0 -0.19903734675256568 2.0812254190111648 1.3193145841357106 0
0 0 1.2030858792903714 1.5608823149685562 0.4738832750290053 0
0 0 -1.0959828805004013 0.9802278269214553 0.4835425848701307 0
0 0 0.7627731124909354 1.6193133522534502 2.0183440963960475 0
0 0 -0.9914732895453494 -0.5508619866574427 1.9484350266515598 0
0 0 -0.16699248772977882 2.121631811002466 1.5706124497257872 0
0 0 -0.09066227143239991 1.9230533928035853 2.0181589301203298 0
0 0 -1.306406004037831 -0.5826466801470405 1.5745060853376849 0
0 0 -1.5515627831606127 0.5094425704038519 1.962001273378132 0
0 0 0.8417474510790748 0.7995395184743386 0.4282255294941246 0
0 0 0.656819449000567 2.076978091291495 0.5280221452341229 0
0 0 -0.6532713783044288 -0.04594015997018619 2.0391894156561134 0
0 0 -1.2839596479944224 -0.022010791557515952 1.9923773655280763 0
0 0 1.2325801321545278 -0.5806387654044418 0.9232040632866987 0
0 0 1.1159069020184633 -0.6127075294091404 2.0203895205989184 0
0 0 0.1350232993516982 0.8486475910014202 0.4834489987509021 0
0 0 -0.5931000345566119 0.7251170590114346 1.9788765780785165 0
0 0 1.0874560010759988 -0.5562721225107441 1.179388496899521 0
0 0 0.18997188360359218 1.0545559100065782 1.9817302193356874 0
0 0 -1.1564116332828123 -0.5909311420356176 1.117209285044213 0
0 0 1.2020807908119129 0.18364782618830688 1.9929472237754742 0
0 0 -0.21828889054130052 0.005692787220014095 0.5024236845366491 0
0 0 -0.48670123836592905 -0.24067796907050942 1.9902717445163995 0
0 0 1.011117429906526 0.25815173743818953 0.4669848591034592 0
0 0 -0.4361761287865018 -0.6004118294134995 0.9740084889750849 0
0 0 0.23312486961625312 2.0624143066523826 0.5694172160444819 0
0 0 1.533159054445632 0.5302968178915823 0.41232832592134483 0
0 0 0.38453503189010596 -0.11678345679344648 1.993959143787228 0
0 0 -0.5351168529515367 -0.10908407856513436 0.4261713546980984 0
0 0 0.8256630300587418 -0.23011638898243136 0.46437892684973425 0
0 0 0.051686663096232044 -0.517441220348636 0.4159530411578698 0
0 0 1.1720019528713217 2.0859757765145783 0.9188581414155195 0
0 0 0.8795440876960665 2.1268832571011993 1.4036111729739718 0
0 0 -0.9323013106247695 -0.6022807809374788 0.5989172282536304 0
0 0 1.1424942256688588 -0.2083269600211941 0.4906868748829336 0
0 0 1.0162989945826864 0.39049216152336563 2.0409204791616595 0
0 0 0.5452972681202612 2.088787710310226 1.163519511827085 0
0 0 0.40186609498483516 1.2913165987980644 1.9922678522508934 0
0 0 1.421840546975612 0.9587961981252506 2.046732565986159 0
0 0 -1.096128008307076 -0.3507785186583581 0.47146793875966 0
0 0 1.0270576911260005 -0.565409533001999 0.7936910100491614 0
0 0 -1.527134645573002 -0.5981837930529599 0.8878332609328177 0
0 0 -1.4917807029565358 -0.6205650762310584 0.890943141050722 0
0 0 1.44082854570124 -0.2615007918080914 0.42748404026489184 0
0 0 0.3535117290522676 0.47110750638222854 1.9888215668975073 0
0 0 -0.023109536194322322 0.9620182101600883 0.4518937764453057 0
0 0 0.4275022915011455 1.6246163951803114 0.47735210379397675 0
0 0 0.4026516539204079 -0.6123279878687622 0.583662123512764 0
0 0 0.9083597203452114 0.6677995720541354 2.008931207454812 0
0 0 0.8935732436922867 2.143519136509275 1.9450335460615167 0
0 0 -0.4759097072099101 -0.0037047109984381654 2.0185787957594865 0
0 0 -0.14625825539921267 1.6274776008664957 0.4179110038540209 0
0 0 0.9757268686899687 0.11018389989859678 1.976335744466578 0
0 0 0.1953752836234628 1.1438663264916469 0.46588109486486373 0
0 0 0.07705339074978146 0.16370748531434975 0.42404434415063386 0
0 0 -0.9562799130849612 1.2741281766861774 1.9910356540667093 0
0 0 -1.3913849755370866 -0.056616566915298816 1.9668685940506987 0
0 0 1.076276211976773 -0.5876775906855431 0.6549563164801064 0
0 0 -0.8040984507840365 2.083463394414758 1.8581130193697084 0
0 0 -0.3403472258130025 2.1147669595788843 0.4159182525077636 0
0 0 0.24316530426723793 0.3157909302687891 1.9858402377503743 0
0 0 1.204388411847669 0.49501899715506603 1.9536205721210496 0
0 0 0.4212793042183627 1.5685849215269625 1.9808601143882247 0
0 0 -1.038375184082946 2.0525557795265783 0.9974289342445607 0
0 0 1.5210994490208822 1.4407529204991147 0.4624332607893673 0
0 0 1.5324424675027872 1.507802716130722 0.47754744429044216 0
0 0 0.9657402808076667 2.082564928642755 1.5929648891102914 0
0 0 -1.5031620115580362 2.1003164297602916 0.9082593572065679 0
0 0 1.0644631501742174 0.16673354701690746 1.9607947985715395 0
0 0 0.7921732857101396 0.28598068040623004 1.9637199579123328 0
0 0 -0.4749695699575369 1.89029498529664 0.41209732987241154 0
0 0 0.05038000102851625 2.1219734418782807 1.5177427668097658 0
0 0 -0.627411135036961 0.40692617638067463 2.0056989386422197 0
0 0 1.1521289535095667 -0.6128226693920318 1.0801719562542216 0
0 0 0.14617725774853607 2.100343769664905 1.9048378956835597 0
0 0 -0.0736145887648747 0.1969525597661419 1.9858691879851498 0
0 0 1.2446221043572132 -0.6470310576052811 1.2751862244234453 0
0 0 -1.0587340336375328 -0.6446738852247889 0.7545804151575373 0
0 0 -0.8258153023153437 1.7588575049673045 1.9684888785755734 0
0 0 -0.16444832195020753 1.2318161942184638 1.9864672211617231 0
0 0 -1.2322561484252303 -0.5546089085901706 1.1259904817064417 0
0 0 -0.7734867842660544 -0.12371480733691897 0.4956393176153786 0
0 0 -0.5641661453640623 0.10657462824445318 2.0065849410613423 0
0 0 -0.0024355043312704883 2.1227780593518064 1.5304781414996051 0
0 0 0.46485035677923126 0.10123023122184394 2.024421792910551 0
0 0 -0.8154112623225068 2.0168446618598193 0.48185135666316625 0
0 0 0.36084693796192213 0.37823733354456457 1.9882206274032899 0
0 0 -1.1131605713554251 1.6961614527632405 0.4348181296794329 0
0 0 -0.984448988356793 -0.2426825222884863 0.45365495693972435 0
0 0 -1.1769538547617342 1.6423738143507671 1.9688731530810848 0
0 0 -0.20838311067392823 0.6638113030916235 0.47523383505547523 0
0 0 -0.38000472924271933 0.7615282853801917 0.46779475718165175 0
0 0 1.2383021852364418 -0.15747543063820846 0.4638427529368059 0
0 0 -0.3947536277326138 -0.39748682455501405 0.4615264167385176 0
0 0 1.3089011167942073 -0.5805928636122568 1.451915606455214 0
0 0 -1.0894968866954418 2.074895188598698 1.0597756080870746 0
0 0 1.0469668347353345 0.046670514028411936 0.4890061070338829 0
0 0 1.3110330538914123 1.6812809766218606 1.9722986564433507 0
0 0 0.5864456061143457 0.762164902921701 0.44382358862034144 0
0 0 0.45976888322596565 1.3054415929248566 2.026706287737459 0
0 0 -0.4259119986525486 0.11058920243783055 0.4735854350678156 0
0 0 1.4676534206644836 1.7995039640339179 1.9578340490928914 0
0 0 0.28015573461764043 2.00295858907176 0.49180186694596595 0
0 0 0.3080352230331387 2.0906702735674796 1.2522439289298577 0
0 0 -1.5628926430890944 1.9571593714600495 2.0417458604691814 0
0 0 0.36814336648032375 1.961561174378368 0.4892079147965668 0
0 0 -1.239223417105314 1.4690220880368743 1.9766992146347162 0
0 0 -0.3580830920788973 0.5936106754344437 1.9696762191344934 0
0 0 -1.479953295672962 2.0949283718564713 0.5185742458625612 0
0 0 -0.8436327772887886 1.3558778934033704 0.4320822469839073 0
0 0 1.452160688149656 1.8925932570839608 1.9981493868120237 0
0 0 -0.26112336573882633 -0.5111127233417263 1.9817122713142532 0
0 0 0.4245580422750883 2.1204461406082746 0.6042407983448485 0
0 0 0.4792832766366053 0.17137948978809614 1.9967727593653222 0
0 0 -0.5744378312992013 1.687140986073593 2.0271057431053077 0
0 0 -1.3118568489756812 0.8085588171406777 0.4641385035866319 0
0 0 0.16099241003104314 -0.48614926871753905 2.030106254018461 0
0 0 -1.0836887733895257 1.8146128419426069 0.4033612277114088 0
0 0 -0.5361593690368676 -0.14719361036750123 1.9676482696701418 0
0 0 1.0863511008304347 2.1337102648536463 0.7544378644181668 0
0 0 0.11739208220357078 -0.02210859741977822 0.4507188609119973 0
0 0 0.5607601328459824 1.1878494669868467 0.4327965535984143 0
0 0 0.34911264316778823 0.9055619996905384 1.9983495690696325 0
0 0 -1.1564064463861516 0.22171842336351522 0.48131126231647603 0
0 0 1.4648665590258974 -0.6169444031904026 0.664664106550548 0
0 0 -0.5120162794994354 0.5352698543616123 0.5023056895621584 0
0 0 0.8191197582458001 -0.5628012169781313 1.8944857599711553 0
0 0 -1.5642777037108653 2.1320947644610064 1.9373965339093673 0
0 0 -0.1149488021765912 -0.5446801169160649 1.9536171535895008 0
0 0 -0.053086112573402566 0.5910673297464719 1.9989496014613026 0
0 0 -1.3483422724717782 -0.35065751207583284 0.4473395317669855 0
0 0 0.2674443569460867 0.7070126128182805 1.9792885528192024 0
0 0 0.5209060172769697 2.0891406465989126 1.7685516950155622 0
0 0 -1.2898324685762343 -0.5209140247546915 2.0475223887168776 0
0 0 0.448650967194415 -0.36915683955379164 0.45394226937721605 0
0 0 -0.777031585526672 1.3146059999259472 0.4977969022404173 0
0 0 0.4054021704666626 1.6017018200412683 0.44426060400276135 0
0 0 1.469571308932947 0.8745820429506559 2.0517380792240094 0
0 0 0.7795124608895936 0.3555473380241764 0.4040994993883349 0
0 0 0.9893187673280028 2.1364222840090124 0.5789315570771952 0
0 0 1.0723244197778485 -0.5797651131556998 2.0409264713271638 0
0 0 -0.5779875983234579 -0.4536157072736009 0.4988060256822533 0
0 0 0.06772933450541196 2.13207235959077 1.8930640196614235 0
0 0 -0.22716184875173084 -0.6261855324058738 1.674543668759426 0
0 0 -0.6947833828783437 -0.5574974244858781 1.9617322747957087 0
0 0 1.0783138745207568 2.13672994352267 1.5588051624731136 0
0 0 0.934016620940588 -0.6028743290928222 1.7270581458324552 0
0 0 -0.6428182695267118 -0.6260962247319635 0.5542650703970405 0
0 0 -0.09239635645218747 0.02504448955116989 2.040116080613038 0
0 0 -0.13483719828916074 -0.5606963192741623 1.4373732853343681 0
0 0 0.6315799802702258 -0.553939074473095 1.2668546640231768 0
0 0 0.15317725963093154 0.8874984018283318 0.4547724855149802 0
0 0 -0.1630310875683918 -0.1840211689168667 2.040844839262588 0
0 0 0.9847563898390912 1.6898162019407772 1.9626656782856817 0
0 0 -0.47082884142920034 1.1918372804578523 0.4986429236101192 0
0 0 0.35775609031088096 1.8461784521228817 1.959555037906821 0
0 0 -0.07984838393612037 1.1700446959282267 0.4461654944062807 0
0 0 0.5638370525486174 1.1616525690180897 2.0494824667611495 0
0 0 0.13985812739403203 -0.5757480444979677 0.6754456170259275 0
0 0 1.1198929781959137 2.14888233290534 1.199269426855559 0
0 0 -0.31359057550165437 2.1269945300300237 0.8129030593704256 0
0 0 0.46913713789088796 0.7210128956766366 0.4629358543745914 0
0 0 0.12996458391930354 1.953458544388927 0.4541756520814044 0
0 0 1.1993375146391747 1.7801243251943257 1.9938664989540165 0
0 0 0.8728973455933375 2.128953154108096 0.6257399994910559 0
0 0 -1.5292251399526988 0.119612270187886 0.4047138872962257 0
0 0 -0.06628290325865782 0.4276896976746011 0.5007949798150652 0
0 0 -0.4107469202290155 -0.5813179056579614 1.679454791993424 0
0 0 -0.05054277295298837 0.6374248913457501 1.9635034436954684 0
0 0 -0.3547804538527739 2.141167239724978 0.649786668989796 0
0 0 0.3391149720243132 1.569411506800462 0.4797203386296297 0
0 0 0.699474519235948 2.1425033196245833 0.44373990086329584 0
0 0 -0.5395864884605239 2.0557540544768838 1.7710776994758846 0
0 0 -0.751726084160121 0.0035954185644604397 0.41155049893162754 0
0 0 -1.536709511861112 2.0181544097513644 0.4039088295662109 0
0 0 1.518013973109078 -0.5731946361077407 0.9312761030949117 0
0 0 0.8114402289279914 0.39765142984030366 0.4323658439426905 0
0 0 -0.17779017794607865 -0.5971936391546224 1.3083083967244398 0
0 0 1.0415767242046199 0.3795135381929775 0.4962557242048474 0
0 0 -0.01868806685268054 0.7914721542869261 1.9845165020547952 0
0 0 1.0055034852800366 2.070585036413103 1.395605073664743 0
0 0 0.5667231656569953 0.3550304526744097 0.467369123671999 0
0 0 -0.3754325200477242 -0.6497756363623866 1.057342113504168 0
0 0 1.3876736336606923 2.0533201846196016 2.0293409916582394 0
0 0 0.31333710665874026 0.9006785031785567 0.44149711651889323 0
0 0 0.5743388328085786 1.2632025610602329 1.9958689674627927 0
0 0 -1.0843244718437124 1.7667578090664031 1.9986639903049586 0
0 0 -0.406674786810195 0.005006139091572326 0.46124608859523086 0
0 0 1.4043947563882324 0.3830316544208884 0.4906364858888942 0
0 0 -1.2295151895519423 2.0676103092207843 1.3282624661847957 0
0 0 -1.167344598112424 -0.6104668072265662 1.4853949276856913 0
0 0 -0.5569008792523751 1.8904889526217594 0.423849566586156 0
0 0 1.1337018701030512 1.2948101052141545 2.0133942190109018 0
0 0 -0.6904088696577755 2.005236944456997 0.40928746429107077 0
0 0 0.09140238501858056 0.1818569419982542 1.985850211005973 0
0 0 -0.4313653901004386 2.0750177028580965 0.8771151516931471 0
0 0 0.8335328599910126 0.01620048097051574 1.9749905038053293 0
0 0 -1.5167432712877387 2.132220333086421 1.773087957967441 0
0 0 -0.9298182386139424 0.27223177141736976 2.018498498275873 0
0 0 -0.5909148228765971 1.6791474320646314 0.4530813195474813 0
0 0 -0.8421210711532424 2.0606684284765246 1.0498178148469486 0
0 0 -0.3283341802631594 0.9565310256431501 0.4981407806459396 0
0 0 -0.7239279773628142 1.729664043241592 0.45568194120991934 0
0 0 0.9855559453930653 0.6045712525434881 0.44229959390100826 0
0 0 0.7796159662643793 0.5194608610657934 0.4127193634236199 0
0 0 -0.7342294915397872 -0.5536328888187114 1.185545602323051 0
0 0 0.04228462022151058 1.7539494631310404 1.9835926512459676 0
0 0 -0.23988135566744262 1.5878097955677595 2.0055978289973098 0
0 0 -1.1795019697958484 1.151743916874601 0.43129037535183146 0
0 0 -0.2504771023779673 -0.176843706975072 2.0269093325845624 0
0 0 -0.7298172969258027 0.7032714615356641 2.009189507406859 0
0 0 0.392852619633018 2.1167328134105166 1.6998336483483873 0
0 0 0.23787553258297622 -0.5638270501446843 0.7941136643324909 0
0 0 -0.6924214613827109 2.086090371509303 1.1394128056656685 0
0 0 0.6106826368615343 2.146944654491886 1.3771694908881509 0
0 0 -1.440164985421187 -0.3205668728259261 1.984077795107814 0
0 0 -1.4046142297810529 1.738172558483029 0.49209802427162697 0
0 0 -0.8164678685087158 0.582912972301274 2.00283672412458 0
0 0 -1.1475634869991387 2.083628664435242 0.5902862414395476 0
0 0 0.7004192316511917 -0.5918593619472139 1.751356983274307 0
0 0 0.23226031119759694 -0.051858991251301334 1.953066574873513 0
0 0 -0.7448364868427765 -0.3686678597205655 2.0282784840753445 0
0 0 -0.3595560107430904 -0.17637239934672744 0.4183156009036154 0
0 0 -1.3369860870912509 0.2748407804277575 1.993634551906491 0
0 0 0.054194333266250005 -0.4323159717163878 1.9570442166562856 0
0 0 -0.28391001130089855 1.461111683061605 2.0299833414137165 0
0 0 -0.8563146010171149 -0.5602978461389585 1.3712039178773763 0
0 0 -0.1751261865833189 1.1377673845506968 1.9945613409178482 0
0 0 0.6220718229415696 -0.4752397104344641 1.9569789505700148 0
0 0 -1.4883282471075818 -0.36548795600497663 2.026397809925178 0
0 0 -0.6955833252866737 1.9717908738663283 2.0404884007856507 0
0 0 0.7434041737409123 2.1071839425042973 0.8964981518267661 0
0 0 1.2707419157333169 2.0648081519533017 1.3718110458517976 0
0 0 0.77820106098345 1.1806496209128134 1.999780121462507 0
0 0 -0.8852047195376086 -0.5603590883394483 1.6258476329018345 0
0 0 0.8498500459165488 2.0740895948890072 0.7304356846456452 0
0 0 1.5220231155891155 0.15612040055699383 0.49928907529874245 0
0 0 1.005729437310141 0.2551973159120947 2.0080086893364237 0
0 0 -0.046236416662292834 2.031300282973066 2.0461806279644383 0
0 0 -0.3554467722329069 2.132809436104303 1.7183050587967417 0
0 0 -0.9879569362032895 2.132795402290471 0.9350577514100479 0
0 0 -0.37480011098168964 -0.568716714306889 1.7448797346650173 0
0 0 1.105848540842913 1.600703922873494 0.40534620473609073 0
0 0 1.5522509518966205 2.061088275359405 1.552400829906178 0
0 0 1.2035591415630376 -0.1059349376545895 1.9663500926867892 0
0 0 -0.8031649449921188 -0.61546011861519 1.4295776174578203 0
0 0 -1.0550971352749619 0.8546679297277016 2.050353609328272 0
0 0 0.25055545036524096 1.3700265417859447 0.45063538052162366 0
0 0 0.15463184549327957 -0.5985209585477276 0.6090795817692195 0
0 0 0.4637588849929344 -0.35472905258789833 2.011072929010526 0
0 0 0.9535198045667643 1.2178607237344807 0.48056618759836434 0
0 0 -0.2721660796827363 2.0857478495059154 1.223227133562911 0
0 0 0.0443074752905801 -0.5906230620657429 1.1542524482596677 0
0 0 0.5218299208245032 2.0845972585052737 1.0053360484951026 0
0 0 0.06867549294795205 -0.5227830960508804 0.4487257027704308 0
0 0 -1.3852168557616753 0.06620800519313508 0.4516985543154043 0
0 0 0.7355962191365348 2.0954062624475362 1.0570138866642216 0
0 0 -1.2940877412158536 -0.27132024443191516 0.4767707972398294 0
0 0 1.5690665240043091 -0.1638066929948383 0.45495638580953934 0
0 0 -0.10988235140874991 1.8208508683841085 0.4491760062984167 0
0 0 0.2500388203241177 1.0730694190531394 0.4158083862708848 0
0 0 -0.09937845311576132 2.0733785228797554 1.4140644498189308 0
0 0 0.47222590535418885 -0.08106325954301963 2.00678961120232 0
0 0 -0.7526444309865871 0.8458319409498531 0.45936320827553967 0
0 0 -0.667411340056693 2.1441628894839804 0.9695862897356178 0
0 0 -0.5579406568858036 -0.6186620926961628 1.5131144082999877 0
0 0 -0.15014117948951577 -0.5662503280780085 1.831635954589131 0
0 0 1.1836185487267277 2.1178879821474252 1.543052061976444 0
0 0 0.15225599934299638 0.7165871801735102 0.4213173342604155 0
0 0 -1.407813145735401 -0.5933459353431472 1.2348154179657784 0
0 0 0.4373425428265145 2.1414345111807442 1.672674307141166 0
0 0 -0.7104785446759925 1.3393666423295605 0.43686743878646916 0
0 0 -0.6993644557882642 -0.5900172317781966 1.1325901655770445 0
0 0 -0.9123385542721243 1.1805751852389694 2.025446819647356 0
0 0 1.5521775409395908 2.0915879501609442 0.4097460163006259 0
0 0 1.320961900816711 -0.6296549124293755 1.93564855983853 0
0 0 0.4287250944519019 1.919677889547401 1.9830254864711525 0
0 0 1.11522450623738 2.076765470786433 0.9854680766325742 0
0 0 1.1110414835761508 -0.043433276543758836 1.9544162278937378 0
0 0 1.0543859849758426 2.072945598110492 0.5239709810716515 0
0 0 -0.2533053012194071 -0.6105990137395625 0.738209464375857 0
0 0 -0.8720850523198121 1.5784968419047891 0.47162215355443504 0
0 0 -0.2687228486764077 0.800792563841147 1.9570518109902593 0
0 0 0.08924486455732139 2.1051669351810043 0.9946380219299024 0
0 0 0.20798324061555973 1.7755646976667225 2.049541547211682 0
0 0 1.3569020455270842 -0.5728853487160692 1.343856370650141 0
0 0 -0.5753168897517633 2.147993712616068 1.814123952896203 0
0 0 -1.0632936411867637 0.0941879235030798 2.0175098400095983 0
0 0 0.9075200577174343 0.2999255272555469 1.9625423079679316 0
0 0 1.3190980790105296 2.0959634145428647 0.6582911120805577 0
0 0 -1.3000861471240528 -0.36620869761585095 2.0383368065879957 0
0 0 0.5941512124916524 -0.23969606159649692 1.9991531833728948 0
0 0 0.38305138388043525 1.9292067060294966 1.9629305956751428 0
0 0 -0.27202321510810257 0.8143195834292236 2.035333189833048 0
0 0 0.5866560042712363 1.7846952565758192 0.4454050916663985 0
0 0 -0.9171261101523843 -0.5591029217055166 1.0617439739173766 0
0 0 -1.173194414173643 1.838466454170146 0.4783266145246945 0
0 0 -0.7200348278643081 0.8188905690471204 0.4137222732271072 0
0 0 -1.3136951294344283 1.3871421326668159 0.41544295323114266 0
0 0 0.03161830797717724 -0.2930922925639119 2.050944677189728 0
0 0 -0.843452615285528 1.654264125770114 2.0438846073795967 0
0 0 -1.4839784305612147 -0.5904573426272992 1.3784821725813794 0
0 0 -0.8345662749552966 2.119761158896293 1.14587873579635 0
0 0 -1.436095129192683 1.65204428974349 1.9648486828206744 0
0 0 -0.39019177651193804 1.8155590378840343 1.9732395415994737 0
0 0 -1.5044058001033846 1.2953017947458578 0.47179207156780156 0
0 0 -0.3618246989733793 0.021637348260636347 2.011079901563085 0
0 0 -0.9138991453877318 0.4362636898298593 1.9760165419532325 0
0 0 -0.16549655539479402 2.064836806088995 1.9347332051758688 0
0 0 -0.786843675742224 -0.46191570027955753 0.45994452716650414 0
0 0 -0.40706251922812275 2.131227059962735 1.8301385757936302 0
0 0 -0.6198712443811734 0.47440398157892094 0.4172592549058647 0
0 0 -1.3195130577978058 2.130489097841065 1.9706476254497287 0
0 0 0.13327987990845536 0.5271025393518851 0.4829909713006959 0
0 0 1.5521102551894441 0.4364290762376496 0.434040580138637 0
0 0 1.361995630731201 0.03388536259291319 0.49923332030166123 0
0 0 -0.9897627336893158 0.023404681679658923 1.9796955021993083 0
0 0 -0.6613780365931715 0.9173892018694234 0.4586263914221953 0
0 0 0.9918494894446006 1.6103141213070276 0.5016412916819588 0
0 0 1.5210119633305603 2.076849735656907 0.6342841513910865 0
0 0 -0.27771023560289265 -0.5797940269011819 1.8724620637024323 0
0 0 -0.6931858342177607 1.6391944535091525 0.4856557066240639 0
0 0 0.6601415973758482 -0.6486466211882813 1.65350824828527 0
0 0 -0.8192830886195581 0.29876711992899285 0.49910910705215417 0
0 0 0.1918355529428355 2.120257663721148 1.2791137772709735 0
0 0 -0.9674838500492828 -0.05427752008309095 0.4589460731449413 0
0 0 0.3499692348304835 1.4188262600953188 2.0219795649428693 0
0 0 0.841041348360517 0.6194159936057699 1.9967192439915835 0
0 0 1.1189343654698045 0.0827160171971062 1.9541821806745863 0
0 0 -0.43236969017560156 -0.5809252559897387 2.0426832067516925 0
0 0 1.4399471250762437 2.072020360783019 1.5084275067182442 0
0 0 1.494363535609938 1.2906318886270323 0.47332052516579426 0
0 0 -1.3156505286900817 1.1202467071946844 1.9761650392337367 0
0 0 -1.2631443295654992 -0.6014404855597226 1.8860137864760695 0
0 0 -0.1494850016863165 2.076493549851169 0.8387425607953237 0
0 0 1.1341814250612665 2.0659500148000647 1.6511643656868003 0
0 0 0.394911047275849 1.7165696498215748 0.5029584095161076 0
0 0 0.7243797511535113 0.4216790001993933 0.488508378501889 0
0 0 -0.223099474341373 2.1269381381920285 1.708190093544117 0
0 0 0.9448805834609275 2.0813874957749485 1.8360630906931608 0
0 0 -0.5889455355996626 1.8729657828233106 0.4789203793667388 0
0 0 -1.5292670816146954 0.32439318230533887 0.4870708352290969 0
0 0 -0.3677190407525477 2.128280535967517 0.5731027044189124 0
0 0 1.0216530527081455 -0.495007530184133 0.4308724651699116 0
0 0 1.5522702643371327 2.093329232367991 1.212040039951488 0
0 0 0.5427602686232702 -0.5725236529898032 0.7790469394757915 0
0 0 0.8165056815038638 -0.5849656344017711 1.1966501075716338 0
0 0 1.360431535692571 -0.5541804562250112 0.49174425986102344 0
0 0 1.461326631724238 1.562156771495381 0.47809814380886373 0
0 0 0.15988437691069257 0.8659784668146213 2.004083099749135 0
0 0 0.25146267930892363 2.149778337440991 1.3423662262723544 0
0 0 1.1163992380204006 0.5453273518119277 0.42333082795116805 0
0 0 0.3917058912392475 -0.07626843710002018 2.0284774110338266 0
0 0 -0.1844447292454685 -0.42553715359837674 1.9802052712366247 0
0 0 1.2164500858813634 -0.3906964954141128 2.0288455302586064 0
0 0 -0.7358743106152883 -0.582652295527404 1.3441967789638691 0
0 0 1.119409980606365 -0.568075689489004 1.859324860187886 0
0 0 0.8584598425795162 0.11205269070018753 2.0068929612794797 0
0 0 0.3641932341243086 1.9735397041627387 1.9598597565673748 0
0 0 -0.9513153955920776 1.3288192423318963 0.44594785184958663 0
0 0 0.2968645175101219 -0.4313526053451977 2.0209782981721425 0
0 0 0.8675280122010474 2.0864052379196973 1.9398571599338725 0
0 0 -0.9040750875143105 1.6122993988939955 0.4782702946507359 0
0 0 0.6684340965403721 -0.6420893118222881 1.5796683491987968 0
0 0 -0.6458062490184051 2.1069238030525597 1.776892866480454 0
0 0 0.7265876759880294 -0.5738295643188838 0.9699482512718784 0
0 0 0.2804337059996791 1.8681001457670867 0.40563755497376197 0
0 0 -0.7319718417486991 -0.2589823623734935 0.452226712474356 0
0 0 -0.8320106728951594 2.1499140819077116 0.6382684046801615 0
0 0 1.544665939009945 0.24029128817325474 0.4056273676093667 0
0 0 0.6391858469331546 1.9885492411422134 2.0318423793852576 0
0 0 0.1467239345834097 -0.25016177620929403 2.0377786227053245 0
0 0 -0.9820072992295561 1.562082746549845 2.0429133269441264 0
0 0 -1.4097027670791356 -0.3525287504400818 0.47196865250925 0
0 0 -0.5699755802502033 -0.6222135499329375 1.755327198037713 0
0 0 1.2188032130202848 2.0578766930080175 1.722401099943856 0
0 0 -0.043981191091303495 2.089837786551067 1.3399374439935037 0
0 0 0.9450658635226574 2.1272432789914877 0.926111499228811 0
0 0 -1.5091518905520875 2.029276198335043 0.4873986389828239 0
0 0 -0.014644976947669086 -0.6144641988337811 0.44500489631449913 0
0 0 -0.754826926612596 1.384852678746941 0.41457020182653226 0
0 0 -1.513936052241847 2.0747117728274262 0.6920861066417557 0
0 0 0.43858655107813904 -0.49141668690104523 0.4865187400064158 0
0 0 -0.8835216590739223 -0.6004932847342879 1.9192393781453907 0
0 0 -1.257965463560653 0.0971761863117857 0.4889504884560518 0
0 0 1.2284876039936679 1.3039755444206065 1.9591879935666467 0
0 0 -0.9812811807534649 2.1499735573712897 1.107847814335921 0
0 0 -0.7896397221527683 2.0982861692737336 1.0741699037011694 0
0 0 0.24675900612401214 -0.6485685823742442 1.2118407940648057 0
0 0 0.44636955303186676 -0.6155573315176941 1.9164457003280415 0
0 0 0.255019317785272 2.092534423451784 1.4447250221305408 0
0 0 0.16277003413843127 -0.48802330007739503 2.0395549598193994 0
0 0 -0.3243351438517039 -0.631495482546389 0.8935149120914343 0
0 0 0.5265530705895669 1.8692162646225954 2.040787424139753 0
0 0 -1.4636453597724426 0.2463480647828885 1.9795892022063992 0
0 0 0.9965680312361886 -0.6106772161921177 0.7428413958649873 0
0 0 0.7949889663468621 -0.63554274946409 1.8638127416667527 0
0 0 -0.19049431337562317 1.7458738795731537 0.47346337094418234 0
0 0 -1.0010706886298784 0.8750801178189991 0.4694129352391545 0
0 0 1.105702676647272 2.0739879360981357 1.6543055715967845 0
0 0 0.6044365644733061 0.08014497029282253 0.4933833434386782 0
0 0 0.3349730795477157 0.08624057052784273 2.0416807092301257 0
0 0 -1.0671023406739941 2.0623355131159853 0.5773909322488802 0
0 0 0.3440058762973135 -0.426263117468618 2.0071471798262386 0
0 0 1.0762693604416191 -0.552987972984506 0.6131071358596991 0
0 0 -0.9649318178976437 -0.27315054620049595 2.0080960374147625 0
0 0 0.8922302217966154 1.9714300006454069 0.4381561024376205 0
0 0 1.540016650400342 1.0406241982039486 1.9907571135734476 0
0 0 1.4157079879837484 -0.1457243584154334 0.4548058530655966 0
0 0 0.7827842414433581 1.8052269884203682 0.4851869979057266 0
0 0 0.37705245008112453 0.6909105079430387 0.49907018728712105 0
0 0 -0.10052492523190137 2.1246891437974567 0.7088496830048732 0
0 0 0.6582121462859596 -0.48079350246896246 0.4852066989840137 0
0 0 0.9867986172937795 0.18035879298125124 0.48248279473442557 0
0 0 0.08717938339152953 2.138061615719762 1.7045261933444666 0
0 0 1.471831998442196 2.130211455137008 0.9333384242692704 0
0 0 0.2953168769517629 -0.11748209322945935 0.4428989086908208 0
0 0 0.7645239744942312 0.5664682520460207 0.48847220081720033 0
0 0 1.2514815294293515 -0.2898870007148291 1.9912333559484505 0
0 0 1.1960871427268884 -0.42532703898024193 0.40473694784263503 0
0 0 -0.5908720780773142 -0.4943353919071001 0.43392240669873616 0
0 0 1.186206194035964 1.5512339416616314 2.0082823786890356 0
0 0 0.700269738698744 0.6271893206479247 0.4944012558365145 0
0 0 0.866068132177201 0.12564192028375631 1.9617626597120992 0
0 0 -0.5387723408723337 -0.5686040910815022 1.5360380859677236 0
0 0 1.3773862926665452 0.06653126002624987 0.4252747902729115 0
0 0 -0.39131714421680597 1.9500714798138798 0.4304382542497426 0
0 0 -0.024204032977250156 -0.6400773102304611 1.5364764534496296 0
0 0 -0.8658115199296281 2.0513683533526734 1.730069216282194 0
0 0 -0.7448260846646845 -0.5796903598406524 0.5097778395650003 0
0 0 0.22437740089069513 -0.5619371981755588 1.6565516526745112 0
0 0 -1.5376401963415485 1.1730881297760731 0.4704928477988013 0
0 0 -0.48276760219992476 2.1477712430990934 1.6089630995419242 0
0 0 -0.2127065712776104 -0.3516735982382 2.047950390246518 0
0 0 0.9080058536180169 1.9917466928450331 0.4714400879476014 0
0 0 -1.1815762179343565 -0.5718050594057491 1.9714259651914903 0
0 0 0.17636107457234673 1.676980021886312 2.019653335368594 0
0 0 0.8268764553696917 -0.6272448161177808 1.222844317161154 0
0 0 0.7291504708619856 2.054209195050769 1.0514224498772307 0
0 0 1.3798863571073237 -0.513106417305256 0.432749551969133 0
0 0 -1.4482123388680617 0.04851473082790125 0.489081132594232 0
0 0 1.007927091473292 0.5903341216900468 0.4256939136275508 0
0 0 -1.103358119754874 1.8668485506257257 0.4196067174355447 0
0 0 0.002684955514186793 -0.42318330949378047 0.4460132828497074 0
0 0 0.4054813169125222 2.09496025516723 1.9707719378435606 0
0 0 0.14237533405965963 -0.32616778122794887 2.031628854674251 0
0 0 0.631809600124595 1.0592389391221049 0.44144350855925774 0
0 0 -1.0682087518861643 0.5443216559383743 1.9639667803137941 0
0 0 1.4915557996642872 -0.5944434472105511 1.402559506878479 0
0 0 0.1998915713226399 1.355727280177281 0.4582765237354379 0
0 0 1.291685514983946 0.1792957402633848 2.048411841681183 0
0 0 0.8000406692857611 -0.6465500373952011 1.0901545648446391 0
0 0 0.4799022843091554 -0.4031912948562617 0.43435469471654653 0
0 0 -1.3372467689271883 -0.6010536288373343 1.086848790738212 0
0 0 1.007225563075378 -0.6009073646917367 1.0878107025321362 0
0 0 -0.6538671196162412 1.8955337921770836 2.013683584108357 0
0 0 1.2361307842183962 -0.6074885287031613 1.468807594941505 0
0 0 0.8624988445513697 2.0911353939723423 0.9671464727346664 0
0 0 0.9200896968827648 0.9027089898441667 1.9811004760379025 0
0 0 -0.7512485157193992 -0.4264044705316219 2.0329346929810774 0
0 0 0.5200849025062944 -0.5641252912036543 1.189687165708338 0
0 0 -0.6305694202683627 0.5848659864609618 0.4563392192834874 0
0 0 -1.1083435539797453 -0.5907705875487179 1.3775284661600051 0
0 0 0.3370531810978259 1.374484480193242 0.4730444352542651 0
0 0 1.3155815699408864 -0.5070131363469688 0.4376013822170738 0
0 0 -0.3018520067705517 -0.16984970276239686 1.982172304160414 0
0 0 1.4248054729612103 0.30500908314051656 0.49317840390240375 0
0 0 0.6115049218466004 0.2140839936357316 1.9901681567872167 0
0 0 -0.5588730501409103 -0.08515661162260546 0.4676436179531026 0
0 0 -0.6985368876591999 0.2279299704607407 0.47346889716757956 0
0 0 1.177708196623294 2.0818439870737255 1.0914145967081978 0
0 0 1.2897896343769935 2.1497175977938143 1.422894257772089 0
0 0 -0.0034743754959354334 -0.5796901556291503 0.7539005430560126 0
0 0 1.081920861610953 2.107305413120626 1.0520721630025762 0
0 0 0.004662671003776486 -0.5954220258862628 0.9409462151175888 0
0 0 0.6041311397207898 0.5473769947598588 0.4452194693446434 0
0 0 -1.0677003440580024 1.513253989111689 0.436896525879527 0
0 0 0.8024763388539449 -0.6381972043223032 0.8419276818175438 0
0 0 -0.5839584969115502 -0.6226104114408988 1.7832827643576379 0
0 0 -1.1762700638788999 1.229392482787693 0.41451708260938025 0
0 0 -0.5261465947723065 2.095872160849081 1.827404357711144 0
0 0 -0.347397008407071 0.27996767409394097 0.48821283365587964 0
0 0 0.672456171405797 2.0599144890545364 1.0122990166126238 0
0 0 -0.1757343363009971 -0.6497991113643955 1.0302008003828866 0
0 0 -0.9534075118004683 2.0696908400047427 1.6729507872324985 0
0 0 1.190288874632163 1.7527160674254867 1.969730768538968 0
0 0 -0.5395374497575101 -0.25708438377615894 2.001431787565042 0
0 0 -0.8380051232173057 -0.649325919067812 0.7741531441782601 0
0 0 -1.0017148217360512 2.0988160961737723 1.7352348190655973 0
0 0 1.5227089374541065 -0.6173807432413503 1.8499934613456097 0
0 0 0.9739095465326568 2.067808771880301 1.1908889105608385 0
0 0 -0.6689223700686324 0.4017750911968633 0.49307298519922127 0
0 0 1.2331544462825472 -0.0714630177744906 1.9868564527628367 0
0 0 -0.6758282059390213 -0.27331821041252735 1.9776984499106245 0
0 0 -1.4403572846536274 0.41614270847730583 0.4113428019407709 0
0 0 -0.9567487281112069 -0.10120885659255041 0.4322384216633064 0
0 0 -0.5425919584802406 0.8480106807398744 1.9608647132572772 0
0 0 -0.07505414785305775 0.8612623868548959 1.9863106972001043 0
0 0 -0.45017470063070775 1.6280346545309976 2.0234033865295937 0
0 0 -0.8991414368513054 -0.5960056206578324 1.9237837974260201 0
0 0 0.12644969836141517 -0.5597084806368675 1.500160242197763 0
0 0 0.18749553826327237 -0.5773477834368268 0.6739478749989776 0
0 0 -0.4548224118522355 1.3360312527313558 0.48887263742406006 0
0 0 -0.4294753210178137 -0.532758312047038 0.5018977767557711 0
0 0 0.24685401325993994 -0.5733082621522643 0.7991265521737754 0
0 0 -0.9653505582814313 0.8698442749917381 1.96580748422382 0
0 0 -0.16569989493887416 2.0507389107401863 1.6620047305391608 0
0 0 -0.9428323711626116 -0.39795232259446767 0.4758880276634373 0
0 0 0.20401017405824318 -0.6121926818947534 1.6161806715535565 0
0 0 0.3609786945609581 2.109547651503976 0.9975728561399487 0
0 0 -0.9215241612618714 -0.6348561254985039 1.77012805433735 0
0 0 1.3068834526751782 0.4939837187191507 0.4881912112026483 0
0 0 0.7255757111874499 -0.11715131571561388 0.40413447247150636 0
0 0 0.8604059769194894 1.8520092286183931 0.417997883038682 0
0 0 -1.3461083381650034 -0.6258498576430025 0.8915856782762162 0
0 0 0.6706950006336667 -0.5757410584942513 1.328874724606865 0
0 0 -1.5558403213969387 1.4124917387022886 0.4192585656976132 0
0 0 0.9495692878368236 0.09266434447918914 0.49929603372903253 0
0 0 -0.18468658329469245 0.08725915845568777 0.4490904627888913 0
0 0 1.1356590885822908 -0.4980317956717122 1.9895655204563998 0
0 0 0.44395966159849065 1.5109852291778967 1.9596709930145735 0
0 0 -0.6428217745167465 -0.5933789146092305 0.8918591684863468 0
0 0 1.243597778349152 -0.5850836172268592 1.5818011150651774 0
0 0 -0.6246344891791447 1.334432443290031 1.9643415190718099 0
0 0 -0.8426635545775896 0.10654349093561666 0.40632464992047734 0
0 0 1.298526172488034 1.096866230374298 1.988966420396332 0
0 0 1.4510098658116122 2.146265147499724 0.7821457541458054 0
0 0 -0.34648033185080385 0.5392819745944832 2.0048801427326044 0
0 0 0.8170786360474485 1.0197336198147993 0.42313692524915003 0
0 0 -0.13444743239751422 1.713298746040601 0.45954414743650895 0
0 0 -0.15775022588306897 -0.12689826056764297 0.45750688048910837 0
0 0 -1.0236217194523713 2.0728256898389583 0.5266942895076308 0
0 0 -0.6847007626335457 1.4025721489212115 2.0458137049885132 0

