1.9163767 0.1571704 1.6813738
2.182803 -0.4742171 -2.4539456
2.4678986 0.10492661 0.7344243
2.9753366 1.5027403 0.53191644
2.7091842 0.8582169 0.6781969
2.4702148 -0.632074 1.2181311
1.659874 1.8031422 -2.3730032
3.097248 -0.0068480074 1.2117099
2.6759186 0.46010384 2.3414972
2.5020792 2.3237891 -1.1716629
2.0340827 0.5667049 0.71022844
2.9170234 -1.4680539 1.3384783
1.1913146 -0.27382526 1.0725883
1.3780338 -0.73928654 -0.94104236
2.1385849 -0.7588984 -1.254151
3.2089865 0.4710626 2.040196
0.84431404 -0.3433892 -0.3780804
2.676195 0.29069456 -3.8378537
2.87503 0.8757115 -2.2769382
2.1187239 -0.77206767 -1.1894401
1.5036144 0.5916527 -1.9783106
4.191726 -0.30508164 2.75342
3.008062 -0.8343736 0.8092386
1.668876 -0.8271573 -1.4842323
1.8745419 -0.3313248 0.9311672
3.0013204 0.7518945 0.8632589
1.8802327 -1.696838 -0.6335755
2.1452792 0.7201029 1.1988962
2.1465204 1.8883495 1.6230282
3.271847 -0.37485483 1.4316036
2.331671 0.57187337 -3.7788794
1.9722761 1.286238 -0.17521302
1.8724643 -0.9844982 -1.3315518
1.717935 -0.25385216 1.1807073
1.9403368 -0.47912195 -1.6715566
1.4218967 -0.72960883 -0.29957148
1.081795 -0.35204747 -0.2649319
2.6084094 -0.33671567 0.62473726
1.1974984 0.5190955 -2.00523
5.2110777 -2.9991043 4.6090803
1.3860514 -0.686864 -0.76214796
1.3942798 1.6523818 -0.717764
1.695894 -1.1931678 1.2206639
2.988521 0.77059656 2.179903
2.9679425 4.220342 2.166247
3.6791053 -2.8189545 -2.7384636
1.5676092 -0.6394412 -0.39578772
2.8446057 1.4281933 2.1615002
2.3035133 1.9890453 -1.273989
2.3512785 -1.0986489 1.2464197
2.3435247 -1.7086594 -0.31826025
1.9320916 -1.4554007 -1.3043646
1.4782622 1.448883 -1.8358809
1.9687421 0.47242877 1.7270192
2.6201546 -1.5858419 -1.5841624
1.1787032 -0.5702602 -0.33560538
1.6561487 1.3416841 -2.7787862
2.2859008 -0.62601846 1.8297786
4.571936 -2.7596207 4.141022
1.53067 0.90088147 1.2993071
0.98620546 1.6630707 -1.0506141
3.1657002 0.8905827 -4.4704776
1.8212594 0.7863125 -2.4175134
2.719326 -2.0119271 -0.81817776
4.370248 -2.0707352 -3.0093973
1.6439675 0.29655823 -2.5146275
2.6825888 -0.37528947 -2.817249
1.5957619 -0.6585742 -1.2220175
2.634327 0.8383684 1.7329324
2.265155 -0.44267884 -2.4827352
2.0373402 -0.3219873 -1.159819
1.4526445 -0.08322429 1.3068101
2.395508 0.7487274 0.21361521
2.0621402 -0.30498832 -2.407407
1.8510513 0.96894234 -0.34457517
2.0139854 0.023059756 1.4159231
2.0595784 0.5036932 1.9047241
4.168654 -2.262158 2.004623
1.8509651 0.81103283 -3.5274372
3.4638047 -2.601584 0.011998734
1.194456 2.235064 -1.997817
2.7327416 -1.1803114 1.9843094
2.7797475 0.07267235 1.2973833
2.7369754 -2.0569816 -1.8734277
3.363722 -2.8391762 0.08229358
1.56248 -0.5726067 1.4540447
2.7446802 -2.0488694 -0.54754996
1.87566 0.63932884 0.32521036
2.4882798 -1.6853086 -1.1063186
2.574695 1.0469116 1.5962322
2.3013437 0.49068743 0.4614031
2.7128465 1.8446867 -0.11703229
2.1629682 -0.41746765 -1.3292667
1.321261 2.0440464 -1.0911729
1.8068268 0.999126 -0.53071165
1.8747597 -0.3457679 -1.9218103
2.0185523 1.1556255 -0.23324624
1.4404097 1.8729098 -2.4514499
3.0152664 0.5349334 -4.2639403
2.2789052 -1.4215127 0.06397069
1.3976127 -0.05504999 -1.4761007
2.33215 -1.1111969 -1.3164444
1.9569391 0.5563888 -2.1511772
1.7626408 -0.49149767 -1.426211
1.6498421 -0.7001362 1.0142787
1.9216582 0.90516883 1.8852558
3.5636716 -1.5242435 -3.1891196
1.5310667 -0.6278474 -1.0443189
2.8526864 -0.93087023 1.4162308
2.7845938 -0.27083477 2.050883
1.8795153 1.2894996 -1.6293179
1.8809062 1.1847075 -0.869032
1.0585598 -0.31815675 0.6514158
1.2069252 -0.28054744 -0.9737628
3.7105124 0.34050655 2.9210162
1.8557109 0.27298754 -1.283198
1.6207284 1.1953752 -1.6772721
2.3423576 -0.078416266 1.0895054
3.8996813 -2.3423116 -3.4043536
1.7854003 0.7111454 -0.020983526
1.2763935 1.2904837 -2.5964205
1.5150568 0.8432766 -2.0602605
2.60796 -0.70132065 2.0966337
3.5890715 0.27094528 -2.1954093
1.722824 -0.4442037 -2.1535451
1.5042875 -0.36881378 1.43983
1.6828567 -0.21792127 -3.3819683
1.2809781 0.7786078 -2.289893
1.5249935 1.2403649 -2.5893855
1.6668122 1.6345365 -2.208535
1.900031 0.44514373 -2.6553407
3.4544775 -0.75697005 -3.0862024
2.4457018 0.6271516 2.118849
4.1371803 -2.587117 4.13647
1.4629145 -0.7235504 1.2531081
2.1452286 -1.318135 0.88458395
3.131577 -2.1486306 2.4846628
1.3874828 -0.087099396 -0.76424265
2.3448062 -1.2262911 -3.2364833
3.7132077 1.1064175 1.7138232
2.7448514 -0.4012684 1.5477524
1.7976464 0.24343883 1.7113879
0.8907547 -0.022223478 -0.77130324
2.6509569 -0.015733486 1.4770027
2.7283263 -0.33779782 2.099443
1.7032324 0.24473453 -2.1045694
2.5091796 0.53696316 -2.3362846
1.6657854 -0.1415031 -2.1081336
2.4935336 0.33318403 -1.9679037
3.0910168 -0.7470194 1.3327808
1.8691016 -1.0783887 1.5345086
1.2748487 0.52540106 -2.095133
2.3215694 1.2726815 -3.9425259
2.035109 -0.95103425 1.2945067
1.608045 0.4026696 -1.5549177
2.136645 -0.49755523 -3.845283
1.5566452 -0.6509175 0.58319765
3.3587594 0.9973298 1.7034009
3.3928397 -1.0449542 2.504578
1.6748322 -1.1581106 -1.3785433
2.4816272 0.10002523 1.3069891
2.36735 0.39142856 1.5507549
3.3153882 -0.07398378 -2.8099544
1.5227042 0.6840881 -2.8673294
2.6896174 -1.4147118 -1.2762536
1.5357931 -0.5561613 0.34675327
1.8454572 0.2207096 -2.259149
2.0045524 1.1323262 -2.2918723
1.5604026 -0.87180805 -1.1194956
2.4571674 0.69333935 0.9942451
1.6374584 -0.17367777 -1.4413172
1.9413885 0.5381812 -1.7277544
2.2313874 0.45530313 -3.3215516
2.3178003 -2.0748637 -1.0457405
1.9165229 -0.57462937 -0.94115347
1.7181691 0.6015965 0.010048772
2.548796 -1.3103176 -1.6105654
2.5879025 0.695605 -3.9332864
3.2236164 1.3719943 2.4938388
2.547477 -1.9913958 -2.4218423
4.427676 -1.8532561 3.704384
2.265934 0.60157746 2.1592572
2.6554942 0.42558175 2.649818
3.7364018 -2.2569647 2.392451
1.7214377 -0.2943194 1.003459
3.0692601 -1.5557098 1.7802525
2.2091076 -0.16663238 1.4533634
3.590655 -2.2523332 -0.70407623
1.7234756 1.0257181 -0.70753235
1.8462874 0.46398267 -1.4941133
2.1556153 0.045246307 -1.2008826
2.385364 0.37179193 2.4292653
2.6406064 0.5053172 0.89765364
2.8525414 0.026448634 1.1550637
2.6568158 1.7102194 1.4995562
2.1348152 0.17241271 1.1074754
1.8929613 0.73046595 -3.0696661
2.583487 0.86129385 0.4889168
1.4170189 0.044467423 -1.5652431
1.713083 -0.16003367 -1.6069298
3.5073302 -0.8528553 -4.463971
2.362787 0.007589633 1.8548634
1.7194633 0.549503 -0.08471831
2.0082238 0.15822372 0.9436496
1.6941383 0.8765953 -0.74695
2.1387935 1.0744106 1.4885846
2.5983663 0.37774965 1.5048382
3.1928022 0.6658864 2.0039413
2.082952 1.1514009 0.030659646
1.8992741 -0.7319299 0.78353643
1.8516093 0.8030968 -0.17515527
1.5627626 -0.26301658 -2.2137513
1.4784151 -0.5963081 -0.11689341
2.047107 0.79993343 1.7128687
1.4828851 0.26513973 1.1940912
1.7635986 0.8502259 -1.7202474
1.494975 0.9255089 -0.80144006
1.5361029 0.40503058 -0.6339298
2.5509865 0.5151378 0.28862303
1.6763239 -0.62196153 0.5105044
1.9395698 -1.178725 0.044100303
1.7157389 -1.1646012 -0.58377016
1.1916589 1.743597 -2.2658503
1.5291106 -0.7366403 0.5132117
2.1310542 -0.6766123 0.90837246
2.2859788 -1.5195385 -1.3082696
2.4133031 0.05221955 1.9163908
1.9719994 1.7396262 -2.3459287
1.7342894 -1.2026628 0.38027525
1.582625 -1.0953997 -0.18193881
1.4766481 -0.8906225 0.7885566
5.1404834 -2.9695277 3.9793448
2.9813068 -1.8537937 3.2304714
2.9252508 0.6303852 1.7629156
2.799929 0.52290523 1.4882349
3.5607016 -2.0244446 2.443117
3.071592 0.8394867 1.5660161
2.3000941 0.30115995 0.79966325
1.4923352 -0.46679562 1.1795275
1.1627172 1.9384865 -2.473549
2.2037568 -0.7507102 1.4319627
2.5148036 -0.5792874 -2.6277902
3.0104263 0.004995587 1.2828037
2.3922913 1.817772 1.7606155
1.999926 -0.3230223 1.7209291
1.7020094 1.8873891 -0.8868979
1.5955206 2.0858228 -1.8845254
1.749026 0.117287 1.0041565
1.4597089 0.05365783 -0.8839177
3.115926 -1.3033153 -3.5216687
1.2024343 0.86867493 -2.273599
1.315738 -0.6755074 0.085216425
2.019617 0.4515501 1.309344
1.7581998 -0.6886943 -1.3272221
1.8592796 -0.77914345 0.36797577
2.6587532 0.3498542 2.149997
3.1020584 0.1582832 1.8686224
2.2199402 -1.5576303 0.32190293
2.2464387 -0.38391414 1.4747823
3.0435536 -0.60193795 1.9515308
2.8153298 0.18029441 2.5676458
1.2312107 1.7241987 -2.7054515
2.3975537 -0.19855288 1.8216292
3.3651845 -0.6117821 2.925015
1.7863933 1.1698277 -1.1395584
2.0705411 1.8610945 -0.65934974
1.2986096 1.3113744 -0.7486635
1.5824492 -0.35133174 1.5552425
1.7249991 -1.0207961 -1.1871732
1.6550549 -0.71817917 -0.092289254
2.2158847 0.09726564 1.4212729
2.66967 -0.814045 1.5736969
2.814101 -1.62874 1.4987805
2.2247663 -1.4445975 0.99541634
2.3215854 1.0327295 1.0615004
2.3097064 0.12217753 1.5497363
3.3624327 0.49986008 1.2605219
2.3145561 0.3073657 0.20251329
4.231952 -2.7895825 3.1138573
1.802311 0.12411421 -2.8295093
1.9754235 -1.2882677 1.2874309
1.9901396 0.40037045 1.5847366
2.586006 -1.4846567 -2.2161522
1.7451147 -0.21319273 0.8696891
2.8997912 0.496798 2.4140267
3.5579789 -2.0911899 -1.710658
2.214911 -0.9625435 0.33118722
1.2836598 -0.49350318 0.7583335
2.0108626 0.53360045 -1.4456168
2.1906674 -0.37686077 0.95000774
1.5786144 0.57970965 -2.1387026
1.3613214 -0.68485785 1.0361174
4.0942683 -0.5042295 4.029673
3.1052954 -0.12799741 3.1903455
1.8605527 1.624695 0.09790486
3.536156 -0.6366984 -2.2445436
1.525337 -0.74748653 0.032489117
3.3752415 -1.9134954 2.4161878
2.5355232 0.56796426 1.0486459
1.9381036 0.30549034 -1.0857799
2.4119756 -0.88464785 1.8386668
1.3688492 1.1082299 -3.7679162
3.4128766 0.033914667 -2.8340256
2.3390195 0.6086406 0.7729548
3.626437 -0.14829011 -3.7765007
1.7960112 -1.0083964 0.6859921
3.5555255 0.5017 3.7182982
2.6237566 -0.15597878 1.5038506
2.012837 -1.1030648 1.3275503
2.2964947 -1.0560814 1.0904758
3.2761788 -0.30548376 -2.591306
2.0763962 -1.2365359 1.1215516
2.172155 2.066513 1.2144955
2.1045086 0.91542244 1.8788131
1.7901819 -0.5196445 -1.180971
2.1595855 0.36261323 -0.630689
2.1247113 -0.38285777 1.2705867
3.422353 0.8828142 -3.2025354
1.7077868 -0.37919378 0.92026246
2.7799377 0.51776856 0.77847964
3.114696 -1.3500435 -3.8882139
2.9540236 -0.47953978 1.1743336
2.5890114 -1.365288 0.7715183
3.167772 -1.0689124 2.3600566
4.1710987 -0.6480854 3.7773838
1.5777795 -0.47580835 -1.1644195
2.4738536 -0.7055844 -2.5182252
2.134328 1.1443697 0.3445294
1.461482 0.9182097 -1.7152264
2.6493087 1.034234 -3.1821764
1.8066319 -1.096521 -0.5837203
1.849704 0.3396574 0.2965196
2.4777358 1.1300259 -0.08728858
2.3212361 1.3567085 -0.5897007
2.5043743 1.9534255 -1.9834734
2.3586621 -1.6102489 0.3106494
1.3962309 1.7151605 -1.7119051
1.074022 -0.5491608 -0.60161483
1.9421421 0.044547133 1.4600542
1.1623399 -0.60338366 -1.0167592
3.0967164 -0.5813591 1.3437843
1.209261 -0.025283882 -1.1835686
1.4400941 -0.5108182 0.77294147
2.0769086 -0.42498332 0.28761882
1.6168754 0.48464292 -2.6969497
2.4109921 -1.2432419 -0.5199389
2.2211974 0.30816385 0.54807204
1.9143022 0.47215652 -2.6721845
2.0426195 1.2208933 -3.6708865
1.5057024 1.107847 -1.0173485
2.9726565 -0.23556869 1.9573038
2.3585393 -0.71581787 -3.3137012
2.7757552 0.66791373 2.1650875
1.7369728 -0.5794017 0.571413
1.1530474 -0.34683433 0.7894133
2.8874645 0.16860321 1.9016477
4.7309566 -2.047589 3.927707
1.8069764 -0.6490232 0.61672306
2.506385 1.5131758 0.77502984
3.2706475 -0.63451874 1.9079691
1.8720646 -0.4665071 -2.1275547
1.8810152 1.0414764 0.2883963
2.2027996 1.5831577 -1.4802735
1.5932939 -0.89569026 -0.58881885
1.7944926 1.8608645 -0.56450444
2.1709456 0.11827556 1.5784181
2.6006558 -2.211233 -0.33845702
2.467387 0.14924972 1.9029044
1.2841673 0.64882505 -1.3189678
3.2307308 -1.09673 1.6829649
1.4754676 -0.5887085 -0.004333347
0.8560314 1.0445436 -1.3275931
2.760031 0.64675057 1.2831923
1.6433372 -0.013600384 -2.268823
2.1660023 -2.0509686 -1.1871494
2.0137646 -0.0017712499 0.6923621
2.0417123 -0.22492006 -1.036128
1.0642079 0.8479629 -1.6627243
3.1946902 0.90940636 2.173189
2.621883 -1.0752398 1.1225437
2.761793 0.7103078 0.77349526
2.6057909 0.20321284 1.7080184
1.6320817 1.9121085 0.19992232
1.5528461 0.24535106 0.8394518
1.4674358 -0.45489636 -1.2045171
2.8392837 -2.1044052 -1.1339883
3.1329367 -0.7533887 1.7610835
3.0413153 0.6066348 1.8587784
2.0945776 -0.43110186 -2.2789211
1.5172254 1.4389273 -2.1967645
2.2558277 0.7571467 0.67520314
1.8678133 1.4455458 -0.67796123
1.409315 0.36834702 -2.593054
1.7326081 0.59001297 -2.9102085
2.3128514 -0.05114123 0.0007142057
3.0495858 0.9192544 1.7291235
1.5909884 0.6965788 -2.819611
1.1555768 -0.4571529 0.5887169
3.1209264 0.46240282 -3.0800555
3.544787 -2.1035886 1.3296579
2.4219775 -1.7031592 -0.06375157
1.4549285 0.277262 -1.5744641
2.3002164 0.6842523 1.0368012
3.0044346 -2.103099 -1.2473296
2.672175 -1.4636812 -1.8294468
1.5096394 -1.0827594 0.0057258313
2.7998261 -0.46056303 1.7391481
3.4786224 -0.6364118 1.8329021
2.23784 -1.2037666 -0.99032694
1.3246161 0.0026838258 1.1622273
2.0086567 1.2484798 0.85421723
1.665324 -0.98865557 0.57602155
2.229815 -0.10504489 1.261019
3.5695202 -2.7642326 2.1022775
2.8107698 1.6854948 1.6018678
1.3816357 0.46009883 -2.0263186
2.4565861 -1.1463655 -0.99928313
5.2831564 -3.7660542 3.2704062
1.5644923 0.79225343 -1.8455515
2.157341 -0.46632716 -1.9916191
2.0521271 -1.2414502 -0.7817815
1.3358649 1.9097846 -1.4129974
1.6807439 0.37629887 -2.7955327
1.4304167 -0.14948317 -1.7629052
1.4247996 -0.15019782 -1.2489592
3.8357208 -1.1621863 1.7558349
2.3840415 -0.39005136 1.5210855
2.2651682 -0.03727316 -3.0923707
1.2817376 -0.038009703 1.1427149
2.4491181 -0.88827544 -2.1549733
1.5935609 0.5617776 -0.58888584
1.8987175 1.3057997 0.031569898
2.2529747 0.14751716 0.97196305
1.2615062 1.1538092 -1.3723515
1.4838847 -0.38545746 0.7715568
1.4156007 0.5477099 -1.4065679
2.2166157 0.16966784 0.5013747
3.0263638 0.51708674 -4.4233108
3.1751192 -2.0677242 -0.13701539
0.95612854 -0.34268728 0.050100703
2.6297944 1.3893522 -3.1546252
1.6536424 1.2338113 -0.029818783
2.663756 0.16164017 1.0748881
2.7486796 -2.338657 -0.9717085
1.3473104 -0.2241776 1.0739444
2.3614442 0.53875464 1.9394448
1.5123596 0.2920785 1.4973112
1.3499707 1.632949 -2.7909274
1.2081004 1.1577308 -1.8562542
1.114367 1.8778325 -2.926675
2.3940399 -1.782715 -0.6086312
1.8920623 -0.5189727 0.06290213
1.9306115 -0.8394917 -2.558165
3.5119662 -3.1591449 -1.6527255
1.6481367 1.834416 -1.0105417
1.2202146 0.50026464 -1.9503962
2.5167422 -1.6634451 -0.72176236
1.1600082 1.9175578 -2.7493992
1.3731287 -0.42635342 0.31498188
2.3291323 0.28176823 -0.6564444
1.8420843 0.4958566 1.1738892
3.4446018 2.0155118 2.6093872
1.7615063 -0.3579852 -2.1911142
2.693359 0.5356304 1.0506591
2.106892 -1.1227973 0.99760574
1.4560839 2.068746 -1.4635828
1.2230438 -0.39464787 -0.89799464
1.9889666 0.8734084 -1.4143673
2.1576922 -0.872368 -1.7512248
3.1040184 -0.10537 -4.390941
1.356445 -0.5329602 -0.12918353
1.9723759 -0.41332653 -1.5665253
2.5441492 1.6351516 1.5366358
1.4696615 1.1600102 -1.0027632
4.6265287 -2.2860847 3.8153675
1.8486958 -0.4017575 -1.910738
3.1517017 -0.12313171 -2.5597777
2.0042152 -1.3614197 0.55698335
3.5773132 -2.9606264 -0.9913284
1.6981516 -0.8506937 0.6606832
1.3410176 -1.1953447 -0.38108137
1.2171404 0.7190238 -1.8796877
2.1573174 -0.31866127 -2.272586
3.0620956 -0.19589165 1.4906086
2.8205373 1.1918447 0.82853144
3.4055672 -0.60449666 2.6587126
1.2908808 -0.5170537 -1.08552
1.6638519 -0.5938116 -0.9276236
2.2789588 0.08004966 0.037762813
2.0063598 -0.035235632 -1.6008047
1.3456956 1.4686404 -1.1842655
4.7872 -2.3031695 3.3210194
2.3444827 0.5617315 1.1283196
1.9505136 1.052536 -1.5874481
1.6607972 0.4277694 -2.0061114
1.4110472 0.44341514 -1.7997465
2.5360332 -0.06911981 -0.9833484
2.6533186 -1.0592328 1.9355265
2.4954762 1.5449432 2.6900506
1.8350652 -0.39702395 0.7492776
4.064031 -1.8840417 2.1994622
3.7931 -3.206167 0.32367173
1.1361657 1.2122375 -1.078613
5.2048507 -2.2674744 4.6223636
2.0585837 0.69683963 1.4261559
2.7263014 2.1978424 0.37314206
2.2588723 -0.43848154 2.1180463
1.8114773 1.1943095 -2.675645
1.2031144 -0.67393667 -1.2511232
1.637821 -0.33394784 0.9868851
3.2650623 -3.1113894 -1.045669
2.1944213 1.7422396 -1.0057582
2.2437112 -0.01597269 0.6885291
1.8963172 -1.0028765 -0.8993854
2.3369358 -0.14221586 2.2500648
2.856889 1.3799103 -1.958789
2.2203953 -0.29994327 -2.3639805
1.4184405 -0.70185727 1.2377875
1.5837032 1.1859976 -0.46438655
2.3852425 0.41862658 0.792739
2.5407522 -0.68210804 -2.7301984
2.1001694 0.68259084 1.5681047
1.3338777 -0.8879541 -0.19082136
1.9864426 0.6694441 0.23238985
3.903333 -0.71542466 3.7195137
1.8562425 1.8336446 1.3523123
4.3542757 -0.066906646 -2.2411995
1.2834886 -0.53109235 1.3202245
2.2874126 1.3159201 -0.19454984
1.7736307 -1.1153238 0.826332
1.619927 -0.7043847 -0.24306153
1.5497903 -0.15368812 -1.5549437
1.3815622 -0.6964096 -0.4384897
2.895783 -2.029166 0.04299095
1.6272604 1.1179405 -3.2418005
2.179828 -0.65693426 1.1677085
3.276583 -0.04632252 1.0001496
2.7500954 -0.42001948 1.3345026
1.4223396 -0.6274324 0.0073056654
3.0619853 -0.09347202 -3.775253
2.4514396 -0.3853906 1.0429889
1.4197779 1.4223014 -1.6125431
2.8330264 0.8948453 2.3992412
1.9299272 -0.064402506 -2.310105
1.3954074 0.30585498 -0.762084
2.4074936 -1.4308167 -0.40258217
1.6487087 0.1152213 -0.614828
2.1449757 1.3089514 1.5865723
2.9512382 0.5448739 1.8991686
2.3647707 -1.335191 0.7326007
3.4928591 -0.17048272 1.9077264
1.5430585 1.0421598 -2.2340276
2.6526663 -1.4310495 1.1213471
2.0301034 1.1955765 -3.289034
2.610047 1.5885309 0.055885725
2.4894164 1.5605814 1.169367
1.334488 -0.15759881 1.1445915
1.4266156 -0.12518397 1.4580203
2.8049295 0.40419742 1.5098115
1.8048075 0.19306746 1.5573399
1.8872002 -1.0105664 -0.60948783
4.445541 -0.71913487 4.4670377
1.6846172 1.1122953 0.21615823
1.3868932 -0.33668298 -2.0486004
3.0514045 -0.9753914 2.6737301
1.7959683 1.7837425 -1.5580022
2.2176554 0.38073403 2.2509484
1.9076566 0.34566173 0.6989292
1.5063876 0.057766046 -0.17616735
2.0500617 0.8801595 0.4562886
2.1730154 0.7481385 -3.2305837
2.7515228 -0.8711676 1.6968365
1.8135005 -0.43823996 -1.6509367
2.107128 1.0947644 1.7451584
2.570256 -0.22393341 1.7874268
2.311521 0.6419695 -3.4824123
1.0243458 -0.25957608 -0.68172634
1.820474 1.0052758 -0.16234533
1.9372683 0.6530412 1.7071931
1.6867038 0.04835284 -1.9828179
1.5569905 -0.7431329 1.4702748
1.5963053 0.90220964 -0.6317739
3.0047169 0.8617157 1.9255741
3.6596546 0.089041114 1.9883486
2.0009975 1.1452318 -1.5727094
2.5856595 1.0780908 0.6042055
2.8786144 -0.65744126 0.34755751
2.6510053 -0.6533887 1.6189257
1.9484942 1.9238309 -1.6817744
2.2483597 1.0020071 0.5907883
2.2760127 -0.24216025 -1.617895
1.8097619 -0.4986623 -0.68601865
3.8603797 0.41181588 3.3091474
1.8831679 1.0281636 -0.65798324
2.9135954 -0.64962393 1.3160305
3.440603 0.9873467 3.5647168
2.0980833 -0.9187059 -1.6231773
2.5244143 0.42919946 0.44030187
2.2633712 0.17705496 0.91809905
2.7655141 -0.8872866 1.7470686
1.6734047 0.305436 -1.741386
4.192623 -0.20875446 3.7522626
2.422355 2.9457715 0.29894325
1.6459955 1.3250319 -3.0555365
5.9067187 -3.6217828 5.1984406
2.2966125 1.3215235 0.49591646
2.7289455 1.7698987 -0.48220327
2.2045515 -1.3866816 -1.7556199
2.4948769 -0.9097737 -1.9746258
2.127178 -1.3640661 -1.5936056
2.022155 0.13843258 1.4104894
3.91996 0.3861646 4.0057607
2.2241375 -0.4857633 -2.0774214
4.087995 -3.3726447 -0.53657097
5.2336154 -2.8715744 4.5316453
2.5976493 1.5236284 1.4479694
1.8753748 0.71398294 0.8863522
3.0796087 1.5041267 2.4600294
1.6667644 1.2763264 -1.1053067
2.7896092 0.66167814 1.8818597
1.4765435 -1.0295217 0.57033116
2.2975888 -0.19045787 -2.56407
1.0714592 1.4082059 -2.4802303
1.3275169 1.0428635 -1.53561
1.9764274 0.5764924 -0.06164969
1.8216921 1.2573982 1.983679
2.5538394 1.0130469 0.6506447
2.5604765 -1.2026004 -1.667972
1.377989 1.3215544 -1.3300943
3.4541602 0.9545904 2.0407977
2.8832202 0.7168088 -3.5613136
2.1125782 2.0045881 -0.71891814
2.4506755 0.26796234 -4.3097343
2.3364398 1.0771497 -0.6533216
2.1272213 1.2204384 -0.093662485
3.1637726 -0.63695335 2.687492
1.3857925 0.46105623 -2.0623767
1.1496121 1.8899271 -3.0470161
2.5684383 1.548239 -3.055537
1.3999436 -0.85034114 0.15625842
2.5130773 0.497931 1.0061855
2.4399872 0.9761683 -0.2972307
1.6959028 1.2413191 -0.24341737
1.220106 1.4845275 -2.769252
1.2656423 0.121449985 -2.070636
2.5229344 -1.7334238 -0.7505451
1.9430351 -0.04669576 1.7061331
2.4025319 1.4504683 -0.82174385
3.2344818 1.0949795 -0.7984517
1.1590415 1.2181966 -2.2037816
1.8763392 -0.120198764 -2.228945
1.3319178 -0.23258016 0.98724383
2.1623693 1.2660587 0.20623817
2.4591556 1.538272 1.517235
4.144647 -0.42427173 4.5463266
2.4660492 -0.6871564 -2.9406374
1.3658797 0.86674833 -1.5467967
1.7213274 -0.699037 -0.6507763
1.8863888 -0.8743712 1.749658
1.745442 0.20772669 1.3360411
1.0442145 -0.45899883 0.97929126
1.5422633 -0.38502476 0.5289279
2.8620114 -1.2190748 0.9420873
2.4720604 -0.61225355 0.86426413
1.2621626 -0.7440639 -0.77400917
1.5504382 0.9965855 -1.496631
1.9211057 2.112225 -0.5184297
2.5506728 -1.8278672 0.11770316
3.9520068 1.1201311 2.9160328
2.349815 1.458711 -4.1311255
2.2315052 0.35026827 -1.2238196
2.4757657 -0.9202899 1.6339275
1.5853208 1.5759284 -1.1847771
1.5573808 0.58976406 -2.1029665
4.2104115 -2.2439463 3.3259315
1.4532253 -0.4417658 1.0395925
1.3318092 -0.71367127 -1.196982
3.3137708 -1.4179116 -2.7174141
2.3054786 -1.841182 0.13070817
2.333473 -1.3728784 1.7235838
2.1988654 -0.66683656 -1.6576862
1.7357321 -0.13405542 -0.9337179
1.2437499 0.81297076 -0.37433562
2.0677094 -0.4148868 1.1666092
1.0301332 -0.591222 -0.683297
1.2546203 2.4860466 -1.6502388
2.8177989 1.3359793 0.49751344
3.0922208 0.73616207 1.4581591
1.539878 -0.6171668 0.039692674
1.386016 0.43574527 -0.6854897
1.1258707 -0.76247555 0.61722463
2.323564 0.41878763 0.7040358
1.6305057 2.6753247 -1.5384206
2.1057117 1.5463973 0.00011490432
1.5803384 1.6329714 -1.7343893
2.322367 0.2883022 -3.2766392
2.0323174 0.36711505 -3.229713
1.9032404 -1.0145863 -0.69966424
2.1771889 0.9839467 0.0041403365
5.731574 -2.8877654 5.786039
1.2740549 -0.7131621 0.2608525
2.3550267 1.4257461 -2.3509293
3.2767797 -2.5183628 -1.0283626
1.4870683 -0.19868544 -1.3946029
1.5949823 0.2014021 -3.1549535
3.230038 -0.059869688 -0.7340202
2.3551812 0.91562515 -3.132623
1.7254616 0.20883335 -1.2394543
1.565349 -1.0425125 -1.2586992
1.2048196 -0.85696304 -0.03239726
1.7424768 0.9656716 -0.64026463
2.8204155 -1.2423508 0.6778247
2.3212478 0.7192178 0.85465086
2.5524077 1.8494656 -1.9620235
1.6870109 1.0465811 0.0030124767
3.6447794 -0.90789217 1.6166786
2.2078907 -0.35277715 1.839372
2.5970626 0.987197 0.45437506
2.5397985 1.5926095 0.4561536
2.3652883 -0.9795112 0.19935228
3.9425788 -1.6393095 1.006889
1.4979155 0.024603026 -2.5078583
2.24807 -1.5860943 -1.5089492
1.5591183 -0.045284007 1.1089939
1.9376744 -0.22406657 -2.942925
2.2806797 -0.028866053 1.1380538
4.410706 -0.4824728 3.9083905
2.4116976 -0.8266721 -1.8436549
2.8265889 0.96165925 1.1016262
4.1886854 -1.6749308 -2.1638067
1.8886503 -1.1496475 -1.0710901
2.175259 -0.30707693 -2.6430783
1.3228918 -0.6617154 -0.6338132
1.3223305 -0.031201482 1.3233672
1.3716716 0.4495853 -1.928405
2.3946204 -1.3104384 0.77907926
2.4427354 1.9868479 -1.2755525
2.5732734 -0.3029194 -3.1536453
2.1394484 -0.1723815 1.0687631
1.7822244 0.58368206 -2.8851247
2.3951182 -1.5213839 -2.2397614
2.1923356 0.24446668 1.3706322
1.4640797 -0.1549376 -2.5932386
2.1060183 -0.41390547 -2.1317956
1.4214227 -0.9665862 -1.0661615
1.2425597 -0.5259932 0.8286237
1.4764913 1.4058982 -1.9140834
2.3912547 0.58301276 0.90612096
2.456239 -1.1674072 1.83675
2.1657577 0.13421457 -2.7708833
2.3329618 0.81169146 -3.095
1.827195 -0.07464431 1.3700324
2.0258145 -1.0054722 0.9620042
2.0802262 1.0384868 0.50455457
2.2815125 1.9090654 0.65073997
1.4676325 -0.64875776 -1.0880913
1.6559284 -1.2709024 -1.0988773
1.9965149 -0.5797592 -1.7341441
1.8703417 0.91908586 -1.4507611
2.2194831 0.7063664 0.6258685
3.5616562 1.8492912 2.9038556
1.1233844 -0.35698107 0.5386042
3.0873516 0.44568995 2.488167
1.072159 -0.29155952 0.4253226
1.4311281 1.2717466 -1.0345992
5.2021227 -2.8005333 4.215196
3.021524 -0.19632636 1.2352154
1.8047322 -0.8240307 -2.5727293
3.0888207 2.6401317 2.3657978
2.4643676 1.6016551 -1.1920561
1.9368125 -1.0043623 0.12347134
1.6632639 -0.45887786 0.44832197
2.030259 0.43835708 1.4453356
3.771788 0.2522739 2.5560691
2.1513872 2.0250916 -2.3206933
1.4372336 -0.60107464 1.4769007
2.2747605 -1.7582226 -1.2111845
4.6078544 -2.4367182 3.4709723
1.3030176 -0.23282704 0.09726186
2.1140335 -0.6935674 -0.33700845
2.694818 -1.7589207 0.52784544
1.7197319 -1.3000509 0.27273276
2.013725 1.6944159 -1.8403395
3.6208293 -0.18448304 -0.76679665
2.636417 -0.8202496 2.0241475
1.5494064 -1.3152705 1.1787833
1.4718425 1.4647683 -2.1521368
1.0632184 1.7103221 -1.0564749
3.166693 -0.48171017 2.4497526
2.2029226 -1.3427693 0.35975534
2.4217143 -0.36821792 -2.5271413
2.0241387 0.8660668 0.40957972
1.7922459 0.8105279 -0.47345194
2.2301576 -0.8097323 -1.9873468
2.5086038 -1.1932237 1.3762629
1.5188005 2.1177306 -1.9485182
3.3377535 0.5117087 2.835884
3.4715075 -0.9347826 1.7376722
2.782269 0.7924508 0.38776937
4.2051096 -0.4573763 -3.8702533
2.0493233 0.35092592 -2.8963468
3.8257692 -2.7165616 3.4290946
1.9697555 -1.423083 -0.1106799
1.8633515 0.5589699 -0.19824846
2.340292 1.6077716 0.7597433
2.7285702 -2.3362982 -1.9934156
2.274433 0.5841986 0.29488006
1.2536167 -0.49840087 1.077359
1.6607393 -0.7608594 1.3005251
2.6848238 -1.8331326 -1.5364122
3.9436145 1.3143626 1.958353
4.6269774 -1.4026372 -5.1283517
2.6840837 -0.9599494 -1.8180822
3.4058185 -1.6645409 3.3105023
1.435216 -0.31488308 -1.0658256
3.1866262 0.56269646 -4.874992
3.2657921 -0.8060358 -1.3245741
1.6764311 1.6100814 -0.7186293
1.7229269 1.5488759 -0.3887189
1.3831073 1.7366987 -1.3629065
2.252226 0.60844505 0.38629404
1.4235852 0.8197551 -2.431986
2.5532582 0.41406482 0.5350186
3.4256146 -0.24139217 1.3760911
2.7899535 -1.4736453 0.913205
2.0663753 -0.18648751 1.6743662
1.7010889 0.29969978 1.8658025
1.6183008 -0.80472034 -1.3387654
2.731284 1.2514365 2.1613553
1.6816663 1.1038916 -1.4901537
2.0437274 -0.959179 1.0298654
2.2777174 1.6491423 1.4600221
2.6334217 2.0676596 0.084164485
2.2086456 0.23145483 0.3990077
2.4090984 1.4618462 -1.2507664
2.1488328 2.3106742 -0.84571826
2.5819893 1.4501373 1.5107768
3.7793026 -1.5795668 2.6600912
1.6302465 1.0677712 -0.99965817
2.6946385 0.19747026 1.8695614
2.4985101 0.65983146 1.9731053
5.8900332 -4.6105757 4.795369
1.5503527 1.3394865 -2.733324
1.7257462 2.186241 -0.94297594
2.5576797 1.6415323 0.51526725
2.389317 -0.15092196 0.75327414
2.9833777 -0.13704701 1.916232
3.367891 -0.058100056 1.3541772
2.6352634 0.6210917 2.2241464
2.371472 0.14604358 0.9355119
2.6523094 3.753329 2.286985
2.7213402 1.0288159 1.141898
1.1553714 0.95090735 -2.318255
1.4253781 -0.3578736 0.99248374
2.7933369 0.24437968 -2.7772202
2.4357657 -0.6827302 1.894346
3.1800838 -0.565635 2.452624
2.3717246 0.87488306 1.4343436
1.3845612 0.46652827 -1.6566124
2.428365 1.5392301 0.6312403
4.1161675 -2.8084698 -0.9692394
3.3221278 1.2825717 2.633447
2.3139708 -1.5597433 -0.32035655
2.4794447 1.0052508 1.0317268
1.8764932 -0.104891434 1.2878458
2.2932897 -1.1542743 0.9233094
2.4185274 1.231731 -0.5477705
2.2436469 -1.1060438 -2.0356014
3.2849388 -1.8462036 -2.3458788
3.2299457 0.67639893 1.6339499
2.3817847 0.023386555 1.606537
2.874616 1.2110678 2.371512
1.6491601 0.9944876 1.0955919
2.4298217 -0.48464125 1.123749
2.4253592 0.05211789 -3.1859186
2.2805324 0.22491714 1.7717578
2.548105 0.06765771 1.4581879
2.2733848 0.078208685 -2.7024462
1.6760253 -0.5677729 -0.8504736
1.3399694 -0.4890693 1.3356091
1.4085923 -0.8857051 -0.066263914
2.4949777 -0.13952522 1.2033603
4.158759 -0.60775906 3.6440194
1.441605 -0.5153703 0.96203834
1.3040974 -0.74347496 0.3192214
3.6870608 0.226139 3.5661595
2.6817958 -0.4539714 1.6899378
2.12781 -0.18798879 -1.9499807
1.3864701 -0.49489492 -0.5208324
0.9894453 1.0707533 -1.2589422
1.3654516 2.7257445 -0.94729185
3.1273596 -0.28995642 -0.85821503
2.1983457 -0.5032669 1.2331444
1.2258598 1.1604337 -1.5607932
2.5198388 -1.1188058 1.1781429
1.3478156 1.5748541 -1.6116126
1.5224262 -1.1828429 0.49331397
1.849325 -0.5286313 -1.3743422
2.034302 1.4265219 -0.7041605
4.0486426 -2.1198409 3.6096098
2.7587492 -0.22463277 2.19575
1.0277932 -0.2472307 0.08364867
2.0635471 1.3717473 0.6753503
1.4659665 -0.45318815 -1.7882137
1.8755558 0.37486854 -1.3052034
1.661728 0.02563812 0.61213225
1.88954 0.2917284 0.64206403
1.6327707 1.6151574 0.94182074
2.033654 -0.4370217 1.4232905
1.6846799 -0.5106305 0.32465887
1.4182702 1.0749432 -1.1816823
1.4869415 0.25521365 -0.82126296
2.5703952 -1.1558939 1.8075273
1.4867191 1.4052994 -1.8468182
3.0536633 -0.83893883 2.11775
1.141533 -0.17192248 -1.6790998
1.1167591 2.5388296 -1.774705
2.7694776 -2.1604314 0.75454986
2.741571 -0.5842472 1.4632642
1.889416 0.73809206 0.22991064
1.229658 1.0245086 -4.0825815
1.7993675 -0.017759694 -2.4152474
2.1535993 -0.1164693 1.6314019
2.1734202 -0.31790116 1.5859538
3.3714163 -0.15348874 1.3364792
2.3414762 -1.8308115 -0.43870234
2.2279465 -0.03171867 -2.8568423
3.1034153 0.6105582 2.2247508
2.4080865 1.2491388 1.8011361
1.717453 0.07741075 -2.0430095
2.705593 -0.604128 1.0468374
2.8272057 -0.39797312 -3.6656826
3.9444745 -0.5263076 4.025784
2.3056066 -0.159079 -1.228378
1.9367317 1.0916715 -0.054578535
1.7361295 0.9942265 -3.0105913
2.0834792 -1.1894661 -0.34799862
2.8595264 -0.2545052 -3.5769997
1.8140209 -1.3563957 -0.072784476
2.1793609 -0.95769507 -1.9899019
2.706424 0.32444292 1.394263
1.4953883 -0.37422785 -1.2920351
2.5732188 -0.39943537 -2.520393
4.270688 -2.0642874 3.8007724
1.1386253 0.91766196 -2.8975394
2.2057185 1.2900597 1.0238299
2.607746 -2.1724436 -0.019347351
3.7038722 1.051478 2.4207883
3.6419816 0.06537521 1.9594557
3.7822194 -0.48602757 3.7880275
2.0189607 1.823161 -0.9798156
1.9929549 1.2099531 -0.100402646
3.6423066 -0.8661925 1.9215987
2.755175 -2.5434372 1.0888063
3.4472218 -0.02637222 2.0940316
1.3749195 -0.47806707 1.0741904
2.2919288 1.4909061 1.5340338
2.795452 0.7314311 1.9859613
3.0278003 -0.58866346 -1.3947843
2.011488 1.7457683 -0.75058424
1.542729 1.3039998 -0.8876467
2.2842023 -0.7316038 1.9268435
1.6122036 -0.46055108 -1.8284789
3.0329454 -1.4906795 1.3725504
2.1227891 -0.92030525 -2.5633502
2.4197617 -0.47637987 1.6790545
1.5438937 0.704338 -0.73003066
1.0991527 0.5627699 -1.3263971
2.9130957 0.81852037 1.5503534
2.0887408 -1.3566841 -1.6192379
1.9829587 0.6325473 0.47520474
1.9978606 -0.5975925 -2.808801
2.0161014 1.643956 -0.1711867
2.6631017 -0.22656979 -3.057118
1.4236591 -0.35235813 -0.8170846
2.2450182 -1.0300009 0.3160232
3.060082 -0.2499469 2.1391578
3.0305943 -0.48550886 1.2276763
3.1366646 0.1573805 2.3860848
1.6881417 -0.74030954 -2.8473127
2.4563446 0.12688875 -1.2652355
2.9945595 -2.6549487 -1.1778297
1.6420116 -0.55997264 -0.37303582
3.3440483 -2.2552214 -1.078822
3.2976325 -0.779893 1.559639
2.6863937 1.4243919 2.6582694
2.0068672 1.2181947 -0.846949
4.4526925 -2.1297936 3.252087
2.390453 -0.9816061 0.07832738
2.0986454 1.542567 -0.23236069
1.3046341 0.9920488 -1.7902641
1.2628347 0.79650503 -2.012438
2.986376 0.6169545 1.3549652
1.079571 -0.55121005 -0.46024853
1.9503603 0.14109935 1.249835
1.0619043 -0.3542798 0.51261383
1.4248818 1.9890511 -1.0352315
1.9014419 0.4052044 -0.5029047
2.200816 -1.2669623 -2.723201
3.1576653 0.31098804 2.1552033

