0 0 -1.4901635189339446 1.2634094696919358 0.6601874698125386 0
0 0 0.36507039513028094 0.2811902691467105 0.5370324648162568 0
0 0 0.8437292669968453 -0.008142004157565608 1.2421923493253078 0
0 0 1.4131515012509195 1.2007283264610646 0.5829514426689449 0
0 0 -1.0452890414270173 0.15488762107460408 1.770899235187746 0
0 0 -0.7016148335670135 1.212267212001234 1.8187102573370069 0
0 0 0.07187966832619619 0.2793336688319497 0.5595650827795473 0
0 0 -1.0295829170705368 1.5125805691093146 1.3022322624762592 0
0 0 -1.557557983914681 0.8898242847560538 1.9922909610745054 0
0 0 -0.24989462186746692 0.7951734002956731 1.9812975969354292 0
0 0 1.2625477800286347 0.3556248552646785 1.9152058319674872 0
0 0 0.5516460486322603 1.4914469083029214 1.299299775661763 0
0 0 -0.8032123318085159 0.1643634322020987 1.8254665240657375 0
0 0 0.280292181425573 1.494515388953083 1.3046904516722728 0
0 0 -0.12852963189439093 0.23169042104190862 0.6854679525907393 0
0 0 0.5556609006914743 0.5909181108364917 0.49704953418645437 0
0 0 1.5505580983938945 1.0404712335849238 0.462075406110353 0
0 0 1.2803676587826 -0.057520995093581107 1.336747409911442 0
0 0 1.1167236501473008 0.12656606674482762 1.703148034634637 0
0 0 -1.5414588715943318 0.6757143670761094 0.4027875644051231 0
0 0 0.7256645807842435 0.8334295556785871 0.44508306100880957 0
0 0 0.15688395451809334 1.1959270990288542 1.891728666014171 0
0 0 -0.26101646276476265 0.5064306414091722 0.528208250189605 0
0 0 0.0364940271054186 1.1644203134230504 0.5655207607675947 0
0 0 1.3508591774822047 0.009337319700012836 1.1913566249572516 0
0 0 0.14588541819014478 0.15042989203394552 1.707304849968995 0
0 0 -0.649342453780496 -0.0019259460053383526 0.9340296475520734 0
0 0 -0.7493172079591773 0.9901292377201979 0.4929770783680334 0
0 0 -0.792012793488505 0.7663206685645545 0.4759932050677472 0
0 0 -1.098931410279383 0.16538035775701432 1.7732782659556179 0
0 0 0.8297327906587362 1.0625541836888655 0.541107461795489 0
0 0 0.07782832218632718 0.873643790947619 2.0117235774585036 0
0 0 -0.231872707609029 0.6738914382579116 0.4642194287881717 0
0 0 -0.3232640230200545 1.1954486696297415 1.9308151453508797 0
0 0 1.1948952336663297 0.1240579519925078 1.735066339292099 0
0 0 -0.6537008124348338 0.6334712472904823 1.9637387784902978 0
0 0 -0.5087803962767763 1.5078415534762024 1.2495406969662395 0
0 0 -0.7609385631027374 0.004360983058244838 1.1372999276268048 0
0 0 -0.9443192520772243 0.8932652170840119 0.42038333598670463 0
0 0 0.33856951950965586 0.6466848999744177 0.4098038363891122 0
0 0 1.0887176830576792 1.5085320680264707 1.4029489101360888 0
0 0 0.5358242878917441 1.2027175820441705 1.9094646378980067 0
0 0 0.9702255931538972 1.5556050512621347 1.2790962561865475 0
0 0 0.34008255652591335 0.10925712219524253 0.8289292739052092 0
0 0 -0.8173763312915022 1.4074578710720198 1.640536193495025 0
0 0 0.411212030049807 0.9444938706795503 0.4532696916002662 0
0 0 -0.8448545632714085 1.480628413266854 1.4866537743923045 0
0 0 0.46240044280002657 0.9780939449932411 0.5199335089977805 0
0 0 -1.2172336465672235 1.1057037937666512 0.5323964251727062 0
0 0 -0.37831219262492355 0.08291887675107379 0.8411619721410909 0
0 0 0.15573791748118704 -0.03878978379495057 1.0381781600808633 0
0 0 -1.3891287625981856 0.3931259459705978 1.9665428084139753 0
0 0 0.614135593263148 1.4989858979738067 0.9821815701705853 0
0 0 1.2146885957106752 1.1659668888908272 0.5563073445696541 0
0 0 -0.7013035254234637 1.0068828319563967 1.9852587077743777 0
0 0 0.5022889423042054 1.2943140507110207 0.6196371023890362 0
0 0 0.6989985249468642 0.2810486851295652 1.9156579159347886 0
0 0 -1.5189633794382549 1.0538196240732411 1.9964908934380594 0
0 0 0.7149692783226378 0.5566941953393502 0.4335539582319399 0
0 0 -1.0146534355819627 0.42718260085586357 1.917605068299923 0
0 0 -1.4669915309018031 0.4937976531169352 0.48006054975072865 0
0 0 -1.226065430159851 0.6289143912293268 2.005256256258413 0
0 0 -0.7526282015346212 -0.07199590261052036 1.0813180310270787 0
0 0 -0.3050933056885432 1.4914190665487643 0.8428962405760746 0
0 0 -0.10526135493553634 -0.019930143721263338 1.2969733439578768 0
0 0 -1.454060720779363 1.3426932951765598 1.7208182329361925 0
0 0 -0.6765771252719049 -0.0001606870443672248 1.2210464232022034 0
0 0 -0.3031531071257638 0.9560742512133423 2.0165528270915334 0
0 0 0.7310652945233427 1.4961251224343326 0.9192337609684422 0
0 0 -1.3183460578850217 1.4724739181304292 0.9194843384078383 0
0 0 -0.15317314017704642 0.4283588839647156 1.9779335721224498 0
0 0 0.4778169639425913 0.22191273533135336 0.6483766062908465 0
0 0 -0.8033521605157424 -0.06482122128250745 1.135815905077965 0
0 0 -0.5463256857152596 0.20356285779256633 0.7142440804578408 0
0 0 -0.2468437468316298 0.017666385513882 1.410978047279479 0
0 0 0.6740515911451226 1.0780142942872055 1.908942124558718 0
0 0 0.8857860599474114 0.168286120947997 0.7321935855182551 0
0 0 -1.290416040548527 0.7800013118525718 0.4520914878323107 0
0 0 -1.0424413176071115 0.8746014407900686 1.9906328111955582 0
0 0 0.736156194806199 1.1331258581544759 1.8724293185360557 0
0 0 1.1342197120779307 1.4571134466071793 1.5233096620062587 0
0 0 -1.216089686863635 1.2012105939963065 0.5909029367683876 0
0 0 -0.154848397393754 0.15223583047964395 0.7253664961157817 0
0 0 -0.10696512480376907 1.4931341086520624 1.0664599260374583 0
0 0 0.30593985738361895 0.9281358366070567 2.005982104420104 0
0 0 -0.9053846997607177 0.9107503718281149 0.4440623451576028 0
0 0 0.6660255484922137 0.5230580413039682 0.44253884193946635 0
0 0 -0.38296499834208997 1.4636630700098097 0.8956445832464504 0
0 0 0.9103748463280219 1.2561813247171707 1.7879703985534867 0
0 0 0.4780619709203284 0.5925962192557335 0.4856819426813689 0
0 0 0.12481130372251736 0.5068612960619912 0.4836953503566125 0
0 0 -0.5292330573483222 0.2716172899157888 1.8838100535962077 0
0 0 0.52507234554353 0.20597473269463462 0.7077292059674563 0
0 0 1.129910489376393 1.1879529059392557 0.6297658948037528 0
0 0 -0.7616624719866082 1.013277035001291 0.5032152538661634 0
0 0 -0.056202829872194826 0.07049563346939258 0.7578892615044523 0
0 0 0.2555701118249034 0.4316299277447153 1.9720475911471458 0
0 0 1.047375418746216 0.4271137913862983 0.47793996245258463 0
0 0 0.1576591687697788 0.9007808100473627 0.40463357303441394 0
0 0 -0.01833022373319637 0.7613752736834702 0.4268271513939249 0

