-1.8182865997548503 -1.3804321840955103 1.237929405968236 0.655658893048871 1.0487734438531429 0.1345253784415327
2.345066175711056 0.8651728424040984 -1.6731905791012542 0.7394351957833882 1.1052743591804584 0.14882010140269636
-1.8182865997548503 -1.3804321840955103 1.237929405968236 0.655658893048871 1.0487734438531429 0.1345253784415327
2.345066175711056 0.8651728424040984 -1.6731905791012542 0.7394351957833882 1.1052743591804584 0.14882010140269636
-1.8182865997548503 -1.3804321840955103 1.237929405968236 0.655658893048871 1.0487734438531429 0.1345253784415327
2.345066175711056 0.8651728424040984 -1.6731905791012542 0.7394351957833882 1.1052743591804584 0.14882010140269636
-1.8182865997548503 -1.3804321840955103 1.237929405968236 0.655658893048871 1.0487734438531429 0.1345253784415327

-2.412966772025971 -0.7616573495916757 0.38678818918431795 0.4516258294625732 1.1255271913203106 0.13367882476958262
2.427195302604799 -0.03170425156789367 1.9206729918542953 0.6136763911122117 0.8415550907041507 0.14255108572318168
-2.412966772025971 -0.7616573495916757 0.38678818918431795 0.4516258294625732 1.1255271913203106 0.13367882476958262
2.427195302604799 -0.03170425156789367 1.9206729918542953 0.6136763911122117 0.8415550907041507 0.14255108572318168
-2.412966772025971 -0.7616573495916757 0.38678818918431795 0.4516258294625732 1.1255271913203106 0.13367882476958262
2.427195302604799 -0.03170425156789367 1.9206729918542953 0.6136763911122117 0.8415550907041507 0.14255108572318168
-2.412966772025971 -0.7616573495916757 0.38678818918431795 0.4516258294625732 1.1255271913203106 0.13367882476958262

2.2524479227395515 0.7107093923217984 2.467290275349393 0.4997082762513765 1.3051909397022188 0.14414903268460802
2.711136068957012 0.6060059150564985 2.916773685282767 0.5432686956667071 1.4153968568219557 0.13936334282132398
2.2524479227395515 0.7107093923217984 2.467290275349393 0.4997082762513765 1.3051909397022188 0.14414903268460802
2.711136068957012 0.6060059150564985 2.916773685282767 0.5432686956667071 1.4153968568219557 0.13936334282132398
2.2524479227395515 0.7107093923217984 2.467290275349393 0.4997082762513765 1.3051909397022188 0.14414903268460802
2.711136068957012 0.6060059150564985 2.916773685282767 0.5432686956667071 1.4153968568219557 0.13936334282132398
2.2524479227395515 0.7107093923217984 2.467290275349393 0.4997082762513765 1.3051909397022188 0.14414903268460802

2.794798391138472 0.024771746878516254 -0.9835576000481128 0.8745960430628468 0.8204048603945151 0.1417313907566074
-3.042424737226489 -1.0784768463120789 2.0308064729878015 0.8564400917986765 1.1345037268826665 0.13919974051798303
2.794798391138472 0.024771746878516254 -0.9835576000481128 0.8745960430628468 0.8204048603945151 0.1417313907566074
-3.042424737226489 -1.0784768463120789 2.0308064729878015 0.8564400917986765 1.1345037268826665 0.13919974051798303
2.794798391138472 0.024771746878516254 -0.9835576000481128 0.8745960430628468 0.8204048603945151 0.1417313907566074
-3.042424737226489 -1.0784768463120789 2.0308064729878015 0.8564400917986765 1.1345037268826665 0.13919974051798303
2.794798391138472 0.024771746878516254 -0.9835576000481128 0.8745960430628468 0.8204048603945151 0.1417313907566074

2.7436139855209816 0.5073719442450417 2.2267001405396134 0.4851965903283228 1.5736674610785575 0.14577216277769287
2.0072007823632525 0.0015617298144380148 -0.6000232048750939 0.4614952962499778 1.4374767890467386 0.14992587212739686
2.7436139855209816 0.5073719442450417 2.2267001405396134 0.4851965903283228 1.5736674610785575 0.14577216277769287
2.0072007823632525 0.0015617298144380148 -0.6000232048750939 0.4614952962499778 1.4374767890467386 0.14992587212739686
2.7436139855209816 0.5073719442450417 2.2267001405396134 0.4851965903283228 1.5736674610785575 0.14577216277769287
2.0072007823632525 0.0015617298144380148 -0.6000232048750939 0.4614952962499778 1.4374767890467386 0.14992587212739686
2.7436139855209816 0.5073719442450417 2.2267001405396134 0.4851965903283228 1.5736674610785575 0.14577216277769287

-1.8928060262668078 -0.036501953371607276 2.1364691497229873 0.5920289642178418 1.4432964675990418 0.14412755465627997
-2.776453988867491 0.8439275125363779 2.0026475391298364 1.1289864085001615 1.1499587599542915 0.1436094513830966
-1.8928060262668078 -0.036501953371607276 2.1364691497229873 0.5920289642178418 1.4432964675990418 0.14412755465627997
-2.776453988867491 0.8439275125363779 2.0026475391298364 1.1289864085001615 1.1499587599542915 0.1436094513830966
-1.8928060262668078 -0.036501953371607276 2.1364691497229873 0.5920289642178418 1.4432964675990418 0.14412755465627997
-2.776453988867491 0.8439275125363779 2.0026475391298364 1.1289864085001615 1.1499587599542915 0.1436094513830966
-1.8928060262668078 -0.036501953371607276 2.1364691497229873 0.5920289642178418 1.4432964675990418 0.14412755465627997

1.8155740943778438 -0.13183158013887963 2.08925827810265 0.9013623754087974 0.9220324710791113 0.13060516990510576
1.127726752468725 -1.3336299735728103 2.592915912662068 0.8555268079281968 0.9439144807149413 0.14452218449415305
1.8155740943778438 -0.13183158013887963 2.08925827810265 0.9013623754087974 0.9220324710791113 0.13060516990510576
1.127726752468725 -1.3336299735728103 2.592915912662068 0.8555268079281968 0.9439144807149413 0.14452218449415305
1.8155740943778438 -0.13183158013887963 2.08925827810265 0.9013623754087974 0.9220324710791113 0.13060516990510576
1.127726752468725 -1.3336299735728103 2.592915912662068 0.8555268079281968 0.9439144807149413 0.14452218449415305
1.8155740943778438 -0.13183158013887963 2.08925827810265 0.9013623754087974 0.9220324710791113 0.13060516990510576

2.3738121455532646 -0.15548250290629326 -1.6367826563228351 1.027546317831983 1.1905976938019878 0.13007977787583633
1.6461026617905319 -0.24397924612970212 -1.7405176345135733 0.9075892875957831 1.3475026133939914 0.13773331341285452
2.3738121455532646 -0.15548250290629326 -1.6367826563228351 1.027546317831983 1.1905976938019878 0.13007977787583633
1.6461026617905319 -0.24397924612970212 -1.7405176345135733 0.9075892875957831 1.3475026133939914 0.13773331341285452
2.3738121455532646 -0.15548250290629326 -1.6367826563228351 1.027546317831983 1.1905976938019878 0.13007977787583633
1.6461026617905319 -0.24397924612970212 -1.7405176345135733 0.9075892875957831 1.3475026133939914 0.13773331341285452
2.3738121455532646 -0.15548250290629326 -1.6367826563228351 1.027546317831983 1.1905976938019878 0.13007977787583633

1.5244768292150441 -1.0772420096459874 -0.4662634353771078 0.5159715155122407 1.4065788662838985 0.1326889085340989
-2.3031532074212273 0.5154102099405646 2.8577450464915235 0.8159671889126583 1.3321697225625968 0.1426610193092795
1.5244768292150441 -1.0772420096459874 -0.4662634353771078 0.5159715155122407 1.4065788662838985 0.1326889085340989
-2.3031532074212273 0.5154102099405646 2.8577450464915235 0.8159671889126583 1.3321697225625968 0.1426610193092795
1.5244768292150441 -1.0772420096459874 -0.4662634353771078 0.5159715155122407 1.4065788662838985 0.1326889085340989
-2.3031532074212273 0.5154102099405646 2.8577450464915235 0.8159671889126583 1.3321697225625968 0.1426610193092795
1.5244768292150441 -1.0772420096459874 -0.4662634353771078 0.5159715155122407 1.4065788662838985 0.1326889085340989

-2.409522244246445 -0.4503268575019929 3.072612946239507 0.615013850532126 1.398847869551042 0.14531111035754776
-1.6060273630609174 -0.6541289238402227 2.830658375892335 0.5621715007908765 1.2955379359103811 0.13836540937366398
-2.409522244246445 -0.4503268575019929 3.072612946239507 0.615013850532126 1.398847869551042 0.14531111035754776
-1.6060273630609174 -0.6541289238402227 2.830658375892335 0.5621715007908765 1.2955379359103811 0.13836540937366398
-2.409522244246445 -0.4503268575019929 3.072612946239507 0.615013850532126 1.398847869551042 0.14531111035754776
-1.6060273630609174 -0.6541289238402227 2.830658375892335 0.5621715007908765 1.2955379359103811 0.13836540937366398
-2.409522244246445 -0.4503268575019929 3.072612946239507 0.615013850532126 1.398847869551042 0.14531111035754776

2.2715227910148816 1.001164461703552 0.8577026923981332 0.5545772347014695 1.443068906635556 0.1417466139308147
2.5543847024656587 -0.9265423307722847 -0.4207454164185422 0.6018456297208954 1.3139237271267579 0.14570181076042513
2.2715227910148816 1.001164461703552 0.8577026923981332 0.5545772347014695 1.443068906635556 0.1417466139308147
2.5543847024656587 -0.9265423307722847 -0.4207454164185422 0.6018456297208954 1.3139237271267579 0.14570181076042513
2.2715227910148816 1.001164461703552 0.8577026923981332 0.5545772347014695 1.443068906635556 0.1417466139308147
2.5543847024656587 -0.9265423307722847 -0.4207454164185422 0.6018456297208954 1.3139237271267579 0.14570181076042513
2.2715227910148816 1.001164461703552 0.8577026923981332 0.5545772347014695 1.443068906635556 0.1417466139308147

-2.616938206992666 0.5400328512989303 0.6113844077576259 1.1463722144698885 1.4068268415122218 0.1320867031344432
-2.24771997755436 -0.6897758393354133 1.81132945790933 0.8482503869265069 1.3904220763354538 0.1487778040264843
-2.616938206992666 0.5400328512989303 0.6113844077576259 1.1463722144698885 1.4068268415122218 0.1320867031344432
-2.24771997755436 -0.6897758393354133 1.81132945790933 0.8482503869265069 1.3904220763354538 0.1487778040264843
-2.616938206992666 0.5400328512989303 0.6113844077576259 1.1463722144698885 1.4068268415122218 0.1320867031344432
-2.24771997755436 -0.6897758393354133 1.81132945790933 0.8482503869265069 1.3904220763354538 0.1487778040264843
-2.616938206992666 0.5400328512989303 0.6113844077576259 1.1463722144698885 1.4068268415122218 0.1320867031344432

1.739741987421599 0.6905297641263077 1.4160797425367446 0.8574532534391142 1.6081947033275967 0.14277021662976241
-1.7558128224836356 0.5641672815657583 -2.73793959091638 0.5406362812476221 1.1970849327956188 0.14845626249146973
1.739741987421599 0.6905297641263077 1.4160797425367446 0.8574532534391142 1.6081947033275967 0.14277021662976241
-1.7558128224836356 0.5641672815657583 -2.73793959091638 0.5406362812476221 1.1970849327956188 0.14845626249146973
1.739741987421599 0.6905297641263077 1.4160797425367446 0.8574532534391142 1.6081947033275967 0.14277021662976241
-1.7558128224836356 0.5641672815657583 -2.73793959091638 0.5406362812476221 1.1970849327956188 0.14845626249146973
1.739741987421599 0.6905297641263077 1.4160797425367446 0.8574532534391142 1.6081947033275967 0.14277021662976241

-3.074674057453375 -0.9824004607852246 -2.5211114226813782 0.9932186596529143 0.8880628655802183 0.1340661407560922
1.3823740984319186 0.14044755634387363 -1.4224776711927145 1.0402798205508963 0.9085781835132896 0.14295526733741198
-3.074674057453375 -0.9824004607852246 -2.5211114226813782 0.9932186596529143 0.8880628655802183 0.1340661407560922
1.3823740984319186 0.14044755634387363 -1.4224776711927145 1.0402798205508963 0.9085781835132896 0.14295526733741198
-3.074674057453375 -0.9824004607852246 -2.5211114226813782 0.9932186596529143 0.8880628655802183 0.1340661407560922
1.3823740984319186 0.14044755634387363 -1.4224776711927145 1.0402798205508963 0.9085781835132896 0.14295526733741198
-3.074674057453375 -0.9824004607852246 -2.5211114226813782 0.9932186596529143 0.8880628655802183 0.1340661407560922

-1.3461000032238808 1.194505237187301 -0.6664934907958302 0.7215937468766838 1.2116315109569928 0.14335427502166
-2.818742557305808 -0.6743744125375715 0.08093496124510884 0.5209535386088161 0.9288975487460673 0.13720368782826858
-1.3461000032238808 1.194505237187301 -0.6664934907958302 0.7215937468766838 1.2116315109569928 0.14335427502166
-2.818742557305808 -0.6743744125375715 0.08093496124510884 0.5209535386088161 0.9288975487460673 0.13720368782826858
-1.3461000032238808 1.194505237187301 -0.6664934907958302 0.7215937468766838 1.2116315109569928 0.14335427502166
-2.818742557305808 -0.6743744125375715 0.08093496124510884 0.5209535386088161 0.9288975487460673 0.13720368782826858
-1.3461000032238808 1.194505237187301 -0.6664934907958302 0.7215937468766838 1.2116315109569928 0.14335427502166

-1.8940716603475172 0.8076897388278561 -1.1833755216668997 0.9923573033158187 1.0077890538624803 0.14358486801683143
-2.2132898384227224 1.0754813346297492 -0.6999645932401323 0.8023306458684698 1.120417062811491 0.14646579521942663
-1.8940716603475172 0.8076897388278561 -1.1833755216668997 0.9923573033158187 1.0077890538624803 0.14358486801683143
-2.2132898384227224 1.0754813346297492 -0.6999645932401323 0.8023306458684698 1.120417062811491 0.14646579521942663
-1.8940716603475172 0.8076897388278561 -1.1833755216668997 0.9923573033158187 1.0077890538624803 0.14358486801683143
-2.2132898384227224 1.0754813346297492 -0.6999645932401323 0.8023306458684698 1.120417062811491 0.14646579521942663
-1.8940716603475172 0.8076897388278561 -1.1833755216668997 0.9923573033158187 1.0077890538624803 0.14358486801683143

2.424773827585396 -0.016827903542265883 2.9726150403223515 0.8910972006970042 1.024352890914983 0.14926356747873012
1.2885355607489601 0.8760738116811746 2.735336249240922 1.0639235299196441 1.1271939661882926 0.13373684735640096
2.424773827585396 -0.016827903542265883 2.9726150403223515 0.8910972006970042 1.024352890914983 0.14926356747873012
1.2885355607489601 0.8760738116811746 2.735336249240922 1.0639235299196441 1.1271939661882926 0.13373684735640096
2.424773827585396 -0.016827903542265883 2.9726150403223515 0.8910972006970042 1.024352890914983 0.14926356747873012
1.2885355607489601 0.8760738116811746 2.735336249240922 1.0639235299196441 1.1271939661882926 0.13373684735640096
2.424773827585396 -0.016827903542265883 2.9726150403223515 0.8910972006970042 1.024352890914983 0.14926356747873012

2.7555162661709125 0.6780079044858561 2.3854580466918294 0.33700986821280265 1.2649692744237944 0.13974232511713655
1.5563454101680982 -0.04740840113462833 1.1343991772251545 0.6266650861343627 1.1013620497031944 0.1361845470906372
2.7555162661709125 0.6780079044858561 2.3854580466918294 0.33700986821280265 1.2649692744237944 0.13974232511713655
1.5563454101680982 -0.04740840113462833 1.1343991772251545 0.6266650861343627 1.1013620497031944 0.1361845470906372
2.7555162661709125 0.6780079044858561 2.3854580466918294 0.33700986821280265 1.2649692744237944 0.13974232511713655
1.5563454101680982 -0.04740840113462833 1.1343991772251545 0.6266650861343627 1.1013620497031944 0.1361845470906372
2.7555162661709125 0.6780079044858561 2.3854580466918294 0.33700986821280265 1.2649692744237944 0.13974232511713655

2.0798426532010588 -0.6665073871376307 0.629484672923897 0.7158834213383378 1.4103766624518335 0.14602381245712662
1.4559948000915386 -0.9611233717140767 1.422666204578117 0.8002827758433929 1.543091478702761 0.1366716354997574
2.0798426532010588 -0.6665073871376307 0.629484672923897 0.7158834213383378 1.4103766624518335 0.14602381245712662
1.4559948000915386 -0.9611233717140767 1.422666204578117 0.8002827758433929 1.543091478702761 0.1366716354997574
2.0798426532010588 -0.6665073871376307 0.629484672923897 0.7158834213383378 1.4103766624518335 0.14602381245712662
1.4559948000915386 -0.9611233717140767 1.422666204578117 0.8002827758433929 1.543091478702761 0.1366716354997574
2.0798426532010588 -0.6665073871376307 0.629484672923897 0.7158834213383378 1.4103766624518335 0.14602381245712662

2.7478917544240837 -0.8482005292732072 1.955431860565357 0.7459712344918084 0.8303631726737672 0.13968152176714144
1.476244196881733 -0.052959569489391685 -2.8951623294718196 0.9107985475675584 0.9937055082494577 0.13371760388526782
2.7478917544240837 -0.8482005292732072 1.955431860565357 0.7459712344918084 0.8303631726737672 0.13968152176714144
1.476244196881733 -0.052959569489391685 -2.8951623294718196 0.9107985475675584 0.9937055082494577 0.13371760388526782
2.7478917544240837 -0.8482005292732072 1.955431860565357 0.7459712344918084 0.8303631726737672 0.13968152176714144
1.476244196881733 -0.052959569489391685 -2.8951623294718196 0.9107985475675584 0.9937055082494577 0.13371760388526782
2.7478917544240837 -0.8482005292732072 1.955431860565357 0.7459712344918084 0.8303631726737672 0.13968152176714144

-1.4641002747186411 -0.8815390713946265 -0.46331434275888006 1.023832284879565 0.886157866101493 0.1438637914036171
1.6946696947495452 -0.46359418170340366 -2.3934004423569983 0.44185468120710697 1.039017155687906 0.14147070312709314
-1.4641002747186411 -0.8815390713946265 -0.46331434275888006 1.023832284879565 0.886157866101493 0.1438637914036171
1.6946696947495452 -0.46359418170340366 -2.3934004423569983 0.44185468120710697 1.039017155687906 0.14147070312709314
-1.4641002747186411 -0.8815390713946265 -0.46331434275888006 1.023832284879565 0.886157866101493 0.1438637914036171
1.6946696947495452 -0.46359418170340366 -2.3934004423569983 0.44185468120710697 1.039017155687906 0.14147070312709314
-1.4641002747186411 -0.8815390713946265 -0.46331434275888006 1.023832284879565 0.886157866101493 0.1438637914036171

-2.3707539140364866 -0.6556774553655086 -2.9697835612376373 1.0056016259359468 1.5067805161901346 0.14294146861331164
-2.325806056857508 0.1950971617888254 2.8171382164621157 1.0955556812444558 1.4169485561761914 0.14170673696153482
-2.3707539140364866 -0.6556774553655086 -2.9697835612376373 1.0056016259359468 1.5067805161901346 0.14294146861331164
-2.325806056857508 0.1950971617888254 2.8171382164621157 1.0955556812444558 1.4169485561761914 0.14170673696153482
-2.3707539140364866 -0.6556774553655086 -2.9697835612376373 1.0056016259359468 1.5067805161901346 0.14294146861331164
-2.325806056857508 0.1950971617888254 2.8171382164621157 1.0955556812444558 1.4169485561761914 0.14170673696153482
-2.3707539140364866 -0.6556774553655086 -2.9697835612376373 1.0056016259359468 1.5067805161901346 0.14294146861331164

1.7243987793226232 -0.6967098494760167 1.9816974336558253 1.051038951679887 0.9329319795734814 0.13825190844304577
1.922390874786721 -0.0649387888633595 2.716865949001025 0.7038977362726219 1.1592212963951436 0.14572773309402332
1.7243987793226232 -0.6967098494760167 1.9816974336558253 1.051038951679887 0.9329319795734814 0.13825190844304577
1.922390874786721 -0.0649387888633595 2.716865949001025 0.7038977362726219 1.1592212963951436 0.14572773309402332
1.7243987793226232 -0.6967098494760167 1.9816974336558253 1.051038951679887 0.9329319795734814 0.13825190844304577
1.922390874786721 -0.0649387888633595 2.716865949001025 0.7038977362726219 1.1592212963951436 0.14572773309402332
1.7243987793226232 -0.6967098494760167 1.9816974336558253 1.051038951679887 0.9329319795734814 0.13825190844304577

-2.9954856093492914 0.902805040190062 -0.7752335696469799 0.9257756401573418 0.9441545030709632 0.13622797761844693
1.3926995277655683 0.27913336101927144 -3.0287329407833785 0.8936248583076349 1.210484719373053 0.1380033314084354
-2.9954856093492914 0.902805040190062 -0.7752335696469799 0.9257756401573418 0.9441545030709632 0.13622797761844693
1.3926995277655683 0.27913336101927144 -3.0287329407833785 0.8936248583076349 1.210484719373053 0.1380033314084354
-2.9954856093492914 0.902805040190062 -0.7752335696469799 0.9257756401573418 0.9441545030709632 0.13622797761844693
1.3926995277655683 0.27913336101927144 -3.0287329407833785 0.8936248583076349 1.210484719373053 0.1380033314084354
-2.9954856093492914 0.902805040190062 -0.7752335696469799 0.9257756401573418 0.9441545030709632 0.13622797761844693

1.7082128155861016 -0.26368069056751053 1.1616435320398375 0.5742808664662942 0.8939854775772555 0.1489633754705416
1.1581708588489175 -0.3646632046950306 2.314508049567704 0.38108733010340107 1.273274837141165 0.14343577594505433
1.7082128155861016 -0.26368069056751053 1.1616435320398375 0.5742808664662942 0.8939854775772555 0.1489633754705416
1.1581708588489175 -0.3646632046950306 2.314508049567704 0.38108733010340107 1.273274837141165 0.14343577594505433
1.7082128155861016 -0.26368069056751053 1.1616435320398375 0.5742808664662942 0.8939854775772555 0.1489633754705416
1.1581708588489175 -0.3646632046950306 2.314508049567704 0.38108733010340107 1.273274837141165 0.14343577594505433
1.7082128155861016 -0.26368069056751053 1.1616435320398375 0.5742808664662942 0.8939854775772555 0.1489633754705416

1.3507651288820977 1.2027443450552253 1.0493431778913154 0.813063689764358 1.4927524857480732 0.1301069841681107
2.05478028138973 -0.6713546680985644 1.2382271774222622 0.8201783446372499 1.5058989202932602 0.1423236411915041
1.3507651288820977 1.2027443450552253 1.0493431778913154 0.813063689764358 1.4927524857480732 0.1301069841681107
2.05478028138973 -0.6713546680985644 1.2382271774222622 0.8201783446372499 1.5058989202932602 0.1423236411915041
1.3507651288820977 1.2027443450552253 1.0493431778913154 0.813063689764358 1.4927524857480732 0.1301069841681107
2.05478028138973 -0.6713546680985644 1.2382271774222622 0.8201783446372499 1.5058989202932602 0.1423236411915041
1.3507651288820977 1.2027443450552253 1.0493431778913154 0.813063689764358 1.4927524857480732 0.1301069841681107

2.0397666658382123 -0.7882514883915808 1.3650337262026628 0.5815132594309081 1.1342205853099225 0.13839456248234855
-2.1260216412386024 0.3801485390445162 -1.2395394343259978 0.4515125766963245 1.3356562832727716 0.13435199224609637
2.0397666658382123 -0.7882514883915808 1.3650337262026628 0.5815132594309081 1.1342205853099225 0.13839456248234855
-2.1260216412386024 0.3801485390445162 -1.2395394343259978 0.4515125766963245 1.3356562832727716 0.13435199224609637
2.0397666658382123 -0.7882514883915808 1.3650337262026628 0.5815132594309081 1.1342205853099225 0.13839456248234855
-2.1260216412386024 0.3801485390445162 -1.2395394343259978 0.4515125766963245 1.3356562832727716 0.13435199224609637
2.0397666658382123 -0.7882514883915808 1.3650337262026628 0.5815132594309081 1.1342205853099225 0.13839456248234855

1.1864496353597815 -0.03361765097316548 -2.4084141491349174 0.6904242813543818 0.9302361197645228 0.13900315271965408
2.073825143827668 0.2850920158962996 -2.7253341578503774 0.7149215644489414 1.067312468287322 0.13197733973805648
1.1864496353597815 -0.03361765097316548 -2.4084141491349174 0.6904242813543818 0.9302361197645228 0.13900315271965408
2.073825143827668 0.2850920158962996 -2.7253341578503774 0.7149215644489414 1.067312468287322 0.13197733973805648
1.1864496353597815 -0.03361765097316548 -2.4084141491349174 0.6904242813543818 0.9302361197645228 0.13900315271965408
2.073825143827668 0.2850920158962996 -2.7253341578503774 0.7149215644489414 1.067312468287322 0.13197733973805648
1.1864496353597815 -0.03361765097316548 -2.4084141491349174 0.6904242813543818 0.9302361197645228 0.13900315271965408

-1.6436654033159974 0.9391848353851904 0.2664235979270327 0.49766444532397414 1.0917131255004244 0.1449757590967566
-1.795304017551227 -0.3285546150236212 0.8810660860801854 0.3872392290718456 0.9883416486598707 0.14789820295437903
-1.6436654033159974 0.9391848353851904 0.2664235979270327 0.49766444532397414 1.0917131255004244 0.1449757590967566
-1.795304017551227 -0.3285546150236212 0.8810660860801854 0.3872392290718456 0.9883416486598707 0.14789820295437903
-1.6436654033159974 0.9391848353851904 0.2664235979270327 0.49766444532397414 1.0917131255004244 0.1449757590967566
-1.795304017551227 -0.3285546150236212 0.8810660860801854 0.3872392290718456 0.9883416486598707 0.14789820295437903
-1.6436654033159974 0.9391848353851904 0.2664235979270327 0.49766444532397414 1.0917131255004244 0.1449757590967566

-1.7197393946543706 -0.4473101408968423 -2.042845620898719 0.6891952555908509 1.4993914314670806 0.14814123641792665
2.646021690804951 0.940023784715633 2.1874784310956823 0.7497951669181329 1.5466150923508777 0.13993144198424493
-1.7197393946543706 -0.4473101408968423 -2.042845620898719 0.6891952555908509 1.4993914314670806 0.14814123641792665
2.646021690804951 0.940023784715633 2.1874784310956823 0.7497951669181329 1.5466150923508777 0.13993144198424493
-1.7197393946543706 -0.4473101408968423 -2.042845620898719 0.6891952555908509 1.4993914314670806 0.14814123641792665
2.646021690804951 0.940023784715633 2.1874784310956823 0.7497951669181329 1.5466150923508777 0.13993144198424493
-1.7197393946543706 -0.4473101408968423 -2.042845620898719 0.6891952555908509 1.4993914314670806 0.14814123641792665

2.269927797189882 -0.3915412693062611 -2.8167020329462056 0.7869415564979356 0.9887595249359253 0.149609163209463
-2.4134243640812088 0.33048223251067543 -0.0701655875840098 0.8897122234864894 1.0012675200210588 0.13320203476797882
2.269927797189882 -0.3915412693062611 -2.8167020329462056 0.7869415564979356 0.9887595249359253 0.149609163209463
-2.4134243640812088 0.33048223251067543 -0.0701655875840098 0.8897122234864894 1.0012675200210588 0.13320203476797882
2.269927797189882 -0.3915412693062611 -2.8167020329462056 0.7869415564979356 0.9887595249359253 0.149609163209463
-2.4134243640812088 0.33048223251067543 -0.0701655875840098 0.8897122234864894 1.0012675200210588 0.13320203476797882
2.269927797189882 -0.3915412693062611 -2.8167020329462056 0.7869415564979356 0.9887595249359253 0.149609163209463

1.8389502264440156 0.3606003737008585 0.5233360315158919 1.1142000564494263 1.3775656447285174 0.13109350300672917
-1.6257304848842031 0.5012851773890485 -2.612118052936608 1.0861088790475981 1.365883933521704 0.1493133984437748
1.8389502264440156 0.3606003737008585 0.5233360315158919 1.1142000564494263 1.3775656447285174 0.13109350300672917
-1.6257304848842031 0.5012851773890485 -2.612118052936608 1.0861088790475981 1.365883933521704 0.1493133984437748
1.8389502264440156 0.3606003737008585 0.5233360315158919 1.1142000564494263 1.3775656447285174 0.13109350300672917
-1.6257304848842031 0.5012851773890485 -2.612118052936608 1.0861088790475981 1.365883933521704 0.1493133984437748
1.8389502264440156 0.3606003737008585 0.5233360315158919 1.1142000564494263 1.3775656447285174 0.13109350300672917

1.43400758037552 0.40379032580192437 2.465120647774009 1.0118771133690225 1.069158882476136 0.14768669498682654
1.7099995932726018 -0.2559436989390255 2.8383779546435273 0.5134589579088524 1.0896019592244026 0.14441430104305486
1.43400758037552 0.40379032580192437 2.465120647774009 1.0118771133690225 1.069158882476136 0.14768669498682654
1.7099995932726018 -0.2559436989390255 2.8383779546435273 0.5134589579088524 1.0896019592244026 0.14441430104305486
1.43400758037552 0.40379032580192437 2.465120647774009 1.0118771133690225 1.069158882476136 0.14768669498682654
1.7099995932726018 -0.2559436989390255 2.8383779546435273 0.5134589579088524 1.0896019592244026 0.14441430104305486
1.43400758037552 0.40379032580192437 2.465120647774009 1.0118771133690225 1.069158882476136 0.14768669498682654

-2.3418249474749833 1.2042039065743266 1.3751253770106062 0.6738990033588881 1.5656639201015148 0.14584313210583835
2.2161475002226547 0.10450663786792865 -0.10552261782965525 1.0061589152230017 1.3555108914753675 0.145630023187844
-2.3418249474749833 1.2042039065743266 1.3751253770106062 0.6738990033588881 1.5656639201015148 0.14584313210583835
2.2161475002226547 0.10450663786792865 -0.10552261782965525 1.0061589152230017 1.3555108914753675 0.145630023187844
-2.3418249474749833 1.2042039065743266 1.3751253770106062 0.6738990033588881 1.5656639201015148 0.14584313210583835
2.2161475002226547 0.10450663786792865 -0.10552261782965525 1.0061589152230017 1.3555108914753675 0.145630023187844
-2.3418249474749833 1.2042039065743266 1.3751253770106062 0.6738990033588881 1.5656639201015148 0.14584313210583835

2.339822177928532 -0.3429138560995414 0.8801120436546692 0.5669118431414322 1.5626953464467994 0.13776211603093289
2.103120646903004 0.5021790951423584 1.1677492673464365 0.6407592233499947 1.3432307725170474 0.1362060074732233
2.339822177928532 -0.3429138560995414 0.8801120436546692 0.5669118431414322 1.5626953464467994 0.13776211603093289
2.103120646903004 0.5021790951423584 1.1677492673464365 0.6407592233499947 1.3432307725170474 0.1362060074732233
2.339822177928532 -0.3429138560995414 0.8801120436546692 0.5669118431414322 1.5626953464467994 0.13776211603093289
2.103120646903004 0.5021790951423584 1.1677492673464365 0.6407592233499947 1.3432307725170474 0.1362060074732233
2.339822177928532 -0.3429138560995414 0.8801120436546692 0.5669118431414322 1.5626953464467994 0.13776211603093289

-2.7305039271072435 0.9513280016635337 2.6856694066766433 0.8970233875990864 1.5064050083740341 0.14237500412292778
1.590573480678378 0.8498281262432287 -0.045986390129621475 0.7454481043541643 1.2596275146760565 0.13584295652258319
-2.7305039271072435 0.9513280016635337 2.6856694066766433 0.8970233875990864 1.5064050083740341 0.14237500412292778
1.590573480678378 0.8498281262432287 -0.045986390129621475 0.7454481043541643 1.2596275146760565 0.13584295652258319
-2.7305039271072435 0.9513280016635337 2.6856694066766433 0.8970233875990864 1.5064050083740341 0.14237500412292778
1.590573480678378 0.8498281262432287 -0.045986390129621475 0.7454481043541643 1.2596275146760565 0.13584295652258319
-2.7305039271072435 0.9513280016635337 2.6856694066766433 0.8970233875990864 1.5064050083740341 0.14237500412292778

1.5311370776611337 0.09686992177982934 -1.9670131586935842 0.9147514883825787 1.6154681125390873 0.13794950326458574
-2.1847106820783733 -0.21761084958917631 1.7350795220485493 0.9648138201837196 1.2289970448149827 0.1463139713858033
1.5311370776611337 0.09686992177982934 -1.9670131586935842 0.9147514883825787 1.6154681125390873 0.13794950326458574
-2.1847106820783733 -0.21761084958917631 1.7350795220485493 0.9648138201837196 1.2289970448149827 0.1463139713858033
1.5311370776611337 0.09686992177982934 -1.9670131586935842 0.9147514883825787 1.6154681125390873 0.13794950326458574
-2.1847106820783733 -0.21761084958917631 1.7350795220485493 0.9648138201837196 1.2289970448149827 0.1463139713858033
1.5311370776611337 0.09686992177982934 -1.9670131586935842 0.9147514883825787 1.6154681125390873 0.13794950326458574

1.529816685633257 -0.21225776803207017 1.1248744786650535 0.6498158955753158 0.8606012770389974 0.1324114278154731
2.5175091375135588 -1.0180803074020093 0.684240911725282 0.6853138676328164 1.1084287017532628 0.1339926643954288
1.529816685633257 -0.21225776803207017 1.1248744786650535 0.6498158955753158 0.8606012770389974 0.1324114278154731
2.5175091375135588 -1.0180803074020093 0.684240911725282 0.6853138676328164 1.1084287017532628 0.1339926643954288
1.529816685633257 -0.21225776803207017 1.1248744786650535 0.6498158955753158 0.8606012770389974 0.1324114278154731
2.5175091375135588 -1.0180803074020093 0.684240911725282 0.6853138676328164 1.1084287017532628 0.1339926643954288
1.529816685633257 -0.21225776803207017 1.1248744786650535 0.6498158955753158 0.8606012770389974 0.1324114278154731

1.6768510623409878 1.2458073678236 -2.9260742257292356 0.8180831508351984 1.1330565012500207 0.14413628021435318
-1.6686458985167747 -0.23506261334971884 0.007278785709058588 0.9139395355390872 1.1520737080908452 0.1355146490288479
1.6768510623409878 1.2458073678236 -2.9260742257292356 0.8180831508351984 1.1330565012500207 0.14413628021435318
-1.6686458985167747 -0.23506261334971884 0.007278785709058588 0.9139395355390872 1.1520737080908452 0.1355146490288479
1.6768510623409878 1.2458073678236 -2.9260742257292356 0.8180831508351984 1.1330565012500207 0.14413628021435318
-1.6686458985167747 -0.23506261334971884 0.007278785709058588 0.9139395355390872 1.1520737080908452 0.1355146490288479
1.6768510623409878 1.2458073678236 -2.9260742257292356 0.8180831508351984 1.1330565012500207 0.14413628021435318

2.2305531858008 -0.8681254153881699 2.247631482002343 0.7505406520352093 0.8290600096627689 0.14386945944354645
-0.862375818575028 0.6113614433869387 0.5647859800924316 0.45062293057819375 0.9917473938803998 0.13383216137722856
2.2305531858008 -0.8681254153881699 2.247631482002343 0.7505406520352093 0.8290600096627689 0.14386945944354645
-0.862375818575028 0.6113614433869387 0.5647859800924316 0.45062293057819375 0.9917473938803998 0.13383216137722856
2.2305531858008 -0.8681254153881699 2.247631482002343 0.7505406520352093 0.8290600096627689 0.14386945944354645
-0.862375818575028 0.6113614433869387 0.5647859800924316 0.45062293057819375 0.9917473938803998 0.13383216137722856
2.2305531858008 -0.8681254153881699 2.247631482002343 0.7505406520352093 0.8290600096627689 0.14386945944354645

-1.7154290593267836 -0.15423847154077613 1.3821152538463748 0.8901423633197301 1.5613088033302365 0.14012760173219774
1.3352882077640105 -1.1884314715336537 -1.0911660846330784 0.8114309941270901 1.2650077327189426 0.14315807949833895
-1.7154290593267836 -0.15423847154077613 1.3821152538463748 0.8901423633197301 1.5613088033302365 0.14012760173219774
1.3352882077640105 -1.1884314715336537 -1.0911660846330784 0.8114309941270901 1.2650077327189426 0.14315807949833895
-1.7154290593267836 -0.15423847154077613 1.3821152538463748 0.8901423633197301 1.5613088033302365 0.14012760173219774
1.3352882077640105 -1.1884314715336537 -1.0911660846330784 0.8114309941270901 1.2650077327189426 0.14315807949833895
-1.7154290593267836 -0.15423847154077613 1.3821152538463748 0.8901423633197301 1.5613088033302365 0.14012760173219774

2.3370053320170547 1.0311735996722726 -0.013663327909889625 0.7245923587096057 1.412606198868878 0.1415926997711776
1.5447040192368513 0.12441924653583111 -0.15085572251199508 1.07664229486755 1.2125348252550692 0.13210261372764198
2.3370053320170547 1.0311735996722726 -0.013663327909889625 0.7245923587096057 1.412606198868878 0.1415926997711776
1.5447040192368513 0.12441924653583111 -0.15085572251199508 1.07664229486755 1.2125348252550692 0.13210261372764198
2.3370053320170547 1.0311735996722726 -0.013663327909889625 0.7245923587096057 1.412606198868878 0.1415926997711776
1.5447040192368513 0.12441924653583111 -0.15085572251199508 1.07664229486755 1.2125348252550692 0.13210261372764198
2.3370053320170547 1.0311735996722726 -0.013663327909889625 0.7245923587096057 1.412606198868878 0.1415926997711776

-2.1816100902037663 -0.8198267465242995 2.6606936999504622 0.9831237590779957 0.9635028604904667 0.13034074031383797
-2.6509844896478945 -0.7725655769320423 2.6318877904883604 0.9202422511212753 1.1581975746103474 0.13856100825868858
-2.1816100902037663 -0.8198267465242995 2.6606936999504622 0.9831237590779957 0.9635028604904667 0.13034074031383797
-2.6509844896478945 -0.7725655769320423 2.6318877904883604 0.9202422511212753 1.1581975746103474 0.13856100825868858
-2.1816100902037663 -0.8198267465242995 2.6606936999504622 0.9831237590779957 0.9635028604904667 0.13034074031383797
-2.6509844896478945 -0.7725655769320423 2.6318877904883604 0.9202422511212753 1.1581975746103474 0.13856100825868858
-2.1816100902037663 -0.8198267465242995 2.6606936999504622 0.9831237590779957 0.9635028604904667 0.13034074031383797

1.1266683673173306 -0.4976886110927728 3.0095854513208864 0.39517931350706 1.1458859155484429 0.14111691520449215
-2.688839804255506 -0.8524239014365182 0.5133461995726522 0.4108274705968827 1.300658317874003 0.13610477634679458
1.1266683673173306 -0.4976886110927728 3.0095854513208864 0.39517931350706 1.1458859155484429 0.14111691520449215
-2.688839804255506 -0.8524239014365182 0.5133461995726522 0.4108274705968827 1.300658317874003 0.13610477634679458
1.1266683673173306 -0.4976886110927728 3.0095854513208864 0.39517931350706 1.1458859155484429 0.14111691520449215
-2.688839804255506 -0.8524239014365182 0.5133461995726522 0.4108274705968827 1.300658317874003 0.13610477634679458
1.1266683673173306 -0.4976886110927728 3.0095854513208864 0.39517931350706 1.1458859155484429 0.14111691520449215

-1.4622373120020034 -0.13053450191323343 1.7336171665662752 0.715569279349073 1.5265650738001533 0.13155396756336443
1.4121604939620083 0.2854053871773068 -1.394744955395556 0.9569077261484022 1.51006561917981 0.14999613783268675
-1.4622373120020034 -0.13053450191323343 1.7336171665662752 0.715569279349073 1.5265650738001533 0.13155396756336443
1.4121604939620083 0.2854053871773068 -1.394744955395556 0.9569077261484022 1.51006561917981 0.14999613783268675
-1.4622373120020034 -0.13053450191323343 1.7336171665662752 0.715569279349073 1.5265650738001533 0.13155396756336443
1.4121604939620083 0.2854053871773068 -1.394744955395556 0.9569077261484022 1.51006561917981 0.14999613783268675
-1.4622373120020034 -0.13053450191323343 1.7336171665662752 0.715569279349073 1.5265650738001533 0.13155396756336443

-1.6475378933090663 -0.26132559477576073 0.12042533337877005 0.780755325866774 1.1626067231458266 0.13695796021179796
0.7355219488987033 -0.6488808948572352 -1.6514756295638768 0.6216127547103107 0.861646732870388 0.14906283831977657
-1.6475378933090663 -0.26132559477576073 0.12042533337877005 0.780755325866774 1.1626067231458266 0.13695796021179796
0.7355219488987033 -0.6488808948572352 -1.6514756295638768 0.6216127547103107 0.861646732870388 0.14906283831977657
-1.6475378933090663 -0.26132559477576073 0.12042533337877005 0.780755325866774 1.1626067231458266 0.13695796021179796
0.7355219488987033 -0.6488808948572352 -1.6514756295638768 0.6216127547103107 0.861646732870388 0.14906283831977657
-1.6475378933090663 -0.26132559477576073 0.12042533337877005 0.780755325866774 1.1626067231458266 0.13695796021179796

1.9112122383901915 -0.9025797337755601 -1.1913932893135577 1.0182812054261752 0.9872319785999086 0.14050274513873684
2.117718875707467 -0.07167375052322902 -1.0950393481733354 1.0368937632221273 1.171123717088547 0.13493977114335087
1.9112122383901915 -0.9025797337755601 -1.1913932893135577 1.0182812054261752 0.9872319785999086 0.14050274513873684
2.117718875707467 -0.07167375052322902 -1.0950393481733354 1.0368937632221273 1.171123717088547 0.13493977114335087
1.9112122383901915 -0.9025797337755601 -1.1913932893135577 1.0182812054261752 0.9872319785999086 0.14050274513873684
2.117718875707467 -0.07167375052322902 -1.0950393481733354 1.0368937632221273 1.171123717088547 0.13493977114335087
1.9112122383901915 -0.9025797337755601 -1.1913932893135577 1.0182812054261752 0.9872319785999086 0.14050274513873684

-1.4738633633923979 -0.7637523906615729 0.16698166788608096 0.8571193944230078 1.1918528686476941 0.14742582545432795
-2.3253766050726874 0.6208301526781327 0.16169741067104376 0.5642229581589837 0.8794647115837206 0.1337518798505371
-1.4738633633923979 -0.7637523906615729 0.16698166788608096 0.8571193944230078 1.1918528686476941 0.14742582545432795
-2.3253766050726874 0.6208301526781327 0.16169741067104376 0.5642229581589837 0.8794647115837206 0.1337518798505371
-1.4738633633923979 -0.7637523906615729 0.16698166788608096 0.8571193944230078 1.1918528686476941 0.14742582545432795
-2.3253766050726874 0.6208301526781327 0.16169741067104376 0.5642229581589837 0.8794647115837206 0.1337518798505371
-1.4738633633923979 -0.7637523906615729 0.16698166788608096 0.8571193944230078 1.1918528686476941 0.14742582545432795

1.8117466044805122 -0.9541166969590222 -2.594712306108749 0.8126352274928161 0.9838591316830382 0.14849861699657815
-2.1782178579310316 0.3848326869424 0.09548981516406875 0.8438149949666371 0.9739797256840753 0.13857145117158015
1.8117466044805122 -0.9541166969590222 -2.594712306108749 0.8126352274928161 0.9838591316830382 0.14849861699657815
-2.1782178579310316 0.3848326869424 0.09548981516406875 0.8438149949666371 0.9739797256840753 0.13857145117158015
1.8117466044805122 -0.9541166969590222 -2.594712306108749 0.8126352274928161 0.9838591316830382 0.14849861699657815
-2.1782178579310316 0.3848326869424 0.09548981516406875 0.8438149949666371 0.9739797256840753 0.13857145117158015
1.8117466044805122 -0.9541166969590222 -2.594712306108749 0.8126352274928161 0.9838591316830382 0.14849861699657815

0.8759938173449611 -0.40498592763100244 2.846916351796541 0.5926489883305462 1.0397661681708965 0.1371612984966775
2.9873086565051445 -0.024471749047541756 1.3594598734672787 0.46905114048364455 1.0870216829709256 0.14808634719486646
0.8759938173449611 -0.40498592763100244 2.846916351796541 0.5926489883305462 1.0397661681708965 0.1371612984966775
2.9873086565051445 -0.024471749047541756 1.3594598734672787 0.46905114048364455 1.0870216829709256 0.14808634719486646
0.8759938173449611 -0.40498592763100244 2.846916351796541 0.5926489883305462 1.0397661681708965 0.1371612984966775
2.9873086565051445 -0.024471749047541756 1.3594598734672787 0.46905114048364455 1.0870216829709256 0.14808634719486646
0.8759938173449611 -0.40498592763100244 2.846916351796541 0.5926489883305462 1.0397661681708965 0.1371612984966775

2.322686410072346 0.4524913309538213 2.698337192804916 0.3763776870419647 1.3553477095152258 0.13974657799909007
2.753747374640662 -0.46272158194328566 0.38540777824604855 0.5487736834185863 1.0318655509964116 0.14171131260136796
2.322686410072346 0.4524913309538213 2.698337192804916 0.3763776870419647 1.3553477095152258 0.13974657799909007
2.753747374640662 -0.46272158194328566 0.38540777824604855 0.5487736834185863 1.0318655509964116 0.14171131260136796
2.322686410072346 0.4524913309538213 2.698337192804916 0.3763776870419647 1.3553477095152258 0.13974657799909007
2.753747374640662 -0.46272158194328566 0.38540777824604855 0.5487736834185863 1.0318655509964116 0.14171131260136796
2.322686410072346 0.4524913309538213 2.698337192804916 0.3763776870419647 1.3553477095152258 0.13974657799909007

2.106287501811039 -1.3456948102385735 -0.5224874509307436 0.3505321133389003 1.269221372357618 0.1412792552351266
2.474216967961365 0.9605240893091617 1.5020353136761613 0.7245466342374342 1.4972883532227086 0.1310847541767226
2.106287501811039 -1.3456948102385735 -0.5224874509307436 0.3505321133389003 1.269221372357618 0.1412792552351266
2.474216967961365 0.9605240893091617 1.5020353136761613 0.7245466342374342 1.4972883532227086 0.1310847541767226
2.106287501811039 -1.3456948102385735 -0.5224874509307436 0.3505321133389003 1.269221372357618 0.1412792552351266
2.474216967961365 0.9605240893091617 1.5020353136761613 0.7245466342374342 1.4972883532227086 0.1310847541767226
2.106287501811039 -1.3456948102385735 -0.5224874509307436 0.3505321133389003 1.269221372357618 0.1412792552351266

1.4243544936868622 -1.2815750940122597 -1.9088963263006002 0.874826802314807 1.3472497203837 0.13305397342695865
-1.3391646814301974 0.8008996639632844 1.0341152673164336 0.9386079551609888 1.427094475015077 0.14698662748037175
1.4243544936868622 -1.2815750940122597 -1.9088963263006002 0.874826802314807 1.3472497203837 0.13305397342695865
-1.3391646814301974 0.8008996639632844 1.0341152673164336 0.9386079551609888 1.427094475015077 0.14698662748037175
1.4243544936868622 -1.2815750940122597 -1.9088963263006002 0.874826802314807 1.3472497203837 0.13305397342695865
-1.3391646814301974 0.8008996639632844 1.0341152673164336 0.9386079551609888 1.427094475015077 0.14698662748037175
1.4243544936868622 -1.2815750940122597 -1.9088963263006002 0.874826802314807 1.3472497203837 0.13305397342695865

2.7229464810586808 -0.5613336936532477 2.5352263075229287 0.8255139089147466 1.0546804703957586 0.13345370860850012
2.394793482536383 -0.2914302950499509 3.0332890840290445 1.0347053008743792 0.9391725439624325 0.14299671580017004
2.7229464810586808 -0.5613336936532477 2.5352263075229287 0.8255139089147466 1.0546804703957586 0.13345370860850012
2.394793482536383 -0.2914302950499509 3.0332890840290445 1.0347053008743792 0.9391725439624325 0.14299671580017004
2.7229464810586808 -0.5613336936532477 2.5352263075229287 0.8255139089147466 1.0546804703957586 0.13345370860850012
2.394793482536383 -0.2914302950499509 3.0332890840290445 1.0347053008743792 0.9391725439624325 0.14299671580017004
2.7229464810586808 -0.5613336936532477 2.5352263075229287 0.8255139089147466 1.0546804703957586 0.13345370860850012

-2.4860475630139884 -0.5717520477174912 -2.8667944153240925 0.9113614435677033 1.458227036001435 0.14422426882839917
2.0011658443353126 -0.24293372788173606 -0.09810485454073528 1.1699438908709472 1.330176044302736 0.1366060970171867
-2.4860475630139884 -0.5717520477174912 -2.8667944153240925 0.9113614435677033 1.458227036001435 0.14422426882839917
2.0011658443353126 -0.24293372788173606 -0.09810485454073528 1.1699438908709472 1.330176044302736 0.1366060970171867
-2.4860475630139884 -0.5717520477174912 -2.8667944153240925 0.9113614435677033 1.458227036001435 0.14422426882839917
2.0011658443353126 -0.24293372788173606 -0.09810485454073528 1.1699438908709472 1.330176044302736 0.1366060970171867
-2.4860475630139884 -0.5717520477174912 -2.8667944153240925 0.9113614435677033 1.458227036001435 0.14422426882839917

-2.3400699147568247 -0.40964888602221283 0.7293592826855521 1.1538428226277855 1.061367652539152 0.13980490312138738
1.131839123534939 -0.08441684472059582 2.3705543072155026 1.1081534652956864 0.977735206521398 0.14802066277296874
-2.3400699147568247 -0.40964888602221283 0.7293592826855521 1.1538428226277855 1.061367652539152 0.13980490312138738
1.131839123534939 -0.08441684472059582 2.3705543072155026 1.1081534652956864 0.977735206521398 0.14802066277296874
-2.3400699147568247 -0.40964888602221283 0.7293592826855521 1.1538428226277855 1.061367652539152 0.13980490312138738
1.131839123534939 -0.08441684472059582 2.3705543072155026 1.1081534652956864 0.977735206521398 0.14802066277296874
-2.3400699147568247 -0.40964888602221283 0.7293592826855521 1.1538428226277855 1.061367652539152 0.13980490312138738

1.153453545333684 0.2252379637892965 0.10508571957447932 0.5331477276731378 1.550251781341536 0.1480437265808104
1.7973913243549933 -0.5224258466303784 0.07161129228193726 0.43134787371372196 1.2371945687607278 0.14151456086874117
1.153453545333684 0.2252379637892965 0.10508571957447932 0.5331477276731378 1.550251781341536 0.1480437265808104
1.7973913243549933 -0.5224258466303784 0.07161129228193726 0.43134787371372196 1.2371945687607278 0.14151456086874117
1.153453545333684 0.2252379637892965 0.10508571957447932 0.5331477276731378 1.550251781341536 0.1480437265808104
1.7973913243549933 -0.5224258466303784 0.07161129228193726 0.43134787371372196 1.2371945687607278 0.14151456086874117
1.153453545333684 0.2252379637892965 0.10508571957447932 0.5331477276731378 1.550251781341536 0.1480437265808104

1.9059713703000583 0.05455589125929123 -0.05415392087009438 0.9352794128955251 1.4104858458631002 0.1406201618886017
2.234376664792142 -0.8502964756103476 -1.2595745513268248 0.6245384523222819 1.488382454069171 0.1373051529618693
1.9059713703000583 0.05455589125929123 -0.05415392087009438 0.9352794128955251 1.4104858458631002 0.1406201618886017
2.234376664792142 -0.8502964756103476 -1.2595745513268248 0.6245384523222819 1.488382454069171 0.1373051529618693
1.9059713703000583 0.05455589125929123 -0.05415392087009438 0.9352794128955251 1.4104858458631002 0.1406201618886017
2.234376664792142 -0.8502964756103476 -1.2595745513268248 0.6245384523222819 1.488382454069171 0.1373051529618693
1.9059713703000583 0.05455589125929123 -0.05415392087009438 0.9352794128955251 1.4104858458631002 0.1406201618886017

1.1132514727260456 0.47331314641132377 2.1808646708699237 0.8495439944308887 1.0101188046682397 0.1364697794088589
-2.532172443781581 0.6115819773026755 -0.6508310189127068 0.6877361765936795 1.051156309459349 0.1498561191716624
1.1132514727260456 0.47331314641132377 2.1808646708699237 0.8495439944308887 1.0101188046682397 0.1364697794088589
-2.532172443781581 0.6115819773026755 -0.6508310189127068 0.6877361765936795 1.051156309459349 0.1498561191716624
1.1132514727260456 0.47331314641132377 2.1808646708699237 0.8495439944308887 1.0101188046682397 0.1364697794088589
-2.532172443781581 0.6115819773026755 -0.6508310189127068 0.6877361765936795 1.051156309459349 0.1498561191716624
1.1132514727260456 0.47331314641132377 2.1808646708699237 0.8495439944308887 1.0101188046682397 0.1364697794088589

2.9199112581486797 -0.9866358661168492 -0.9216178188691794 0.6688771820353387 1.3472678371663886 0.13036874334903892
2.0813728395736635 0.42265275865088014 1.221379473532747 0.9421301363080675 1.5086007287832355 0.13461330312637546
2.9199112581486797 -0.9866358661168492 -0.9216178188691794 0.6688771820353387 1.3472678371663886 0.13036874334903892
2.0813728395736635 0.42265275865088014 1.221379473532747 0.9421301363080675 1.5086007287832355 0.13461330312637546
2.9199112581486797 -0.9866358661168492 -0.9216178188691794 0.6688771820353387 1.3472678371663886 0.13036874334903892
2.0813728395736635 0.42265275865088014 1.221379473532747 0.9421301363080675 1.5086007287832355 0.13461330312637546
2.9199112581486797 -0.9866358661168492 -0.9216178188691794 0.6688771820353387 1.3472678371663886 0.13036874334903892

1.9806215301041792 -0.03628038753994145 2.4216466773444045 0.7695410097430049 1.1158613527082535 0.1318442929388993
2.150628481648399 0.7469968807991512 -2.8176204438680443 0.3654234620374585 1.121269533673174 0.14911654339124472
1.9806215301041792 -0.03628038753994145 2.4216466773444045 0.7695410097430049 1.1158613527082535 0.1318442929388993
2.150628481648399 0.7469968807991512 -2.8176204438680443 0.3654234620374585 1.121269533673174 0.14911654339124472
1.9806215301041792 -0.03628038753994145 2.4216466773444045 0.7695410097430049 1.1158613527082535 0.1318442929388993
2.150628481648399 0.7469968807991512 -2.8176204438680443 0.3654234620374585 1.121269533673174 0.14911654339124472
1.9806215301041792 -0.03628038753994145 2.4216466773444045 0.7695410097430049 1.1158613527082535 0.1318442929388993

2.7125957322907115 0.9098944003140653 1.4809712871401353 0.8657344241747407 1.5210445025600425 0.13680999128545054
1.9101847687253641 0.264973201732956 0.5455858003518066 0.8892411572246985 1.3704923216050586 0.1415142061019905
2.7125957322907115 0.9098944003140653 1.4809712871401353 0.8657344241747407 1.5210445025600425 0.13680999128545054
1.9101847687253641 0.264973201732956 0.5455858003518066 0.8892411572246985 1.3704923216050586 0.1415142061019905
2.7125957322907115 0.9098944003140653 1.4809712871401353 0.8657344241747407 1.5210445025600425 0.13680999128545054
1.9101847687253641 0.264973201732956 0.5455858003518066 0.8892411572246985 1.3704923216050586 0.1415142061019905
2.7125957322907115 0.9098944003140653 1.4809712871401353 0.8657344241747407 1.5210445025600425 0.13680999128545054

2.6282765555424934 0.7416373451825006 2.7266993938897848 0.4004128025828354 1.2204356016615572 0.13259014851169043
1.9870629935974156 1.39676187136894 2.3786997187566254 0.5730199635369067 1.4252186213298588 0.14386725363410433
2.6282765555424934 0.7416373451825006 2.7266993938897848 0.4004128025828354 1.2204356016615572 0.13259014851169043
1.9870629935974156 1.39676187136894 2.3786997187566254 0.5730199635369067 1.4252186213298588 0.14386725363410433
2.6282765555424934 0.7416373451825006 2.7266993938897848 0.4004128025828354 1.2204356016615572 0.13259014851169043
1.9870629935974156 1.39676187136894 2.3786997187566254 0.5730199635369067 1.4252186213298588 0.14386725363410433
2.6282765555424934 0.7416373451825006 2.7266993938897848 0.4004128025828354 1.2204356016615572 0.13259014851169043

-1.6839895617719935 0.4990782747037112 0.4405770290142691 1.078299436997961 1.4331278709867359 0.13921247732751696
-2.1715670816522437 0.568972709580238 0.7833421381845055 1.0829251283391859 1.0404799921069894 0.13200184677805915
-1.6839895617719935 0.4990782747037112 0.4405770290142691 1.078299436997961 1.4331278709867359 0.13921247732751696
-2.1715670816522437 0.568972709580238 0.7833421381845055 1.0829251283391859 1.0404799921069894 0.13200184677805915
-1.6839895617719935 0.4990782747037112 0.4405770290142691 1.078299436997961 1.4331278709867359 0.13921247732751696
-2.1715670816522437 0.568972709580238 0.7833421381845055 1.0829251283391859 1.0404799921069894 0.13200184677805915
-1.6839895617719935 0.4990782747037112 0.4405770290142691 1.078299436997961 1.4331278709867359 0.13921247732751696

0.8690894697702861 0.010034833738910814 1.0864080754335903 0.5022971550543848 1.2271039366052732 0.1422187165885656
2.2327670726221087 -0.9066528401152364 0.5989507321319536 0.544454777899567 0.9857891237926841 0.13484907663901363
0.8690894697702861 0.010034833738910814 1.0864080754335903 0.5022971550543848 1.2271039366052732 0.1422187165885656
2.2327670726221087 -0.9066528401152364 0.5989507321319536 0.544454777899567 0.9857891237926841 0.13484907663901363
0.8690894697702861 0.010034833738910814 1.0864080754335903 0.5022971550543848 1.2271039366052732 0.1422187165885656
2.2327670726221087 -0.9066528401152364 0.5989507321319536 0.544454777899567 0.9857891237926841 0.13484907663901363
0.8690894697702861 0.010034833738910814 1.0864080754335903 0.5022971550543848 1.2271039366052732 0.1422187165885656

1.7987681686368102 -0.19148470294990114 0.6842939736799549 1.05845104172035 1.4991463187763474 0.141068235123834
2.42494298899879 0.27154125050802025 -0.7755723684493383 0.837793674349618 1.596697430544508 0.13339281480896653
1.7987681686368102 -0.19148470294990114 0.6842939736799549 1.05845104172035 1.4991463187763474 0.141068235123834
2.42494298899879 0.27154125050802025 -0.7755723684493383 0.837793674349618 1.596697430544508 0.13339281480896653
1.7987681686368102 -0.19148470294990114 0.6842939736799549 1.05845104172035 1.4991463187763474 0.141068235123834
2.42494298899879 0.27154125050802025 -0.7755723684493383 0.837793674349618 1.596697430544508 0.13339281480896653
1.7987681686368102 -0.19148470294990114 0.6842939736799549 1.05845104172035 1.4991463187763474 0.141068235123834

-2.3268882890580835 0.48377576416627643 -2.177549955537232 0.3962035441490455 1.0660832678692451 0.13474685148925628
2.1463777322423905 0.6874390935460952 2.119197369748593 0.4745906816948189 1.1376257422305511 0.13484125085409407
-2.3268882890580835 0.48377576416627643 -2.177549955537232 0.3962035441490455 1.0660832678692451 0.13474685148925628
2.1463777322423905 0.6874390935460952 2.119197369748593 0.4745906816948189 1.1376257422305511 0.13484125085409407
-2.3268882890580835 0.48377576416627643 -2.177549955537232 0.3962035441490455 1.0660832678692451 0.13474685148925628
2.1463777322423905 0.6874390935460952 2.119197369748593 0.4745906816948189 1.1376257422305511 0.13484125085409407
-2.3268882890580835 0.48377576416627643 -2.177549955537232 0.3962035441490455 1.0660832678692451 0.13474685148925628

-1.5326270805258093 -0.5562422956886669 2.6147848020534945 0.7458207686849567 1.6184293747408105 0.13813648802337072
2.2164186257272123 0.6478305198456338 0.4150403591432897 0.7570639596851512 1.3586260374039685 0.1355192968765004
-1.5326270805258093 -0.5562422956886669 2.6147848020534945 0.7458207686849567 1.6184293747408105 0.13813648802337072
2.2164186257272123 0.6478305198456338 0.4150403591432897 0.7570639596851512 1.3586260374039685 0.1355192968765004
-1.5326270805258093 -0.5562422956886669 2.6147848020534945 0.7458207686849567 1.6184293747408105 0.13813648802337072
2.2164186257272123 0.6478305198456338 0.4150403591432897 0.7570639596851512 1.3586260374039685 0.1355192968765004
-1.5326270805258093 -0.5562422956886669 2.6147848020534945 0.7458207686849567 1.6184293747408105 0.13813648802337072

-1.8553205740198533 0.4449631935448434 0.4434976062484158 1.0045667576494572 1.4219598817389765 0.14761615326307556
1.7699165460993884 0.1747902093055745 -1.9048120412083605 0.9735571756454102 1.3824219216529667 0.1372005583458785
-1.8553205740198533 0.4449631935448434 0.4434976062484158 1.0045667576494572 1.4219598817389765 0.14761615326307556
1.7699165460993884 0.1747902093055745 -1.9048120412083605 0.9735571756454102 1.3824219216529667 0.1372005583458785
-1.8553205740198533 0.4449631935448434 0.4434976062484158 1.0045667576494572 1.4219598817389765 0.14761615326307556
1.7699165460993884 0.1747902093055745 -1.9048120412083605 0.9735571756454102 1.3824219216529667 0.1372005583458785
-1.8553205740198533 0.4449631935448434 0.4434976062484158 1.0045667576494572 1.4219598817389765 0.14761615326307556

-1.9852925401654802 -1.1192426161092106 1.598299670434407 0.8194687401302563 1.1122951702180717 0.13938712495043043
2.402928264813646 -0.26000851907027855 -2.261067831415789 1.1299211490870844 1.02207893698462 0.14546254598106254
-1.9852925401654802 -1.1192426161092106 1.598299670434407 0.8194687401302563 1.1122951702180717 0.13938712495043043
2.402928264813646 -0.26000851907027855 -2.261067831415789 1.1299211490870844 1.02207893698462 0.14546254598106254
-1.9852925401654802 -1.1192426161092106 1.598299670434407 0.8194687401302563 1.1122951702180717 0.13938712495043043
2.402928264813646 -0.26000851907027855 -2.261067831415789 1.1299211490870844 1.02207893698462 0.14546254598106254
-1.9852925401654802 -1.1192426161092106 1.598299670434407 0.8194687401302563 1.1122951702180717 0.13938712495043043

1.6716632803436955 -0.2466476969256872 -0.12717022695106245 0.5184970577960103 1.2635901732837371 0.1309146423593732
-1.7799745907677755 -0.8024794301581251 -3.0878180544087126 0.42304210747910453 1.2761621211524006 0.14807581347804144
1.6716632803436955 -0.2466476969256872 -0.12717022695106245 0.5184970577960103 1.2635901732837371 0.1309146423593732
-1.7799745907677755 -0.8024794301581251 -3.0878180544087126 0.42304210747910453 1.2761621211524006 0.14807581347804144
1.6716632803436955 -0.2466476969256872 -0.12717022695106245 0.5184970577960103 1.2635901732837371 0.1309146423593732
-1.7799745907677755 -0.8024794301581251 -3.0878180544087126 0.42304210747910453 1.2761621211524006 0.14807581347804144
1.6716632803436955 -0.2466476969256872 -0.12717022695106245 0.5184970577960103 1.2635901732837371 0.1309146423593732

1.8834360597699622 0.3421738066426507 3.0366822365435016 0.3387872925655942 1.279155207090558 0.1414127389696001
-1.3669989677645227 1.114287939063818 -0.5905153647861362 0.6585099066034366 1.1690521316507407 0.1440468029720259
1.8834360597699622 0.3421738066426507 3.0366822365435016 0.3387872925655942 1.279155207090558 0.1414127389696001
-1.3669989677645227 1.114287939063818 -0.5905153647861362 0.6585099066034366 1.1690521316507407 0.1440468029720259
1.8834360597699622 0.3421738066426507 3.0366822365435016 0.3387872925655942 1.279155207090558 0.1414127389696001
-1.3669989677645227 1.114287939063818 -0.5905153647861362 0.6585099066034366 1.1690521316507407 0.1440468029720259
1.8834360597699622 0.3421738066426507 3.0366822365435016 0.3387872925655942 1.279155207090558 0.1414127389696001

2.1128779450344295 0.30539899427396433 2.506570160489664 0.5649979132346765 1.3863084137000308 0.1372341647535819
2.1289229419752567 -0.6966784328617566 0.8370020460203567 0.44248304540850447 1.0702447946609701 0.13766207861372465
2.1128779450344295 0.30539899427396433 2.506570160489664 0.5649979132346765 1.3863084137000308 0.1372341647535819
2.1289229419752567 -0.6966784328617566 0.8370020460203567 0.44248304540850447 1.0702447946609701 0.13766207861372465
2.1128779450344295 0.30539899427396433 2.506570160489664 0.5649979132346765 1.3863084137000308 0.1372341647535819
2.1289229419752567 -0.6966784328617566 0.8370020460203567 0.44248304540850447 1.0702447946609701 0.13766207861372465
2.1128779450344295 0.30539899427396433 2.506570160489664 0.5649979132346765 1.3863084137000308 0.1372341647535819

1.3354577043560436 0.39880948029052277 2.076371235633593 0.6861528178405497 1.2011282359837314 0.14388743361538048
-2.428569277201325 0.5637750775931405 -1.84246217709314 0.6605209904731881 0.8349210125142181 0.14430888033107728
1.3354577043560436 0.39880948029052277 2.076371235633593 0.6861528178405497 1.2011282359837314 0.14388743361538048
-2.428569277201325 0.5637750775931405 -1.84246217709314 0.6605209904731881 0.8349210125142181 0.14430888033107728
1.3354577043560436 0.39880948029052277 2.076371235633593 0.6861528178405497 1.2011282359837314 0.14388743361538048
-2.428569277201325 0.5637750775931405 -1.84246217709314 0.6605209904731881 0.8349210125142181 0.14430888033107728
1.3354577043560436 0.39880948029052277 2.076371235633593 0.6861528178405497 1.2011282359837314 0.14388743361538048

1.7708030012464766 0.6502607526883019 1.5935244747175772 0.5702226637080664 1.1642914011971008 0.13646278060360545
2.531018430956253 -0.5693431803823933 -0.2570164148372758 0.41885906255470734 1.0008890220284772 0.14448771413007597
1.7708030012464766 0.6502607526883019 1.5935244747175772 0.5702226637080664 1.1642914011971008 0.13646278060360545
2.531018430956253 -0.5693431803823933 -0.2570164148372758 0.41885906255470734 1.0008890220284772 0.14448771413007597
1.7708030012464766 0.6502607526883019 1.5935244747175772 0.5702226637080664 1.1642914011971008 0.13646278060360545
2.531018430956253 -0.5693431803823933 -0.2570164148372758 0.41885906255470734 1.0008890220284772 0.14448771413007597
1.7708030012464766 0.6502607526883019 1.5935244747175772 0.5702226637080664 1.1642914011971008 0.13646278060360545

-2.070220938792083 -0.790714867275228 -2.6963233575303063 1.0254851382990129 1.3027199821384117 0.1483750206954638
1.2475210006427002 -0.49270105918556656 -0.07506015202419192 0.8638782161548998 1.4307352821718737 0.14262107960300793
-2.070220938792083 -0.790714867275228 -2.6963233575303063 1.0254851382990129 1.3027199821384117 0.1483750206954638
1.2475210006427002 -0.49270105918556656 -0.07506015202419192 0.8638782161548998 1.4307352821718737 0.14262107960300793
-2.070220938792083 -0.790714867275228 -2.6963233575303063 1.0254851382990129 1.3027199821384117 0.1483750206954638
1.2475210006427002 -0.49270105918556656 -0.07506015202419192 0.8638782161548998 1.4307352821718737 0.14262107960300793
-2.070220938792083 -0.790714867275228 -2.6963233575303063 1.0254851382990129 1.3027199821384117 0.1483750206954638

-2.543757983101686 -0.4518630388308797 -0.7505925561560305 0.7188776644711494 0.9210030570158206 0.13827808329541807
-2.4232616596424705 -0.4249541532037804 -0.3528627478734767 0.5060095092372847 1.0578834266841004 0.1392768505899446
-2.543757983101686 -0.4518630388308797 -0.7505925561560305 0.7188776644711494 0.9210030570158206 0.13827808329541807
-2.4232616596424705 -0.4249541532037804 -0.3528627478734767 0.5060095092372847 1.0578834266841004 0.1392768505899446
-2.543757983101686 -0.4518630388308797 -0.7505925561560305 0.7188776644711494 0.9210030570158206 0.13827808329541807
-2.4232616596424705 -0.4249541532037804 -0.3528627478734767 0.5060095092372847 1.0578834266841004 0.1392768505899446
-2.543757983101686 -0.4518630388308797 -0.7505925561560305 0.7188776644711494 0.9210030570158206 0.13827808329541807

2.8889345606637007 0.8756321052267189 -2.161373540455438 0.9952285399939871 1.0744312331429355 0.14165567636259116
-2.346481362303493 1.009858334794315 -0.8312754412227703 0.7385060706195469 1.149630005916952 0.14527650390231958
2.8889345606637007 0.8756321052267189 -2.161373540455438 0.9952285399939871 1.0744312331429355 0.14165567636259116
-2.346481362303493 1.009858334794315 -0.8312754412227703 0.7385060706195469 1.149630005916952 0.14527650390231958
2.8889345606637007 0.8756321052267189 -2.161373540455438 0.9952285399939871 1.0744312331429355 0.14165567636259116
-2.346481362303493 1.009858334794315 -0.8312754412227703 0.7385060706195469 1.149630005916952 0.14527650390231958
2.8889345606637007 0.8756321052267189 -2.161373540455438 0.9952285399939871 1.0744312331429355 0.14165567636259116

-2.45583130653152 -0.4801930639171458 -2.794835992403689 0.7568714194521585 1.54384319561719 0.14407718584785292
1.5908382495878697 -0.4084916872410355 0.18987627358170983 1.0621528275364738 1.5222840537324351 0.14477099582541278
-2.45583130653152 -0.4801930639171458 -2.794835992403689 0.7568714194521585 1.54384319561719 0.14407718584785292
1.5908382495878697 -0.4084916872410355 0.18987627358170983 1.0621528275364738 1.5222840537324351 0.14477099582541278
-2.45583130653152 -0.4801930639171458 -2.794835992403689 0.7568714194521585 1.54384319561719 0.14407718584785292
1.5908382495878697 -0.4084916872410355 0.18987627358170983 1.0621528275364738 1.5222840537324351 0.14477099582541278
-2.45583130653152 -0.4801930639171458 -2.794835992403689 0.7568714194521585 1.54384319561719 0.14407718584785292

-2.954256897161566 -0.5544267272375233 -2.3720888692519946 0.9505087060367665 1.3227926852195016 0.14608306043660468
-1.9795848740105235 0.6770992922697675 2.9033743677821846 1.1801553533129288 1.1613814568722771 0.14134310694972793
-2.954256897161566 -0.5544267272375233 -2.3720888692519946 0.9505087060367665 1.3227926852195016 0.14608306043660468
-1.9795848740105235 0.6770992922697675 2.9033743677821846 1.1801553533129288 1.1613814568722771 0.14134310694972793
-2.954256897161566 -0.5544267272375233 -2.3720888692519946 0.9505087060367665 1.3227926852195016 0.14608306043660468
-1.9795848740105235 0.6770992922697675 2.9033743677821846 1.1801553533129288 1.1613814568722771 0.14134310694972793
-2.954256897161566 -0.5544267272375233 -2.3720888692519946 0.9505087060367665 1.3227926852195016 0.14608306043660468

2.4874636728365562 -0.7769458448863229 -2.383786007048358 0.9875310277319256 1.5350819586373683 0.13899844180921178
1.9309866559042177 0.20073120933737146 -1.2827689023940083 0.7612212527905301 1.3358511509985656 0.13730801830253708
2.4874636728365562 -0.7769458448863229 -2.383786007048358 0.9875310277319256 1.5350819586373683 0.13899844180921178
1.9309866559042177 0.20073120933737146 -1.2827689023940083 0.7612212527905301 1.3358511509985656 0.13730801830253708
2.4874636728365562 -0.7769458448863229 -2.383786007048358 0.9875310277319256 1.5350819586373683 0.13899844180921178
1.9309866559042177 0.20073120933737146 -1.2827689023940083 0.7612212527905301 1.3358511509985656 0.13730801830253708
2.4874636728365562 -0.7769458448863229 -2.383786007048358 0.9875310277319256 1.5350819586373683 0.13899844180921178

1.9626817559641028 0.4467752570730976 -2.2793705879616457 0.6949652362584913 1.0932421102325671 0.13106047339767382
2.409783893716704 -0.9123394885007462 2.8067546765625537 1.0661286407267454 1.0465999071868408 0.14629168980434576
1.9626817559641028 0.4467752570730976 -2.2793705879616457 0.6949652362584913 1.0932421102325671 0.13106047339767382
2.409783893716704 -0.9123394885007462 2.8067546765625537 1.0661286407267454 1.0465999071868408 0.14629168980434576
1.9626817559641028 0.4467752570730976 -2.2793705879616457 0.6949652362584913 1.0932421102325671 0.13106047339767382
2.409783893716704 -0.9123394885007462 2.8067546765625537 1.0661286407267454 1.0465999071868408 0.14629168980434576
1.9626817559641028 0.4467752570730976 -2.2793705879616457 0.6949652362584913 1.0932421102325671 0.13106047339767382

2.18409962805267 1.1970353214940774 2.7464896757044563 0.662447352223651 1.1873026808772502 0.13250664654526653
1.5300106645980416 -0.22908710178767172 2.272541593577192 0.6985226441556451 1.1828281977562245 0.13030267085848926
2.18409962805267 1.1970353214940774 2.7464896757044563 0.662447352223651 1.1873026808772502 0.13250664654526653
1.5300106645980416 -0.22908710178767172 2.272541593577192 0.6985226441556451 1.1828281977562245 0.13030267085848926
2.18409962805267 1.1970353214940774 2.7464896757044563 0.662447352223651 1.1873026808772502 0.13250664654526653
1.5300106645980416 -0.22908710178767172 2.272541593577192 0.6985226441556451 1.1828281977562245 0.13030267085848926
2.18409962805267 1.1970353214940774 2.7464896757044563 0.662447352223651 1.1873026808772502 0.13250664654526653

-0.937117372532152 1.214315955963976 1.3070415289272361 1.0085001134004732 1.5378240457774552 0.13165328153587527
1.3715192583424805 -0.5155126536667524 -0.9761936138285492 0.8276307243096411 0.8682204119172428 0.1475248186141303
-0.937117372532152 1.214315955963976 1.3070415289272361 1.0085001134004732 1.5378240457774552 0.13165328153587527
1.3715192583424805 -0.5155126536667524 -0.9761936138285492 0.8276307243096411 0.8682204119172428 0.1475248186141303
-0.937117372532152 1.214315955963976 1.3070415289272361 1.0085001134004732 1.5378240457774552 0.13165328153587527
1.3715192583424805 -0.5155126536667524 -0.9761936138285492 0.8276307243096411 0.8682204119172428 0.1475248186141303
-0.937117372532152 1.214315955963976 1.3070415289272361 1.0085001134004732 1.5378240457774552 0.13165328153587527

2.374750285509154 -0.6221470109996082 -1.2856739033606843 0.5131336798693628 1.5983550580433654 0.14293733586509155
-1.5525273481756212 0.3911442104846152 3.0501225684243316 0.9226691920368408 1.2968927535886947 0.1322248425407011
2.374750285509154 -0.6221470109996082 -1.2856739033606843 0.5131336798693628 1.5983550580433654 0.14293733586509155
-1.5525273481756212 0.3911442104846152 3.0501225684243316 0.9226691920368408 1.2968927535886947 0.1322248425407011
2.374750285509154 -0.6221470109996082 -1.2856739033606843 0.5131336798693628 1.5983550580433654 0.14293733586509155
-1.5525273481756212 0.3911442104846152 3.0501225684243316 0.9226691920368408 1.2968927535886947 0.1322248425407011
2.374750285509154 -0.6221470109996082 -1.2856739033606843 0.5131336798693628 1.5983550580433654 0.14293733586509155

-2.738579690432239 -1.031029240083733 1.8051736247874823 0.4851082951857302 0.934259364611145 0.143116504984212
-2.5290410012812004 -0.8022260545073892 1.4076421480165244 0.5975539555076907 0.9393488166849944 0.1493892804191387
-2.738579690432239 -1.031029240083733 1.8051736247874823 0.4851082951857302 0.934259364611145 0.143116504984212
-2.5290410012812004 -0.8022260545073892 1.4076421480165244 0.5975539555076907 0.9393488166849944 0.1493892804191387
-2.738579690432239 -1.031029240083733 1.8051736247874823 0.4851082951857302 0.934259364611145 0.143116504984212
-2.5290410012812004 -0.8022260545073892 1.4076421480165244 0.5975539555076907 0.9393488166849944 0.1493892804191387
-2.738579690432239 -1.031029240083733 1.8051736247874823 0.4851082951857302 0.934259364611145 0.143116504984212

-0.14950022294472912 -0.6311193266531333 -1.8412741841261822 0.8139129185493803 0.829599813067647 0.1460460482755807
-2.243596289357701 0.2632386860967545 -0.028690247422239155 0.41994853238817165 0.9892422847697883 0.14259803125343948
-0.14950022294472912 -0.6311193266531333 -1.8412741841261822 0.8139129185493803 0.829599813067647 0.1460460482755807
-2.243596289357701 0.2632386860967545 -0.028690247422239155 0.41994853238817165 0.9892422847697883 0.14259803125343948
-0.14950022294472912 -0.6311193266531333 -1.8412741841261822 0.8139129185493803 0.829599813067647 0.1460460482755807
-2.243596289357701 0.2632386860967545 -0.028690247422239155 0.41994853238817165 0.9892422847697883 0.14259803125343948
-0.14950022294472912 -0.6311193266531333 -1.8412741841261822 0.8139129185493803 0.829599813067647 0.1460460482755807

2.552078070911761 -0.23213499166210633 2.9939165825140233 1.096048884426711 1.1748589505856755 0.1381990232903879
-2.275506978833097 0.24550020345898912 1.0079685896620076 1.0666901299617368 1.066957807097033 0.14573230332950352
2.552078070911761 -0.23213499166210633 2.9939165825140233 1.096048884426711 1.1748589505856755 0.1381990232903879
-2.275506978833097 0.24550020345898912 1.0079685896620076 1.0666901299617368 1.066957807097033 0.14573230332950352
2.552078070911761 -0.23213499166210633 2.9939165825140233 1.096048884426711 1.1748589505856755 0.1381990232903879
-2.275506978833097 0.24550020345898912 1.0079685896620076 1.0666901299617368 1.066957807097033 0.14573230332950352
2.552078070911761 -0.23213499166210633 2.9939165825140233 1.096048884426711 1.1748589505856755 0.1381990232903879

1.5779079275109331 -0.03850397203298987 -1.0799770828686912 0.8135819441943424 1.6436514049224058 0.14224375855018037
-1.50729981700282 0.4110551801839403 1.7441373186800468 0.55890579990304 1.5979374592890037 0.14915279009192725
1.5779079275109331 -0.03850397203298987 -1.0799770828686912 0.8135819441943424 1.6436514049224058 0.14224375855018037
-1.50729981700282 0.4110551801839403 1.7441373186800468 0.55890579990304 1.5979374592890037 0.14915279009192725
1.5779079275109331 -0.03850397203298987 -1.0799770828686912 0.8135819441943424 1.6436514049224058 0.14224375855018037
-1.50729981700282 0.4110551801839403 1.7441373186800468 0.55890579990304 1.5979374592890037 0.14915279009192725
1.5779079275109331 -0.03850397203298987 -1.0799770828686912 0.8135819441943424 1.6436514049224058 0.14224375855018037

1.8210132618604777 0.9915776269076662 -2.9812824019010273 0.5985285791155074 1.2139177758125612 0.14845008650657812
2.328904687289422 -0.13041509549027835 2.413529422001527 0.7787956359414065 0.8533302419838859 0.14495259652501724
1.8210132618604777 0.9915776269076662 -2.9812824019010273 0.5985285791155074 1.2139177758125612 0.14845008650657812
2.328904687289422 -0.13041509549027835 2.413529422001527 0.7787956359414065 0.8533302419838859 0.14495259652501724
1.8210132618604777 0.9915776269076662 -2.9812824019010273 0.5985285791155074 1.2139177758125612 0.14845008650657812
2.328904687289422 -0.13041509549027835 2.413529422001527 0.7787956359414065 0.8533302419838859 0.14495259652501724
1.8210132618604777 0.9915776269076662 -2.9812824019010273 0.5985285791155074 1.2139177758125612 0.14845008650657812

2.229482142882219 -0.24929893567809072 2.1810505404564684 0.7127365420844451 0.8328682007010825 0.13221142251860749
2.0694271212641575 0.40156293525575665 2.708974131860627 1.0455694096194539 0.9318499729604426 0.13299860150958376
2.229482142882219 -0.24929893567809072 2.1810505404564684 0.7127365420844451 0.8328682007010825 0.13221142251860749
2.0694271212641575 0.40156293525575665 2.708974131860627 1.0455694096194539 0.9318499729604426 0.13299860150958376
2.229482142882219 -0.24929893567809072 2.1810505404564684 0.7127365420844451 0.8328682007010825 0.13221142251860749
2.0694271212641575 0.40156293525575665 2.708974131860627 1.0455694096194539 0.9318499729604426 0.13299860150958376
2.229482142882219 -0.24929893567809072 2.1810505404564684 0.7127365420844451 0.8328682007010825 0.13221142251860749

1.78730316920539 0.35722426478540176 0.8355211662329398 0.7198434444794883 1.361248492188634 0.1337990285134889
1.6248664824735437 0.11043317790000548 1.1707020998963826 0.86521395749227 1.6002915083490368 0.1402662032054662
1.78730316920539 0.35722426478540176 0.8355211662329398 0.7198434444794883 1.361248492188634 0.1337990285134889
1.6248664824735437 0.11043317790000548 1.1707020998963826 0.86521395749227 1.6002915083490368 0.1402662032054662
1.78730316920539 0.35722426478540176 0.8355211662329398 0.7198434444794883 1.361248492188634 0.1337990285134889
1.6248664824735437 0.11043317790000548 1.1707020998963826 0.86521395749227 1.6002915083490368 0.1402662032054662
1.78730316920539 0.35722426478540176 0.8355211662329398 0.7198434444794883 1.361248492188634 0.1337990285134889

2.2007394963855913 0.5853437538690289 2.7761439956953455 0.6466933119427188 1.1771138750504835 0.13876999776231558
2.7004487232588863 0.7083416865933969 -2.645006324568491 0.44988654990306665 1.069749060167675 0.14557928840176473
2.2007394963855913 0.5853437538690289 2.7761439956953455 0.6466933119427188 1.1771138750504835 0.13876999776231558
2.7004487232588863 0.7083416865933969 -2.645006324568491 0.44988654990306665 1.069749060167675 0.14557928840176473
2.2007394963855913 0.5853437538690289 2.7761439956953455 0.6466933119427188 1.1771138750504835 0.13876999776231558
2.7004487232588863 0.7083416865933969 -2.645006324568491 0.44988654990306665 1.069749060167675 0.14557928840176473
2.2007394963855913 0.5853437538690289 2.7761439956953455 0.6466933119427188 1.1771138750504835 0.13876999776231558

1.0481732635386205 1.2328869844004415 -2.6885128225366035 0.564572417272824 0.964422776800383 0.14935722610175275
-1.7927897919961817 -1.2013928698680023 0.7062235865023597 0.9437711867188718 1.0298292209166817 0.13246701948173892
1.0481732635386205 1.2328869844004415 -2.6885128225366035 0.564572417272824 0.964422776800383 0.14935722610175275
-1.7927897919961817 -1.2013928698680023 0.7062235865023597 0.9437711867188718 1.0298292209166817 0.13246701948173892
1.0481732635386205 1.2328869844004415 -2.6885128225366035 0.564572417272824 0.964422776800383 0.14935722610175275
-1.7927897919961817 -1.2013928698680023 0.7062235865023597 0.9437711867188718 1.0298292209166817 0.13246701948173892
1.0481732635386205 1.2328869844004415 -2.6885128225366035 0.564572417272824 0.964422776800383 0.14935722610175275

-1.9206799287643659 0.2960965242399142 0.8477709897105552 0.44914490996547324 0.9470585363187864 0.14609312059395269
1.4211859310382142 -0.1965857746907942 3.135299405741978 1.070751256406738 1.2080249195866841 0.1328259131856014
-1.9206799287643659 0.2960965242399142 0.8477709897105552 0.44914490996547324 0.9470585363187864 0.14609312059395269
1.4211859310382142 -0.1965857746907942 3.135299405741978 1.070751256406738 1.2080249195866841 0.1328259131856014
-1.9206799287643659 0.2960965242399142 0.8477709897105552 0.44914490996547324 0.9470585363187864 0.14609312059395269
1.4211859310382142 -0.1965857746907942 3.135299405741978 1.070751256406738 1.2080249195866841 0.1328259131856014
-1.9206799287643659 0.2960965242399142 0.8477709897105552 0.44914490996547324 0.9470585363187864 0.14609312059395269

-2.501666477466577 -1.1217562502415104 -0.21052836877972242 0.47606027345562935 0.9639578806547532 0.13757277111722926
2.007804063418009 0.417762231905445 2.966102123235932 0.38618524958477607 1.347756524207454 0.13802465108875175
-2.501666477466577 -1.1217562502415104 -0.21052836877972242 0.47606027345562935 0.9639578806547532 0.13757277111722926
2.007804063418009 0.417762231905445 2.966102123235932 0.38618524958477607 1.347756524207454 0.13802465108875175
-2.501666477466577 -1.1217562502415104 -0.21052836877972242 0.47606027345562935 0.9639578806547532 0.13757277111722926
2.007804063418009 0.417762231905445 2.966102123235932 0.38618524958477607 1.347756524207454 0.13802465108875175
-2.501666477466577 -1.1217562502415104 -0.21052836877972242 0.47606027345562935 0.9639578806547532 0.13757277111722926

1.704045596755645 0.317436899030364 0.850050161235419 0.8911642348171993 1.4643342257358833 0.14288751108551156
1.853615141949562 -0.08335985425859233 0.782106095633114 0.9520803595711747 1.4655099814474473 0.14800635605234852
1.704045596755645 0.317436899030364 0.850050161235419 0.8911642348171993 1.4643342257358833 0.14288751108551156
1.853615141949562 -0.08335985425859233 0.782106095633114 0.9520803595711747 1.4655099814474473 0.14800635605234852
1.704045596755645 0.317436899030364 0.850050161235419 0.8911642348171993 1.4643342257358833 0.14288751108551156
1.853615141949562 -0.08335985425859233 0.782106095633114 0.9520803595711747 1.4655099814474473 0.14800635605234852
1.704045596755645 0.317436899030364 0.850050161235419 0.8911642348171993 1.4643342257358833 0.14288751108551156

1.8389028136926644 -0.8601345693587729 2.68011155319641 0.8128500955806793 1.066937533527986 0.13097439842314165
0.5629956006535997 0.26106550101679094 1.6410539570932245 0.62889818476734 0.8687830629952025 0.14771565450588228
1.8389028136926644 -0.8601345693587729 2.68011155319641 0.8128500955806793 1.066937533527986 0.13097439842314165
0.5629956006535997 0.26106550101679094 1.6410539570932245 0.62889818476734 0.8687830629952025 0.14771565450588228
1.8389028136926644 -0.8601345693587729 2.68011155319641 0.8128500955806793 1.066937533527986 0.13097439842314165
0.5629956006535997 0.26106550101679094 1.6410539570932245 0.62889818476734 0.8687830629952025 0.14771565450588228
1.8389028136926644 -0.8601345693587729 2.68011155319641 0.8128500955806793 1.066937533527986 0.13097439842314165

1.7927881924149889 -0.24342391391353224 2.9610584346908575 0.9007117930161095 0.8637956908145388 0.14539576608883725
-1.57108086021765 0.4829153911800567 -0.21473423291510144 1.0588476338323871 1.107748416080693 0.14258625791253207
1.7927881924149889 -0.24342391391353224 2.9610584346908575 0.9007117930161095 0.8637956908145388 0.14539576608883725
-1.57108086021765 0.4829153911800567 -0.21473423291510144 1.0588476338323871 1.107748416080693 0.14258625791253207
1.7927881924149889 -0.24342391391353224 2.9610584346908575 0.9007117930161095 0.8637956908145388 0.14539576608883725
-1.57108086021765 0.4829153911800567 -0.21473423291510144 1.0588476338323871 1.107748416080693 0.14258625791253207
1.7927881924149889 -0.24342391391353224 2.9610584346908575 0.9007117930161095 0.8637956908145388 0.14539576608883725

-2.322552637281833 -0.18010627670119067 0.19618144224763806 0.7254364760869723 0.8603361714950957 0.1348028189698302
-2.039039054180006 -1.1144259337860651 0.8175161657918469 0.4358655750720642 1.03031930857007 0.13552701498092828
-2.322552637281833 -0.18010627670119067 0.19618144224763806 0.7254364760869723 0.8603361714950957 0.1348028189698302
-2.039039054180006 -1.1144259337860651 0.8175161657918469 0.4358655750720642 1.03031930857007 0.13552701498092828
-2.322552637281833 -0.18010627670119067 0.19618144224763806 0.7254364760869723 0.8603361714950957 0.1348028189698302
-2.039039054180006 -1.1144259337860651 0.8175161657918469 0.4358655750720642 1.03031930857007 0.13552701498092828
-2.322552637281833 -0.18010627670119067 0.19618144224763806 0.7254364760869723 0.8603361714950957 0.1348028189698302

