0 0 0.23029214288692978 0.8440437149858264 2.030473153851108 0
0 0 1.2134389021072858 -0.3122003892848908 2.0246485019363196 0
0 0 -0.6776390098287163 1.5517627051914984 0.40647656340571114 0
0 0 -1.4023542681090206 1.5813080987135228 0.5016549952241074 0
0 0 0.9306959555205303 2.08130713700925 1.9907196522683905 0
0 0 -1.0896936196804137 2.096392930253862 2.033150432975096 0
0 0 -0.8421252406171481 1.4785249440335722 1.9800432911530976 0
0 0 -0.10310388512752344 -0.39359449997143225 2.0514109042878927 0
0 0 -0.088670051542042 1.1087150589429509 2.0064946907470147 0
0 0 -0.954821494574022 0.1864126556128266 0.4561150155513298 0
0 0 -0.5654285255980724 1.9957538031883872 0.5014635504036296 0
0 0 -1.001101100094024 0.30062805250488933 2.0158658336889856 0
0 0 0.45153004982719214 -0.5765958001031399 1.5364332734472534 0
0 0 0.08468473457021597 -0.6104938020159634 1.4960516275373843 0
0 0 -1.5694561496068433 2.100922038795126 1.6708556325147854 0
0 0 -1.0147927344745775 -0.625319267854159 0.7733568627225049 0
0 0 -0.7746276798332061 -0.5671042773558881 1.938372020933148 0
0 0 0.3245165259627165 2.1279813983641676 1.7892078220112226 0
0 0 -0.5817011047883685 2.1487748265773288 1.4140278157739272 0
0 0 -0.9512321810318379 0.5291210574568808 2.0094216666505194 0
0 0 -1.3929694672386808 2.140085312383417 1.749359360469089 0
0 0 -1.1796571862623693 -0.5772487959889541 0.4796706709339883 0
0 0 -0.494530108180262 0.9004545933972945 2.040394617242419 0
0 0 1.2703303818997842 -0.6396753312213939 0.9256538733753914 0
0 0 1.068970390034527 -0.5999912991716594 0.4845762493948057 0
0 0 0.31334031674376983 -0.3454585099444536 2.018420553699946 0
0 0 -0.3299450836980127 2.1014425695130017 1.4643005677810734 0
0 0 0.03593886557110615 -0.03229666190916758 0.4966787436285931 0
0 0 -0.49732030027933316 -0.617936563380175 0.931146072071185 0
0 0 0.840352365503314 -0.24797210214167142 1.9788397307157801 0
0 0 0.43551237836047596 1.9693045512341765 2.0156911601786156 0
0 0 -0.9746191067552293 1.7433523300158675 1.9958863703612206 0
0 0 1.3466096916960066 0.3519401739316427 1.9592422797987616 0
0 0 1.5022875098757384 -0.454574681704639 0.43285141506936664 0
0 0 0.8741816694591931 2.096617460596568 1.2129771384099894 0
0 0 0.8938253146640953 0.14335033562059718 0.491724143432524 0
0 0 -0.31543039922159966 2.063815591442334 1.1122296924069004 0
0 0 1.2396227877089276 -0.5918897263261922 1.232152722906009 0
0 0 0.2690879860466706 0.6489406517525265 0.41895864837463626 0
0 0 0.3666146289600636 -0.6432154325933399 1.3689266649201308 0
0 0 1.1713296942023206 1.057933556937696 0.47192117681964285 0
0 0 -0.5269394603680708 -0.6359558306752 1.794475806875062 0
0 0 0.8215454060809253 0.5116595005381439 1.9551101463534588 0
0 0 1.1942478194476496 2.023408060490673 0.4633179817607057 0
0 0 0.15829784689128057 1.3011323573662157 2.02531040203052 0
0 0 -1.1356992250192794 2.1260895530011776 1.7092907671885311 0
0 0 1.2949660316692326 -0.6135350286649401 1.1683721891641652 0
0 0 -0.5799623017508637 -0.5504727162286429 1.7817944447964662 0
0 0 -0.8098205412026274 -0.6304274548201849 1.890357223287203 0
0 0 0.5178426673679293 1.3774715428334103 0.43623966416274385 0
0 0 0.033284906141041626 1.272838096078194 0.4475791060745924 0
0 0 -1.2999320380528046 1.0456211923358625 2.02968798519284 0
0 0 -0.4800197509847055 2.1450592169057376 1.9957290927711575 0
0 0 -0.17265612712929324 2.070751910983433 0.9987268998836432 0
0 0 0.28217525902847473 -0.6210999309529057 1.222195685937999 0
0 0 1.0089362410663205 2.103623312570534 1.8507717800292502 0
0 0 0.08146506601639025 1.962354691724393 2.0094585360813193 0
0 0 -0.22993929219679932 -0.536213204801965 1.9568578203801479 0
0 0 -0.06426551236299693 -0.6370395034929923 1.1715625864459587 0
0 0 -0.5336013880646127 0.4148331577581992 0.4959232494502317 0
0 0 -1.1336075217175448 -0.6449097312399641 1.152785136215443 0
0 0 -1.4368892328914065 2.123505511852565 0.8975908667968886 0
0 0 -0.5294865917563008 0.26041318308169115 1.9613643829266216 0
0 0 0.7462010517538924 -0.551332006530906 0.628313914346422 0
0 0 0.4996009944010473 0.9791013814533926 2.0075720010295646 0
0 0 -1.53718126838528 0.6268493470027878 0.4971092989267273 0
0 0 1.0605684656375653 1.6964550217731162 2.0168411533404935 0
0 0 -0.40122307130249446 0.07800958681799197 0.48082033860638207 0
0 0 -0.6692927393367548 -0.5075864932088605 0.49009222404447794 0
0 0 1.408347236341633 -0.31426163400489115 1.972199251869299 0
0 0 0.18920776210722545 1.687236232988896 0.5009173252572291 0
0 0 1.3564242923303045 -0.37202884702025907 0.42725157017846915 0
0 0 -0.8441238841194044 -0.06952212193524554 0.49795853612825924 0
0 0 0.731381054234455 1.1888364744064777 0.487812698220073 0
0 0 -0.8773716912067793 0.42094473219493855 2.009059273863924 0
0 0 -1.5020928820068538 0.6154481874705156 2.034767838862339 0
0 0 -0.11938549550901856 2.054260371520833 0.9793462624742869 0
0 0 1.4872509480637044 -0.5750671174561839 1.2706188953433255 0
0 0 0.6518017219249432 1.3885374203602883 1.966173908527408 0
0 0 0.23726112076275885 0.4561392193396079 2.019292516637751 0
0 0 -0.06750486332146077 -0.626479037123008 0.4553094016149908 0
0 0 0.07533283477085351 -0.1342939575557981 2.001951942117658 0
0 0 -0.6631623818248825 -0.380049451377956 1.96586317153098 0
0 0 0.37431508367203237 -0.592782960853901 1.1520568563106361 0
0 0 -0.5158939950680663 2.124838447322082 1.1595025904863445 0
0 0 0.21957149167810663 2.0819816799351196 1.5701614354656592 0
0 0 0.5029326225050426 0.9738459494291878 0.4520646359734245 0
0 0 0.8227553012595323 2.1142482199415795 1.2287342539524815 0
0 0 -0.1314979721192504 0.25216273101755615 1.9549808325449234 0
0 0 0.8075571697865307 1.221125394480488 2.0372488158523687 0
0 0 -1.1294460158179724 -0.414454607791906 0.46149890584315467 0
0 0 -0.998346207338583 -0.5015179524290374 0.47429952378652573 0
0 0 -1.2298259888199587 1.3711155024448223 0.41963980264460776 0
0 0 -0.868440689236206 2.1119443957384503 1.4797206665832092 0
0 0 1.2310494047562126 0.8564240383379467 0.4930841224675879 0
0 0 0.4997388158931684 -0.1564921030280333 1.9882477790197908 0
0 0 0.2847702902472873 -0.5641293346546403 1.0226488947781993 0
0 0 -0.43501317215532054 1.4847639323420883 0.43707516590279505 0
0 0 0.10917257438606831 0.7659495849782185 2.022404141341039 0
0 0 -1.0393718336551387 1.8878422133965105 1.975566297530492 0
0 0 1.4425977648840247 2.120678500255086 0.6486354935271056 0
0 0 0.9584847770156477 -0.6420475549556846 1.8006417532059737 0
0 0 -0.4424629820102315 1.2355294305168558 2.0190223929822793 0
0 0 -0.13757336256211383 1.4193426415610364 2.00515382613299 0
0 0 -1.1706570624288344 -0.49744371918139074 2.0256713783142537 0
0 0 0.8916434404613773 -0.4702394184698624 2.0003441980173955 0
0 0 0.41600882671679007 -0.6470194080847966 2.051456716661544 0
0 0 -0.5597155511873477 2.0556760334001805 1.525281125450889 0
0 0 1.3547989035954124 -0.5619539211669742 1.6124580641579849 0
0 0 -1.2168028133658384 0.5240193515655693 2.0374368700970296 0
0 0 -1.4526106208189917 0.9949188909903013 2.0262313703673627 0
0 0 -0.4139483280333258 1.0373658504950614 0.4168836750073758 0
0 0 -0.7882410926671367 2.141075957502708 0.46106595752132873 0
0 0 -0.509581932396282 -0.2740852026760794 1.9989601068980423 0
0 0 1.4643587062779795 -0.5647537734364307 1.8182132800404809 0
0 0 0.8942569846896209 -0.29408837177864333 2.044959240867497 0
0 0 -0.6034313714747637 2.058252071289693 1.1641702205492392 0
0 0 0.38272641926541584 -0.2899950632244681 0.41021961772605686 0
0 0 -0.3395275234129125 1.9277243259003864 0.43375091983386127 0
0 0 -0.9101963805424877 0.17968691010000004 0.4642320905691276 0
0 0 0.7341528013690266 2.0799196311535977 0.9569286622497571 0
0 0 1.337634449807969 -0.5525536352778742 0.6042648683934423 0
0 0 -0.19048264821391947 2.067280455157441 1.8449265892757707 0
0 0 -0.7228582349152315 2.0316192902620243 1.9945507787857275 0
0 0 -1.2639463674667573 -0.3025231489252047 1.9729767630700996 0
0 0 -0.37512533256335145 -0.5583877906097836 0.4334650244605258 0
0 0 -1.4210682203406406 1.2940521369245461 0.48295006123393314 0
0 0 0.691250369711883 -0.5685624213039295 0.9572332540999071 0
0 0 -1.4991822620582769 1.8423840926318455 1.9841219688801823 0
0 0 -1.2470962754786823 1.5017843625052996 1.9962440918377475 0
0 0 -0.8248317638580477 1.3379298516427456 0.41001741467268227 0
0 0 1.3893822759878485 -0.6465697910683232 1.1845477269164535 0
0 0 0.019562533122816417 0.5843670161479875 1.9783240017227333 0
0 0 0.24831830770460428 -0.5719099996589276 1.3918128845579014 0
0 0 0.04931677938283374 -0.06812412080389962 2.007010207348905 0
0 0 0.69467609104592 1.9474672993914954 0.48138170948747294 0
0 0 0.9552634250573835 2.1033967887389666 2.023079861383126 0
0 0 -0.7292116516627913 1.5291723970592412 0.4905626194342443 0
0 0 -0.10897364536896448 0.04180782923415427 0.49480771616116803 0
0 0 -1.439049825717289 -0.62718283908341 1.5472438002924327 0
0 0 -1.4726210604622532 2.0678604498856616 0.6026656355112016 0
0 0 -0.7898875174942077 2.062783736754626 1.2749576443557271 0
0 0 -1.1653876824449125 -0.14831964518898877 0.47967450242285514 0
0 0 -0.27807453173082686 1.1205834812186732 0.49110644010149473 0
0 0 -1.3517469269005506 1.236612463855556 0.47921961657895085 0
0 0 -1.3639830155045214 -0.06630993796794082 1.997673572387705 0
0 0 1.2702352280167895 0.11899235747787695 0.4775178651118598 0
0 0 -0.2863987326758728 2.1097740558043405 0.5747399078208222 0
0 0 1.4161619773500065 2.1194522789445367 1.5658753180497207 0
0 0 -0.04482663889743077 0.3834396830146828 1.9764317348627696 0
0 0 0.037103505243067936 2.057539799493962 0.94066222849586 0
0 0 0.3588061789136856 1.5235843925614054 0.4438873094674757 0
0 0 0.7429234516962309 -0.4604549850844202 2.0031759911809193 0
0 0 -0.9638542369589027 -0.5681721517333205 0.6294128228400895 0
0 0 1.5396470065651102 0.9222332142658702 0.4077394807097353 0
0 0 0.03508412468018118 0.9539796526584983 2.045632664323061 0
0 0 -1.0626165090988988 -0.3809011751460769 2.0257628391364237 0
0 0 0.17323114430968856 0.5431739250070711 1.989297193322749 0
0 0 -0.3018480084747961 -0.4636012061097987 2.024737408511447 0
0 0 -0.24097181787072297 -0.10601471423794084 0.4332563718198006 0
0 0 0.9404749241514727 2.081773275628482 0.5991141422729769 0
0 0 0.18415428434870496 2.13240719935936 2.0298057120900337 0
0 0 -0.5020391958604216 2.0781235895809536 1.4619180195134107 0
0 0 -0.02971483408687048 2.0083040735697857 2.04643531962336 0
0 0 0.15130938192951282 1.9425968387203174 0.4490256516391655 0
0 0 -0.1116220808404067 1.1724959468217173 2.008605169974069 0
0 0 1.4912397517666345 1.7637046613967595 1.9895649120715184 0
0 0 -0.7682897269812123 0.42611422695548373 2.0306903801301535 0
0 0 -0.9099545780430588 1.002874472328412 2.0376811575588114 0
0 0 -0.4632551716867941 1.0465472543213272 0.4213074768294871 0
0 0 0.6394070789405522 0.7254578776384544 0.4625101289524869 0
0 0 -0.04119821999902373 0.6202459695188591 0.492436751712123 0
0 0 1.2188706951951556 1.5216241082443 2.038760677322657 0
0 0 0.8311461797127357 1.3375396501941323 2.0132806105648036 0
0 0 -0.47903042384895245 -0.6249496895618551 1.0083534531970104 0
0 0 1.524874145989644 2.094991059687219 1.3547587138140222 0
0 0 0.45396235350905023 -0.420033811997798 2.048032515705382 0
0 0 -0.48214537402904534 -0.636908422060005 1.9406585264222773 0
0 0 -0.15900296819171733 0.9865136658504579 2.0086757484135234 0
0 0 -0.5673271992308906 -0.607926946925258 0.8743290904531589 0
0 0 -0.7981721305093494 1.923268585828193 0.4826096137521355 0
0 0 0.14623072188772346 -0.06054059457607197 2.0243258806388162 0
0 0 -1.5079706756977156 0.636340037610639 2.0286836463471274 0
0 0 -0.11877398910527659 1.8003987866678768 0.4756257499270038 0
0 0 -0.1757156182111368 1.227461895478486 1.985369425187692 0
0 0 0.6662006405141119 1.8495348851555777 2.0339955744437925 0
0 0 -1.0941371924960912 1.5398910388893075 1.9976537559744771 0
0 0 -1.0855956668696856 -0.5708457757841476 1.8513170286634362 0
0 0 1.2226879210221946 -0.5789569685285214 1.2560030514669638 0
0 0 1.3466821989565645 0.39364930917956853 0.41182455396545214 0
0 0 -1.0650567739630556 2.0549024205149076 0.4217861537865193 0
0 0 0.49577332566987575 -0.1349988088023828 2.051839276419944 0
0 0 -0.8345016552174884 -0.6455567782105509 1.5442907491154299 0
0 0 -0.4967058076988735 0.9541226085420924 1.9692392283053728 0
0 0 1.467684396003976 -0.640314646310757 1.4029458759757742 0
0 0 -0.9866019397522126 1.1173073297002287 1.972169856559805 0
0 0 0.24214970632185184 1.6057373977514133 0.428268259358756 0
0 0 1.2149128974645764 2.0502449098254427 1.2813149623310394 0
0 0 -1.41343629115981 1.4752769740457825 0.4270834535223691 0
0 0 1.3778035243722306 -0.5359584770376218 2.0112815902213383 0
0 0 0.4956696569069856 -0.5531536851314574 1.1065281229424961 0
0 0 1.236688344300601 0.5224833698167688 1.9708902113247784 0
0 0 1.045263710425143 -0.5565210320592808 1.9371123123186984 0
0 0 -0.9030576115184321 0.25062231337438723 2.03737658834718 0
0 0 -0.5567142840594157 0.9268200964490849 2.002572457818818 0
0 0 0.5266893809065563 0.3896491818186285 2.0371719264427703 0
0 0 -0.3353463688821092 -0.22377803386354844 0.49528610558204567 0
0 0 -1.3883733290318967 1.816040641759008 2.000456845484687 0
0 0 0.799713987246577 0.7807335316877084 0.4387764084372203 0
0 0 0.3905937873927301 1.158063180362909 0.5017837141798379 0
0 0 1.551176593711928 0.33580865087266165 2.0205728336078126 0
0 0 -1.1031732378234325 0.5644924762139585 2.001524136407661 0
0 0 0.6288722554457644 -0.6172824172228126 1.1067152515908192 0
0 0 0.23508740926166571 2.0834794326767163 1.0566522045582798 0
0 0 -1.2598333057454485 -0.6029389945404451 1.6594265372408639 0
0 0 -0.5693720809113894 1.097776333659109 0.41882410386718694 0
0 0 0.041795748827017976 -0.20281519938287096 0.48606116568614455 0
0 0 0.7314329168779903 1.212545578221567 0.4153604196090215 0
0 0 -1.2119819127882008 0.926071602544013 0.4670424055614357 0
0 0 0.29365788657922853 0.26105435665255694 0.49671273776533675 0
0 0 -0.17942434081493608 -0.6093259032574543 1.418973131705184 0
0 0 0.039114999652237525 2.0752979834946985 1.5913059395652132 0
0 0 1.0612583873191155 -0.5645942895411318 0.5005939324562975 0
0 0 -0.857423652076477 0.42507756688699605 2.0048610309943413 0
0 0 -0.5367686830056586 2.1376445658021 0.5694240478551001 0
0 0 1.2223196399716025 2.1035773870570216 0.7222314073064642 0
0 0 0.04964578716018786 -0.29967762629586425 2.034734668951632 0
0 0 0.9631835835449207 0.8387999395955601 1.9981852702651404 0
0 0 -0.1267293198388164 0.4600606671776135 1.96202997101078 0
0 0 -1.5130101247412089 0.4659597750153992 0.4576755190132956 0
0 0 -1.5341786221102447 -0.08078874104348421 0.40754073574575167 0
0 0 -0.41809685167210864 -0.4959234964316994 2.0320459309187067 0
0 0 0.40941209896535957 2.1045766117011597 1.6873404781239754 0
0 0 1.5170865992714342 -0.05952975548854389 2.0142543663847077 0
0 0 1.3038108744417265 -0.48173012792189907 0.41448076619750795 0
0 0 0.39852422940440957 -0.5863822963361722 1.5237864403683972 0
0 0 0.3036834655766816 -0.5874724022438251 0.7354373799049017 0
0 0 1.3983615775763991 0.7938658684490627 0.44143516359812573 0
0 0 0.48735856896184515 0.02851895306855301 0.42414361503549924 0
0 0 0.5852277737113405 0.17813301431736517 1.977333366946839 0
0 0 -1.138014564091949 0.7804405162984449 0.48929342926676567 0
0 0 -1.3210218566523415 -0.6082256524809591 0.7661393035599752 0
0 0 1.1245068627563777 -0.5740293309642222 0.43870415027494825 0
0 0 0.13695431244876732 0.34817955422520674 1.9836979796030842 0
0 0 -1.292671628754114 0.8959698591029011 0.43723262979064714 0
0 0 -0.6608273231374503 0.7086021658491346 2.015705844779403 0
0 0 -1.127498547585156 -0.5577447863112004 1.333625466676875 0
0 0 -0.7073784874834261 0.9391912810973102 1.9856854882242252 0
0 0 0.5306086041664484 2.136606460197223 0.5294410064659564 0
0 0 -0.890103141492551 2.123946472922058 1.6079209695792676 0
0 0 1.3949748393145498 -0.5818499788221636 1.9142106958868492 0
0 0 -1.3686266573842092 1.1291674301555226 0.4765444599456593 0
0 0 -0.7131861680957959 1.8102931544951055 0.4334325566287872 0
0 0 -0.45388000418511276 0.0778466609555335 0.4372010299643131 0
0 0 0.4082250103804257 -0.5062362928135893 2.045928280078355 0
0 0 -0.11806393874860177 -0.14889377485105593 1.959347513132643 0
0 0 -0.9529155996913813 1.5392617819386551 0.4349744538809084 0
0 0 -0.09882377657893127 0.46780189227040103 0.49357621044093947 0
0 0 -0.8139914092413589 0.20798843202251727 0.4503481044845402 0
0 0 1.0547487248088143 -0.6299250369956961 1.167319410434377 0
0 0 1.3770189767541066 -0.2979699774178457 0.4481277933961356 0
0 0 -1.2943023446271638 1.9820580726582395 2.0260593509848865 0
0 0 1.4137788337402477 0.8213755458533638 0.4636663772870169 0
0 0 0.8380917486553359 0.18619159091630466 0.43606984365025825 0
0 0 1.3052034700854698 2.0596514975725038 0.4060367713083479 0
0 0 -0.20018792942712538 1.6472959012028137 0.4331642695540583 0
0 0 1.208131463308225 1.6570874746775976 0.475258473407447 0
0 0 -0.7297686652500002 2.0820377125201928 0.9444247035881412 0
0 0 0.31006992235946385 -0.06936196640148196 0.41688062356056954 0
0 0 -0.9966427014112319 -0.32169837923387923 0.4221727003220628 0
0 0 0.6696243725323887 -0.5508376017096033 1.4720516001383617 0
0 0 -0.6171735233956708 -0.1545766141885958 2.039970572665039 0
0 0 -0.39882098008051026 1.8885806101596454 1.9590632409607065 0
0 0 -0.7159742762269974 2.110557118218755 1.190781432870941 0
0 0 -1.4906572073883855 0.10603786047667152 0.4940544083918481 0
0 0 -0.886631275761894 2.108606403109997 1.7303994559888838 0
0 0 -0.5363521503594733 -0.5956680881983833 0.9414720229172913 0
0 0 -0.919133853150047 -0.20502349128710806 0.4298012641026895 0
0 0 -0.22005402101849492 1.169976113102572 1.9583311058619077 0
0 0 -1.4775583918530655 0.021671840921026253 0.42972337318290244 0
0 0 -0.08247177729855792 -0.5779939434216319 1.9064777026953759 0
0 0 0.8592212999440334 -0.578221878214614 0.6293139730976584 0
0 0 -0.6742626685616725 1.3918961093577666 1.980762568997366 0
0 0 -1.0947378456168733 -0.570714757569259 1.3903922811691531 0
0 0 1.32053115590565 2.0997870608317744 1.7397896673318234 0
0 0 -0.4617457691512077 -0.5505455591081321 0.5486597707509974 0
0 0 -0.08792750334758259 2.1305941448391854 1.4992197562736933 0
0 0 -1.4630367242416418 -0.2551616808384727 0.48711268859180734 0
0 0 -1.2816131043049803 2.0835953314893016 1.8828886350622023 0
0 0 1.2469205275538595 0.2800266819941519 0.45057294391108504 0
0 0 -1.133678135150046 -0.5138797594905331 2.019575029958856 0
0 0 0.7076767272378452 1.927548774556975 0.4343675925347914 0
0 0 -0.15733453201543002 0.1989655114512635 0.49404321862736744 0
0 0 0.10769099228251178 0.4423735342669619 0.4479496896665127 0
0 0 -0.46435516216247263 2.113426738835166 1.154499122533717 0
0 0 0.5302012757265753 0.995303383668017 0.48980170577850635 0
0 0 -1.486713949165212 1.8358869010968133 0.4259544658561816 0
0 0 -0.12711770438501246 -0.6309218758805566 1.0087638248740418 0
0 0 -0.46009115589234484 0.9053364360030429 0.4166873898346152 0
0 0 -1.2119567660197132 0.6360647034684246 1.9875709007451905 0
0 0 -0.7870207833540976 -0.5782279779738542 1.3517450641216615 0
0 0 -0.12819630777225832 2.0828170720074386 1.6047915148343417 0
0 0 -1.3637977398129966 -0.010684196100184007 1.9689906475529622 0
0 0 0.12297043360016047 -0.6225410512641274 1.9099171831496105 0
0 0 0.5423253941095867 -0.22442934495563693 1.9593584902710557 0
0 0 1.213676604554427 -0.1673249823714542 0.46287318861424565 0
0 0 1.3573124180013552 0.45179769387710866 0.49256592158968804 0
0 0 0.28080153820264653 0.7835696284838389 0.49162082364791526 0
0 0 -1.4949766445558976 2.0731765672502154 1.0133930080673674 0
0 0 -0.80778300586956 -0.4259664827680749 0.48238714786770875 0
0 0 -0.33302461613899115 2.044430528444475 1.9922287633558728 0
0 0 1.3689952016427989 2.1499267321162763 1.2751248055615907 0
0 0 0.39979411268455056 1.6347946281543402 0.4661785254016827 0
0 0 -0.6484018309366583 2.067082849561787 1.9930768974054747 0
0 0 1.0735811440063303 0.6579235637201695 1.9638023780401426 0
0 0 0.7297241073354575 -0.5767744308839124 1.0106004916701659 0
0 0 1.4977257982973633 0.6158054562034521 1.9813093347855624 0
0 0 -1.4853581896916483 0.4385721431927375 0.4512999689107632 0
0 0 0.6792847622131966 0.84230223537373 1.9582139335126918 0
0 0 0.30670914857863196 -0.6497486181828476 1.8611897108949402 0
0 0 -1.0604637212101022 -0.4378413253304265 0.46944791219911364 0
0 0 0.9272171176518991 2.121389332903583 1.9193657528043335 0
0 0 -0.6441297835642495 2.0506961838670774 2.0309118335347582 0
0 0 -0.34579142763812554 2.0997650149271263 1.1813803156366758 0
0 0 0.789735979199869 2.131000221725671 1.0135819551440348 0
0 0 -0.6943065164865689 0.5524421873867416 0.45424178657991765 0
0 0 -1.2867712654370074 -0.3293668022903371 0.48193259319628867 0
0 0 -1.5004173111558885 -0.22631038301920747 1.9826708395145478 0
0 0 0.15598606228176104 2.1337100718958615 1.8442924547779007 0
0 0 1.2473096891779867 0.9018545951441546 0.47756063981448693 0
0 0 1.3189507776404978 -0.5837895936649464 1.969219341659348 0
0 0 0.05157103915026018 0.5413374351273577 2.012269343457083 0
0 0 1.1494363849422524 2.0971575222927803 0.8857670134415102 0
0 0 -0.16854601835564598 0.9648699305714867 0.4102697448055238 0
0 0 0.37100715823507 2.043978550353616 2.038129788609254 0
0 0 1.290328712788917 1.096328204361294 0.4908362512634268 0
0 0 0.03752574865766789 -0.5623761273251504 0.653787594791754 0
0 0 0.458405317137613 0.5981105300112826 1.9606117223419122 0
0 0 0.43025714692213013 2.126418963428126 1.936029431155513 0
0 0 0.7399723193381398 0.784337975073031 1.9748814453503585 0
0 0 1.4909821467741016 2.0486605662397217 0.4132772862463434 0
0 0 0.2285569072152096 2.145119239048382 0.4803596185251747 0
0 0 0.704995748723499 1.4987270770752643 1.9840808912360497 0
0 0 -0.3119091738011941 0.8739070286247148 1.993214045806834 0
0 0 -0.05863749452431066 -0.34793077625294755 0.4274138024040913 0
0 0 -0.3108435993584222 -0.6071037473323637 1.8746743526540692 0
0 0 0.33621888072400163 -0.6225027981513485 0.8039715634171973 0
0 0 -0.4100518713371868 -0.5608994660788653 1.1700703210974281 0
0 0 0.16881127638636362 0.022548675566133602 1.9623536971776137 0
0 0 -1.2447650625776 0.6201781329247795 0.4717846074426485 0
0 0 -0.6553343206108816 1.6903969461666881 1.9903277949553875 0
0 0 1.54800173167463 2.1279892937477243 1.7575756011613366 0
0 0 -1.4035355225902353 -0.1639176119915211 2.039136246519818 0
0 0 -1.287233759960782 -0.583947844949448 1.6012450326666652 0
0 0 -0.34857887476533533 1.0378855552010389 0.40511417083589196 0
0 0 0.10869989402271929 -0.615681128300932 1.0526038254839838 0
0 0 1.3729477761295397 2.135031948130332 1.965326010805013 0
0 0 0.36985923248342556 0.8499339347305199 0.5015026469776804 0
0 0 -0.39557072816081296 -0.081398085767582 0.47078515072964033 0
0 0 0.9533335192751373 2.0945533298654104 1.3139757274222486 0
0 0 -0.588374366598736 2.140673208460662 0.47171981258843976 0
0 0 -0.8094827391216058 2.095260051982232 0.7158521015887878 0
0 0 -0.29465790205621034 -0.628797584635111 1.2988467956744603 0
0 0 1.1248301414411053 -0.5547777720710902 1.0074142963111412 0
0 0 1.5669158619349717 0.5328668708503872 1.9861425264402977 0
0 0 -0.5601478142062697 1.8530992278604173 0.44630071771268487 0
0 0 1.082852891271898 0.09547784895413547 0.46931623877022977 0
0 0 0.541814006413579 0.3110132356754792 0.44511617371536694 0
0 0 -1.5161398750805253 0.5747715825959183 2.018057592396114 0
0 0 0.6838885965528734 0.712692196321143 2.049320981549576 0
0 0 -0.08524387173836856 1.8146466356063262 0.4679243512914414 0
0 0 -1.2309787174358116 2.0600825074936715 1.4839040590665236 0
0 0 0.9890480640948138 1.4047592499990116 0.4672781193971355 0
0 0 1.1987337520799377 1.279848736261371 0.4951419787397705 0
0 0 1.1757895016273339 2.050927157527556 1.7348761641886499 0
0 0 -1.1244315572223789 -0.2440122427146849 0.48794797944537194 0
0 0 1.5181931755273053 0.26267523634200973 0.4690409106084903 0
0 0 1.243208980406933 1.403261710616825 2.02428314026492 0
0 0 -0.8420370530577332 0.9485616155879171 1.9681712219190048 0
0 0 0.8697221637752266 0.5797812589029958 2.036647138355049 0
0 0 1.3893946718750927 1.3460801580877715 1.9881371292129582 0
0 0 -0.16327905404364396 1.277679502439115 0.46561903941751337 0
0 0 0.7641540392858679 0.9857786986729618 0.4033410627401012 0
0 0 -0.2999396394729552 2.093806957923311 1.3995552806567975 0
0 0 -0.7306287558252993 2.080846144826274 0.5955847646602904 0
0 0 -1.4736285105775633 2.097105059141338 0.531816416871325 0
0 0 0.0570667973859067 2.099971670562905 2.012115845303046 0
0 0 -0.3388019069755588 -0.6135680562152903 1.1899013927639772 0
0 0 0.4333249559449981 1.6185372417368893 0.48660201642747003 0
0 0 1.1222124618637914 -0.5547886019884096 0.5452511412567091 0
0 0 0.4322197370529288 -0.5625842213997232 0.49771810609087996 0
0 0 -0.22666570316076928 1.1545362025800896 2.013494868881552 0
0 0 0.5837779987403873 -0.6419994218393024 0.7788502839437472 0
0 0 0.6320992795361478 1.0783404490916433 0.4598212469364745 0
0 0 1.0234379915468645 2.1495832644905057 1.9042271869594927 0
0 0 0.10369499481263 -0.6281127960806507 1.0787550697184933 0
0 0 -0.8297369536959676 -0.6282891342387735 1.5698956584184085 0
0 0 0.1442434782319868 -0.6306266062198216 1.4165269802435887 0
0 0 0.7397302993816957 -0.6243763597263385 1.2157196037647935 0
0 0 0.9999201342599191 -0.59166039277935 0.6179691613145906 0
0 0 -0.44614781070310294 2.080464212736759 0.48230869233291607 0
0 0 -0.9511193655348922 2.12073669888862 1.832520644968902 0
0 0 -0.0472407737915701 -0.4318573437492943 1.9548499502976482 0
0 0 -1.1168059976679248 -0.5726026045840711 1.7339529533164193 0
0 0 -1.358319847991833 1.1426300004549685 2.0417472560907655 0
0 0 0.8712564050665934 1.6358469124989756 2.024144733375076 0
0 0 -1.2437120243991373 -0.5503425591850692 0.5927779621669194 0
0 0 -0.5844925824807626 0.09957507578041369 0.44079783936189043 0
0 0 0.921667513952209 2.111347819078931 1.7230773047112964 0
0 0 -0.48327138225870825 1.8556228004371664 2.0366285068273053 0
0 0 0.7844909866260159 -0.5573465218068783 0.5330959970833619 0
0 0 0.5163566769340351 -0.1623564819647494 1.9829813179991165 0
0 0 -0.3709251674027325 1.992174262175966 0.43696882412492954 0
0 0 -0.032806406585723424 -0.6118353707159265 0.7337197761884326 0
0 0 -0.14738473509755723 2.053048879572259 1.6233044686728393 0
0 0 -0.17313188820421166 2.146547985588892 1.024425769498486 0
0 0 1.5593750253209873 -0.5735407141622764 1.0611142446991526 0
0 0 0.7663834077569422 -0.574673349149279 0.7996931147887469 0
0 0 -1.0910326243350728 -0.6328524488757128 1.0722728910061834 0
0 0 -1.269834548274948 1.8532056077320245 1.9861927416300382 0
0 0 -1.1930148935805645 -0.5542869407620266 0.909219102269307 0
0 0 1.3180574173656985 -0.6392359363690638 1.8183939793351376 0
0 0 0.9691819699361774 2.0850493920809594 1.3995230903911398 0
0 0 0.13758740450750673 -0.5696297980108718 1.3747687159175976 0
0 0 0.12923608416473042 1.4238147585967516 2.052715663235081 0
0 0 1.4885358692058341 -0.5967446107994645 1.5105615590418842 0
0 0 1.3216035089660654 0.5305837607479149 0.49903418491939644 0
0 0 -1.5066583535137639 0.7249812165410168 0.4698015534612643 0
0 0 0.6354137091265395 1.2556881271997697 2.051405646820529 0
0 0 -0.4461413794711908 2.1052549309385853 0.4884830591769883 0
0 0 0.35303074640427656 0.7630081167396539 0.4665356920911925 0
0 0 -0.6530654081892967 2.090419141840999 0.7865105703369668 0
0 0 -0.21576872813540748 1.3029298255137542 2.018218178107939 0
0 0 -0.8359888964691039 0.6631827878886836 1.975240765059535 0
0 0 -0.6320395462255768 -0.6251887419818465 0.8238752714862312 0
0 0 1.4032244020003133 -0.6132688563667894 1.5911279981542048 0
0 0 -0.22073873526500565 1.2635709341283978 2.035948924938951 0
0 0 0.8229784851408741 -0.32608874234082186 2.0137899475520378 0
0 0 -0.31873548821116904 0.8020024464458404 0.491570011253296 0
0 0 0.09652763097649841 1.4243805888840841 2.047907341163108 0
0 0 1.5194972391075803 0.5901874985418103 0.4939186139162045 0
0 0 -1.1290163829322994 1.0768944116119656 0.4786826607850395 0
0 0 1.4188834754006927 -0.264287100088767 0.40649706355233495 0
0 0 -1.1214804728683294 -0.5579510377735633 1.4563752107852341 0
0 0 0.8433392955891619 0.8455223748094782 0.46034175056230775 0
0 0 -1.008176638171225 -0.3762129640108818 1.9771257477967468 0
0 0 -0.6357579880484263 -0.060935789766242365 2.0442115527763343 0
0 0 1.2327256893251732 0.3402355531330449 0.4088633638592871 0
0 0 0.5911509806141662 2.0513148388054283 1.657112932609561 0
0 0 0.7173966423302871 -0.4537223958586334 0.4959854554212332 0
0 0 -0.8740793180543761 1.2160599611749205 0.4607005947740439 0
0 0 1.2127237749193966 -0.5839030575057853 0.7172411322234193 0
0 0 -0.4606238075297915 1.9810128603255708 2.0319593201099115 0
0 0 0.7387866045004965 2.082123347545541 1.942340384813626 0
0 0 -0.786463915455194 0.9961700942032361 0.42096429691395476 0
0 0 0.23841910419469037 1.3891952041449118 2.0528044106228496 0
0 0 -0.5220764612505797 -0.11097815487804308 0.5009999116724223 0
0 0 0.10982153782884874 0.30541240185563856 1.9722766992559084 0
0 0 0.8984758633712695 2.10835329382578 0.8113040328125384 0
0 0 -0.5126757481247586 -0.25075429962474316 0.4522302141913199 0
0 0 -0.5678311439585257 1.6654215756305784 0.4852229798925526 0
0 0 -0.12995592592782934 -0.6309875695119538 1.9914306660667649 0
0 0 1.564508749735384 -0.6075988769481557 0.7948841514008447 0
0 0 -1.471088727857576 2.0730975820835 1.3810897921699965 0
0 0 0.7084086490911159 -0.6051586472308335 0.5315641710404608 0
0 0 -0.8687368818260645 -0.5881986347728467 1.9229307494123453 0
0 0 -1.2270024178446708 -0.582995277274956 1.2433359056572755 0
0 0 1.0243033281018756 -0.5644384953380228 1.7448878309808689 0
0 0 -1.1186172413479663 1.1235279053270444 0.49387766337554573 0
0 0 1.5352044319111062 2.1415853220205197 0.5267768621621252 0
0 0 0.07593588183449262 2.0714962979573333 1.6173325300012469 0
0 0 -1.370436793858937 2.0618722508775775 0.893292285400491 0
0 0 0.02213209320525933 1.1950159408904908 0.4107081566530958 0
0 0 1.5032619194337378 2.1079747337854062 1.639837923160395 0
0 0 0.20366079922245528 -0.6045216199802754 2.04667276742732 0
0 0 0.4823703254467664 0.9684187189336915 0.4555687342636998 0
0 0 -1.191952274620357 1.7492036403787188 0.4107900608265249 0
0 0 1.4399710009629687 -0.5389780952855965 0.42872976040806887 0
0 0 0.29398066433173375 -0.5947394138713986 1.1095625446589168 0
0 0 -0.48627036851584493 0.6991964156126571 0.4667395536863038 0
0 0 0.7812447101633926 -0.10962830745262675 0.4544097394378982 0
0 0 0.15403498454497733 2.147223566406998 1.5959553030206557 0
0 0 0.5966595268287502 1.1103447044596289 0.49078041999459476 0
0 0 0.22057382935322 0.3312833059363358 0.45559454421974055 0
0 0 1.5053229629665936 2.1424678580286005 1.0398997851535614 0
0 0 0.0564395379720366 1.7719052666194484 0.49769880392172994 0
0 0 -1.492133567223932 -0.31082601102039176 0.45753188514651966 0
0 0 -0.6971440972897038 -0.5538709203737322 1.662269836010623 0
0 0 0.4124567189321571 -0.6331621522429465 1.8448214906019866 0
0 0 -0.9895467824372699 2.113572311423281 0.9964250448695221 0
0 0 -0.23692046768265662 0.19361682629508592 0.4969321293987229 0
0 0 -0.27083109047180387 1.041296125204543 0.4465989315404115 0
0 0 1.3958749639977435 1.5656586076042303 0.4042792172223053 0
0 0 0.5571477925505217 -0.6059097918118466 1.2015641106915576 0
0 0 -0.6725456114342401 2.0510961257272795 0.6462987928200666 0
0 0 0.8161387571978231 0.892575065882903 0.48104253769994876 0
0 0 0.6507452155112636 1.3395147170198811 1.9752462318869508 0
0 0 0.5284553052100294 -0.6182521579983464 1.217100072971719 0
0 0 0.6078969118573694 0.05287343592996341 0.438488209073167 0
0 0 1.0598226650257838 0.62304058175861 0.45830906434053753 0
0 0 1.0137319654278478 -0.11248265512267985 2.042357940889386 0
0 0 -1.1315813353303759 1.4640672594236703 1.9734656383786562 0
0 0 0.22758740297232993 2.1159194492418223 1.6577359464851542 0
0 0 -0.1987584140305696 0.09556865889864163 0.4426557635577396 0
0 0 -0.5194852930735907 0.5642981577301887 2.0518181791539023 0
0 0 0.18029030169781324 0.08818886292390671 0.46929063612117816 0
0 0 -0.5509031616245901 -0.014420396573881389 0.4298232813638555 0
0 0 1.5000992628837588 2.0940053546004362 1.7308463123528761 0
0 0 -0.41102242239432196 -0.062031961822536785 1.9794842076316326 0
0 0 -1.3896759312483489 -0.5854317796958246 0.742958342777359 0
0 0 -1.5406242126411214 0.4764827990661913 1.9551863786000163 0
0 0 1.172490500677287 2.054626863287776 1.0541312431788672 0
0 0 1.3777809649522625 0.3596698945626575 0.46678227801171535 0
0 0 0.33199639316200535 0.8888679183011676 0.426728936773876 0
0 0 -0.6742855573875083 1.2102217300334264 1.9758559129988194 0
0 0 -0.430581013208158 -0.5522905733962937 1.2602210134533407 0
0 0 0.24274995640831798 0.8643418774614753 0.4071972753149907 0
0 0 0.05238267023900578 2.1136850540276857 1.9525363291057194 0
0 0 -0.7797013902781114 1.462758994334832 1.982771827186777 0
0 0 -0.8864670595685794 0.42967253644213255 1.9825829288150523 0
0 0 0.2000773621405374 2.1375575060906042 1.5179113152619033 0
0 0 -1.1445661421072353 -0.6204032634933287 2.023187652197465 0
0 0 0.9275454442079916 2.0762578942971537 1.1579410975125335 0
0 0 0.8771921143816441 0.2308424994340501 1.957747361419053 0
0 0 1.3820606583212753 2.069145474868825 1.8130805035689175 0
0 0 1.5086888223803987 -0.5526266716645383 1.5783466379544084 0
0 0 1.4268653441367616 -0.2828793881665219 0.4163809367035216 0
0 0 -0.2781615931918966 -0.6128142244137769 0.9567098270705418 0
0 0 1.371452832296265 0.7615095576331572 2.0213598861007034 0
0 0 -1.5280199090464814 -0.6260247962628767 0.9026431020443848 0
0 0 1.4005080170305098 0.3633728364962425 0.4455406457526403 0
0 0 -1.4582540114821312 1.0141375247369309 0.41769884509642086 0
0 0 -0.31532997041168453 -0.5960351872625005 1.4439069239762827 0
0 0 -1.148161903735497 -0.0008614939676465649 1.9694981448010211 0
0 0 -0.021399689188088544 1.67529090168425 2.033827771233235 0
0 0 -0.12854423239424562 0.19423897217118247 0.47176371157381247 0
0 0 1.18251938245985 1.4889437792185156 0.44738183427555445 0
0 0 1.5627874102835428 2.058621023203242 1.717828165776317 0
0 0 0.7191796176981464 1.2949728692269131 0.44027755065999086 0
0 0 0.4540200321508978 -0.612957117458742 0.5054958254761581 0
0 0 0.8012792853020674 2.052357152718575 1.349807260056996 0
0 0 -1.3282730520100614 -0.5568173100926399 1.353129446000651 0
0 0 1.31531404436708 -0.45367558731836977 2.0475434946556494 0
0 0 -0.5156471873306032 -0.6353887625941312 1.3082367146619547 0
0 0 -0.2251880819228973 1.7673784152393048 0.47750432473688964 0
0 0 -0.05908290880710787 -0.41794339753022025 2.017852536812747 0
0 0 0.5605503022592573 2.0982765824633125 1.996337987998557 0
0 0 0.5856866041172761 2.1042895986921897 1.0455569762225512 0
0 0 1.236136769114109 1.7936942605720254 1.977517444948386 0
0 0 -0.5552701370582491 1.2496013519494429 0.4779113971003214 0
0 0 1.3390897375526758 2.0714857697725004 0.7324565648835875 0
0 0 -1.2449182818054605 -0.12204470659398381 0.4067379583656362 0
0 0 -0.09060519972041625 2.1035501255806643 1.3628611792337448 0
0 0 -0.427830321662775 -0.5585026494461918 1.726023417904011 0
0 0 0.9856859704329839 -0.4648541140490974 2.0405264675817536 0
0 0 -1.0832509402432025 2.132654496645757 1.928747259233396 0
0 0 -0.07148703955866575 -0.5927567246314585 1.483103001526551 0
0 0 -0.24266891460463635 2.1031052967491304 1.2011113492874779 0
0 0 -0.6091283627431975 1.2571844671032686 2.0125120559612295 0
0 0 -0.8283602829115934 -0.6206314991301543 1.767799230940851 0
0 0 1.08298850191247 0.728807603448397 2.01869313345228 0
0 0 1.1956243151378745 1.7655660934743655 0.405826218438489 0
0 0 0.2763845375685381 1.1886703101818599 0.4628112441822517 0
0 0 -0.4549185036933703 1.2478258020146404 0.4749106496893838 0
0 0 -0.7694680164580379 2.0982138165172506 1.5359421292965338 0
0 0 1.508038156745858 0.8902339026153101 0.46976490780122704 0
0 0 0.03141223560674744 1.7913266147706521 1.9739935762111256 0
0 0 0.7314914836593829 1.139971834107117 0.4082699852140155 0
0 0 1.4850432436614747 1.70091919957983 1.9905261821118003 0
0 0 -0.2831101674222276 1.38218773629916 0.4519812291497425 0
0 0 1.1498955982707466 0.4851851633284683 0.4321716426020541 0
0 0 0.9299632187622318 2.0720969429856506 0.6572405929489986 0
0 0 -1.2589136395785998 -0.17289626718413653 1.9625340144120678 0
0 0 0.37571988764222497 -0.5913586442852516 0.6742743625209939 0
0 0 0.9779361636562074 -0.5771709549671797 1.966663944145952 0
0 0 -1.1119702222257222 2.0925192901220524 0.799098474672642 0
0 0 0.9214234745589343 2.122858462696473 1.9911369031276085 0
0 0 -0.9875329568121104 1.1664960677809768 0.4935653367385717 0
0 0 -0.008855588464472763 0.218313132401606 1.9740569490664672 0
0 0 1.2629402753394685 0.575634600797799 0.42793596119516586 0
0 0 -0.5485329076586518 -0.556939118676099 1.7767056864429178 0
0 0 1.284366881426815 0.30805344142931446 0.4669059407408398 0
0 0 0.13073245012444334 -0.6231550004464754 1.9530893329415064 0
0 0 -1.10572916179726 2.0550151458731305 1.63822990412461 0
0 0 -0.07499943483942895 1.3842518048176453 1.9602175771578114 0
0 0 -1.4517096361356063 -0.5554422510856014 0.538808640948013 0
0 0 -0.7194626174198763 0.9070949597808549 2.0279329242846025 0
0 0 0.35116401763565896 2.1241393270670548 1.8740840963436567 0
0 0 -1.2073091171931976 1.8703410855704246 0.43891330022990227 0
0 0 -0.15009457574347218 -0.5089752533053404 2.033783698708664 0
0 0 -0.2642048205205916 -0.6421986648983835 1.5691039185957956 0
0 0 -0.44636605677902663 1.3947510629373239 0.44450190216780494 0
0 0 1.1218727184674182 2.1231880290108944 1.9860512919271098 0
0 0 -0.8679201853281026 -0.6331098649605729 0.42785017004850456 0
0 0 0.5408978760427958 -0.6334903644242751 0.9397462623233369 0
0 0 1.5144051336592015 -0.5809388970687115 0.4855122872781412 0
0 0 -0.016928573280468484 2.135479608004477 0.44721596687919885 0
0 0 -1.5108616130893051 1.6701182900661247 0.46049389355739034 0
0 0 1.2229644432030438 -0.6137500729494001 0.644872394445982 0
0 0 1.3948218364026252 1.1905086621214096 1.9723072301929498 0
0 0 -0.5954449971988967 0.7768340798081483 2.0260123467689946 0
0 0 -0.22276818627118988 2.1063401832144493 0.5323449678085193 0
0 0 -0.4994098703626082 1.769326202786995 0.4851946506664152 0
0 0 1.0155446283953857 2.1376722247851836 1.182462689447318 0
0 0 -0.5847755340501181 2.0797948552141445 1.3315000108054864 0
0 0 0.3665637299066715 0.609975274768557 2.0325263373681075 0
0 0 -0.9448051554498547 1.5550131182660938 2.0162747683686355 0
0 0 0.7825646999404503 1.636035886773884 0.4452644836808449 0
0 0 -1.5682050141945674 -0.5763062283992293 0.9133269795510841 0
0 0 0.6869722987367033 0.05884158998344868 1.9739965271056072 0
0 0 0.6562773521816636 2.0752604574459097 2.0331771580351763 0
0 0 -1.0825134900186892 2.102940285419013 1.5364921558940825 0
0 0 -1.4160738322905395 -0.5657333685030903 0.7547519307397834 0
0 0 1.4816376201872261 0.06254937635055002 1.9653446182115784 0
0 0 -0.5940718200224921 -0.6066372942436173 1.9603974514087992 0
0 0 -0.4848888704641412 -0.632906346066336 1.381270558165594 0
0 0 -0.4317839917476274 2.0975640470796675 1.7802717189705688 0
0 0 0.6209833877297979 -0.6141893490389276 1.6224157944845679 0
0 0 0.7829811594370661 -0.45312123865628995 2.0398216330534584 0
0 0 1.2481142589876812 2.0723020470981686 1.7336008869268937 0
0 0 0.4948371900528108 0.07766940756322449 0.4286426922640094 0
0 0 0.32307830626594813 2.1428879311207396 1.0583198768125046 0
0 0 -0.6661685743672168 -0.3650695350778548 2.0137184521875073 0
0 0 -1.3085358886703906 0.8984244576627336 0.4650037491178195 0
0 0 -0.33967580437570266 -0.4819991074697012 0.4594068418790035 0
0 0 -0.8825954183991345 1.2229455014467747 0.4904952139779095 0
0 0 -0.2029614759060696 2.0844463929557993 1.479234228688054 0
0 0 -0.1233614286883189 -0.31331851022596213 2.002906147909266 0
0 0 -1.3724614768179069 -0.14238612156144304 0.4070569814695464 0
0 0 0.226629749615475 -0.4714880358755895 2.014194227791534 0
0 0 -1.0821945088300466 1.7342468786867642 1.962165931376541 0
0 0 0.24008475288286446 0.01675904372310577 0.43232459622323693 0
0 0 0.579421671663173 0.09927266724426553 2.0155001141575486 0
0 0 -0.8038424908166976 0.17012342425751925 1.9592309464520339 0
0 0 -0.3819542587244795 2.148993780381401 1.426522590164086 0
0 0 -0.8833953584936202 2.132236993408247 0.7076135096711689 0
0 0 -1.4003481812469283 -0.2540254912557225 2.00766796448367 0
0 0 -1.0838933557935722 -0.5982792296182584 0.5352726896143474 0
0 0 -0.998867224205098 1.2665204665504277 2.0512832404478245 0
0 0 -0.1888547102198057 2.148568537680786 0.4886727817935411 0
0 0 -0.15122887657232664 1.9665255953089382 2.001185236779803 0
0 0 0.6882587574418344 -0.5634760770049807 0.5205926176068274 0
0 0 1.379914930025453 -0.6435118976422212 2.0103018499820777 0
0 0 -1.4449785612893444 0.10306242375423391 0.4961785449314128 0
0 0 0.6731234736143668 0.9296221466268781 0.444758657998764 0
0 0 -0.6501342008940066 -0.19443557708706805 0.41944543841366444 0
0 0 -0.21225336857680732 1.2894552955687506 0.45080259138321366 0
0 0 -0.6075119334560057 -0.6326378598166393 1.6098419310221055 0
0 0 -0.9929185369924791 -0.04096909910622337 0.4660461235854336 0
0 0 -0.5973638941070253 0.4361795466031618 1.975392848127513 0
0 0 1.4839002193842097 1.6418802250295166 1.9786641036382377 0
0 0 -0.19908496541619103 1.9193291478674384 0.42942422018976 0
0 0 0.07595158972909477 1.3032699036612387 2.046599502100462 0
0 0 0.45608218903236164 0.20550347968155425 1.9685482440887938 0
0 0 -1.0859492673427968 1.9381726489099071 2.0008727797705386 0
0 0 -0.7425451896083497 0.37891121939140204 2.049935423181639 0
0 0 -1.4921047100211946 1.628150611651982 0.4688027908231799 0
0 0 1.439353917233444 0.3461827951622798 2.017619020372992 0
0 0 0.5001575759473535 -0.606533722006513 0.48392499478584894 0
0 0 -1.3550643002782436 -0.6382637817438905 1.7576440186625035 0
0 0 0.23622292677698997 0.8112802748566204 2.0065606302981136 0
0 0 -0.24698974551751118 2.0751536346130255 0.6979039526649574 0
0 0 -0.5336495256426776 -0.46356626646301624 0.4687820039760544 0
0 0 -0.8731952065050593 2.073711305456402 0.5785020195994285 0
0 0 0.018717290191824665 -0.58085141478768 1.3175426028848527 0
0 0 -0.5732234334824755 1.2145828151076532 2.0075840000870064 0
0 0 1.4326423794241783 2.1199232990007855 1.5336984174912769 0
0 0 1.1508858599285756 2.1371456669663838 1.5674558716474831 0
0 0 -0.3327264846306479 1.7037066440623876 2.038320936055955 0
0 0 0.17274432104830573 0.4537712113166352 0.4217137175537792 0
0 0 -0.5991544574745501 2.05830823697365 1.7492674966738508 0
0 0 -0.7048521753221902 1.2448138402980091 0.4330057639468514 0
0 0 -0.18816371857467495 0.5834605770240098 0.4663620564958588 0
0 0 0.251121949032413 -0.5693776932190517 1.6617066238519185 0
0 0 0.43007072456006545 0.8752601121316794 0.4353722289518832 0
0 0 0.8581755057955229 1.1857993310858534 0.49023617291823507 0
0 0 1.1446854218059364 -0.5877734995957367 1.8481465282553524 0
0 0 1.130236041850142 2.125635538113454 0.6070961801648493 0
0 0 1.1146837014017699 1.059126460803864 1.9617959804067917 0
0 0 0.6286927361431407 -0.14545450581853459 2.0268976244129786 0
0 0 -0.7108483378081474 -0.12792049949446493 1.9963252149685449 0
0 0 0.08935546870987787 2.0822691296606264 0.9522052326846928 0
0 0 1.0019176138185606 -0.6465170018836779 0.5900315580465678 0
0 0 -0.6670179393320472 2.0914710768795164 0.5356290076593782 0
0 0 1.377251751226277 1.9626897112768182 0.4121223550411751 0
0 0 -0.231308695886576 -0.1478450508310396 1.9554146979335212 0
0 0 1.265842454043883 1.6635900744889007 2.042612818788229 0
0 0 -1.1218465118278123 2.0578753639751444 0.7395124627462505 0
0 0 -0.2750483636664742 0.9286438931947516 2.0110048856854528 0
0 0 -0.42950625682910104 1.9985297372089945 0.41098168150390824 0
0 0 0.9727921421183905 -0.5561699934028594 0.753853516792022 0
0 0 -0.7501885578989297 1.318923433455153 0.49828475129349525 0
0 0 -1.2771576871254127 -0.5546026192089519 1.803293492778097 0
0 0 -1.5495675227045709 1.5791143628856987 0.4944837482560752 0
0 0 -1.2098354210715385 1.7924501925068241 2.0329383527922023 0
0 0 1.3567046763404282 -0.5893768908030634 0.8984853212660986 0
0 0 1.308307471088344 1.734581447419474 0.4133990862502641 0
0 0 -0.3249238990373533 0.8454901158502048 0.45259060843477383 0
0 0 1.1560301681565095 0.5532166552078661 1.9561088087216543 0
0 0 0.5429021352545833 -0.39299701752167704 2.0340496326091593 0
0 0 -1.2433389472478007 0.007588428474022191 0.49241765992024444 0
0 0 -0.6802845654400862 0.9069798390620065 1.9667443009701837 0
0 0 0.7272155572671011 -0.603957963189925 1.2053054331263964 0
0 0 0.08396555239882564 2.107874199669581 0.7234573026045328 0
0 0 -0.7839301765000845 0.7182766204937698 0.43432253959481526 0
0 0 -1.1642066041218035 2.091560730140346 1.9472792070898757 0
0 0 -0.06323402160081582 0.2852374476976822 2.018369962195471 0
0 0 -0.305989816023045 -0.5533303290101903 1.4988816503953093 0
0 0 -0.7517397662523541 2.137163909047567 1.554509634298098 0
0 0 1.0586061100447814 1.4868653838182186 2.02143430919956 0
0 0 0.645614353751049 -0.5593821702241695 1.375804258264008 0
0 0 1.176450996158093 -0.1523514847921449 2.0356361852080513 0
0 0 1.4167666171235398 2.082306208402703 1.6213624852638493 0
0 0 -1.437646446481895 2.0866991176738803 0.4369882129550203 0
0 0 -0.5542883982040094 1.6265722965764773 0.48598563993742305 0
0 0 -0.44554551262239195 -0.05537271648478792 0.4679209032323245 0
0 0 0.0915791619396511 1.1608625271480553 2.034128553401307 0
0 0 -1.5298461701674206 2.112215527597561 1.1936839871851785 0
0 0 1.4471144505397446 0.10632129649571531 2.022626563355307 0
0 0 0.6627659654349909 -0.5645978882795015 1.5690932278457714 0
0 0 -0.08872469520564552 1.3172952068681516 2.0043311790671066 0
0 0 -1.0138862351098523 0.000443174201400387 0.43203815688411495 0
0 0 0.6516550622780688 -0.47231078163078144 2.03409405572288 0
0 0 0.3070768902626404 0.14993356242919575 2.0319864941423846 0
0 0 -0.5485470589655512 2.106821062183661 1.6273977298839741 0
0 0 0.7545933520241106 0.9394017218744422 0.454539953223958 0
0 0 0.2791633979161554 2.003555981765172 0.4622800400107717 0
0 0 -0.09505298948039331 -0.5301644894550159 1.9643838021761337 0
0 0 0.3307144086171854 0.49321648934381623 0.42572254795028 0
0 0 1.279163350368147 0.5351646339039171 1.9684923283928994 0
0 0 0.3294104539354261 -0.21939741689076664 0.4837100202764132 0
0 0 0.8734920048235466 -0.06830718294523241 0.4305277001534088 0
0 0 0.22271449195508164 2.145946450240424 1.8580504438383034 0
0 0 -0.5029112958811708 2.1434687045398055 1.1570796833864079 0
0 0 -0.9486083638784271 -0.11949556772462633 1.953958597478806 0
0 0 -1.2704596212233858 2.0747127447603617 2.0391541713359715 0
0 0 -0.7849590737678329 -0.03554789240120093 0.4991290299484562 0
0 0 -1.2564334811865883 -0.3147152857896731 2.006308055280214 0
0 0 0.779528636122798 0.5683054547786919 0.48647529747381635 0
0 0 1.2428411384343274 -0.5794741258469971 1.577851436916632 0
0 0 0.605483397832193 1.2223318673989882 2.01065848518654 0
0 0 0.36858780155988335 0.6674986769967972 1.9964609975596006 0
0 0 -1.2921995832273931 -0.24228765787159212 0.4565388841599013 0
0 0 -1.5498330699279603 1.8539925798759789 0.47607552596953806 0
0 0 -1.3275982951404406 1.434662334062943 0.47184495630483525 0
0 0 0.19242753352006603 2.1162679315482924 1.8217891642005999 0
0 0 -1.5395320077423802 -0.5753767456388221 1.9491737837584573 0
0 0 1.4478204623186182 2.105021946303255 2.0310630005559807 0
0 0 -0.23046050886639158 2.1019608216524537 1.9139897041216258 0
0 0 0.7496105548488838 1.193809284985423 0.44175312560150815 0
0 0 -0.08103676599871568 1.295184438442025 0.4557287699503003 0
0 0 1.5653798944454058 -0.6221184429229203 0.9416695591881642 0
0 0 0.9994010161246742 0.021770792716190646 0.42539239305100396 0
0 0 -1.263912148306082 0.13757600790092317 0.4872161312882506 0
0 0 -0.5354132195102028 1.599991971042409 0.4536326316253553 0
0 0 0.6769918531666534 -0.5996158987993438 1.874037375785777 0
0 0 0.18197956826441364 0.08924619370841047 1.9949686210245117 0
0 0 0.2000144588592221 0.06044499896596056 2.0033698761899372 0
0 0 -0.725078561799342 -0.5556665683457169 1.0785515123975289 0
0 0 -0.3307451042204297 2.1147361519782706 0.7648029615065204 0
0 0 -0.6341998736292771 2.130390208950138 1.6154248862134108 0
0 0 1.1903835149359434 -0.6328970942349896 1.408939706292341 0
0 0 0.7865133734826943 0.48737833914986517 2.029519224554463 0
0 0 -0.024944733875649883 1.313404752174572 1.9866697608434043 0
0 0 0.8190886154556445 2.0592899872951067 0.5761718531926365 0
0 0 -1.086964544717999 1.7896332860335804 0.43079238238476325 0
0 0 -1.2675178554778797 1.7982769105405192 2.0391899919774037 0
0 0 0.08686646674671139 -0.4257932662213655 2.0463653855011374 0
0 0 1.4040202923335432 2.0806345948263476 1.3739795391183023 0
0 0 -1.2531718888093835 2.12171249847793 1.3392263693587925 0
0 0 -1.322696560121344 2.119025049643115 0.470279873604869 0
0 0 0.7614524953133057 1.6305544038796629 0.4892955631295428 0
0 0 -0.2892951569918507 2.0595914794493697 0.8604353319981505 0
0 0 -1.010291114958149 0.3523702365095074 0.4874900837811109 0
0 0 -0.9507754006672705 1.4170867609860736 0.4617023800640545 0
0 0 -0.5160526977454649 -0.6174006808601569 0.917212946710091 0
0 0 0.03568386632622378 0.5504847477439401 1.9821995226335813 0
0 0 -0.010462739039580171 2.1094605414107455 1.68305622768201 0
0 0 -1.4475747058073047 -0.6033099220047582 0.7775930721996891 0
0 0 1.389208596439763 -0.641949835609765 0.7206713919874772 0
0 0 0.6667040951083396 1.5445929281658841 0.4894789967100458 0
0 0 -0.9818158589377347 0.12628125377074484 1.9558840221781546 0
0 0 -1.400072495121829 -0.5663684007975434 1.1742632839254155 0
0 0 1.039338375398088 1.7521362284317024 0.44929867344974805 0
0 0 -0.6759930957752909 2.098266280883254 0.9290301228825703 0
0 0 0.7346647994750413 -0.6129277621822307 0.8078551980121813 0
0 0 -0.4118834475271411 0.155073947028031 0.42694355663079087 0
0 0 -1.0107123150663133 -0.01353062781882075 1.9873157843339682 0
0 0 -1.41973090981445 0.6398653239719596 0.41205659303838815 0
0 0 -0.9239490357004996 -0.6246006024713084 1.6684240002710837 0
0 0 -0.4323770037404542 2.1197218786379155 1.092480600371705 0
0 0 0.8418214289833661 2.0868095149384316 2.0127171463806937 0
0 0 -0.11725821647390666 2.12116269539961 1.8449800414618658 0
0 0 -0.1268751970722768 -0.22202358399599542 0.4103671699447796 0
0 0 0.5728866061212305 -0.5337503921230966 1.9728079494161528 0
0 0 -0.8201392778432829 0.6975363831200727 2.006426625570141 0
0 0 1.3370172710848247 1.415033085239017 0.43954628427806364 0
0 0 1.420503505880971 -0.19921500929426705 1.9628994984994264 0
0 0 1.1830790188310796 0.1720626112815924 1.9587493608923796 0
0 0 -0.685227418255685 2.067008011855896 1.612933738125299 0
0 0 0.8738254391036415 0.2603207543048739 0.4501750803387261 0
0 0 -0.8442294087295817 2.142771510740718 0.41471392626388637 0
0 0 0.6212155371151509 -0.5556112803648003 0.7767383158340151 0
0 0 -0.7909587695337849 -0.5610778136692525 0.7260250915425863 0
0 0 -0.6189556451440368 2.0975417742133087 0.42929699881822414 0
0 0 -0.506480095655595 -0.56268853429627 0.7909755880160662 0
0 0 -1.4405153430164654 0.45054143259422275 0.482091667005236 0
0 0 1.1765792977330234 0.8736209017689947 0.42940746942644037 0
0 0 0.8766021273059978 0.19372187113643213 1.9652487180394935 0
0 0 1.3715941431436671 1.5112067586158224 1.9615273762119438 0
0 0 -0.17469556410975606 0.06954373926541824 2.030435475760286 0
0 0 0.30333073100552554 1.7641834885053516 2.0307705318715374 0
0 0 -1.3015894756754767 2.0531416081431875 1.76891626252793 0
0 0 1.2066441010018178 0.8387997445697284 0.4056006996090693 0
0 0 1.090756106191606 0.10567555018882469 0.4722987623759053 0
0 0 1.4161952439372483 0.6154623314075007 0.47551033981880453 0
0 0 -1.1542778603485169 -0.3136479330499493 0.4578558666266791 0
0 0 -0.3528182925161496 -0.36955405960859533 1.9891528379850953 0
0 0 -0.1466395344324647 0.7344844147060017 2.0429304614745982 0
0 0 -1.5136639366226767 0.475882067109634 0.4239798886200198 0
0 0 0.8521334153760431 0.5769295894237971 0.4526667052565848 0
0 0 0.4185864472922529 0.46486355854434747 1.9845438412155587 0
0 0 -0.8506516216654132 0.16706838378405398 2.0476304109184067 0
0 0 -0.9452422325238181 -0.13965139848376984 2.000107334794377 0
0 0 1.3756480865845178 -0.22228578760286788 0.49480754241140457 0
0 0 -1.4937929109135233 0.8586229792450999 0.4741781145008004 0
0 0 1.4066687160872466 -0.6222025790471217 1.1266217013217037 0
0 0 1.5480723664951581 -0.6076160841594291 1.529477050652195 0
0 0 -0.6455182239847902 -0.5836528695256438 0.9638332642298907 0
0 0 -1.3521911882635238 2.0927923677323133 1.8338120151000723 0
0 0 0.3666402347151574 -0.23124832831841258 1.9598280432623043 0
0 0 -1.2109996354547001 1.8759631429329853 0.4760789611867928 0
0 0 0.5452458327961236 2.072570226074182 1.7273891235452858 0
0 0 -0.2736690589127655 2.106006196312416 0.783404509143625 0
0 0 -0.0040747589935987705 1.3728213669609852 1.9942033635106247 0
0 0 1.547076985011234 1.32540472723387 0.434548360908791 0
0 0 -0.5611923372528687 -0.6038248131133703 1.001629911068161 0
0 0 -0.10683403558161153 2.1264470890969784 0.9345387184534972 0
0 0 0.13826429277416485 -0.5949204369206806 1.304890795033842 0
0 0 -0.21720869395991893 -0.6453886812935736 0.7357950296658698 0
0 0 -0.04483696876441834 0.1908076771559336 0.49146801336180546 0
0 0 0.5943039629278499 -0.5654814686639795 1.713147848447456 0
0 0 -0.7832201153147335 2.136705923901378 0.7277261567725694 0
0 0 1.2448015775206 1.0848566254551113 1.9990238826248725 0
0 0 -0.03900724535616895 0.3985503452508583 1.9634357207625144 0
0 0 1.1079380129936056 -0.528927515521241 1.9707822741616479 0
0 0 -0.7677874966989244 1.9174434795378945 1.9961506726025577 0
0 0 0.6433660490331983 2.1407139501952557 0.7833493620940583 0
0 0 0.679502165735467 2.07307278208173 1.4351178386884853 0
0 0 -0.4049510933499929 0.22173183135829966 0.46534990024316525 0
0 0 -0.39014898166454337 2.0708965771002408 0.8574393576026074 0
0 0 1.350364105947357 2.113108584936399 0.724155320635816 0
0 0 -0.9879327486498332 0.9350116446253671 0.4671450696096201 0
0 0 0.0734561976505852 0.40786688920850533 2.012150434479019 0
0 0 0.6902736577667734 1.1863978786303297 2.0323808666724745 0
0 0 -0.6595355097787454 -0.5674148725803503 1.504805005755414 0
0 0 0.5351876920193872 0.6836937523405229 1.9816294033925725 0
0 0 -0.994902812608898 0.27830848540580755 1.9956572505237844 0
0 0 0.8475768265748225 1.0636013486604714 0.47953746615726156 0
0 0 -1.1517000317273762 -0.6418983825847544 0.6513696998711334 0
0 0 1.0165338776277055 -0.5504368839439255 2.0314807675627637 0
0 0 1.2439274981988695 1.7632034587856686 2.0504641852811676 0
0 0 -1.071521890449081 1.0575351917818245 2.024171112905247 0
0 0 1.4599123757515056 0.8803408465090348 1.9678525431038496 0
0 0 1.5530310861359005 2.101616567081101 1.8609416972011876 0
0 0 0.8349428938578849 0.9886384295876205 1.9876368885503761 0
0 0 0.22042635997015858 -0.3977710719232965 1.968180239205311 0
0 0 -1.0437802698048628 1.5054945402392417 1.975961097501907 0
0 0 -1.0519509007173244 0.7687889387311648 2.0523644820896187 0
0 0 -0.7608356858187862 0.2260641548199811 1.9840925115726251 0
0 0 -0.32314881094447245 0.23136758274199443 1.97818055280404 0
0 0 -1.5294333613952382 -0.6183678944509396 0.7342798323926105 0
0 0 0.09616145221708727 0.3364361521458493 2.0354246897685133 0
0 0 -1.029497391214276 1.705615242205983 0.5027106449047667 0
0 0 -0.14304548175865817 1.750704419873869 0.47286925254160483 0
0 0 -0.3484112130187724 0.207973288977374 1.9758196995989101 0
0 0 -0.6781016249155991 -0.34494652379758395 0.4348735513861006 0
0 0 1.2094095184211278 2.1290643795627426 1.806633046617213 0
0 0 -0.7902863452143924 2.105591281774382 0.7571535262735478 0
0 0 -0.6878627810394206 0.5676106670572096 2.0263137298357203 0
0 0 -0.6195060337004631 2.09377368086182 1.9342515762739043 0
0 0 1.2667162519908937 0.9370597335315469 1.9917142460129869 0
0 0 1.5360952449423277 -0.5966199889013781 0.8320783403394045 0
0 0 -0.463945240717367 2.132947680499175 0.41162619612934215 0
0 0 -1.3290935546808793 -0.6245242516199612 0.7306123276935825 0
0 0 -0.49062696370378744 0.950585654494394 2.040972906616796 0
0 0 -0.7897928748944109 -0.37108515916776685 0.4726094107536031 0
0 0 -0.3376536205123113 2.0649265230874128 1.7225370467548362 0
0 0 0.1963555784167399 0.0030037100208614165 1.9817428359127343 0
0 0 1.1070434827826787 -0.6053115730692697 0.4080343904736452 0
0 0 0.14459362987037516 1.2515211871094523 0.46885042935622867 0
0 0 0.5619385504841392 0.6787620002533787 0.4362058468904444 0
0 0 1.3459866693232159 2.135213826151011 0.45450109321736154 0
0 0 -1.2859351610203626 0.618674490199989 0.42929174663242475 0
0 0 -0.37368257220852863 1.7444164653433958 1.9905957187105268 0
0 0 -1.2833293898710263 0.803742009996083 2.0228373148630006 0
0 0 -0.4396284983051473 1.633746144250168 1.9705467477946275 0
0 0 -0.3353887716082009 -0.6090427943114589 0.598812059683596 0
0 0 -1.38868975193158 1.3300374391418153 1.9918902848172118 0
0 0 -1.1690678739242049 -0.630525495972754 1.5560787474678348 0
0 0 -1.4475287120543592 2.088064289713693 1.108559574693258 0
0 0 -1.480530504732223 0.21414391870388672 1.9555285776921012 0
0 0 0.7343679534635776 2.0692043567043408 1.0859750233902687 0
0 0 -0.5295760084160015 0.2573526685628421 1.9942137159334443 0
0 0 0.7609862137429202 2.070162757729438 0.6062228487010168 0
0 0 -1.1190955594172967 -0.2589419490454068 1.9815679050478205 0
0 0 0.0334514950997884 2.0021116311492237 2.0316138489935804 0
0 0 -0.46837304494505005 -0.5780449723325614 1.128463735045362 0
0 0 1.0874665744286838 -0.607259769156377 1.607632215270754 0
0 0 -0.7117821187631225 -0.6283970913487842 0.4466668699250229 0
0 0 -0.6886614205693701 1.3914572490607164 2.0059918588567855 0
0 0 -1.5333931399714393 -0.43171010074852334 0.4286904415713889 0
0 0 0.5991003968165685 -0.07560664123130545 2.0084955282757013 0
0 0 1.2439733750528776 2.1149110484559897 1.526843562922155 0
0 0 -1.1954037955623387 -0.34058385997750107 2.018602759315576 0
0 0 -0.8335885353775354 1.2303998167385528 0.4804855632676436 0
0 0 0.6016928374138129 1.4957118542763712 1.9739494994294713 0
0 0 1.1501613728837792 -0.39131352890705684 0.4057495801476899 0
0 0 -0.5418609934959147 -0.64899434640066 1.3584299390859493 0
0 0 0.09727690648739595 0.7641701437095583 0.4471805762865383 0
0 0 -0.8642654031468626 -0.08001709633554577 0.4759817191296192 0
0 0 -0.9384059258711267 -0.6027563768976676 0.6422421105466771 0
0 0 -0.9372638936353599 2.0729571905362856 0.8332063715044091 0
0 0 0.6471475440700565 -0.14298856972383545 0.41251247584024064 0
0 0 0.02038764742344057 2.0997818708964093 0.7660554608476466 0
0 0 -0.46966240342634635 0.9691245194371674 0.4562205477488076 0
0 0 -0.3577080374996189 -0.5745568323745525 0.4099070812524833 0
0 0 -0.8343268266611814 1.2461197529110395 0.466220965786184 0
0 0 1.1639805769632594 1.6957004922781704 0.4545569939685551 0
0 0 0.16445180381643953 -0.16050554909833858 0.4245301650638744 0
0 0 -1.313687022723944 -0.6413759604487512 0.6273963126505934 0
0 0 -0.080218312665159 1.136899836201906 2.031082188676289 0
0 0 -0.03751082261159655 0.717517135254583 2.014168544924847 0
0 0 1.0955757353944122 1.1985507428291886 1.9585931694253929 0
0 0 0.6105651900754046 0.16787134497627743 0.47888106718645806 0
0 0 -0.5488813897195386 -0.5832171313195038 1.0391296727324932 0
0 0 0.1307149422554592 1.4190632831770678 1.9709075249882777 0
0 0 -1.3153241532361661 2.055435793201427 0.5287009987560667 0
0 0 -0.4852887973935833 1.9162285570614646 0.47549017749739797 0
0 0 0.2540644192218404 2.026879732913578 0.4975880169673367 0
0 0 -1.2314578064645143 1.7397695987728816 0.42269641674616976 0
0 0 -0.5271166579120068 0.2926102791617541 0.407934187018252 0
0 0 0.23959860848229741 0.6544498000371604 0.49713185248182445 0
0 0 1.2638339686096218 1.967715051083424 0.4248745198277698 0
0 0 1.30090165883639 -0.13489699136727973 0.46038040376376577 0
0 0 1.5576383117464867 0.8779619104612442 1.9669970217220556 0
0 0 0.7245343624518448 0.840590137201622 0.47292475216549423 0
0 0 -1.2991637995978664 -0.026815747041728732 1.9634395616689022 0
0 0 -0.4923094612798946 2.1233701651632146 1.486435752505304 0
0 0 -0.1597065654583576 0.7024259326120421 2.039971544247935 0
0 0 1.0709280751682089 0.4711472579696625 0.41826731207242784 0
0 0 -0.8068169460502103 -0.29942349497768106 1.9855208434584037 0
0 0 -0.8722859960750332 -0.17588713479989593 0.45551413166078336 0
0 0 1.420391202884876 2.018321258068722 0.4093646281278016 0
0 0 1.5672978538762914 -0.09242882797539242 2.009284453557491 0
0 0 -0.6457247331729865 0.2918957270251331 2.0135881134145457 0
0 0 -1.4790204764871597 0.027691062655511356 2.024718790541183 0
0 0 -1.0639079844377881 2.0767619053508977 1.439758269803324 0
0 0 -0.19387899307922196 1.6030017462608177 0.4033710049606254 0
0 0 1.3587580748805301 -0.5629580793209863 1.226538197244805 0
0 0 0.39148343899441107 1.6822387075701848 0.4172766254900997 0
0 0 1.2610276518426202 1.4809183156139147 2.0444940862232035 0
0 0 -1.552597335192522 -0.4488023365842626 0.4546144031160293 0
0 0 0.15944667375589883 1.6670768634756181 1.9662133466231628 0
0 0 0.9876022912205267 2.0612977405904953 1.5958649531146092 0
0 0 0.3917704145556662 1.1343859894648127 0.4686412639373526 0
0 0 0.9869959014661953 1.1856575443648596 1.9786246910620995 0
0 0 -1.4034708193145073 -0.6458716620264553 1.8462873519436263 0
0 0 0.1751968636350163 1.361352163298556 2.0393258672143646 0
0 0 -0.16434923947473545 1.5186981761212948 0.40621859535887406 0
0 0 0.7518771250542291 2.1323275906607577 1.6276839315342637 0
0 0 0.41145020067029847 -0.12423490036295659 2.0245927935910433 0
0 0 -1.534868091560322 1.878870485212362 0.43000340284484073 0
0 0 1.3548372666573845 1.1632301643774916 0.41035312655809775 0
0 0 0.06066550534282933 0.9995397678193623 1.984503184242568 0
0 0 1.0885149627276594 -0.1377384139994171 1.9655200647480986 0
0 0 -0.6129850023459739 0.027345881474195255 2.0014547359864627 0
0 0 1.0841989339432745 -0.6028196298857278 0.8686081864316966 0
0 0 0.07596230922690883 2.1088516393942163 1.460365164989159 0
0 0 0.8936247149151582 2.0313923993607483 1.9788219771115119 0
0 0 -0.5387567797142536 1.5400627692947155 2.0039506945374264 0
0 0 -1.1736296459409385 -0.34652869516314677 0.4966559759614453 0
0 0 0.2997579882740191 2.148722122703965 1.5545918751979753 0
0 0 -0.567397030862052 2.0835671188946305 1.4532046648426793 0
0 0 -0.8557669052193477 1.541990999313813 0.48161764094419746 0
0 0 1.458885855235299 0.07322623383777715 2.033169733479987 0
0 0 -0.6649030412040943 -0.5758493664532722 0.5683803137633069 0
0 0 -0.5268348087753454 -0.603990329106979 0.9135443719536208 0
0 0 1.5546728063581439 -0.5612814510669604 0.5970694476169706 0
0 0 0.6488116588324244 0.8986068486232026 0.45186145998538685 0
0 0 0.4895271963405641 0.218068327584497 2.0458350455678382 0
0 0 -0.6010572032542986 -0.6261607590999669 0.9096942959859677 0
0 0 -0.9125856520457422 1.3340622191241125 0.4219272293884774 0
0 0 0.7248809557427873 0.3987574584140504 2.0384342334424224 0
0 0 0.6118048672065544 2.135913813702887 1.275541268753448 0
0 0 0.0972853891334271 0.5824177180497734 0.49090778960535353 0
0 0 1.2797429366191309 0.6090334032812437 2.026838837520004 0
0 0 -0.5567114843848648 1.0414552661421748 0.5022542318047066 0
0 0 -0.46237221967054887 -0.40232100864492915 0.464248856954955 0
0 0 0.6339897275780437 0.48069749901326686 0.4661437936065197 0

