0 0 -0.42574499626149276 2.0639256259797465 0.6679095941099116 0
0 0 -2.4690547176470004 -0.495751314679308 0.44330642965496514 0
0 0 -1.7451957577458572 -0.6467509086009235 0.49661454088672663 0
0 0 0.356692473901413 1.5862434297297396 0.4279113833776027 0
0 0 2.383408046400999 0.1427094793581256 0.40742153375806534 0
0 0 -2.648017935854981 2.1207895515364195 0.5741648788151362 0
0 0 2.3930162338605694 0.4592268804406079 0.4121774865817619 0
0 0 -1.5779490427833134 -0.28724707275315886 0.43581132657577504 0
0 0 2.339950169490434 2.079877256851342 1.3981297694123245 0
0 0 1.6604671030849216 -0.5535431930138439 1.116566718480116 0
0 0 -1.117138855302772 2.0576724694351816 1.9392125716107835 0
0 0 -1.938947319973877 0.7848893222623898 0.45038216124105956 0
0 0 1.3534687998614858 2.0548564064026578 1.5083048161763755 0
0 0 2.103036655584969 1.6435228230175747 2.002123636793062 0
0 0 -2.0348303384616795 -0.2528561430206111 0.45948294981778093 0
0 0 0.057628130356520035 -0.5398865530506709 2.0506781728392873 0
0 0 1.0620685953707198 0.11834214841972046 2.046017253984788 0
0 0 -0.6261801470025818 2.075046038801375 1.6977487478789195 0
0 0 -1.245162286578155 2.0697380802388605 0.8681382654017111 0
0 0 0.4715970184678153 -0.5945524082561251 2.0074666028203914 0
0 0 -2.9179330103703514 2.1198681251506737 0.9925002210944447 0
0 0 2.469341618894024 -0.648797556372219 1.5127413334378195 0
0 0 2.424027164897323 0.38852465255821267 0.4683338293662769 0
0 0 -1.0451278163878377 -0.6262915777448366 0.8112174452126528 0
0 0 1.4770226137977618 -0.020385720687578046 0.49905266452269037 0
0 0 2.1785128830161566 2.051486443172011 1.5096227651324847 0
0 0 2.347533741764141 2.1019087078256993 1.917427939061723 0
0 0 2.1825360622918692 0.07002849832795777 0.45674316758754463 0
0 0 2.92057088434679 2.062561080811576 0.6146926046273046 0
0 0 -0.9688498972265762 0.2576897197844551 0.48062075194749965 0
0 0 -0.5112599722146407 -0.5669727180215463 0.9152115012299329 0
0 0 -1.597181042819201 1.087038114363407 0.49701540476305894 0
0 0 2.1655509114773537 1.9278842284883277 0.4113628830540832 0
0 0 1.5895258693604264 1.6037698596340968 2.050358780043706 0
0 0 -1.9751423829206627 -0.3305827003895383 0.4329448919408416 0
0 0 -0.13865936634682274 -0.576502617020725 0.4299812439092917 0
0 0 -2.648456274708721 -0.13269138385669188 2.0399962488926477 0
0 0 -2.2075749768648647 1.834338239220491 0.41798023176018373 0
0 0 1.0429096739209038 1.4280670518925538 1.9540407332992784 0
0 0 -2.4888900619208227 0.24679508053861665 0.4717311183650741 0
0 0 -2.809633566682117 0.1657402359698802 0.47050443006199916 0
0 0 0.719713371100839 0.27532779758412407 0.49115386829233365 0
0 0 1.609925775335558 0.3422295214418223 2.0017635340980573 0
0 0 -1.3438343645838258 -0.6344760867635311 0.6647782489910559 0
0 0 -2.209836889664696 2.1178476955090533 1.1603646552457414 0
0 0 1.8221847777283084 -0.5794784455894502 0.40430180820961303 0
0 0 1.8049845129402708 0.20967185963454105 1.9996406785360694 0
0 0 2.1805705889414977 1.1512119634339233 0.4752721572171621 0
0 0 0.21147803999636672 1.7333333988301842 0.4982604302181364 0
0 0 -3.0853145407538984 1.6215987299944594 0.45839736436043443 0
0 0 2.315540543018014 1.084383725243624 1.9908416440723031 0
0 0 2.856902629652587 2.0759035300917548 1.8179156442005655 0
0 0 2.5261425148400134 1.5650316506209727 2.0085483083332316 0
0 0 1.9115007275392077 -0.3659318267132605 0.4257075840986072 0
0 0 -0.8119090460279814 -0.5841353028210658 0.9589856911630789 0
0 0 0.7752029886314422 0.719541157896116 1.9671294032042443 0
0 0 -0.2009099229091711 1.5475394016889268 0.479417097671505 0
0 0 -1.531265702592625 -0.5655930858635305 1.2946413177628997 0
0 0 -1.228479588689671 0.36015202905137256 2.0275065719271836 0
0 0 1.7508514125506691 -0.5983854296109368 0.551008298321309 0
0 0 -2.372721974803062 1.3871696899889183 0.5025990793886999 0
0 0 2.7274507228196656 -0.3231847598557658 1.960262107736234 0
0 0 -1.056496301564732 -0.5911875496077434 1.513491646704136 0
0 0 2.038811924292175 -0.1189571346070124 2.028664541108573 0
0 0 1.966412757182729 1.6467545200585942 1.9926645273260952 0
0 0 2.718341210428867 1.731559891751903 1.9777909212560822 0
0 0 -2.2136877375081125 0.7985923431697095 0.45607894379765346 0
0 0 -0.2808741324629671 2.122313700852816 0.4573619658548791 0
0 0 1.5895227051263756 0.8838780230638152 0.4806505227051573 0
0 0 -1.6236949807165106 0.7238408050357705 1.9760879988535218 0
0 0 -1.5086135746823661 1.3426567731852617 2.0407032699037337 0
0 0 -2.581427098957605 1.063187054078074 0.46168865662357605 0
0 0 -1.4139787532741488 -0.5782733536621085 0.5624113816058397 0
0 0 2.3491990130887386 1.4722856256882595 0.4681338658007078 0
0 0 2.4651789285069023 0.9970140619022136 1.9954086749674638 0
0 0 1.136529826342187 -0.6047570448039592 1.696206306274265 0
0 0 -2.6936118655532004 -0.49091444277309404 2.025415387163923 0
0 0 1.304481749542366 -0.21086111738492896 0.4309896753875124 0
0 0 1.679846878875872 0.5320004399568037 2.047944642005331 0
0 0 1.5080040141009698 0.677795899185428 2.049243658550112 0
0 0 1.3143227310610008 1.3056811724069375 1.964119866263435 0
0 0 3.07405805959686 1.189709443039798 2.0204745506620845 0
0 0 -0.24683588679064217 2.111565647391219 1.0295656628552576 0
0 0 -0.04320420545384529 -0.5813566054162078 0.7031129206366937 0
0 0 2.2904995630692264 1.2717584413655012 0.406110202104774 0
0 0 -0.8380392781383961 0.45321128385737275 0.45908750979296487 0
0 0 2.9469451316501125 0.21229075206570203 2.02005688274334 0
0 0 -1.47505716472977 2.0543615766932346 0.6515829447074759 0
0 0 -1.4890861052275564 2.1389964533088115 0.9527899657283995 0
0 0 -2.0664964981185285 -0.6247128266650304 0.938023383868958 0
0 0 2.41052122924496 1.071059944060574 0.4111021516113632 0
0 0 -1.7459829112286642 0.0005480783669820077 0.4402834588696385 0
0 0 -0.614252498366556 -0.03936729051485288 1.9568909028972334 0
0 0 -0.1166526554498808 1.3317006724334135 2.03358975690207 0
0 0 -0.6041716610835919 0.906130591672726 2.03794121116801 0
0 0 1.8979197840329798 1.6637026025531674 2.0089069508357786 0
0 0 -0.5878625968093973 0.9493986603240607 0.4687532304222487 0
0 0 1.9446428311910635 -0.555430381176558 1.2892959115709886 0
0 0 0.8568437284692783 0.9141006515617534 1.9688443868948984 0
0 0 -1.4489502693414746 0.8756875888513485 0.4489589634077673 0
0 0 -2.4013309115717494 1.246565628727523 2.036537841169684 0
0 0 1.7804199258263456 1.1000710839297512 0.4249486790727216 0
0 0 -2.826254402901171 -0.5963556749911054 1.8105592738769518 0
0 0 -0.2006492377607585 1.30881864677012 2.01665758381349 0
0 0 0.9312276968465243 1.148114034245992 2.020334422199431 0
0 0 -1.9627872709780156 -0.6041618498633097 1.449292690345449 0
0 0 -0.8369096835551764 -0.6439653848549602 1.9836321825891658 0
0 0 -2.3498241050487065 1.1269889952420036 0.4344476070325648 0
0 0 -0.8841593704994097 -0.5965053132763938 1.139345319399974 0
0 0 -0.434120091569139 1.1282253052796465 2.0208414481831456 0
0 0 2.013227463374794 2.1331078102976555 0.765155868005124 0
0 0 0.7186468386500371 0.311521978013825 0.44741963504433113 0
0 0 0.6016003081785608 1.9065729318775293 0.4975606070621552 0
0 0 2.1392718349070847 1.0607628919826433 1.98857685615009 0
0 0 -1.7404317998000938 1.3311358310721526 0.4322791935081949 0
0 0 -2.589401973767448 2.1260368962311023 1.8723972212410118 0
0 0 -0.6853132956050487 1.4026164091729045 1.9977748049092385 0
0 0 2.7268373870352054 0.06650597652409629 0.4976126617557032 0
0 0 -2.1033131799502005 2.1237319150003464 0.9319115771572847 0
0 0 -1.1646292224854138 2.1207434107399092 0.999375279896757 0
0 0 -1.4030116864088404 0.5732828570628596 1.9980021815581168 0
0 0 1.5569599078171992 2.0829383652109876 1.3746713969249083 0
0 0 2.9472163963664464 -0.05970050026396423 1.966032918020015 0
0 0 -2.130163747901425 1.6032912392616352 0.41725805618767753 0
0 0 2.138326360643841 -0.03387093547293174 0.449708363327183 0
0 0 2.162297385542457 1.9168987646850033 0.45472982835400755 0
0 0 1.5951417862256472 -0.2206178055407868 0.4600385217676458 0
0 0 2.0192027651485294 0.31771870061821395 0.48406768778647513 0
0 0 1.4543930578175335 0.8995083653656271 0.4626452390096314 0
0 0 -3.141105012797576 0.7641234298755537 2.016645365599176 0
0 0 -2.7082991563741476 -0.5660331786612096 1.7123429879106349 0
0 0 -1.4259185336012739 -0.6139166760072845 0.7947203542778137 0
0 0 0.9565078910292204 1.9869596543674637 0.410772585360101 0
0 0 -1.440888790611448 2.1282160860785506 0.8450680769080672 0
0 0 -0.39617186852704833 0.8433020301852499 2.050917189738845 0
0 0 -2.3366498661934667 2.1401561179226483 0.6934840454456896 0
0 0 -1.467413479391296 0.9159499872591503 0.49762609706332384 0
0 0 -1.7951815770147157 2.1436929953792045 1.6611702444562666 0
0 0 -1.8679175949867257 0.32259026683844294 1.9714590305062822 0
0 0 -2.999735825038087 2.133715375031172 2.0315621599887286 0
0 0 -2.6186359301141615 2.089457912363227 1.583511667909855 0
0 0 1.002177584722074 2.073758234585297 1.8962655461125197 0
0 0 1.4402124927654159 2.080775529123633 1.4711831965821274 0
0 0 0.01203502015005009 -0.5831813765490619 1.5560812333475997 0
0 0 2.859111918925511 1.744173937395581 0.43480486391539586 0
0 0 -2.0987333280458826 1.8104410703223712 0.5011837517420283 0
0 0 2.810989568111154 -0.48652272076432923 1.9662362044323032 0
0 0 -2.2046144721987995 0.10062028816184299 2.022316166319489 0
0 0 1.5843151027912032 2.09430245294348 0.7344688534859051 0
0 0 -1.465972861839518 0.5689953238230236 2.0359919441215424 0
0 0 1.6407109869382754 -0.6288138128085399 1.4380028849044335 0
0 0 -2.278350094570128 -0.47427226124258604 1.98983971692586 0
0 0 -3.1035045346972514 0.22544206027238634 0.4114348949169462 0
0 0 0.4661965250377289 -0.3362184779277413 1.9588267107899773 0
0 0 2.0618564287283645 1.6158420690455044 0.4100585579593361 0
0 0 1.5930257718195655 -0.5790385739470678 1.9212162450087387 0
0 0 0.20092210798536536 -0.03516500820964441 0.4175059597697971 0
0 0 -2.4569396648978525 0.669958867505388 2.0116594491818405 0
0 0 -1.0602478186607733 0.23032253454238927 1.9919697991583867 0
0 0 -3.1174507064408186 0.5493089254751666 0.4339962577380295 0
0 0 1.1059464357969526 0.8472862933811391 1.962216990881871 0
0 0 0.9642875184869846 -0.4518754084793588 2.0123255276959586 0
0 0 0.8947966190984165 -0.607484042760295 0.8252520512738677 0
0 0 2.621678452012489 -0.5657269406032783 0.5227603383448662 0
0 0 -0.06883773755353273 -0.27560471229766303 0.4390079751066418 0
0 0 -2.469055849973342 0.5872725926997309 0.4061731418911785 0
0 0 2.512467943925861 -0.10178990287461287 0.4821677638173484 0
0 0 0.23393560113269762 1.4789058768202297 0.43472616188281366 0
0 0 2.959053192609293 0.5796781981809096 1.992283609385289 0
0 0 0.26477795615379085 -0.6414414585202255 1.411692284270354 0
0 0 0.3827540894961641 0.7982756299443299 2.0090544077105825 0
0 0 -1.4678750420127955 1.3761882174164188 2.0201965366059813 0
0 0 2.781905200857639 -0.12136824769061749 2.018500085965118 0
0 0 -2.3844034635204925 1.8771850126299443 0.41703630949657444 0
0 0 0.294449555031838 2.1094178682968545 1.493231715376714 0
0 0 0.09384319919779927 0.8095971269004572 2.0046296102300167 0
0 0 -0.25996686943496217 0.4239828648350151 0.4109559556561264 0
0 0 -0.40604271905445577 1.5310367712375783 0.41088950905958344 0
0 0 1.7160202749315872 2.053021608641475 0.6446195482104811 0
0 0 3.108117338082148 0.7359170496797114 0.4503067110783462 0
0 0 0.08412547533861892 -0.36398244697971815 2.003599309100746 0
0 0 0.9136268178244578 -0.5708949812520585 1.1752256628114117 0
0 0 2.8358530052993025 -0.5352455546624821 0.4361190960823391 0
0 0 0.8253836497610454 0.038435671458416754 1.9860495694709401 0
0 0 -1.287668904971561 2.1379506481175086 0.8361150190845905 0
0 0 -1.9286807880560013 -0.25589937427615905 2.0392397853925512 0
0 0 1.8416676221145858 0.33008531516717354 0.4531764861665779 0
0 0 2.6701851329549724 2.0507748885096393 1.2333609259570166 0
0 0 2.6910019165236463 2.1037009428140054 0.9603113677801439 0
0 0 1.3460173780859979 1.603026478360232 0.49312798537108427 0
0 0 -2.803045830866177 0.0474719920678377 2.0342813534966955 0
0 0 -1.2023423594640108 -0.6088671012676949 1.0019964620809623 0
0 0 3.1084961026489655 2.0683722051977984 1.1961260695370286 0
0 0 -1.6066310763955212 1.5939821773194771 1.9831406591254859 0
0 0 1.4109845563315657 1.136292672901845 0.4661647016952657 0
0 0 -2.644351093037889 -0.6358356572604489 1.9640282841633574 0
0 0 2.7311020866588143 2.1477713652060206 1.3795627587269448 0
0 0 0.8522525514682484 1.357754196279762 1.9902339344982303 0
0 0 -0.05352313001461928 1.3441489429032776 1.964787239217721 0
0 0 -0.15344646760439673 -0.6257392776290758 1.2366989626139646 0
0 0 -1.9647063237034053 1.8215536473890916 0.4215959720203769 0
0 0 -1.3588524044884605 1.4841427473701432 1.9662752886307375 0
0 0 3.0287062353534973 -0.591146007036536 0.6117731977054367 0
0 0 -0.6220280125495847 -0.5694880164039571 1.5638595134729494 0
0 0 -2.6611095370523805 2.0269139481540117 2.028777395448011 0
0 0 0.24943253408329458 1.9074052647787514 2.041585356801023 0
0 0 0.9740949912239492 -0.6100018574881492 0.9952050512576096 0
0 0 -2.953457008112042 2.0947802879425117 0.9326564204854294 0
0 0 2.780829642782596 2.138115091759841 0.9833193700512946 0
0 0 -2.105997099863512 2.114036604099488 0.9965036088246059 0
0 0 -1.118768044513605 -0.643200354276908 0.7808122062801741 0
0 0 -3.0790173343559992 2.1480801876564675 2.0213027796503384 0
0 0 3.116105565714393 2.1041678088867206 1.792835835449363 0
0 0 -2.6914628197492556 2.0847351501366265 0.8401339445550876 0
0 0 -1.6778176565821694 1.4656146264734244 1.9685376126505043 0
0 0 2.8434981114586018 0.7304294705791303 0.45027358807854245 0
0 0 -0.0925190383178851 0.7150576772997106 0.4131037261015481 0
0 0 -1.1660268301273844 2.1433958361269942 1.2980420551832217 0
0 0 -3.0124496511613708 -0.6456365239424946 1.8498720581943875 0
0 0 1.4728057350662134 2.0651431068118806 1.789083292469985 0
0 0 -2.9185994481273005 -0.625755991490756 1.4328073440274867 0
0 0 -0.14303864476178463 -0.5171756166750663 2.0313839109733087 0
0 0 -2.0858368948323114 -0.0411175403136691 2.030870211443411 0
0 0 -0.11200071012762214 -0.5562594258682434 0.45851996054952104 0
0 0 1.7023398730326704 -0.6354577532017796 1.6524394213161293 0
0 0 2.9255273270127704 1.300703516877213 2.008166884299122 0
0 0 -2.3653395843243468 -0.5580892138809845 2.0387177395855236 0
0 0 1.2093279942917459 -0.30787690198522344 2.008559440594956 0
0 0 0.6378747750411287 1.1135332397894657 0.42810443261174846 0
0 0 1.869345208589178 -0.5636396289039374 1.9307728901989614 0
0 0 0.7188480406650615 0.28893939853292716 2.049814911496648 0
0 0 1.4855483006985946 2.091110978815937 0.8215220799766003 0
0 0 1.9949293254499212 2.101495450076174 0.915109803778399 0
0 0 -2.3724357383882433 -0.44320174482098174 2.0299240542134047 0
0 0 -1.5510653205375988 -0.6040773515046372 1.1362095574268847 0
0 0 0.8332468458739295 -0.5896366893210812 1.2451574090512194 0
0 0 2.041651040776398 1.0193884959311417 1.979069736205529 0
0 0 2.1838705703247507 0.15394534029004237 0.4904957636464109 0
0 0 -2.3533601327700957 -0.03246972189646946 0.44954446016717464 0
0 0 -0.2956076300849224 2.134938931845237 1.3018364334302879 0
0 0 2.783339150183169 -0.006658241845837409 0.4555627810162982 0
0 0 -2.518582486924382 0.3991343072858683 0.4392672431276998 0
0 0 -2.2973032892798817 -0.643816268098935 2.0025177242942376 0
0 0 -1.6268515816399702 1.848567718968935 0.4385271544159175 0
0 0 -0.5971376813580624 1.7200054729492116 0.45206965907215146 0
0 0 0.6349477239142871 1.0247690785131105 2.0023367106229375 0
0 0 -1.671134315647012 0.6231261045801986 2.014826788995708 0
0 0 0.3109584358021462 2.0541039721432623 1.9596896017772099 0
0 0 2.4786645260763507 0.21406694388121084 1.9893366884310522 0
0 0 0.6297341649288519 2.141798653627584 0.7118981880484654 0
0 0 -0.839500831082697 0.0624340149318281 2.000334562889072 0
0 0 -0.6201314918535172 -0.5890713877079548 0.49148086015975867 0
0 0 -2.1454055396517226 2.1481040196250802 0.4524241722181451 0
0 0 0.35272458901497394 -0.36970375465956407 0.4727047456143356 0
0 0 -2.80621779423839 1.8023168996806864 2.001760969452409 0
0 0 2.3951032305339552 -0.026913225979695476 1.9824533106650986 0
0 0 -1.2666568285423092 2.137270151648017 1.4032179918859868 0
0 0 -1.1639372934152117 1.9051047214101609 2.021402193753243 0
0 0 -1.4376506167694263 0.18303972769814014 1.96740395512419 0
0 0 2.0293149886952566 2.0536076243391204 1.864446485689463 0
0 0 1.1752847733177827 -0.5540781393144156 1.1882608372298593 0
0 0 -0.16707103933236933 1.30176706816584 1.9549935579911168 0
0 0 -2.7099283560167517 2.1201651718352945 1.7879584967791418 0
0 0 1.2877281207623854 2.1113359271586436 1.2637729151461685 0
0 0 1.9237743485170364 0.0644498821368209 0.43352792032047993 0
0 0 1.0411463502070966 1.3093875251675626 0.406584079283538 0
0 0 -0.8239822994930992 -0.5811713071590687 2.010266895794947 0
0 0 0.4530622489109901 1.7390807646610875 0.47730295118527877 0
0 0 -2.8085282509679725 0.8471356406246473 2.0219249574997753 0
0 0 2.4620247234563495 -0.617726927526937 0.5359586479352048 0
0 0 2.8775874766729697 -0.23229212582159242 1.9620075000402148 0
0 0 1.7772835305291883 2.0715407464335005 0.7204516600248215 0
0 0 1.6403612048816285 -0.5841397138337443 0.9574662657783625 0
0 0 -2.413728331510363 1.0813587240823899 2.04453159933467 0
0 0 0.8238312575025901 1.7937374106071442 0.46712112681498164 0
0 0 2.0272573467791215 0.8102930276912288 0.4052438898405165 0
0 0 -2.930336729481791 -0.6301511173728505 0.420723425501757 0
0 0 0.29394071656313026 0.5226654063628879 0.48918821935768697 0
0 0 -0.0943191456607515 -0.3443994078678372 0.4242732396103672 0
0 0 -2.4650978722675454 1.6736195711687227 1.9807673461091624 0
0 0 -0.6530838938791135 -0.5709309290137417 1.2233527430874118 0
0 0 -1.19854878803267 1.9597921100037972 0.4599793966171356 0
0 0 0.6663466255333672 1.2128131438772927 1.9627128734741914 0
0 0 -0.20604276696976154 0.15691754835203753 1.994913881473094 0
0 0 2.0340075883840365 -0.613688573676574 1.8564629121885612 0
0 0 -2.129300405362671 -0.05445427556807236 1.992844175932619 0
0 0 -1.6904629217567908 -0.5896715178241769 1.2796278991438745 0
0 0 -2.55750503698369 1.5976834128567703 0.44345725832628513 0
0 0 -2.7772880379004667 -0.5921133385143724 0.5573473529015041 0
0 0 -0.4873824244028744 -0.46423104705353246 2.028254426250915 0
0 0 0.10832480964353408 -0.6416356301789998 2.0345806126645876 0
0 0 -2.234685965275993 -0.6025390897308109 0.6162341477327122 0
0 0 -1.22740125744761 0.9040111775210602 1.9897737329494256 0
0 0 -0.5764058048314435 1.2382727380004148 0.4548522364955818 0
0 0 1.8539172897246834 -0.024732951018192395 1.9827830036711895 0
0 0 -2.055320258273632 0.20454877016217754 0.45570251226210057 0
0 0 1.8567386382081397 2.135819668785155 0.9456459984288134 0
0 0 -0.6528072817339496 0.6620206076392192 0.4806409513164538 0
0 0 2.1592649750605233 1.1129300015531487 0.44013574535652666 0
0 0 -0.3344572129785073 -0.3922632761315763 0.48083928438082946 0
0 0 -0.19733723930712577 2.146560917730819 1.7336259168270312 0
0 0 0.2942889823878585 -0.6225388113286459 1.5759661302147878 0
0 0 -1.3889208888288056 -0.3806527670571478 1.9999010545851315 0
0 0 2.3997342659367638 1.1360932528222059 0.4289732243093456 0
0 0 1.0588700956038632 1.3041260959866072 2.0323547061174008 0
0 0 2.328374358600186 2.0269274447381003 0.4440639830026568 0
0 0 0.4902947597063694 -0.6383529180976917 1.6853482596325486 0
0 0 0.3821709433082763 2.0612289832707313 0.48844878053971796 0
0 0 0.2495462910006947 1.6461972764389048 2.003798834568011 0
0 0 -0.17562569324362753 0.7551708634157233 0.45748308251073677 0
0 0 -2.188128817276019 -0.6178567906542531 1.3625586238621832 0
0 0 -0.5013133903338662 1.0617397906140333 1.979110056081345 0
0 0 -0.06049037541217217 -0.6407188029995807 0.9298913350457735 0
0 0 0.27298258028472144 1.9894120672127358 0.4661961350769769 0
0 0 -2.33640987174801 2.08408066390019 0.9408204721414986 0
0 0 2.2302084258480885 0.6283213011568434 0.4399681821183734 0
0 0 -2.185254169899717 -0.6393998335201279 1.4047903509368895 0
0 0 2.3023514154471094 1.8128204753290313 2.0262470142700915 0
0 0 2.152507967286107 -0.6060086306623631 1.0014285600810808 0
0 0 1.0639397815902383 2.060296021225792 1.468866594496 0
0 0 0.9374602048599208 0.9139799403164992 0.4806420937502025 0
0 0 1.9797872735926205 -0.3460865768668171 2.0393883692309847 0
0 0 -2.0427961540541384 0.5240003443540056 0.42575089952236844 0
0 0 -0.20579345621775813 0.4846068835631383 1.963769223985245 0
0 0 -0.388544469074354 0.011926052300001433 0.44242358747954014 0
0 0 -1.662227614429832 1.7702861576536673 0.4500011129740643 0
0 0 0.463081544265076 2.1459397684191748 1.2562681762786418 0
0 0 -2.7687024828257565 1.3112801733900734 1.9981210610764144 0
0 0 1.0300324322171601 2.107082299119892 0.9142845063910688 0
0 0 -0.2680189559069892 -0.6414430415516537 1.1846213329215565 0
0 0 2.0797594673113515 1.646986247444605 0.4169433224304163 0
0 0 -2.7552337271560683 2.077617729012778 0.8130628890859785 0
0 0 -1.4214979233207683 -0.15300198948652965 1.9570726921121508 0
0 0 2.02201455263807 0.35779574344330733 0.41068563606173114 0
0 0 -1.027669678954528 2.0652670523806407 1.7629824266086336 0
0 0 -0.8007839460431287 1.64622527629914 0.4492104644353113 0
0 0 0.5852737610562659 1.9378563564157163 1.9722852123321983 0
0 0 -3.006324583537348 -0.20503251985796722 0.4362892637194047 0
0 0 -0.7497018321560773 2.1148498023395246 1.3323100600116318 0
0 0 -0.48037528950706543 2.132153002931382 0.47468196347992886 0
0 0 -2.517267734315379 0.14530891936088208 0.4711974000443774 0
0 0 -1.8000835225521903 1.55653063942723 1.973520645117965 0
0 0 -0.16604383826192803 1.4837331413325219 0.4562768792153906 0
0 0 -2.8276041227826845 -0.604133598278054 1.4492656216408921 0
0 0 -1.8054526462964164 0.3304249094676722 1.96593386934842 0
0 0 1.2633672478672047 2.106733644758469 0.9227151178923572 0
0 0 -0.7288413329583832 1.8538663595296383 0.4124185707567496 0
0 0 -1.9182655120742147 1.8125427619989691 0.4902122154097013 0
0 0 2.779095902695227 0.718196896083628 2.016576484023112 0
0 0 -0.16176595401095684 -0.6398614212620424 1.0727540565404912 0
0 0 3.004145633919432 -0.05022902994261935 1.996067757343908 0
0 0 2.0987302810792405 1.3538094260062916 2.0393610255575654 0
0 0 2.363788844015094 1.8580794462223447 0.44972736024442483 0
0 0 -0.7941559677735124 1.0737821561988699 1.991155433317597 0
0 0 -2.5542770232733294 0.93298271787425 1.9750682884776687 0
0 0 2.158041540559397 0.6695362848257949 2.0106062050934788 0
0 0 0.14913082624891505 2.143758659193109 1.5300670194716481 0
0 0 -2.864967512060976 -0.5510182815598597 0.7031979610760257 0
0 0 2.3909527133273114 2.0780984396207045 1.613167474910462 0
0 0 0.008290767234576446 2.0683986448545246 1.9682395655820462 0
0 0 1.8018469305882228 1.5688700419284587 0.4776051319316992 0
0 0 0.8023372321844198 0.22833277906687865 2.016021706289547 0
0 0 2.9770090722953197 -0.6356622694467495 1.5584959574927162 0
0 0 0.4697594478744054 -0.30381195331878286 0.46224055040909795 0
0 0 -1.8343130726444328 0.132383570710481 2.017517744205512 0
0 0 3.08700159164719 -0.002049888821533452 0.46306924250008064 0
0 0 0.25606462732916313 -0.6028692872761876 1.1069768913111158 0
0 0 2.825316277090656 -0.2386490337569268 1.9726682500998072 0
0 0 -0.6195080336833247 2.09884484655196 1.2853890963129766 0
0 0 -0.79852444069334 2.142526086459251 1.0419075066468269 0
0 0 1.996275560883472 0.6061327664305662 0.4615000765535324 0
0 0 1.7164599832222907 0.03710488491589048 2.0419813355731744 0
0 0 -2.273856082983998 0.48815805141839963 0.49320136058574027 0
0 0 -3.0871731581475594 -0.5594198783795339 1.150235698314753 0
0 0 2.088323492818443 0.6220532058844557 0.4427051997057474 0
0 0 -1.0931938881205974 -0.5866084348304921 1.8916152903830605 0
0 0 0.6339479451719341 -0.6439519361556898 0.4858437770423333 0
0 0 1.8586633796427252 2.1011812495712574 0.8779478242455873 0
0 0 2.407869710240047 0.9177988148355025 0.4846818113882132 0
0 0 2.854119607551109 -0.16083466451315487 0.46903350855020587 0
0 0 1.5504028588991536 0.6212166044776095 1.9817275865077484 0
0 0 0.9388137007771791 0.2781682747216929 0.43180342625256785 0
0 0 2.2273911183970805 -0.6214117140438948 1.5195931519115153 0
0 0 -2.3712275128344937 0.9744512035693469 2.0203377978570654 0
0 0 -2.375554684989722 0.451267712656622 1.9860612814365841 0
0 0 -2.3783515604932584 -0.1751308993218259 0.43760263358719553 0
0 0 -2.793521723725199 -0.6359981935617447 1.9942079196502038 0
0 0 1.469755894905373 2.087941103732544 1.0736885504594693 0
0 0 0.757078399654108 -0.6017792513463309 1.9736636491129034 0
0 0 -2.053554567107698 -0.5953111389825452 1.7697169309473761 0
0 0 2.642808938879008 -0.5559439048594927 1.5884762310497555 0
0 0 -1.1025360988665196 0.9846541123718946 1.9563726461520625 0
0 0 0.9293510877493301 0.41384231654928105 2.0198913119157393 0
0 0 -1.761960360756106 -0.06381073000650805 0.4348447220760461 0
0 0 -1.8786880539946524 -0.1906999437577359 2.001829853953061 0
0 0 -2.47807722955855 -0.574952354868778 0.7390795508929044 0
0 0 0.3628908278542289 1.66484317100722 0.4622160842958294 0
0 0 -2.687974296482791 0.7913371799970428 0.4874148063323678 0
0 0 -0.23434574600447267 1.8211287466187065 1.9753668469425678 0
0 0 0.24000994254455588 0.10769626298127821 2.0081096415185202 0
0 0 -2.591790152807936 1.0145353849070098 0.47830886945102524 0
0 0 -2.8729808486203976 -0.5703855456518123 0.9777048574646726 0
0 0 2.884832837193997 2.0906933483683137 0.8358434207599219 0
0 0 -0.8414059833341154 -0.6451588606544336 1.9617121819296444 0
0 0 0.9633060984260382 -0.3366361557496236 0.48055546482830946 0
0 0 -2.7152498458553564 -0.5381751475518308 0.4714350683854587 0
0 0 -3.0747976044489316 -0.5559405754939708 0.811211074280025 0
0 0 -0.2969892295694372 2.1414102511446713 1.2852307671845296 0
0 0 2.5999989896182543 -0.37356823452827315 1.9688124814121633 0
0 0 -2.067757749333907 -0.6112173301177892 0.7353160878652092 0
0 0 2.5752738078613264 1.128476579273569 2.045567761458697 0
0 0 -1.7815393150908807 -0.5847808470040532 0.5782376872792141 0
0 0 -0.3726443672823989 2.0545343728342305 0.947439480946319 0
0 0 -0.5858015268712551 2.132863744628744 1.2138715419412485 0
0 0 -0.8927243060349226 1.696214275092329 1.997197857182114 0
0 0 0.15486932556929123 0.4039421500557776 0.44007918450203565 0
0 0 -1.9511899557006198 -0.5552407999038838 1.52926312257679 0
0 0 -1.211219637986601 2.0715109962266647 1.7474289916904153 0
0 0 -0.7033082637246282 2.0945336280436133 1.3511021874725544 0
0 0 -0.3361788791574578 -0.4049089971620725 0.42502937453767364 0
0 0 2.618603188317169 0.865249426138452 0.47104630898482536 0
0 0 2.0718092823018743 -0.2108820601597371 0.49298328168770844 0
0 0 1.7078757777968159 1.0073787635355334 0.411877399978661 0
0 0 0.0035519205106213647 -0.2719139388234997 1.983015635207661 0
0 0 -2.6984036581114585 -0.5824971586475811 1.484112019379491 0
0 0 -2.358219089998041 -0.0161772036019997 1.9862238221823827 0
0 0 -0.11140207663421275 1.2019432961720349 0.40580958566808967 0
0 0 1.5989112860641121 -0.1997208192272959 0.4145858165537125 0
0 0 1.2837580209501178 -0.007160278142522736 1.9826533645634035 0
0 0 -2.8017915716885806 -0.6382626034370875 1.7218968644261776 0
0 0 -0.6710577209523221 -0.5683603387772391 0.652619127219556 0
0 0 1.412193618480348 2.1410599786890128 0.7631212189823706 0
0 0 -2.3402672426421183 2.0511093395874855 0.7333593665856377 0
0 0 1.190390534327614 1.5968199229852937 2.050803272858894 0
0 0 -0.7656079225859869 2.1064119196555766 1.2845222130679086 0
0 0 -0.6187400781320367 1.0249848052419905 1.979398272138124 0
0 0 -3.07644389555106 -0.018084714550170244 1.9775453536568681 0
0 0 1.772133277382201 1.2048133018560139 0.47252935252280737 0
0 0 -2.105703128453778 1.002181008790959 1.9814727085296788 0
0 0 1.666179631342243 1.8737665721860675 1.9884852298133806 0
0 0 -0.30376552603305296 1.9001285243099335 2.0486815512791035 0
0 0 2.0776182072048375 0.5766080657198063 2.0253685105823522 0
0 0 0.49013789214989334 0.5359312995213867 1.9911937642187603 0
0 0 -2.9800627409792146 1.95528998714764 2.0526931212639763 0
0 0 1.606439468165652 2.061305018563859 1.097719273693186 0
0 0 0.38405505838361575 1.4575335449204554 0.44931126633106344 0
0 0 -0.89946855626423 0.9450505643841791 0.42320097218926844 0
0 0 1.4726472388546954 2.137716897963678 0.9760381992499018 0
0 0 -0.8348394572004341 0.20444328298364944 0.46452121139300007 0
0 0 -2.50535298637893 2.1485616858723855 1.250628002805124 0
0 0 1.2166012952106309 0.5696454889617386 2.0233628005226145 0
0 0 -1.5036580295160333 1.984463626790052 1.99511689272679 0
0 0 2.677575053342217 1.8070630700635097 1.9984346429258326 0
0 0 2.5139328649575665 2.0674968603144563 1.2360960632770954 0
0 0 0.12277374821111664 -0.3442727939572745 2.0290460822021257 0
0 0 2.2499710129771913 0.09547152536383996 1.9710518927934353 0
0 0 -1.4479549264713365 -0.6261817359522732 1.876527340189293 0
0 0 0.9387235922182358 1.5175344309131071 1.9920138038630564 0
0 0 -0.6731157846779534 1.787462321213683 0.478557021686583 0
0 0 2.190070981007895 0.922680131327724 2.0098693157081113 0
0 0 -0.4966264459211791 -0.5759722947180781 1.8521766520844207 0
0 0 -0.7137746787508541 -0.609352940362532 1.8802648576972192 0
0 0 0.4865871137006841 2.1165946915290137 1.6456160985920774 0
0 0 -0.779847239862355 0.3716631561531991 0.40313900777275424 0
0 0 -2.7264308803864217 0.9985137722832864 0.42551853658801453 0
0 0 0.08746784724852708 0.20369320390197576 0.4172798041449335 0
0 0 2.3583710247571785 1.033693127253539 1.9785120249234511 0
0 0 -0.2127435812652303 -0.5649976937636396 1.106452243712435 0
0 0 -0.7359824048211636 0.8232372549208269 0.45086502944205 0
0 0 -1.6880290723564895 -0.08985788931126304 1.967222160696675 0
0 0 1.556491596011747 2.098419826012184 1.4432968294229485 0
0 0 0.2867625226474315 2.126562940721099 1.5226079216734572 0
0 0 -1.816917983772233 0.5859894089627022 1.9686103232113998 0
0 0 -0.7601046379800964 1.12864660724064 0.5020819970268937 0
0 0 1.6286580599207348 2.1001694154841775 1.0022157221047097 0
0 0 0.9905995845170894 1.7233522954122298 1.972338531606382 0
0 0 2.5828991384560585 -0.2044048180554947 2.012236192965765 0
0 0 -1.3122138716350684 2.1470615685160386 1.885242287345212 0
0 0 1.6989077892757232 1.7263424849247062 1.9931707927852773 0
0 0 -0.41031006549268234 -0.5967747811155628 1.9653781684090896 0
0 0 2.2267164513711117 0.23112683634143516 2.0346223183184664 0
0 0 -1.5298909471727995 -0.3030442015067678 2.0442999092363703 0
0 0 -0.575222495438914 1.0886746563425471 2.0202622219420934 0
0 0 -0.4366481934292654 2.0800016700624573 1.9392004569163357 0
0 0 -1.405670850140811 -0.14114072657373966 0.48237692250231023 0
0 0 0.49262851445196887 1.0652564778114237 2.0083391171513334 0
0 0 3.023790033149444 0.830651221890429 1.9598692036992136 0
0 0 2.2099457940463276 1.353382708793784 0.4236462202836243 0
0 0 0.8926628296992014 -0.6423068888250913 1.0409133358029328 0
0 0 0.2276782787338285 1.8573089838170984 0.42976640414113654 0
0 0 -2.2211868269360036 -0.6280278454666541 1.5156245029953992 0
0 0 -0.9644255304804696 0.15874248256563683 2.0312574474324 0
0 0 -0.8333129779992356 -0.42620039613500027 0.4542794946605101 0
0 0 -1.09010213608591 1.1429458794341238 0.45879999313968467 0
0 0 1.6901102055174944 -0.6036412262868027 0.48054592213941305 0
0 0 -2.8873277989601003 2.068136397378059 0.9288316792331414 0
0 0 -1.4310459428676459 1.6993801495464405 0.4528937296882183 0
0 0 -1.7941049764707693 -0.19601221483628695 1.9693760554614337 0
0 0 2.7462718205023 2.1431085650184127 1.8664573735972825 0
0 0 -1.1342752324091991 -0.6007442983134303 1.2679407635113418 0
0 0 2.935445967609022 -0.622166542149696 1.4776508868708216 0
0 0 -0.6369674612124685 -0.5754741541553383 1.1714799561409337 0
0 0 2.173431415104253 -0.23905215021601567 2.0467487525405734 0
0 0 2.1517817563331496 0.7089355174282255 1.9600464971214613 0
0 0 -0.8997303225042304 1.771592435493645 0.494850556204283 0
0 0 -2.6248359526039255 1.7212038649722354 2.0214360602892496 0
0 0 -2.648106152995558 -0.5081124869588063 0.4657308727828713 0
0 0 2.3316514272977225 1.4333526571097874 0.4272527811171172 0
0 0 -3.0577414622238006 -0.3029640661585411 0.479016117024047 0
0 0 0.9715330645601368 1.920119613679429 0.47784177509041936 0
0 0 1.288845502797292 1.4135238615239087 0.4863803531210841 0
0 0 -1.884408693423927 1.875940126467664 2.0276309298448525 0
0 0 -0.036170224340448254 -0.38954300390350416 0.4189262075923972 0
0 0 3.0991595754395034 0.42687104188852265 2.0106548655395353 0
0 0 -0.29589187941887385 1.155016212104287 0.46819751391654907 0
0 0 0.546078604507088 2.1345739073952874 0.9064627515719764 0
0 0 1.9051349013249457 2.1166580246132485 1.5201356112701077 0
0 0 -2.142080844274946 0.18468803819058188 0.49319485014151765 0
0 0 2.3935754479024736 2.070330701987316 1.2182682757971741 0
0 0 1.1149658229990909 1.5862768433830123 1.9760280092208578 0
0 0 0.9638187369575641 -0.12950046354261358 0.4536451481408299 0
0 0 -0.520773040093081 0.6302928664279417 1.9714487980330397 0
0 0 -0.8717247739257092 0.475166248428774 1.97126974799773 0
0 0 -1.0387542396057983 0.5042062151541402 0.49314305534593583 0
0 0 -2.9814815940497152 0.4318993007337878 2.039236918918146 0
0 0 -1.2586535749439374 1.608272226847353 2.0215919724073963 0
0 0 -1.487461443773612 -0.19647656636699162 0.4456076404362922 0
0 0 1.8661092531496672 0.522578614403084 1.9895776979084931 0
0 0 -0.030291528311562566 0.48012740755954875 1.99182886057819 0
0 0 -0.2276386385553275 -0.2898870379742313 0.4695126488254062 0
0 0 -0.8340276585028596 2.090488494753349 0.6636268746393359 0
0 0 -0.5064643458124318 2.144006821886024 1.4347683262422122 0
0 0 -1.8225251830579257 0.75403609108766 1.9738668098267382 0
0 0 -2.9977628987919003 1.0275326324059129 2.006679326333489 0
0 0 -0.48427151428477844 -0.08124219605738836 2.0480576515235027 0
0 0 2.793924121155518 1.0294276275903556 0.44394294803918366 0
0 0 0.17943751584416345 1.6138581682762696 0.4454752000195744 0
0 0 -1.2197374627235809 2.0863681528093387 1.2305085765199726 0
0 0 -1.665979012988077 2.0844832322380387 1.3034752929157083 0
0 0 -2.7134476026949503 2.093606278548407 1.0242397757670774 0
0 0 3.014810128756835 0.506605562200583 0.466575760462834 0
0 0 -2.496542017211633 1.8442445531228653 1.9872139126605872 0
0 0 -0.23836459374467012 -0.1522303573591165 1.9700118689755106 0
0 0 -2.999887617383754 -0.5532353303965925 1.0757463010578379 0
0 0 2.4257363192889487 -0.6070705232600415 1.3036941626682141 0
0 0 0.05018691416619392 -0.5813023661356986 1.696649423258561 0
0 0 -0.9249361762803474 1.2680919225265856 2.038391638471656 0
0 0 1.7636549033717746 1.3184144194680136 1.9707375435008236 0
0 0 -2.2768365790721226 -0.6418732811605643 0.6285497184644716 0
0 0 2.954403391637123 0.8504146002491477 0.4331299951113662 0
0 0 -3.0840639803687417 0.8764330896301378 0.4359535362754676 0
0 0 -1.6966680128917488 -0.055630943704447766 0.47076546900521576 0
0 0 3.0049661799526426 -0.6294649074059739 0.48071149403958546 0
0 0 -1.8493240851058692 1.1620044343613254 0.44640460367421664 0
0 0 -1.1428824181906925 1.7187763553458864 2.0283897754093116 0
0 0 2.4020749258101857 0.3193803969955674 1.9782778198467807 0
0 0 -2.7066190347336745 -0.603874407602969 1.1895538071203398 0
0 0 2.2383410022399275 0.3583454309419757 1.9951364348557452 0
0 0 1.6237896450255738 1.6043721408234919 0.4355834773162073 0
0 0 1.9973175657535327 2.0235260408743514 2.050507707085897 0
0 0 2.571628383890369 0.3050655000692857 0.4269293026390716 0
0 0 3.081911509052259 2.118753500513365 1.6233381467004115 0
0 0 1.6741411006282485 2.137248377260817 0.9477551298371875 0
0 0 -1.348156092910043 0.13577842686689412 1.9739861751444665 0
0 0 2.525433074320654 -0.5825249589748209 0.9370805281145601 0
0 0 -1.877134582714315 2.0895710948958506 0.45918215312857846 0
0 0 -2.549424134146662 -0.5994370316983881 1.8819739157856896 0
0 0 2.113631955940435 1.5338320935793843 0.4441630050465817 0
0 0 2.406216247725167 0.9292634871799643 1.9625077124299608 0
0 0 -1.21152307780881 0.2943886079534572 2.0147860507161655 0
0 0 -0.5556361284691009 -0.593648173400589 0.5626288057611709 0
0 0 1.3829111545542379 -0.052674136403557004 0.46190047807578294 0
0 0 -3.0664473790241553 -0.5937825328486239 1.345972797388953 0
0 0 -2.183899396181339 0.39140226805945055 0.4554848907162291 0
0 0 -1.4111363551165237 -0.328990856283329 0.46687146223037934 0
0 0 -2.7216005038946647 -0.027011487023560377 0.49594658916266454 0
0 0 0.38346497448434347 -0.563216018009105 1.6632991087345572 0
0 0 -0.6071698848108644 0.2652938443240741 1.9774659343180816 0
0 0 -1.8908560433118327 1.9235285435258398 0.40643694934786745 0
0 0 -2.4733715548725232 -0.5646580522334039 1.9319674130800315 0
0 0 1.4013514619738823 0.43961566316664213 0.42330343522478286 0
0 0 -0.9330973267320894 -0.6447649600204766 1.9593059559626633 0
0 0 -0.7927214321033795 2.1168202715179665 1.990469924363201 0
0 0 1.098385893768409 -0.491936765184817 0.42461222889785755 0
0 0 -2.4373036804392685 1.6595320405580722 1.9582110105275188 0
0 0 0.11056482607555695 -0.590166885255436 0.9754980549038106 0
0 0 1.0029329944184013 1.654093026534434 0.5011477872054999 0
0 0 2.0158839516122953 1.4333682591460188 0.46525091120015394 0
0 0 0.25660322273396163 1.4499359279353035 0.4103987621494415 0
0 0 1.992369631341231 -0.5651278406014004 0.48376480721382575 0
0 0 0.36549868390593243 -0.574074827249343 1.236232879435498 0
0 0 -1.3689869320507881 -0.6463031243299742 1.6186368638169872 0
0 0 2.2193026168547147 -0.21857168210575262 1.9923944360194636 0
0 0 2.4471255323045487 -0.4136946269965798 0.4682381231750987 0
0 0 -2.9120357509049453 0.6006919637266661 2.0323435267166334 0
0 0 0.21390212644245077 -0.23016157298573936 1.994966487896602 0
0 0 -2.04413972337177 -0.3840991096088364 0.4300399913696624 0
0 0 -3.0660695984873145 -0.476664191384192 0.48584015723293794 0
0 0 -2.800761272532112 0.4381480056570871 0.422617921565031 0
0 0 0.7081638475007308 2.119801278793836 1.3982490942870875 0
0 0 -2.223919143601241 2.077475623074257 1.473511338868746 0
0 0 -1.5299002263494295 2.0593819058463048 1.5521038459746583 0
0 0 0.6971946615018463 1.8828831501572723 0.46127010311494876 0
0 0 0.02138134012248072 -0.2706580275409034 2.0076428204624293 0
0 0 2.132077869299418 -0.6026897926642321 0.41792499113273884 0
0 0 2.522612222633443 0.7920765392339861 0.49990949646807636 0
0 0 -2.42156540135549 -0.24892255026054433 2.01221624886797 0
0 0 0.48419367701834526 0.06499802264775623 0.5018529016127456 0
0 0 -0.3897190026515984 1.2089358781099453 0.4402612065198489 0
0 0 -0.051715848792516006 2.125450081520917 1.547493441309265 0
0 0 2.053511557889612 -0.04920176628933326 2.028576178158853 0
0 0 1.5440497861502251 -0.6114668893933477 1.7417644601292244 0
0 0 0.6734350797275579 1.4486621982194534 0.4511775808292382 0
0 0 -2.5859967047650834 2.089076049905841 1.9329067843938252 0
0 0 -2.8385687908770594 0.7108201656987827 0.4542688637110843 0
0 0 2.603124845535226 0.7964437835479692 0.4429794170483312 0
0 0 -1.7959274431526584 1.72739093585402 2.005409465897274 0
0 0 1.1448549261888585 0.9481825596204705 1.9688848613931347 0
0 0 -2.5236446788584246 -0.38163028789273246 1.9590136707310852 0
0 0 -0.6153045898597056 -0.5569598250854997 1.7110257711259897 0
0 0 -0.8802776438478719 0.9111808164061406 1.9557862531923047 0
0 0 -2.1433705930113005 -0.5866603696105708 1.8670307389239618 0
0 0 -2.0698771814645704 -0.5589877554010092 0.920352146722868 0
0 0 1.0532586285348238 -0.6402813043986253 0.4886856373895353 0
0 0 -2.345718350062269 0.6465261075290911 1.9698239406139164 0
0 0 0.7145554410984869 2.071464481440138 1.3850659695971268 0
0 0 1.9858206003591077 -0.5806846513240065 1.4672437627989172 0
0 0 0.7236450358689446 2.1494957775118473 0.9906609825559117 0
0 0 1.8636695996586319 -0.6405348466850251 1.0181653489464737 0
0 0 -1.242249775999411 -0.5962675888591937 1.2444891741154103 0
0 0 0.7077873492504585 -0.6312724420922569 0.4118935686308277 0
0 0 1.1533928144950396 1.319679843465445 0.4271719177721349 0
0 0 -3.039600288782036 1.43441653470658 0.43070043590688467 0
0 0 1.9115543111619422 -0.6215767629470494 1.6470944362467397 0
0 0 0.7788993951380121 1.5227974333127603 1.96357222215472 0
0 0 1.4480641919503778 1.5750050966008085 2.048367255922362 0
0 0 2.7780799601603574 -0.5579127587186463 0.6841371672858874 0
0 0 1.6544527688929227 2.0851051841770136 1.7125273119593858 0
0 0 -2.916835329329834 -0.3538665434345347 1.9821862318671517 0
0 0 -2.1927444900088138 -0.5811796477560041 1.1878610524107938 0
0 0 2.8281307162262594 2.14955904920369 1.0734399236704837 0
0 0 0.7645050753803058 0.4468610759256705 0.4920728758557871 0
0 0 2.3180335432446233 1.9530131324019415 2.000059303507914 0
0 0 -0.6614798138095987 1.8105030454984161 0.48475674779583566 0
0 0 -0.19022854050150118 1.7917176475258632 1.999051311410217 0
0 0 2.396819483466259 2.096069604099175 1.8804241510789435 0
0 0 -1.5778048825999453 0.4388525457986131 0.44973441544458337 0
0 0 1.5944200364586614 1.224116359547973 0.47395339987333795 0
0 0 -1.163382070947818 -0.6067683473589991 1.0699722112246683 0
0 0 1.0700651306622424 2.1087892415525706 1.2934725512373646 0
0 0 2.0113067908524576 1.286524564277668 2.0326140582543006 0
0 0 2.903333688353059 -0.2740286249862589 2.0217596090387993 0
0 0 -0.9736898296280248 -0.5583734754869611 1.137733162039984 0
0 0 1.0681947964333123 1.4004351692619585 2.0479869481199793 0
0 0 -3.138287470029044 -0.5849655094182298 1.8659375940140095 0
0 0 -2.7410714832573304 0.14784042879222647 0.45688083384065414 0
0 0 -1.345641580201431 0.1485972063803439 2.0001906260786093 0
0 0 2.0274907965121427 1.4797301527119824 2.0333828262710467 0
0 0 1.7436583680416904 1.3669232856296711 0.43691101232668106 0
0 0 -0.32425413062181585 -0.2995732184618458 1.9773527362644918 0
0 0 0.7656810376000447 0.2845429690967981 1.9534889294469981 0
0 0 3.069773919778136 1.5076383331376142 2.0394118112828767 0
0 0 2.9810475134168897 2.112063876721644 0.6797738738313845 0
0 0 -1.9411417179171189 -0.5728133974666125 1.5447334131957662 0
0 0 -0.16219942678233235 -0.6289068331467833 0.9942874982173089 0
0 0 2.7408510956994494 0.2818517722219027 0.40892941393057824 0
0 0 1.0327982949342989 -0.6479176195309444 1.7586072776069048 0
0 0 1.0795517970021313 0.748415820113064 1.970774943168648 0
0 0 -1.4057256891596661 2.142493290272247 1.471509501721718 0
0 0 -1.8260946235724478 -0.36776175825153046 2.0096659438420983 0
0 0 1.0293434136866493 -0.5194652648096514 1.9829209239169652 0
0 0 0.7581042852253996 -0.3835653367925853 2.0073845041133396 0
0 0 2.5130779916594665 -0.5576162797143835 0.5209614117638356 0
0 0 -2.966765327395271 2.128416583562111 1.756740212514197 0
0 0 -0.4097657399165948 2.1049158845167204 0.4412231479338663 0
0 0 -2.2246537364285297 -0.6321917508600303 2.0406443581904394 0
0 0 -2.7637164504625145 -0.599923896035139 0.472965376877032 0
0 0 1.2190829057039059 2.047537254205773 1.9599038154348367 0
0 0 0.1850426773834295 -0.6145618479583381 1.0764809788619663 0
0 0 -0.02027380801682721 -0.4645266168236213 0.41541476683758116 0
0 0 2.6216128167020347 0.5795149026692601 0.45818807019085916 0
0 0 0.4136023414872647 0.5375330083936563 0.4779115159201206 0
0 0 3.138490459882185 2.0858804847927814 0.41732693042805225 0
0 0 0.953537238337308 2.118120021770764 1.773480787537148 0
0 0 0.2652204282861068 -0.27296115412185196 1.9630875678164257 0
0 0 -2.27099052496488 2.0787512072361 0.7839629636619199 0
0 0 -1.6784144980107658 -0.5573889344232934 0.9612591468776389 0
0 0 1.0524746323854055 0.37688296061259885 2.031345431937549 0
0 0 -0.5174333479577062 -0.6227019976906041 1.2809321629792167 0
0 0 0.43232018814564865 2.0667933039335997 1.210323933186173 0
0 0 -1.989901880450649 -0.37683700281235644 0.41712970752337286 0
0 0 0.26937414060331566 -0.42221752541743496 0.4480362006804184 0
0 0 -2.4304553255309838 -0.16107704537334988 0.4126532596931106 0
0 0 -3.0268118504248815 1.2131772093859288 2.0389299844038495 0
0 0 1.5132700203437475 0.6394563986043276 0.4971441622795507 0
0 0 -2.2510471836915653 0.9454155234653152 0.4905081950912613 0
0 0 -0.15815319153163987 2.1269475169536687 0.6579800639472019 0
0 0 0.5405746296047735 -0.6371304573559797 0.6107747622065015 0
0 0 -1.765165974202889 2.126180065200171 0.822452136491473 0
0 0 2.1482648381295517 2.0586631945164373 0.7694982516200554 0
0 0 1.3008261109019283 -0.6338699026540371 1.399044128645783 0
0 0 2.598257392730569 2.1144712886676493 0.8598999866013222 0
0 0 -1.4029688246486254 -0.274140134899411 0.4842822660955082 0
0 0 0.03831851388721308 2.1233551648430273 1.042681998061236 0
0 0 3.136942204112568 -0.07942068294279059 0.4802987598840157 0
0 0 0.9422576111165135 1.9391167599479118 2.042296019949243 0
0 0 -1.9169953521469854 -0.11505993493822131 2.0497912309510995 0
0 0 -1.6743923592279748 1.728727314664716 0.45358947945520056 0
0 0 0.6084052698126272 1.6687023322341281 2.0411469184061626 0
0 0 1.9436690571727437 -0.445017048511656 0.4559081080640621 0
0 0 -1.0922821221875196 2.0587970200105037 1.6913784792115707 0
0 0 0.48123450981030835 1.7448845587472765 2.0442235649955793 0
0 0 -2.0172440242433547 2.0843250242300777 1.6783182811633526 0
0 0 0.35662472822069224 -0.5892793738838333 0.8022696630376471 0
0 0 -2.8610135236502625 2.127581727614004 1.469221326838372 0
0 0 -1.311876366666915 -0.5378068431351888 0.4101067966212232 0
0 0 0.1283611232622648 1.9700038619850753 1.9709047105209945 0
0 0 -1.7956541582393564 -0.19039226312436264 2.042807302395374 0
0 0 -0.17089572105962425 -0.5918105970434573 1.0093629669460724 0
0 0 1.9809798627733652 1.0759000744616323 0.4493552358671906 0
0 0 -1.8405537465660267 -0.5810467084518525 0.8484625002626351 0
0 0 1.9784483176402556 2.079648870401429 0.7215861568342846 0
0 0 -2.7184576180309374 -0.6400120358426697 1.8314411746533457 0
0 0 -2.334688573307591 1.773993852859771 1.9859739994737495 0
0 0 1.4046158708476035 0.05678936651058719 0.448073878215406 0
0 0 2.5600725784274836 1.5134825316816893 0.4643572540253409 0
0 0 0.6087298798093399 -0.11423320709263507 2.0424941990504055 0
0 0 2.368718065827606 1.3389452005205413 0.45456037954747774 0
0 0 0.693935029838447 1.085053282827173 2.0256658984424565 0
0 0 -2.104654830060932 0.7868090556558125 2.0156808177721866 0
0 0 0.9375025429174588 1.286904683950523 2.0384500425109437 0
0 0 0.5214240242847841 1.8353002479409135 0.46810301202209714 0
0 0 -3.1241170030953067 0.8280104684532894 0.4609762862367067 0
0 0 -1.7191286977059235 2.143289588491472 0.6751200725787183 0
0 0 1.215128215886982 -0.640643446048967 1.3561969333373403 0
0 0 0.09142971814217704 1.804011593362134 0.44308623261402325 0
0 0 -1.17281536482834 -0.44883679176898017 0.485173183540194 0
0 0 1.828918417463595 0.2394176143618858 0.43126988760439855 0
0 0 0.23575181177252835 1.2229686038859973 2.043569254800766 0
0 0 -0.3696838265397444 0.23209993673508378 0.45155339618907453 0
0 0 2.043950076782324 0.007771285726543509 2.012036693458972 0
0 0 -2.3246010411539464 -0.6102681469323823 0.7437486348871671 0
0 0 2.2161674894810677 2.0544198314114617 1.8032259170950862 0
0 0 0.09783958122204739 -0.6414653534857315 1.5996741441029534 0
0 0 -0.19066623136356453 2.075346280504452 1.1444593158072318 0
0 0 -2.580676736781452 -0.6436455983145624 1.4407525905657583 0
0 0 1.9453744429912145 2.1160130868750695 1.0455444440558062 0
0 0 2.5384994323665753 2.139902873569223 0.6858811744534038 0
0 0 1.0138810813022507 -0.5528449505374511 1.1797036485029455 0
0 0 -2.7291587451981134 1.4522334772755492 1.9757936837897587 0
0 0 -1.5986034788081578 -0.2883122041851014 0.4409171944867277 0
0 0 -0.8681334303394523 -0.6409668364495285 1.5071086281805082 0
0 0 0.9933039899086964 -0.6289852753653633 0.6613139958574377 0
0 0 1.9482823074936784 2.0667379970316384 1.9698294021125966 0
0 0 -2.7965832439525107 2.0837202009470017 1.3583840850735114 0
0 0 -0.9498275831027168 1.066169588768552 2.039908662239891 0
0 0 2.756899511482848 2.0761084308457534 1.0138415816994366 0
0 0 2.432182316256659 1.5798123422156756 1.955513218487896 0
0 0 -1.7319088332349104 2.0554095000235315 0.897941225577148 0
0 0 -3.092700870177946 0.7863254482813509 0.435659117915723 0
0 0 -0.7440058795191429 0.17063350394696908 0.45420361750343663 0
0 0 -1.0472197765311413 0.6801169816370163 2.044413388033784 0
0 0 2.206326835462371 1.497483679552812 2.050394974601572 0
0 0 -3.120479494255664 -0.2781802797330437 0.41574463315175814 0
0 0 2.140415315547381 0.2516050738612714 0.49221226642928206 0
0 0 -1.4060743093285313 -0.3940091029295125 2.001712271608247 0
0 0 -3.0299803754619767 -0.15155367897306005 0.47586601276439666 0
0 0 0.13201512871565724 1.5909818607473356 2.0204155980653735 0
0 0 0.9480575480490501 1.1313257386240994 2.0521276628144363 0
0 0 -0.21857429667029526 1.2002597846115028 2.0123857620081695 0
0 0 2.235341470741055 0.26334195652564907 1.9963506506687316 0
0 0 0.5572574560515324 -0.5928144497352503 1.1036726391804481 0
0 0 -1.476557651742048 0.8377263160100783 1.981896790972355 0
0 0 -2.7454111797858958 1.556798818161137 1.9718355601771456 0
0 0 -1.3154563319681327 1.2295471971290373 0.47335144890570746 0
0 0 -0.3664240394572644 -0.600661931964682 1.5871237193684578 0
0 0 -2.0189217176041305 2.094505534809359 0.7460050873886981 0
0 0 -0.03376287035219061 -0.5863077579866303 0.7858578978349076 0
0 0 2.5444171109190536 2.0898197244851984 1.890630618592048 0
0 0 -0.20860046600503068 1.413689351530891 0.41089239563678837 0
0 0 -2.11833257790048 0.5405632541939285 2.0446369393886843 0
0 0 0.6836074862760193 1.4424795768898837 0.4113095626002399 0
0 0 -0.565829971592831 0.13145270030474387 0.4802922077042968 0
0 0 3.114653071360115 2.1369552519165467 1.4226113851772528 0
0 0 2.569001986603653 0.5932279202192026 0.4309885077252693 0
0 0 -2.370042266365434 0.7566115582174071 1.9741204067642006 0
0 0 2.930195673694363 1.5429081053501752 1.9935066310396468 0
0 0 -1.7714107347707948 0.35510734063897686 0.42667971846781017 0
0 0 -2.0749704466551364 2.074027538966154 1.2201226425654537 0
0 0 -3.057255585151648 1.8165889775071922 2.0004278133642495 0
0 0 -2.8440853917800992 -0.4695205273926828 2.0206413544407154 0
0 0 2.541258271298359 -0.5237181526424379 2.0506149947441044 0
0 0 1.818949544880903 -0.5795592506731297 1.7467389967847218 0
0 0 -0.2961162078853188 1.8971028763560913 1.979518555494194 0
0 0 -1.1245719359647732 -0.6083252833886985 1.9219533817134071 0
0 0 0.3554076525117522 1.6726723208519692 0.44546926560577516 0
0 0 -0.11095065095741452 -0.6036891952178216 1.6617521873208378 0
0 0 2.134167697576639 -0.4182498958019054 0.49639137129374855 0
0 0 -3.0285747161664585 0.5841583487132334 0.4370389138260158 0
0 0 -2.8584397085537687 1.8236769767701244 1.974417832055045 0
0 0 -3.102881044497268 1.4368168638263483 2.0165588823220824 0
0 0 -3.0637992814667068 1.4606438301037141 0.42828652985667826 0
0 0 0.8492060007306428 1.392462322246906 1.978302583533094 0
0 0 2.92364251636607 -0.64375586112645 0.9856753297907429 0
0 0 0.12759487390937974 1.044567252744895 0.4900792996538712 0
0 0 1.7215065790333481 -0.5998226692503774 0.7801492055009356 0
0 0 -1.0101431953396207 -0.6382447230296937 1.8821468117339293 0
0 0 1.9687716989712474 0.23742434200738805 2.025194188589727 0
0 0 -0.9367980624083487 1.063558907351084 1.9662155599568436 0
0 0 -0.136362731686146 -0.2590802640012344 1.9635111903409905 0
0 0 2.358862940469397 -0.23467271659574718 0.45189693169216605 0
0 0 1.1747909833813655 0.4926872997589895 0.44891018569045094 0
0 0 1.5588439939724719 -0.594342703980614 0.4615263896655498 0
0 0 -1.6680731183357826 -0.6185249669733437 0.9016347267218714 0
0 0 -3.111169342404425 1.6048148478737814 0.4737441905546883 0
0 0 0.5172048659148594 0.12031689234992515 0.4086912335406787 0
0 0 -0.5254125529854217 -0.011692510145399293 2.0193216870466593 0
0 0 -1.5810856115023615 -0.5817370702204063 0.5610963132807425 0
0 0 2.6132714943777886 -0.5636746409536773 1.9204914025528064 0
0 0 -2.0794539238812746 2.073937729115978 1.8580742232360934 0
0 0 -2.3934162871584124 0.935998076545298 0.4596904407567175 0
0 0 -2.7854948364263707 1.4324242181648748 0.40704602828475545 0
0 0 1.4474191992466343 2.133853118125047 2.013613838492895 0
0 0 -2.3305301143312915 2.1148155626630016 1.9215191597167018 0
0 0 -2.4070521567229037 -0.5420593896586681 2.012539517319868 0
0 0 1.4261236528842494 2.086998056786558 0.8270725799236365 0
0 0 -0.9011413673214665 2.081728410575907 0.8174492925113259 0
0 0 -1.9361714425416963 -0.5987707699523204 1.7571390298228644 0
0 0 -2.7516535390578705 0.0746163239768537 2.0232979419838832 0
0 0 2.218333996089288 -0.5751096319392837 0.535381849968851 0
0 0 1.5266811431788279 2.136294190438764 1.5048984027520746 0
0 0 -0.7527390334709247 2.1451300863031673 1.1666623074187386 0
0 0 -1.7301028621603425 2.1059238787045573 1.2004673550175478 0
0 0 -0.671249905237751 1.7468050611998838 0.42146619729169854 0
0 0 2.5777436615339964 0.03343697538546242 1.9750832513507026 0
0 0 2.5494272060581515 -0.5784946847829922 0.9621638812409655 0
0 0 2.1271990730141193 2.0808193016810153 1.4936644573256386 0
0 0 -1.7295653050344089 -0.6429384081434448 1.0861447263218666 0
0 0 0.4245983535850604 -0.6131915973070121 1.125357334600798 0
0 0 -2.1152133756458595 -0.02016934115981961 0.4331894988887681 0
0 0 0.07189143606173376 1.373164713653362 0.4399621124655815 0
0 0 2.855479083650054 0.5427429815407365 2.007349903580584 0
0 0 0.3177731306232858 1.2025900345867682 1.9698689539275858 0
0 0 2.474004415619122 0.49807577299773276 1.9693744495663197 0
0 0 -1.4077269664319583 -0.607403246613873 0.7226484722451794 0
0 0 -0.3462049316272888 2.1499839356750154 1.5771787862539264 0
0 0 2.551962303949166 -0.5945829451123483 1.961735678779999 0
0 0 -1.7978368191020568 2.1175405940203613 1.2228538100977313 0
0 0 0.25973481894736317 1.2869861993337737 0.4606816219269735 0
0 0 2.1424858954758843 2.075978287453352 0.9558864231156846 0
0 0 -2.4304758577945567 -0.5761250936898297 1.6647267710749933 0
0 0 -2.477154152676914 2.1315267664771267 0.8642744948433445 0
0 0 1.247804807981133 2.1249764785657037 1.6547437154037523 0
0 0 -0.08664871769899563 0.34065376078260823 0.4526903447359101 0
0 0 2.7729258767895546 -0.6091168100418445 1.5484376696977415 0
0 0 -0.22994995968701648 1.550735117226418 0.4959580568891797 0
0 0 1.8222255610603657 1.5620699010153662 2.048127923468806 0
0 0 2.1515311877395638 2.1332074663316902 1.746029578795319 0
0 0 -2.294423666068385 1.5453019001432888 2.0379992674746985 0
0 0 -1.278193206967295 1.1222527053640632 0.44551882889623173 0
0 0 1.0289823516781027 0.6485183659299676 0.41698301354820777 0
0 0 0.09276778377389228 0.06334643476400581 0.4673761761218569 0
0 0 2.342072850847768 1.3202395154751438 1.9982257218256496 0
0 0 -0.5305348173098077 -0.003426201379626348 1.9850834585054442 0
0 0 2.968622967921556 -0.2884377225641912 0.5022561137933556 0
0 0 2.975645911718529 0.4350223548618801 0.468433765537119 0
0 0 -2.226864561618532 0.04923688791171654 1.977394558364777 0
0 0 -2.860430495184914 -0.030392903013436667 2.0458329332936085 0
0 0 1.4146216195966819 -0.16194520089915176 0.47322845556910365 0
0 0 -1.0461826411066015 -0.19742431106121838 0.48893846202459346 0
0 0 0.6171296782293538 1.0309571307596306 0.46095844459079116 0
0 0 -0.4763522228713839 2.1495214478182216 0.4276490085547415 0
0 0 -2.2907840051718504 -0.052158228394781236 2.0297726923725614 0
0 0 -1.6335520835696695 -0.6031385375213625 0.7767975544354746 0
0 0 -1.6303084497418359 2.0603344557755934 1.703882010644731 0
0 0 2.6976089310827227 2.0565895941589893 0.7938430501358271 0
0 0 2.7662645411006377 -0.6275318525393212 0.7049924132193961 0
0 0 0.6376253721260428 1.8255989210418588 0.4094210375143714 0
0 0 -2.1789665197932235 0.9226715177117353 2.0385601194801017 0
0 0 1.1430045594032006 0.5355534366107721 0.4524885051239398 0
0 0 1.6357577942595132 0.005492685688424648 0.43033596739718805 0
0 0 1.2871651258572996 1.9072948557975395 2.007046799885632 0
0 0 1.6142402068944426 -0.5748538852940237 1.1582247532273207 0
0 0 -0.6289259777412823 2.1221402492838264 1.3681142550752345 0
0 0 0.11568661393686241 1.6273502034737015 2.0194084422280767 0
0 0 -0.5112685164191499 -0.5520255056769656 1.772741529709267 0
0 0 1.7870666434267246 -0.5874465279403154 1.9768151459812815 0
0 0 0.027001397354509127 -0.23026217132878846 0.41259803671248296 0
0 0 3.0118443644012274 -0.6356063342169578 0.7202136624657673 0
0 0 0.5983523434039273 2.0761914964099817 1.9114114868228282 0
0 0 3.0060543226960608 0.37650914268714786 1.97418489836089 0
0 0 -0.492920353852798 2.070455822495288 1.1691392456090628 0
0 0 0.29381267438235126 0.5393283973244034 0.47479965229930143 0
0 0 1.9202545174769572 2.132412762503923 0.9600692614950265 0
0 0 2.912793674219225 0.2716102989358621 0.48334217762507603 0
0 0 2.6598594176557944 1.583270755154112 2.005341177222831 0
0 0 1.2406018684224076 -0.6201860978731608 1.298250310586984 0
0 0 0.11530300226278722 -0.6080662056723614 0.9230368992165517 0
0 0 -2.5338033234252277 1.558362320751068 0.5007734846290028 0
0 0 -1.192568377188323 2.074434014843691 1.4115154932868166 0
0 0 2.0466283067875457 2.0961842192001883 0.6795301131146978 0
0 0 -2.8253700292140658 0.47343148724343465 0.40526068269144855 0
0 0 -1.926993678041449 0.4466103820658388 2.042740039960152 0
0 0 -1.5265152208178947 1.6019013277301923 0.4651462131428611 0
0 0 2.0031950595154635 2.0986293080346776 0.6108253017126675 0
0 0 0.719346943788203 1.7881081581496747 0.48894694538536654 0
0 0 -3.0548429271352315 1.3106415109607952 0.41110842410078396 0
0 0 -2.6778102573458584 1.3950916330438285 2.0132227312378657 0
0 0 2.5912750850764343 -0.6259632595305458 1.4158781530927722 0
0 0 3.0574625840465997 2.079124582978194 1.1074703439189333 0
0 0 -1.7962791359445942 1.1700528710937128 1.9780473867573523 0
0 0 -2.9319781466785777 0.9461051524793187 2.052798740379222 0
0 0 -2.242651310079858 0.1812589042331484 2.0272741304484514 0
0 0 -0.9621784357251029 2.0603871723606404 0.8037894198227696 0
0 0 1.9117740005198582 1.3848754331456474 0.44807131824467417 0
0 0 2.037515370993394 2.0755392855825994 0.9632465222594335 0
0 0 -2.105070692271477 0.4574790315925594 0.45358341821114867 0
0 0 -0.7347801007088628 2.088612166861094 1.274545961363133 0
0 0 2.1001132020634605 -0.5683909120958217 1.7857183948607454 0
0 0 -0.4945270761737577 1.7094184595780033 0.4266647784379447 0
0 0 1.4991753502053804 2.08854680178191 1.7131176393224385 0
0 0 0.6135543758880324 0.8434615551168243 0.4892937735164593 0
0 0 -2.701805394082896 -0.6370044400665078 2.043576189127438 0
0 0 3.028087490399524 -0.6372235389033793 0.4075425427314531 0
0 0 0.16076884177694106 -0.5886677248359142 0.9273739240390333 0
0 0 0.19518536936624953 -0.5937705913687601 0.6606138627619726 0
0 0 -2.8745118548104194 2.0729231092130798 0.6593702320367765 0
0 0 -0.05447010141763986 2.0846927038668 0.8349619558066195 0
0 0 1.3336314531155287 0.7320649812111233 0.42026662384688296 0
0 0 -2.960045220978657 0.1776356199510275 0.469225460025536 0
0 0 2.4759087723607323 -0.6393410837072564 1.936207465928923 0
0 0 -2.9568309514140334 1.679812634404177 1.9823286417368176 0
0 0 -1.0195424775561412 1.0313096363370495 0.4189923361982295 0
0 0 -3.0461178102488087 0.17651716848955212 0.4481972804343779 0
0 0 3.073869189440491 2.0932247700729154 1.139390204879685 0
0 0 -1.5979207583622168 0.6525761928682363 2.0062972795125944 0
0 0 -3.0921513916815706 1.3163988122538863 2.0362413231589174 0
0 0 -3.078506225073279 2.138988005850508 1.3466982421434217 0
0 0 3.0878212895220836 -0.2963189475120316 1.95458855184743 0
0 0 -0.37132077087790005 1.4852887998656843 0.45583705526195206 0
0 0 0.9541336856915619 2.0841224718298648 1.9360956182505176 0
0 0 2.449914984272918 0.6244357380189405 2.0360756824843094 0
0 0 1.8036808791229069 -0.576089943865052 2.016962530964167 0
0 0 -2.9799500670708388 -0.2929731580509609 0.48440869106533524 0
0 0 2.9530521237163256 -0.6127718443842065 0.7518576561490515 0
0 0 -1.9477574302789453 2.117997287243706 1.7484084436726084 0
0 0 0.14447306190164655 1.6626195210512826 0.4190931658558199 0
0 0 1.7865828503133256 -0.24653294917796054 2.0167707603953833 0
0 0 0.9135227924602294 2.1185647534703813 1.681411574308604 0
0 0 0.4877093353892752 1.2345108932071462 0.41138089877863726 0
0 0 -0.3498114470739675 -0.04388081337532512 1.9843893200525946 0
0 0 2.876419252606194 0.23314375392463593 1.9933056362638009 0
0 0 2.9778912939385327 2.1142428999303764 1.7970934125879 0
0 0 1.6529271220364041 1.3595875567313438 2.0074267070802754 0
0 0 -0.8373929634313515 0.5234638912434815 2.0333525822026113 0
0 0 -1.4717531814900797 2.106281581884688 1.2592778337237838 0
0 0 -0.8571614404309855 -0.21990400796794518 0.43727115751629386 0
0 0 2.343450195180943 0.13157335703620532 1.983811376600614 0
0 0 2.0450442513037457 1.4750894011654136 0.42870376326921644 0
0 0 -2.2165786984228695 2.079648542008509 1.5908167130765822 0
0 0 -0.17084404618524607 -0.5850766116891029 0.9562810120636231 0
0 0 -0.8659043998825404 -0.15883903240906339 2.0185833485027143 0
0 0 -2.021742731606401 -0.5008525962595951 0.4604858539343728 0
0 0 -0.6640189622890809 1.7491150580094323 0.41021080433770674 0
0 0 0.703559849916279 0.6714509539180356 2.036799651788961 0
0 0 -2.728570609792699 2.102091934735718 1.7719766033697377 0
0 0 -0.1971237077174517 -0.5237155802188262 0.48142641936503494 0
0 0 -1.3532332636950946 2.0518935651524046 1.2286723815387468 0
0 0 -3.1165188648102853 0.7349046775370844 0.48533446268697933 0
0 0 -0.017827515054460896 2.0632413948496326 0.43880012348444153 0
0 0 -1.3694603694126959 0.2637683170077375 0.41776825314687105 0
0 0 -2.184654703142924 2.081818275999468 1.7633407288609884 0
0 0 -2.7401452886373683 -0.5523324183620453 0.7790193440492978 0
0 0 0.07371138416933842 1.4388830879532246 0.48382471225639967 0
0 0 0.8023426312241728 -0.6339967725870517 1.0806775369315935 0
0 0 -3.0169220164351653 2.1271054665179676 1.4071684382213314 0
0 0 -2.7507590303650074 1.2412748918414365 0.44217456510897013 0
0 0 -0.6273052122490435 1.487228816757131 1.9970591580795798 0
0 0 2.3736523165953907 0.9366738329677755 2.049787195898401 0
0 0 0.6975787973061567 -0.20010888987916453 1.9747726358481754 0
0 0 -1.1360915886724974 -0.6099807614140764 0.7190178349413402 0
0 0 -2.784016936063895 0.9811895677043385 2.0154617269875192 0
0 0 0.9913767902697161 2.1486631243149636 1.6517734207877517 0
0 0 2.338187607629888 1.0746395741812746 0.4953292725197037 0
0 0 -1.8002175477283044 2.0842511288149974 0.6633838822868529 0
0 0 0.03942329841930903 0.34970049442260087 0.4954124116465416 0
0 0 -3.0880260876833145 2.0542630564314486 1.8725615402436953 0
0 0 2.786259194833516 1.2746325496069704 2.0453298557948916 0
0 0 -0.44984871231730716 1.7729562710519782 0.43752008732298187 0
0 0 -1.4281872087175989 -0.604663717426764 0.9202028176927021 0
0 0 2.712267598109187 -0.6038251871599569 0.8207622126899904 0
0 0 1.7921031875241926 1.6492348759945268 1.9703065788143457 0
0 0 1.5792328080093565 2.0923771145018484 0.8690309785058477 0
0 0 -0.017773048974680794 1.8271304631861598 0.43530404987217186 0
0 0 1.8004518585856628 0.49978392999543164 1.9754301165645987 0
0 0 0.3383735128418137 -0.05663470004504978 0.49630676142699315 0
0 0 -1.1265564544079991 2.095757388185682 0.5867862773529575 0
0 0 -1.6137658774988821 1.17098943543535 1.9787287222976035 0
0 0 2.8267326462774633 2.143185497427143 0.5721150333398946 0
0 0 -2.6942972179917546 1.301450421189823 0.4870059508974268 0

