0 0 -1.652849139119907 0.3439183126384918 0.4523171875807036 0
0 0 -2.6551905656134966 2.1247971293516006 1.7042601290707393 0
0 0 1.2417077409711936 1.6912383329814895 2.0438919454367883 0
0 0 -0.7634194366894902 -0.15009256091279433 1.9713980866643201 0
0 0 0.48536175599854925 2.0935161983962605 1.9002914284101353 0
0 0 0.01606971795219536 0.32219215450710714 1.9847807723184814 0
0 0 -0.9539239995830693 2.1365881411951952 0.9364456782768934 0
0 0 -2.3421861757460944 2.071979447939673 1.0163874789576068 0
0 0 0.298168976487057 -0.4254978748085798 0.43524628086091444 0
0 0 -2.4419193807410737 -0.6284001758604862 1.185376108765352 0
0 0 0.31136655645802014 1.835079574235609 0.40439376016658735 0
0 0 -0.9019125457045116 1.681331064448986 2.0137114397349007 0
0 0 0.17144450419680846 -0.6306728311978593 1.2073081031387078 0
0 0 -1.1154989472029442 0.817566551881133 0.41770154095795065 0
0 0 2.344244604274322 -0.5835986203772274 0.5760859892113956 0
0 0 2.056600313105559 -0.24975625368902277 2.039210789290859 0
0 0 -2.388251096894526 2.1051594524192954 1.471650017121321 0
0 0 -2.0040984794436523 0.2786442621265859 0.4658167408668541 0
0 0 2.385233338735869 2.14760028091353 1.0284156220377763 0
0 0 0.5200550574536824 0.836269280710146 1.990592617525833 0
0 0 -1.8021078363862213 2.070234796749971 0.8512600314172631 0
0 0 2.9573359761725007 2.1286594686074896 1.601278082030126 0
0 0 1.9128546209463444 0.7995975318801276 2.0381780811016053 0
0 0 -2.6905317408353553 1.7061761622507816 1.9638706825032266 0
0 0 -0.4791632398718786 1.125574075524595 0.4763892569362025 0
0 0 -2.700153106109152 0.00758033159326732 0.46983618992833653 0
0 0 2.3064649482557265 2.1478896701495205 1.6492223164998925 0
0 0 1.2496997258038522 2.104350034823667 1.6835777480352698 0
0 0 -0.5911738397847808 1.5906727140980965 0.4681482330082324 0
0 0 -2.7261366591877803 2.1310487181125684 0.8253896373940763 0
0 0 -1.4161175090217557 -0.5773328660473986 0.9692624233862687 0
0 0 -2.0981564253501306 -0.5636343491263041 1.6453330269040833 0
0 0 -0.14112716676454662 -0.5906444886094817 1.5714055513684924 0
0 0 -1.3608894489797856 -0.32919085888714394 1.9794017474784995 0
0 0 1.8834259811081804 2.1319952372906257 1.4308656038860952 0
0 0 -0.6873892724724886 1.255871949887952 0.46123946182297937 0
0 0 0.38220713352135105 1.598054143176894 2.050034178216486 0
0 0 -0.4916031831448948 1.948894982749142 1.9878967153275853 0
0 0 0.09006343631128777 1.4760754507290448 0.4690780180211648 0
0 0 2.721211186090356 -0.6120810229921045 0.45069947049481296 0
0 0 -1.7132451288876307 -0.6400787265308063 1.609809194967027 0
0 0 1.3960464776727584 1.3009509156795884 1.9864977350698936 0
0 0 -1.5565424584080225 1.795672426258781 0.4318324703360882 0
0 0 2.57547059883772 0.9385929843363832 2.0030273286840643 0
0 0 -2.9971698769819657 1.7890349277642474 0.459388208480522 0
0 0 2.1154060813068645 -0.5941940519286009 1.9980284265294772 0
0 0 -0.009141428280333486 -0.6289161749497856 1.014497218851004 0
0 0 -1.3581216500149496 2.1485994047283756 1.382033474466251 0
0 0 0.9395554865221998 0.9058722339983611 0.46642665340513045 0
0 0 -1.9046333573950804 1.641324916655716 2.04630757612442 0
0 0 -2.071452280332056 1.4137694641799035 2.0412651970549263 0
0 0 1.61133286010719 -0.6098742801493913 1.7971738389869323 0
0 0 2.898815098213663 0.6044194173504267 0.426717158808414 0
0 0 1.703448419339498 2.0603199491917765 1.1291416191353667 0
0 0 -1.9284729874053321 -0.5501630580060632 1.9227267997972992 0
0 0 2.086206006994299 -0.5899354950044524 0.4483324471061092 0
0 0 1.2954452947093023 -0.16398497123591216 2.015356869156699 0
0 0 0.8525650135306511 -0.16613420012758873 0.47605442767591555 0
0 0 2.1638898035640564 -0.5622636583700855 1.540311784938415 0
0 0 1.5692597104189545 2.0560345980146315 1.4541297750037496 0
0 0 0.42837267068721196 1.7390047731782399 0.4098326416611472 0
0 0 2.0654712754106566 -0.2430759941606805 2.0088998689680846 0
0 0 1.0022570914264346 2.07210239273405 1.6299954750935204 0
0 0 -1.341687209349526 -0.1644865364337489 0.46670088769682216 0
0 0 -2.4775306577875074 2.0690376114652365 0.43292348840727857 0
0 0 2.14156404556495 -0.5548785471031226 1.3469377062034182 0
0 0 -2.9895336907011063 0.6850598342041181 0.4291303585732391 0
0 0 -1.4301260672533225 1.3233129017224896 0.45944197519147323 0
0 0 1.5717486537049332 0.2172108403853743 0.45738788615179815 0
0 0 2.797602145262812 1.4382752336137519 0.47328369064031683 0
0 0 0.3489947174521184 2.0731126643964166 1.1352174058399707 0
0 0 2.211664354123016 -0.5092289964155785 1.9733672020682809 0
0 0 -0.21379027788362004 2.1357735785679663 1.9845455123463582 0
0 0 0.606667562877321 -0.6431604936349946 1.7833837389268294 0
0 0 -0.0576480829953363 1.50696790735605 0.4108154240090123 0
0 0 2.518829749047697 1.3947154399213535 0.4694595475721828 0
0 0 0.29777780726490155 0.7937369970620238 2.0065228711167027 0
0 0 -3.053631751698231 1.7050040262759312 1.9909056349948842 0
0 0 1.9932666285380254 2.119801232627149 1.131331168942784 0
0 0 0.9448440131413838 1.7068810959929757 0.4720117166301926 0
0 0 -0.5238751291193706 -0.5088810629065468 1.980707501057388 0
0 0 -2.593296392838469 1.8640422135700436 0.49820984341622 0
0 0 -2.376305904094556 -0.583806021839798 1.2297102793587216 0
0 0 -2.8343982353042034 2.0535411742533034 1.0255575402596082 0
0 0 -2.5372107350679105 1.6050452817263745 0.48036840024904204 0
0 0 -2.195663820464824 0.24935652508915562 0.4649548550110967 0
0 0 1.1907697010840481 -0.1222460715289373 2.011780540761347 0
0 0 -2.3606993993244285 1.4764720321786975 0.48770263988832063 0
0 0 -0.720023253205583 -0.6226375267926554 1.1781970760000111 0
0 0 -2.5808472481131544 1.9507682626135778 0.4698496072244216 0
0 0 -2.10912337271198 -0.5876907951820274 1.399920866207319 0
0 0 -1.5180643540612613 2.0865235066466536 0.9406330483003633 0
0 0 -2.9565852505929477 -0.6004011722209053 1.6577919790185283 0
0 0 -2.051812436348232 1.5550764903707253 0.44323576480873694 0
0 0 3.0337021315812622 -0.6353738244823215 1.2881935793837385 0
0 0 0.12705864576005688 -0.6163404796912517 1.2540093423199075 0
0 0 0.04196760381646758 -0.566338999934692 0.6876443654877605 0
0 0 3.006993531234433 0.34135931100376027 2.0214235402478034 0
0 0 3.0375717887692133 -0.6410147738257879 0.538767657992679 0
0 0 -0.7738251053372487 -0.18036411915705408 2.019156639835433 0
0 0 -0.5094412122849907 1.846538466924349 0.491955243807517 0
0 0 -2.507706592591329 -0.5829028345393734 0.792462634694332 0
0 0 2.8525043642431305 -0.6291675104088037 1.971798720860276 0
0 0 1.1627549335943703 0.30225262678400333 2.0129834521717376 0
0 0 2.1067444178482297 -0.6331619929284229 1.0315337488172678 0
0 0 0.23977093701628682 -0.5145438660373745 1.9655093465054012 0
0 0 2.2494090291375386 0.8718147218554464 0.4308146089987607 0
0 0 2.241053694302373 0.0392911332358129 0.42607301354404103 0
0 0 -0.6684952661292431 2.0567619868104576 1.3282988059337444 0
0 0 -1.2838516250479954 0.810172713314582 2.022412899278993 0
0 0 -1.8005223409128785 -0.6274332513098317 1.206492622077418 0
0 0 -1.1095404020333395 0.4463171653917011 0.4821395818157642 0
0 0 -2.562357771672689 0.979516547950416 0.4405093655929435 0
0 0 0.5369468549327427 2.0954969881789856 1.4860603743180787 0
0 0 1.6134331970172715 1.9814997269838825 2.0466958564048983 0
0 0 -0.43389369779036 0.7199601791802854 2.002248713888849 0
0 0 0.4089755962981516 2.1195741659912746 1.4212438267885261 0
0 0 0.9414657795411836 0.8073821901913918 0.43669994313171157 0
0 0 -1.2440851860799633 -0.6423531684750756 1.021383881078802 0
0 0 2.3436634751913665 2.142280070494859 1.8824101290467352 0
0 0 1.7857954799310853 -0.5538712776955195 1.8229007270842097 0
0 0 -1.1690031179225364 1.5853532105415586 1.9766057623604536 0
0 0 -3.0025659831789984 0.9787273278951487 0.4885805081753076 0
0 0 -0.5609108697818681 -0.5875108219573395 1.3791855656606709 0
0 0 -1.5521373103286917 1.1373256105353324 2.0378719901864697 0
0 0 -1.9995160194837243 -0.5557587468098353 0.47715175085624195 0
0 0 -1.2931274129316186 2.1258375084804557 0.8659557672053276 0
0 0 -2.2304228663189756 1.1225769815220012 0.49504484632478896 0
0 0 -2.6188478440207983 2.0317717554369503 1.9775323866722414 0
0 0 0.5573679887517713 2.060162344920821 0.7835950476588194 0
0 0 0.028274898785678015 2.096870951150576 1.2182763446581601 0
0 0 0.8942159808419818 0.7982893211352062 0.47701622806652844 0
0 0 -0.6364243295032779 -0.6048524846003125 1.7345452126063166 0
0 0 0.8028952499809958 1.6465351441941205 0.5004856933354888 0
0 0 2.9116250637319885 2.1144397132452903 1.2746549086786942 0
0 0 1.0994955554632382 -0.6447076883948475 1.5530033833515604 0
0 0 1.5594049447497849 0.7731980284838988 0.4803552859619733 0
0 0 -0.9510217874411491 -0.6081140765113964 0.5275388002568254 0
0 0 0.20677832316960387 -0.627292489853539 1.5156824352302247 0
0 0 2.8963333827349818 1.2786378797651603 2.048636132192361 0
0 0 -1.4933449665512146 0.6228549091619293 1.976939901152115 0
0 0 -2.627592059263354 1.2652424600527594 1.9838870311611982 0
0 0 -1.126061818130521 1.459831621755703 0.4512594737036474 0
0 0 3.12630781202557 2.113657838973354 1.3708794664965205 0
0 0 2.977742468306042 -0.44559497449223073 0.47878763028716964 0
0 0 1.088869562592719 1.7723403515344682 1.961443267108764 0
0 0 3.01348332953944 1.7787098509401946 0.43265952753864356 0
0 0 -1.1637842162180607 2.1337828635923506 1.2307100184117667 0
0 0 -1.7448497432923427 2.0673647898941763 0.8383094079373246 0
0 0 2.8576454469528123 1.8229278333707504 0.43776669694761106 0
0 0 -0.06734537463793888 0.25515087587698937 2.03814615448462 0
0 0 1.5721122590211323 1.7751610660886497 0.5019572212187042 0
0 0 1.8555925202540253 -0.6128832980919887 0.7127226317486304 0
0 0 -2.539098373688098 0.04874445224420154 2.0057113673361058 0
0 0 -1.2117806886187386 -0.3632175069062695 2.045909664920809 0
0 0 -2.5992845900635464 -0.02985029156120622 2.0161014200471685 0
0 0 0.1734623356777658 -0.44163135988143565 2.027384989652639 0
0 0 0.2866231450358572 0.05827627224241716 0.4880869787355614 0
0 0 1.1841867776342925 2.0847421494889815 0.8688002851108875 0
0 0 2.0280370625025768 0.12489388722490458 1.994430652838051 0
0 0 1.1380427697328086 1.7721627973706802 0.49163005776268476 0
0 0 1.8808767949990166 0.12430950710028721 0.40902262259464406 0
0 0 -2.379533545460238 1.7100456505753796 0.42759173644006376 0
0 0 -0.3490227313023446 0.41954620647305485 2.03280735689877 0
0 0 -2.0785979776170183 -0.5875013144220038 1.4991278340857574 0
0 0 -1.021697778612325 -0.6365046354366188 0.4399822166401167 0
0 0 -1.1267674421874516 0.7273145858263699 1.971377453824729 0
0 0 0.5817458655461278 0.5363954686432315 0.44647057113803357 0
0 0 -1.7814070901345618 0.7914305358136247 0.4709944521858396 0
0 0 -3.059465380370425 -0.560864183700283 1.00403313906667 0
0 0 0.17057133428280036 0.9579622087375728 2.020246845298312 0
0 0 1.5533449937777073 0.15452615103885148 1.9911780300624624 0
0 0 2.3313193636929803 2.0681194288762628 0.8911843440252525 0
0 0 -1.7765442013989305 -0.5578196044965662 1.599099798137059 0
0 0 3.1354643331150784 -0.4585770686163837 0.439687594420196 0
0 0 -0.2216062345472536 2.0830251690105897 1.7682331964258182 0
0 0 3.086735781959641 -0.5643896261749763 1.9105367652104204 0
0 0 -0.28215168214571795 0.018307380728328715 1.982504861390702 0
0 0 -1.9380357600923819 -0.10985311532896591 2.0433618452000837 0
0 0 2.1764582472530085 2.089311190813256 1.7819167235185271 0
0 0 -2.616161103033646 -0.6294768942999946 1.0598373279859985 0
0 0 0.8162757676113821 2.098531580572518 0.41424690236265815 0
0 0 2.0266292110004827 -0.5873532335235545 1.346201866900089 0
0 0 2.4578877991774064 2.092862267467674 0.4399128348587198 0
0 0 -2.8661485000506532 0.8978642175278875 0.47883167432324614 0
0 0 2.0266431768817803 1.1350703035140348 0.40814092545073233 0
0 0 -0.07987583137479781 -0.5647212938430639 0.8683992604995208 0
0 0 -2.2877563603845577 1.4015515622946482 1.9590322330926182 0
0 0 1.021658045980888 1.5958516538309804 0.4996259218121639 0
0 0 -2.80136767277083 -0.6041162840088103 0.47878814241008016 0
0 0 -2.463442770900019 0.5213870308085244 2.0155188619536974 0
0 0 0.7123406362596536 1.7978634088521719 0.4354589771256435 0
0 0 -0.9117768693245378 -0.5577907653520282 1.1375278196015837 0
0 0 -1.5015249102998234 -0.5809525423639363 0.7524267351906442 0
0 0 3.1316869159672382 1.383140126400753 1.9896122039520066 0
0 0 -1.321606906103791 -0.2757015948716022 1.9809207340971016 0
0 0 1.7105485102089943 1.664983796898792 1.9613683939176942 0
0 0 -1.056625138855619 2.116938759309449 1.68657760624539 0
0 0 0.7232810241506984 0.8244670054234424 1.9908751280076569 0
0 0 -0.7772542920327719 2.030105152478394 2.004440259040271 0
0 0 -2.4805417897298754 2.052483716793401 0.8933231038074168 0
0 0 0.9403664590315302 -0.5853225377727633 1.0049612166758932 0
0 0 -0.3446645102032555 1.423804494241704 1.9724476932046555 0
0 0 -0.40702949869944405 0.3356151295610942 0.44269286466687074 0
0 0 -2.2045216548116793 0.45303945992403594 1.9885610380936563 0
0 0 0.18011598060238665 -0.6474168624014842 0.8853666423939934 0
0 0 -0.45025646324735114 -0.6129679875641074 0.9816614905860914 0
0 0 -1.3589139074515306 2.1499130276239624 0.8080370666073233 0
0 0 1.9893064533930112 1.397795573691564 1.979922052699344 0
0 0 -3.1175245905317834 0.07856774634251984 1.9772511123172238 0
0 0 -1.3964807595547748 1.9214905295403553 0.48670453746327214 0
0 0 0.34065733543488097 -0.23771997821828994 1.9919121537358282 0
0 0 -0.4476574218533069 1.0767958632267365 1.9937163780611697 0
0 0 -1.5668977123878325 2.120138328072575 1.8843151135544758 0
0 0 1.5156114900584416 -0.6123653981821795 0.8688141485578388 0
0 0 1.8849161450544267 1.9893104865870492 0.4933459629328746 0
0 0 -1.705677458088058 2.1082977567807624 0.5933115642995144 0
0 0 -1.3928377248797934 -0.5641918913523425 1.2658683049323627 0
0 0 3.1003415753812025 -0.42464950195906837 0.439227286806661 0
0 0 1.6499492082245295 0.342348367823603 0.4941262105890949 0
0 0 1.3782756859845309 0.8840938076010241 2.046801732729499 0
0 0 -0.10756756101895748 -0.5735832584508975 0.4924747104959658 0
0 0 -0.4124242309739201 -0.5571031365006591 1.504921887978666 0
0 0 1.749993084275511 -0.15901587107019788 1.96906608398695 0
0 0 -0.24523803770313402 0.5175513985742308 1.9623900230650477 0
0 0 2.2825586288649333 -0.6100615256568611 1.428587454904706 0
0 0 -3.050238125317462 1.3717708083390365 0.4688296481059604 0
0 0 -2.4267551386900035 0.5329019366677106 1.987782787567537 0
0 0 -2.214575507953064 1.0076050090918771 2.0518468927601585 0
0 0 -1.9158692456870747 1.3863352304360115 2.049313027261548 0
0 0 -3.1241561456999327 2.0606113812825813 1.1230828840177125 0
0 0 -2.521278316635169 0.6617835136074768 0.41304673899923383 0
0 0 0.4444531494261179 -0.616032919614093 0.6822476504087396 0
0 0 -0.521387527971604 2.0859407412389324 1.8649935620493812 0
0 0 -2.0415626412630923 -0.20304782471084137 0.47587383676565054 0
0 0 2.470117956547168 2.030829281451365 2.012546369586996 0
0 0 -0.887917244383206 0.769658016155315 2.000895112146584 0
0 0 -0.6736509055428863 1.7592710029243304 2.042430997913411 0
0 0 -2.7147003690770064 -0.6059615806176215 1.4065783110917702 0
0 0 -0.2514121928522375 1.403868581525337 1.9958878488084566 0
0 0 -1.982440328001522 0.592965419989985 0.4894966309018943 0
0 0 -1.7468419538841191 0.3696042643480224 0.4219217387018507 0
0 0 1.9820273612866544 2.1280033510419463 1.7115116676254272 0
0 0 2.074217438263788 -0.22704841607422377 2.0189313930284385 0
0 0 -0.3126412368538496 -0.5921361581452409 1.1746467344167082 0
0 0 -1.031133735159405 1.3262653708122463 2.019647765859443 0
0 0 -2.1183843579371353 1.382304437397897 0.404205614415446 0
0 0 0.5837157628386311 -0.5636711796666625 1.793336681758482 0
0 0 0.6342360443745236 2.112573190800328 0.9574040349398037 0
0 0 -1.253418910727831 -0.5121776106858178 1.9956087545958985 0
0 0 -0.5459933772876768 -0.5654449886710673 0.6894613177003595 0
0 0 1.4022428478227145 1.1209728798456458 1.9733301595508963 0
0 0 1.17477761996967 2.0860649406523804 0.93705114518564 0
0 0 0.3492335746959818 0.5576493851397544 0.44315066452682794 0
0 0 2.1750573618862994 1.8930166464061047 2.0022435422562372 0
0 0 -1.3241273056651335 1.0271025180504931 0.4472197644360577 0
0 0 1.5629474881450243 2.119868036533739 1.0345208797973597 0
0 0 -1.1727732380996396 -0.5585991104497434 0.5567783540221816 0
0 0 -1.0848611533814245 -0.6144337723163666 0.7592020417009933 0
0 0 -2.8844323058904933 0.6278852612605588 2.019243437864148 0
0 0 0.13040103767463807 2.126475944976592 1.2888958624886313 0
0 0 0.3933358117910979 -0.5898266091819739 1.927338990394553 0
0 0 2.773783856909427 1.2986396647283165 2.0310029571997474 0
0 0 -1.7106689503827102 1.4980880473030849 2.0374445585513845 0
0 0 -0.5404278015331996 0.7145752534000367 1.9881227491916138 0
0 0 -1.8166627256178955 1.196597202888354 0.43349592824098326 0
0 0 2.5583384896817183 0.3712508274165396 0.49078493322763994 0
0 0 -2.1678608632396013 -0.3220091129182059 0.4629931978652466 0
0 0 -0.7472878788681632 2.072093951432202 1.723885695698302 0
0 0 0.3796769028213607 -0.5542484342931735 0.6259557733823695 0
0 0 2.017814121737465 1.19437696644721 0.4130973412364566 0
0 0 2.6789023061374673 -0.5716869950842105 1.0404564034551598 0
0 0 -0.90827847559776 0.5065778903478828 0.4736275614180768 0
0 0 -1.2041349387583264 1.2639482893182838 0.4271911864212983 0
0 0 1.604508530986359 -0.22918502714115918 0.48304678064493656 0
0 0 1.4410437375470924 1.8527273359009688 1.963259746643087 0
0 0 1.6986213658795375 -0.5548996357989946 1.4632186554126965 0
0 0 0.8808821305093293 1.937627434800352 1.9850115121437737 0
0 0 1.6730871023534855 -0.07694771066554229 2.0454479706642474 0
0 0 -0.6923622529610678 -0.4607592393050708 1.9558752556807502 0
0 0 1.0772015075060466 -0.1405004761538351 2.0118019081942773 0
0 0 -2.087953392084957 1.3682653686896076 1.9881637758367376 0
0 0 1.5144569634360163 -0.5866071739452359 1.7109951657112794 0
0 0 2.3092038722793378 1.0689170995875068 2.0373452745820178 0
0 0 2.9344608230984326 1.2503782387088411 0.4304845126618314 0
0 0 -0.8995114135153028 -0.5500112392854306 0.6373492376562397 0
0 0 2.981502036698294 0.6464219911582896 2.0353301280541003 0
0 0 -2.7589282216724507 2.0950015671506526 0.9933583887021885 0
0 0 -1.484004711340863 -0.6350575445239626 0.9526428650157497 0
0 0 1.1248145985741314 1.2959648228670697 0.4126009110584211 0
0 0 -1.046998551812703 -0.584728299607403 1.3690317846307316 0
0 0 -2.2858894082721024 2.000000105846703 2.0030581031991406 0
0 0 0.7209575380526636 0.4007063165101783 0.44665263220855134 0
0 0 -2.512875879637756 -0.05431867982577043 2.0067274719518937 0
0 0 -2.924733735116436 1.2213345040177264 0.43224525334288133 0
0 0 -1.5683930337013452 0.18404370904276213 0.4616201636312711 0
0 0 -1.3782467078929819 0.6330111471551161 0.42885971185861027 0
0 0 2.5700875152572156 2.0796928999478994 1.6489687932415096 0
0 0 -1.9880366607734163 1.1822930673117267 2.010779555322178 0
0 0 2.412113326120484 2.0411381064613785 0.4884154169369068 0
0 0 -1.9078122715520904 2.064337319014811 0.7129688828713805 0
0 0 -2.7810000616931956 2.1088728389713864 0.6083776671737211 0
0 0 -2.794773466452536 -0.6476631614849677 0.6012748985270228 0
0 0 -1.3546473681739266 1.9964553559171538 1.9680590220601717 0
0 0 0.6083784332154556 -0.5945460174631851 1.373852081375248 0
0 0 -1.7113757402727792 -0.4539707469603318 1.9935135811452538 0
0 0 -2.1233477301929433 0.8438499601346146 1.981547722375284 0
0 0 3.090280378199215 1.8888810474994007 1.9785085873487875 0
0 0 2.9850889434030803 1.0440488472525147 1.9763056931888163 0
0 0 0.4702186523899914 0.7570067607902773 2.011028737448295 0
0 0 -1.147903725659557 1.498959964773144 0.4197103782813767 0
0 0 2.237981661934441 -0.5727911177301934 1.3175206685436525 0
0 0 -1.5313299798378477 1.7686864322554163 0.44885234260423623 0
0 0 -2.5463339612012024 1.1046421882173958 2.019996607167617 0
0 0 1.5310639001996362 2.057736883866933 1.7349937198719168 0
0 0 0.8582838001592279 -0.6349989221155141 1.0783358352288717 0
0 0 2.005452497996269 -0.583417899650202 1.5871831974591668 0
0 0 2.916432726514709 -0.5958859830821621 0.5606706971533297 0
0 0 2.362135507212593 -0.3659882172361213 1.977858769933049 0
0 0 -1.6353557539223686 -0.17056705632138847 2.0426976369065386 0
0 0 -1.8279080164958184 2.0791376228571936 1.4554776198544745 0
0 0 0.16702015337472487 1.892156365674562 0.4298156391042943 0
0 0 2.421256937467696 0.47047722231722955 2.042009410647642 0
0 0 -1.3963970591270263 2.1286499681611213 0.9927687984092057 0
0 0 1.2220749248975853 1.3696529390149745 2.040385609910965 0
0 0 1.704321803425163 -0.6298543057737067 0.8790335642990035 0
0 0 -0.9158438902152573 2.125144236816321 1.9185657971587415 0
0 0 -1.6273727754308724 1.1043700708912105 0.4976136220127533 0
0 0 -2.206300288274001 -0.6419248731990217 1.4707538392220376 0
0 0 2.782004422120072 1.4995307367805066 2.01724179342944 0
0 0 -2.6686869122216343 1.5124360459431616 1.9866976634119962 0
0 0 -2.8751449714376265 0.8509766773438661 2.0028444645771435 0
0 0 -2.398002754872057 2.059527481059231 1.7963437281155998 0
0 0 -2.6955482469778413 -0.09034975489080266 0.4145220138244097 0
0 0 2.8992851430557334 1.3434294432724072 0.4862779904483131 0
0 0 3.000076807252854 0.4658942603992686 0.43925163263583855 0
0 0 -2.187432608954609 2.130478112879068 1.8244951241233192 0
0 0 1.5277755035512897 -0.18751937392447526 1.9614059716696142 0
0 0 0.5079714633736789 0.4938176972897317 0.4983484714032863 0
0 0 2.976692707433253 1.8241703702501793 0.4888803910318127 0
0 0 -0.23818083036405913 2.1142374435444085 1.6938650245922053 0
0 0 2.1665117425397824 2.148928768880261 1.6895465998555599 0
0 0 -2.2667762231117257 -0.5548860930780823 1.6594885329285038 0
0 0 -3.094240458968177 0.19245912054527858 0.45164935332322864 0
0 0 2.493501803118172 2.147643463778467 1.357410391820963 0
0 0 0.4026386926296488 1.6660538815183752 2.011003695129327 0
0 0 -2.2101123721134406 -0.6412110463428975 1.5283770012190108 0
0 0 2.4527692472348512 0.05407269709831608 1.9802045767711731 0
0 0 2.0896704782633364 2.0504341956733656 0.9124381179434249 0
0 0 -1.439532173839204 -0.6100185130233196 2.0197494438126524 0
0 0 2.611420939029016 -0.23478764458015755 0.43559333977595427 0
0 0 3.02717634542483 1.2570885432437515 2.020164243516082 0
0 0 -2.283066362417117 2.131655630594358 1.382335723108946 0
0 0 0.3109697064202881 2.149307945683078 0.9038749981750319 0
0 0 -0.17280619292138377 -0.557086965978496 1.7804480687435082 0
0 0 1.8509015087702805 0.5753107529028514 2.0228162168257273 0
0 0 1.8342427215856922 1.6259637842170191 1.9848343325184863 0
0 0 0.6739057108595534 1.2943155288081463 0.42491747713700034 0
0 0 0.45322443743832164 0.9457086886283785 0.4500928995234317 0
0 0 -2.353297882704662 1.6628453712973312 2.0386778076273218 0
0 0 1.4580577302458098 -0.5606989204443404 1.0361751053758175 0
0 0 1.3238336649163536 -0.572731572098149 2.0150960297845257 0
0 0 0.13099222182152115 0.7812245714397079 0.4626910794786906 0
0 0 -3.0685617661762103 1.6140035684084373 0.4298426516627908 0
0 0 -1.4152864934544753 2.1161722536117424 1.6119726754067714 0
0 0 -2.2875230034492517 2.108778093264615 0.6286374741265942 0
0 0 2.431714656487065 1.640932870806348 0.42995698053868836 0
0 0 1.9975313558081371 2.1351071816220464 0.8921462886441391 0
0 0 -2.675717986750579 -0.3090599752173706 0.4532996154576133 0
0 0 0.2771306193892249 1.8569503131838745 0.4262524929909002 0
0 0 0.23951214226623607 -0.6303564933384354 1.227438741033085 0
0 0 -1.5903147371555906 0.6284554733748535 1.9696114870762402 0
0 0 -0.10211996334009665 -0.6313632171914654 1.3302749864944037 0
0 0 -0.3296035676619331 2.1096167810181536 1.5173952255879208 0
0 0 -0.1888988310843498 1.4629362150532266 2.0124933387009896 0
0 0 2.055184743855368 -0.5908878549562822 0.7256212466987384 0
0 0 1.7454232608802904 2.076790990966741 0.9225425366567208 0
0 0 1.3974991703434743 2.1256338818304004 0.9821553231270337 0
0 0 0.16145961416477972 1.281670576463637 1.9854130383346873 0
0 0 -0.763051518470792 -0.3903570666883627 2.0275869156403603 0
0 0 -0.48059430628074207 -0.03447484496685649 0.44534155248454654 0
0 0 -1.8967681606397473 2.074850539895981 0.8043133710232422 0
0 0 2.964010726844208 -0.511961992200316 0.41327284790047625 0
0 0 0.6627312009857054 2.1213985226448777 1.7857094118229662 0
0 0 -1.179979802280364 1.4113659352538765 2.027971627752668 0
0 0 -3.0606284994704374 1.6332031590222027 2.0334255539750616 0
0 0 -1.5731461849349868 1.0936220199715785 2.04163600954583 0
0 0 0.8644108456976296 1.8641304223878852 2.005094800084237 0
0 0 2.1138488581018784 -0.5806066937822127 0.46452692149072083 0
0 0 2.1243467401240848 2.0553439002350835 2.0226996790727547 0
0 0 -1.0032527346342524 2.066974495061274 0.8697897301112707 0
0 0 -2.884767083545441 -0.4877275263443217 0.4716071029261275 0
0 0 2.4020261140682404 0.7602277410333962 0.502648388302541 0
0 0 -2.186091604372687 2.090939170743918 0.43113976458675585 0
0 0 1.327528287557822 -0.570233290112562 1.4959410185364115 0
0 0 2.536665607657854 1.8577604831776446 0.44299062123863053 0
0 0 2.5866395144129424 2.105214316490752 1.1854326682946472 0
0 0 -1.8467546309638914 0.23087556705577372 2.0356080904287186 0
0 0 -1.9792888757891764 1.0266831342385783 0.47658978690534237 0
0 0 0.7157215638251171 2.0804328304875828 1.6133016720541584 0
0 0 1.1840121477580343 0.8579669993890822 1.9530419321679406 0
0 0 0.39943702525106994 -0.41657720972157253 1.9687507004943254 0
0 0 2.3261448653283843 2.117518798532781 1.2480659118830915 0
0 0 -3.0525226846876548 -0.07231464431180723 0.500715310532178 0
0 0 -0.5473450691939301 -0.5857090771784341 2.0296004741964673 0
0 0 1.7091885010607877 2.1221187876310537 0.8355492505491295 0
0 0 -2.998354826464249 -0.6259780410367548 1.6891779003759648 0
0 0 -1.3807223353997549 -0.6268158809808706 0.5852587742939955 0
0 0 2.7255930447618963 0.718356591785968 0.4105599957516016 0
0 0 -2.678451890046512 -0.6389640997228003 0.5509871343262168 0
0 0 -0.6486549041894469 -0.021627578577541273 2.0499623395669104 0
0 0 -0.2604053737909138 -0.5713647020005708 0.9423285723149059 0
0 0 -2.2120631226155805 1.592665419315823 0.47394001534500463 0
0 0 -1.125193480285351 1.6158850699236071 2.022713122438984 0
0 0 -2.0064901935708583 1.8395805650077557 0.47129335796229443 0
0 0 0.4953878269635368 1.4868802360236792 0.4053108722309502 0
0 0 -0.40714260798260593 0.4685581627327342 1.9746192185467728 0
0 0 -1.8257831924639516 2.1340359575231402 1.9072536352284721 0
0 0 2.5677776212205305 -0.617326784852051 0.6553757015109655 0
0 0 -0.06768838106662578 2.1319827276032517 1.1466001623483195 0
0 0 0.19986202569647382 -0.5731819356752084 0.7539700580401252 0
0 0 2.2303572134828604 1.8280615157448643 2.021508924300946 0
0 0 0.8314568806548692 -0.4190830382464863 0.49792767406160754 0
0 0 0.44816523021026056 -0.5915879241585558 0.4160704849150286 0
0 0 1.3505366508553633 -0.32339249946158066 0.45914084977036895 0
0 0 1.8275885986159333 1.9886068504755692 1.956508959202967 0
0 0 0.7622574528062054 0.7573036807241698 0.43959456555154497 0
0 0 -2.4179982609028943 1.8756922333797983 0.4215152709874147 0
0 0 2.540694906418258 -0.6497097106103318 0.5497188240989039 0
0 0 -0.2429100868366647 0.11152092417690351 0.4583755726771196 0
0 0 0.43787629517892457 -0.07115929491883932 1.9740235276161138 0
0 0 0.20325434454887414 0.09810639241259012 2.014376739780792 0
0 0 -2.584570020766412 0.5119393783552373 1.9536114928136714 0
0 0 -0.8114798764081987 -0.6469965638599684 1.4465766613223758 0
0 0 0.7737379886624849 2.13247852032151 1.1240378443361105 0
0 0 -1.059504738795725 1.2815097631101713 0.44995890763334223 0
0 0 1.1285462305595209 0.5922440640027786 2.0455334839550297 0
0 0 -0.7639414196942784 -0.5768262329934128 2.044120617727324 0
0 0 -2.4861523901863722 0.90858573852727 1.9826626676334826 0
0 0 -3.0196304091365196 0.9105947067271472 0.4398284967103244 0
0 0 -0.048281852505106304 1.4958803517848749 2.0384434607097086 0
0 0 -2.767054174822928 -0.41427381857032297 1.9574725033168663 0
0 0 1.2558888899227396 2.139834292547854 0.5856209256310154 0
0 0 -1.3688460582121145 0.7219057797085426 0.42296299144063265 0
0 0 -0.9476691612680601 1.1859205039195782 0.4790082703737 0
0 0 2.8154089374341087 -0.5782805973445031 0.9074895932257017 0
0 0 -0.22855190181092944 2.0913042443667447 1.75152070250774 0
0 0 -0.2872169490950749 -0.5881128010870513 2.035875346830646 0
0 0 -1.0618188316715047 -0.5707346145401258 1.9680765658734374 0
0 0 -1.180234701956173 1.2092381634377753 1.9688566445465145 0
0 0 0.973075454626481 1.3481587542508133 0.46843876141997254 0
0 0 -0.8026619305798866 2.0859382489241587 0.7193606470470006 0
0 0 -1.296559178430379 -0.05579769329252904 1.9991383068393191 0
0 0 1.9920715916730733 2.071640760923122 1.6012667882912672 0
0 0 2.7012713229614267 -0.6272063099565071 0.6824986853544907 0
0 0 2.0599626112323115 0.27750092510613567 0.405163534493724 0
0 0 -0.24545756960542198 1.1034350989938777 0.48622262527601434 0
0 0 -1.2959591985986125 -0.6043898991437981 1.4649179765497493 0
0 0 2.4549418426034126 2.060636430795083 0.4368690397918926 0
0 0 0.606385798015288 0.4790374787516567 0.4261369304538055 0
0 0 -1.3600055906408728 -0.6265359045431791 0.7100152278239036 0
0 0 1.1899527087622719 2.0697999483415304 1.1962986420715285 0
0 0 -2.7292749653233157 0.8267138842371615 0.42020078594349053 0
0 0 3.128573001518421 1.2242435089140724 0.4767550928494144 0
0 0 -3.002737449821955 0.7766068641007655 0.45167263638132105 0
0 0 1.3105838489141375 2.1108325454223587 0.9331248312676004 0
0 0 -0.8670675325213164 1.8306953795065446 0.4828399050278084 0
0 0 -0.44683416136217957 1.5542593433778518 1.9859351233984774 0
0 0 -2.5258306920661147 -0.6323565647709128 1.1446368572694268 0
0 0 2.0481529047695446 0.9145548302266759 2.026237202513882 0
0 0 0.7975015352720121 1.5583302411714175 2.0496330225043384 0
0 0 -0.5297623429936644 1.5363152572204164 1.9961734184954651 0
0 0 -0.619475109804104 0.4273160436852451 0.42349741354707326 0
0 0 -2.432915429039107 1.837025631730339 0.4865147072448376 0
0 0 -0.6402509141399695 1.4808777414033905 2.018340257657122 0
0 0 1.3486194279960992 -0.3964786634993287 2.0135223083820284 0
0 0 2.394174804817201 -0.4107488814931455 0.450212830880793 0
0 0 2.9650401032139717 0.79856155336512 1.9699835431003847 0
0 0 -1.2321284144502238 0.7336367059246285 2.0092285768763034 0
0 0 1.6215418117996023 2.069906961220595 1.9905011399861625 0
0 0 -1.9023907638232271 0.5927113032824041 2.044600040968972 0
0 0 1.152325240627941 1.5315021781428257 2.0421689039185575 0
0 0 1.8804934299791531 -0.6408530597721369 1.8836391912369643 0
0 0 -1.0096495378370265 1.8721931792600663 0.43829438234799756 0
0 0 -2.545882153801167 -0.08303305220392931 0.4608010306853274 0
0 0 -1.142002811940109 1.6439534729431002 0.4177013787493382 0
0 0 -1.912195867723382 -0.11402917926883815 1.969474577980971 0
0 0 -0.23473384680917375 0.5914159527968139 1.964054189499426 0
0 0 1.099310322338849 -0.6427314065094378 1.4156868154877174 0
0 0 3.116551221005671 0.608795433638508 2.033214530390388 0
0 0 -1.3845463091983956 0.8238041967306873 2.0080774641179695 0
0 0 -1.2213582593168122 1.4309785581740402 0.41625915527992996 0
0 0 -3.0850945841961273 -0.6011402483453785 1.2139191532046258 0
0 0 1.0905341035286753 2.042914998419673 0.5015766128857666 0
0 0 0.7532405304751091 0.4260601923170846 0.4634745856994913 0
0 0 -0.25778861050748647 0.6783422463274105 0.48001888587894914 0
0 0 -0.7643841742637618 -0.5845719481857536 0.8073659696797101 0
0 0 -3.0827430308503083 -0.5565296506964215 0.6222363231438756 0
0 0 2.871224734292009 -0.12188026740931046 2.0299199208498226 0
0 0 0.6504584351812444 0.8921540660292768 0.46865969664150353 0
0 0 0.4861484978257349 -0.5785051691506793 0.7513303291904754 0
0 0 2.5725774311249 -0.5714344567507601 1.8721510136729809 0
0 0 -0.9975685777627077 1.377265089132987 0.41702778808551744 0
0 0 3.0373794612376885 2.0973158339859133 0.8810938339685931 0
0 0 1.6689964362001026 -0.5493288337423552 0.46326019935214446 0
0 0 3.0149696162656445 2.069104319944902 1.9816925235644403 0
0 0 -1.5330834450619866 -0.6353285686430727 0.4500904271784396 0
0 0 0.3298980143750372 0.8324397916111901 0.5025680948700788 0
0 0 -0.49830402475278746 2.112243333010107 1.1297699745045042 0
0 0 2.6867436708719135 1.4182151645725256 2.0158624681820965 0
0 0 -0.49841115762372734 -0.29979217256453117 1.9679532607391828 0
0 0 2.852988376271264 1.7780556725036634 0.48505681344296614 0
0 0 0.46677234694370595 2.060842244969288 1.1535342989291761 0
0 0 -2.7714230232702537 2.121946783193426 1.8882937086761191 0
0 0 0.6831356408220493 -0.6171733637135248 0.4943376309787588 0
0 0 1.1733112058126247 2.0742050480586522 1.5221719801812186 0
0 0 -0.526519352487917 -0.5519739684111058 1.5128696974394504 0
0 0 2.1551914216805272 0.2211703982148815 0.4191419392722784 0
0 0 -2.7959557139753652 0.7909157332912746 2.0209209481430306 0
0 0 0.5105819091505763 -0.5917643612347769 0.9322740581202588 0
0 0 1.1234232550922112 -0.16012631999986215 1.9817399453844162 0
0 0 1.3551056648981552 0.5450111506732938 0.4075069534890925 0
0 0 2.5975678537848426 -0.5529385435863401 0.6632636622977223 0
0 0 1.2524273921598805 -0.6314149476126036 1.9012218261455562 0
0 0 -2.304147237844014 1.5444199263689027 2.033606457749606 0
0 0 -0.032651707409798725 2.0538521388943907 1.3571801902298402 0
0 0 2.549632261986197 0.020681253973374725 2.017831903081704 0
0 0 2.8483419074235066 1.8830869835386579 0.47452581129138005 0
0 0 -0.5402049850471169 1.978483016634758 1.9556964185440675 0
0 0 -0.3606218414041993 1.7270855834083492 2.016555431422991 0
0 0 0.8893681732620671 1.9263284445448485 0.44977537507232 0
0 0 2.9506894142534748 -0.15627599261301917 0.5009080843680256 0
0 0 2.209082083582067 -0.5691732883031182 0.5013108404213522 0
0 0 2.3678868451559048 0.2521616636531949 0.40772013040215194 0
0 0 -0.9649753098058551 2.065616990140006 0.7666846506781679 0
0 0 -2.9585527508533054 2.132018410071498 1.2172359350231288 0
0 0 -2.3899159087556887 0.30011177919233434 1.9706099162386375 0
0 0 1.555384495010962 -0.5509539787901194 0.4738604768085882 0
0 0 1.776016560006111 1.7409885422019904 0.44745650443929996 0
0 0 -1.222946485739545 0.4584817946260358 0.4226884425737021 0
0 0 -1.8717093238534739 1.3140034926001822 1.9650889669333313 0
0 0 0.0591433120844167 0.7493316420084546 0.4209638325176468 0
0 0 -2.2061376317183417 0.8285586678134758 1.980785033623989 0
0 0 0.29740925637655113 1.3553374021653382 0.4503950615524467 0
0 0 -1.164032108642468 2.1489561106174198 1.0105145601603178 0
0 0 -1.3526853708033413 2.132279752046861 0.8697516301333629 0
0 0 -2.201444330035237 1.3933393178388853 0.4707778954183761 0
0 0 -2.0797123501619033 0.1466509791358841 2.0432702144543504 0
0 0 0.13896330690350522 -0.6425476132514196 1.9444856165024484 0
0 0 2.0581272442889897 -0.3912966313842312 0.49164684816259807 0
0 0 -1.004303638451515 1.420574088189534 0.4358784759967741 0
0 0 0.5035423655174629 -0.5698415294395336 1.4602530712184838 0
0 0 2.374925172530599 1.0703752478931026 0.4489950756743696 0
0 0 -2.3544883092770736 2.1164522191339565 0.47110642093044697 0
0 0 0.513189478519744 1.6136213961089465 0.4795776537321593 0
0 0 0.7627631470639735 0.28207748516266695 2.0445727232100217 0
0 0 -2.950903347739283 2.148265097866122 0.8596154028560383 0
0 0 1.755477409645816 -0.6449457210377723 0.9694658073274917 0
0 0 1.0913892551588207 0.8902082694766791 0.4881419885342698 0
0 0 -2.2745434276628007 -0.6416083848343739 1.3505275030846362 0
0 0 0.5958737419912077 0.14969260915642102 0.4369277189540677 0
0 0 -2.067195987979628 -0.34293932991711884 1.9887497261127591 0
0 0 0.975286178166324 0.5863051299076942 0.4134577225289625 0
0 0 -1.2179214388090658 2.0614868050253063 0.8190483237043287 0
0 0 2.883070440673059 1.9712961903100743 0.48709363187756827 0
0 0 1.717449548093005 1.5581303974849667 1.9983082224610675 0
0 0 0.11131952411203105 -0.6489164208598279 0.6478184604545426 0
0 0 0.7357542902215051 1.516138027734751 0.43553541338699264 0
0 0 0.7864035700930296 -0.5992523595190677 1.613182135287227 0
0 0 -2.9512326932300863 2.143782110957536 1.4449321097016037 0
0 0 2.892312123356012 0.02087546786198602 0.4122090314140726 0
0 0 1.6286116939786588 0.7701957351727342 2.035179765379594 0
0 0 -1.7024968854289897 -0.626924680910462 0.520982404462314 0
0 0 -0.0870243126942496 -0.4435205190899649 1.9753090512834615 0
0 0 0.5626914356376513 1.5483176202664415 0.45427519233352254 0
0 0 -2.8785012454320436 2.1081854946335463 0.6259393149867026 0
0 0 -1.9761261948123787 0.8343085960439653 2.0121051799839105 0
0 0 3.1021260020101913 1.4875621316236753 2.002663461805025 0
0 0 2.227746839961565 -0.3806937099424985 2.0116070275353017 0
0 0 -1.0565868275220782 1.8433153372726114 0.48865371130763857 0
0 0 -0.9089286005010941 0.9395828061271676 2.040340551938219 0
0 0 2.8402108634762406 0.6225064485462557 0.463851282344642 0
0 0 0.21531880922819502 2.1305976003645704 0.4074570291968026 0
0 0 -2.2027872417991254 0.44107741678186907 2.0519937393253613 0
0 0 -1.0615314363416468 1.4796157116481286 1.9806780117731182 0
0 0 2.354017758231577 0.8428112446176408 1.954734432310317 0
0 0 -1.2976413501589803 -0.3815470792816693 2.017727675745405 0
0 0 2.5804252999234016 -0.582330728721765 1.636688350733617 0
0 0 -1.755199942815349 1.3868398507266306 0.47729363326477847 0
0 0 1.017707134546411 0.2859407900281986 1.9761372049022357 0
0 0 -0.034566140372338516 0.22348910605831995 2.0483220912920244 0
0 0 -0.8633504526438958 2.0820890196265065 1.615969927273551 0
0 0 1.5020951220115863 2.0845456642659066 0.7500453004297711 0
0 0 -0.8988480181964493 -0.5687759589176653 0.7474327477706071 0
0 0 -0.8150798435240287 -0.0940806228195663 2.0002896046778 0
0 0 2.0766051303543183 2.087700466710086 1.9955098445199573 0
0 0 -1.6966752999381067 1.4493927375336442 1.986476564256602 0
0 0 -1.0265495280532417 0.3192806878082105 1.9595672200803103 0
0 0 1.9489683214743465 -0.6360640880779995 1.0353127441876138 0
0 0 -0.07737306414634393 1.1936889484156274 1.9552045717265114 0
0 0 2.9219682672722644 0.945301308998534 0.449709112772802 0
0 0 -2.14766595274674 2.1109850234484817 2.000621488839532 0
0 0 -2.1283889481638205 1.0998734101781535 0.4230703038642729 0
0 0 1.4865231055296437 0.052327738200303564 2.018731476223171 0
0 0 -1.1751585380468312 2.0970272031951334 0.7185357759630164 0
0 0 -1.0546425132146862 1.0164674153665143 2.0049974177814915 0
0 0 0.34761350828895665 -0.5839483111347852 0.654167700927197 0
0 0 -0.9864131460270968 -0.598533161563952 1.9926472081983897 0
0 0 0.585460462644694 1.453191450674688 2.0234090932357054 0
0 0 -2.812316819266427 0.8756874470473563 2.039752049842152 0
0 0 -2.4532112685798597 -0.05473167054146655 0.4757744298148685 0
0 0 0.5966839222800298 1.5505998113401527 0.42187518043139494 0
0 0 -0.6753098042421377 2.079249204798786 0.5811980996117829 0
0 0 0.5288007665642027 0.7245151896810511 2.0485474297051254 0
0 0 -0.7530493190170655 0.4870035463284135 2.0348247643972392 0
0 0 1.7482614326624244 -0.6414001053873033 0.7131600715209033 0
0 0 1.753361525945487 -0.389847630263664 0.47202606883568554 0
0 0 -3.0498741736460544 -0.6381717988887401 1.279859909850317 0
0 0 -1.9230740078459023 1.0222475932614734 2.026352369831219 0
0 0 -1.8807308943860064 1.351153207841769 1.9851399481740288 0
0 0 -1.3083787026592895 -0.5798155346826428 0.7113436623888649 0
0 0 0.8603802210942115 0.6678212253672782 2.011748527154042 0
0 0 -1.3764427051885524 2.117720560519458 1.8956102802417787 0
0 0 0.14997546355084035 1.8695447525990991 0.46880397175958577 0
0 0 1.2341290623368213 0.3436934593150228 0.47616857427907844 0
0 0 -0.6405141308953977 1.53389109458213 0.46613612833781126 0
0 0 -0.7829480615078475 -0.6043460971740626 1.3308245312640574 0
0 0 1.0711681358202405 2.0847460272204756 1.5440438102728347 0
0 0 -0.010474468086877131 1.0046065916164721 2.047885972011423 0
0 0 3.133972117419632 -0.3108288184646799 1.9966036547617834 0
0 0 -2.7659557636300867 -0.1966622306122192 1.9575786554772183 0
0 0 3.0838107686374157 1.7078756057432518 0.43228814595314935 0
0 0 -2.396913962521327 0.9255389734284258 1.9892975410139948 0
0 0 -1.5428457219080811 2.0750344555946554 1.4295319542140366 0
0 0 0.693592320304186 0.40589030795751024 2.014885632321098 0
0 0 -0.4241547219417594 2.0835995273438597 1.191006971615205 0
0 0 0.1606482581819355 2.1062558069531283 0.91635852431939 0
0 0 1.650546813331677 0.6243747972669513 2.0287352490902077 0
0 0 0.7201567112491944 2.014779119350732 0.4977736672787805 0
0 0 -1.5797509278876487 0.16818759514401627 2.039304000459914 0
0 0 2.2904110758887537 -0.5885179610729094 0.9153716094194576 0
0 0 -1.0430406232357048 0.5663889078481203 1.9551849076809504 0
0 0 2.3844720411066422 1.6132109832234953 0.4907434609391119 0
0 0 0.32693347098292236 1.0233874637807685 0.498952934283848 0
0 0 2.037353486592841 1.3040491232412024 2.026028820716543 0
0 0 -1.3024391013750065 2.1360171957744516 0.4956788188819429 0
0 0 2.1097049407201816 2.074924646454322 0.8573832780191428 0
0 0 1.305608794509503 0.9588835722283107 0.44126319235880307 0
0 0 3.1316496975442814 -0.2512394462917382 0.4804312363025951 0
0 0 2.06824724876377 -0.36439308003067117 0.4728632007840259 0
0 0 2.941327338573922 1.3927028489879374 0.406777772074303 0
0 0 2.254246985277592 -0.21319260461039125 0.4600021364617862 0
0 0 2.3807258966535105 0.21990866168306955 0.4418689723905411 0
0 0 0.14919269683995395 1.3320713600331455 2.022522596933203 0
0 0 1.7671171289854524 0.33104273376442295 2.028358863475025 0
0 0 -0.5718527270648428 2.140289094988959 0.538383896622274 0
0 0 1.4589651051696304 0.6458010638203675 0.492618297461647 0
0 0 2.3689589507959363 2.014991922890478 0.4960723404210471 0
0 0 0.7615128153137327 2.0994687649945862 1.913854736461609 0
0 0 1.4254064296613516 1.1948337665435063 0.47808038722498714 0
0 0 2.079246864704303 0.13264313303663322 0.49947617298716807 0
0 0 -2.0915157373134443 0.6349274278148713 0.4905802054614268 0
0 0 -0.7969176301419565 -0.6053374444861248 1.6814529997105803 0
0 0 2.638564244761228 1.0868402259086927 0.4852334929340465 0
0 0 -1.7978786283154855 2.0076832772769775 0.4799211171723725 0
0 0 2.265396025009924 1.512850510216728 2.0263105447888763 0
0 0 1.0498674979907836 2.1259614301121 0.9792599562931256 0
0 0 -0.9722281683529181 1.392712426472978 0.4837286166848912 0
0 0 2.4264300766976588 2.1128453952217447 1.3057943089657602 0
0 0 1.814425985852405 1.4495087152093835 0.41062088722235657 0
0 0 2.513095240642178 -0.5933464314626116 0.7138351382200344 0
0 0 -0.06906208721847396 2.1289149197067445 0.8480195248042225 0
0 0 -1.619304619065287 2.031359757758752 2.0437581412018857 0
0 0 2.131820870290489 2.0804878529169635 1.8228708732459427 0
0 0 -1.2074834369616076 2.0507300276879183 0.5721983856596282 0
0 0 2.144231014332152 0.3702407957227861 2.0355149447663763 0
0 0 2.6458839353565633 1.5824619150050265 0.43427708589987946 0
0 0 0.014800410894130867 1.8438140283616973 1.997078064571995 0
0 0 1.992742372743539 -0.4631792682799476 0.48276402699049037 0
0 0 1.884291852938035 2.053759060779947 1.5670762100888906 0
0 0 1.370449147394683 2.0808596621063384 0.8969490533749284 0
0 0 -0.6180230196887488 -0.43167554962362864 1.9754950927522223 0
0 0 -2.0324854041270752 2.077234890188999 1.7512446680912581 0
0 0 0.8474201320163224 1.249910349678785 0.4794667948260063 0
0 0 0.72658135533253 1.5784827163401072 0.49708095263117413 0
0 0 1.040742027059654 -0.49492602931723995 1.9811612985478617 0
0 0 -1.2019708337411168 -0.6116751199498256 1.5948800674695105 0
0 0 -2.7780397376741934 -0.5793482302594601 1.107633348902598 0
0 0 -2.243470603454634 -0.6144827575836347 0.6519840829224709 0
0 0 -2.4799798438616683 -0.600992096590875 1.6656342678511533 0
0 0 2.336283017857519 -0.2565119928992923 0.408882043126529 0
0 0 -0.25232490513541217 2.0923342466922046 0.946676132766779 0
0 0 0.674020819239709 1.190377723029947 1.9674539617872275 0
0 0 2.430770386826623 2.138429067701786 1.3503277180009214 0
0 0 -2.3251218578075914 2.125769106953099 0.4326092227651145 0
0 0 -1.7901520828483302 2.066443433587879 0.5888190682979246 0
0 0 2.45235391558636 2.1064971647987765 1.0517836624842363 0
0 0 1.971539063625582 1.6431008454610552 1.977891934812786 0
0 0 2.8559858323201013 0.3879943934444785 1.9655086873778873 0
0 0 1.1681134183213597 1.637644868139667 1.9991838232903831 0
0 0 2.8190695627360762 2.13448019343513 1.9147079840820733 0
0 0 -2.7672827272600253 -0.04361707951137561 0.4375054424805521 0
0 0 2.9991880873340024 2.0634799680157156 0.7097338598654985 0
0 0 -3.1152821065832077 2.054945573314292 0.45428749126509893 0
0 0 0.43794287544376687 1.837430444915651 1.9962221306125396 0
0 0 -3.016760576458088 0.24990431919999923 0.457693725683438 0
0 0 -0.2544833049287081 0.10727971972428452 2.0165093512728776 0
0 0 -2.3516549460225447 1.373020203835766 0.40948350365105746 0
0 0 -2.7889820719851675 -0.628948656001296 1.5595951478511767 0
0 0 -0.9703835820893354 1.6313594078505405 1.973384856633373 0
0 0 -2.7236008988678773 -0.582302685564255 0.41892556265627356 0
0 0 -1.3973144828217636 1.8117828476409439 1.9971900921473211 0
0 0 -3.134062339204053 -0.5703277652709109 1.580037067757212 0
0 0 0.7770064173834212 1.678923430039757 2.03940877134336 0
0 0 -1.2466767476225435 0.17081605578564196 2.01501354063584 0
0 0 0.5056901999717529 1.3810091439980634 1.9916144891402878 0
0 0 2.2521128978058513 2.1121753744300715 1.9664760720067904 0
0 0 -2.0558781646666704 0.659985922288723 0.4157443489383982 0
0 0 3.0754482763241597 -0.6403949574229988 0.6172434691553393 0
0 0 0.9448620334646538 1.948652245134234 0.4425737535488692 0
0 0 2.9134496184101177 0.8025642700164526 2.023892697920023 0
0 0 -0.25541927331831227 0.6704654095541906 0.42076528950265213 0
0 0 2.275937255652848 0.47128906465451004 0.4678281530914189 0
0 0 -1.8763185959670843 1.3998396270789875 0.47867622521634356 0
0 0 -2.1372478855184758 2.091834854484192 1.7292960838660294 0
0 0 -0.08990241595802617 -0.3637676452167842 0.4189649130987797 0
0 0 0.9366654146435742 -0.5841451863116376 0.615667999019173 0
0 0 -0.8087090227516578 2.0163183890761385 0.42790738591657795 0
0 0 0.2606024528991311 -0.14494042859717526 1.9778290965294403 0
0 0 -0.9591197877626305 0.4791650985277356 0.47646152216572446 0
0 0 2.0974092771547133 0.7579771038853165 2.0184906711126334 0
0 0 1.841593854949699 0.15709858825981293 2.0145270208128823 0
0 0 -0.6182083310882684 1.9553822216252217 0.46780151197846687 0
0 0 -0.1096797961773559 0.9257292476580241 0.40875362536049575 0
0 0 -1.0326736411043083 2.0518963417390585 1.6193689024095916 0
0 0 -1.8321749375765064 -0.2885550157429675 0.4415158627651127 0
0 0 1.7188619691969098 0.06476084011281369 0.45219589445392216 0
0 0 2.844692087740005 -0.5567564705548949 0.503722007922419 0
0 0 -1.6029720491439945 -0.6052059277197297 1.1191071887730475 0
0 0 -1.3739102751746841 2.141390186756612 1.4504057088574582 0
0 0 -2.1447872963516144 -0.5979421009335089 1.4344300080462535 0
0 0 2.519530799437451 2.1220210787531464 0.6357512897398095 0
0 0 2.793775173207452 2.122498041477552 0.6997604432224579 0
0 0 -2.6840359839338404 1.2613672980453938 1.9541556819204882 0
0 0 -1.0623334636285424 1.5112595474788646 0.42959790058653036 0
0 0 -2.9332178856262514 0.5388158312892946 0.42970263296958877 0
0 0 1.5642673542494476 1.4024970893488204 0.4289587550632169 0
0 0 2.9642930164812844 0.8820666526233654 0.4469304909049743 0
0 0 -1.0002504548683162 -0.36500071406842927 1.9938492827204557 0
0 0 0.13805440305930716 -0.6014280003935626 1.2053482357343368 0
0 0 -2.2433959218628607 1.8191868042157393 2.0066333997962085 0
0 0 1.259751416538518 0.5298167143196155 0.43407885536058055 0
0 0 2.163932268128553 0.692762941100908 2.052001805855261 0
0 0 1.994873430898715 1.6385068841339516 0.44977772412219286 0
0 0 1.2081620890761462 2.1454226240057346 1.861736231457865 0
0 0 -2.721814173262317 2.0796773292562944 1.0298396808613144 0
0 0 1.5560187543888446 1.3366378048827503 1.9901334288159416 0
0 0 0.20825912439293548 -0.017212081687039915 1.976363398445836 0
0 0 1.6745232706163415 2.0648616718605224 1.1119285422478105 0
0 0 1.9690686222549694 -0.5862458853121615 1.984768344748611 0
0 0 -1.9113764264448716 2.1249438139754107 0.7932802469418769 0
0 0 -1.5323876919816501 1.884023846931272 0.47501843881108563 0
0 0 2.0708814372644726 2.0894335844298393 1.5227710728997068 0
0 0 1.4592017481652508 1.2596046934834015 2.028200648996336 0
0 0 0.7898035786828528 2.0744472782124497 1.1262182419024507 0
0 0 -1.8569849716337896 0.7113095841191184 1.9564897860466868 0
0 0 -1.4873469635456293 -0.23312799116483984 0.4727847977987739 0
0 0 -2.7076010839520506 0.18969982396749108 1.9643434055443483 0
0 0 -0.6016726419829084 1.909899322403403 0.49090121308228596 0
0 0 0.45995366982397234 0.9321865031394818 0.4937483659175126 0
0 0 2.1975784837712116 1.8421459342751942 1.9583900948120345 0
0 0 -1.7120004084751026 2.0587982728192493 1.6141769830008774 0
0 0 -2.057008446205005 -0.5477158119155305 2.0181286334411137 0
0 0 -2.2267359369851096 0.8054288716423845 2.0492189412061625 0
0 0 -1.3201001516031543 2.0877032570368277 1.1374657241726 0
0 0 1.7214606602026556 -0.5674788485568429 1.2639162233971821 0
0 0 1.590624609700935 -0.17323175468350616 1.9724821679732747 0
0 0 1.8721821176721756 0.3558276671119478 2.0165024395721294 0
0 0 1.7030058967310389 2.1162973180302886 1.0094534906464334 0
0 0 -1.5768426467055079 0.8706600355503826 0.471959736198756 0
0 0 -0.6377579016058457 2.0666863204958106 1.0700412063408433 0
0 0 1.6179916439018491 1.7899897117301398 2.0275072385753896 0
0 0 2.3288935108288316 2.0731582338003305 1.469789164616239 0
0 0 -0.8099193199702537 2.132738384849747 1.2740367858485921 0
0 0 -1.1366303594762344 -0.5097740770065515 0.5013423746453638 0
0 0 1.4845546020002693 0.15061740984494676 0.4849896088637855 0
0 0 1.3204950851346737 1.4733471086747947 0.47502600911662585 0
0 0 2.405787935910708 2.0525256642940244 1.525950340140681 0
0 0 1.7387891080773494 1.3498912120227076 0.4604791597561321 0
0 0 0.8643582716360427 0.5555967020883392 0.4631631804019961 0
0 0 0.6702856038946226 -0.44174131692440954 0.4508633303914211 0
0 0 -2.5271843235698404 0.006260231505603175 1.9905629558991287 0
0 0 -2.333156733397362 -0.578486092579245 1.1520208955205353 0
0 0 -3.061616531473813 0.49539595230657674 0.4641705330559326 0
0 0 -0.16838995524617628 2.12958762948362 1.723200999182894 0
0 0 1.76217908721455 2.0285150513767016 2.015032102181772 0
0 0 -2.7287634316628906 0.7357559799793836 0.4323212072250149 0
0 0 2.893674661969726 2.148259094313664 1.0566428586872934 0
0 0 1.1502181658048283 2.050443600302647 1.3765980830805584 0
0 0 -0.501751852781573 -0.425937062411031 1.9885522234064363 0
0 0 -2.5820735930714114 1.3846080425962743 0.4126658862862833 0
0 0 -0.3834681706448655 2.1418649402125918 1.5219177592039754 0
0 0 -1.9289021027244015 0.6218960112617382 2.0083341454584955 0
0 0 -2.6549681319293494 -0.6380816636331699 1.8852520765016718 0
0 0 -2.744737634641894 0.5157538326671176 0.40823387412327417 0
0 0 0.9319990436498147 0.6778391258818237 0.48260823913124196 0
0 0 1.7637854633099286 -0.29109858260214483 0.4408769130069504 0
0 0 0.968299125722452 -0.6257932901835526 1.357599262774491 0
0 0 2.932344893708728 1.8890571495275281 2.0488368803790653 0
0 0 -0.2965026857826212 -0.5651175616658415 0.934761638859209 0
0 0 -2.9917005878024776 1.254886293469548 1.9555922379474602 0
0 0 0.05607540500152419 -0.5062744692627217 0.41761846093726085 0
0 0 -2.494880114410868 1.7854337490051921 2.041268471631045 0
0 0 2.3596202021532307 0.8825287307441865 2.0052389115790143 0
0 0 -0.3754158304289996 0.7503349670942832 0.4716756935107502 0
0 0 0.05156657531926934 0.4613514240039924 0.4695245369553428 0
0 0 2.038204252648738 1.6533619972425686 0.4612821375604095 0
0 0 0.352495410817808 -0.6026738090688297 1.7890896681957928 0
0 0 1.6287673324005407 2.128486038204436 1.8602166326957605 0
0 0 -2.273272934725127 -0.6393189068413823 1.4817253145434766 0
0 0 1.7190537336021965 2.0880462787667806 1.8685125285044675 0
0 0 2.951793441778448 2.0847495125856685 1.3082217825972644 0
0 0 0.6726463327117487 2.0607889084170896 0.47285908076431393 0
0 0 -0.280639187647727 2.090228237489634 1.175349675007312 0
0 0 -0.7362199360384767 1.5183626469155593 2.0015652227303624 0
0 0 3.1386004028374357 0.5591405070348401 0.48857927664774103 0
0 0 1.6781565344074627 0.9837340938721664 2.0159699135753977 0
0 0 -1.9144865961646653 0.7115903507366004 0.42727960291970724 0
0 0 -0.48501848581161866 2.147764848831705 1.6248534523977278 0
0 0 1.7797998857266846 1.9198659949405712 1.9761836235099546 0
0 0 0.5227927353185926 1.396192283795344 2.0219190211241207 0
0 0 2.691165281117496 2.092822858198214 1.87796775892836 0
0 0 2.7626582224027736 -0.07010858595817837 0.4509593988474927 0
0 0 2.8655578254548884 -0.6417112045867368 2.021727625286041 0
0 0 -0.29256381958943356 2.1310970526603583 1.8021122483207541 0
0 0 1.606065070620029 2.0859684314810796 1.465981868547562 0
0 0 -0.23639735249298566 1.1183435872160845 0.43869297426154197 0
0 0 -2.490491664974799 2.1247175778334793 1.0738524704096863 0
0 0 -1.522387707760396 2.0810627847865133 0.801996171335186 0
0 0 2.302783242217891 1.8524144268187361 2.034852767273329 0
0 0 2.264852917095662 -0.5591817605248932 1.3175531183765963 0
0 0 0.5706274891317058 1.941689261455959 0.4129356855823799 0
0 0 -2.282261719337006 1.0122929878032447 0.4544803325480058 0
0 0 -0.9160768679895228 0.8122321651605862 1.9751564356055427 0
0 0 0.40002222031352863 1.6517204971133561 0.43528185291409227 0
0 0 -2.4968909760411524 1.4376465909510376 0.45021198430947806 0
0 0 0.7542934466008702 1.7346504034942247 0.4621407285600545 0
0 0 -1.7886079977692748 0.2388107153488761 2.013349632027464 0
0 0 3.133228003315125 2.122644751192486 0.4673593627698528 0
0 0 -1.2327130571690879 -0.571895788449104 1.550437770566098 0
0 0 1.2033929997274582 2.082698554570898 1.5945357698284102 0
0 0 -2.729083036096069 -0.5771714517620932 0.7090710529607226 0
0 0 -0.7424414355796976 1.3752648981317688 0.4947499226022125 0
0 0 2.8179243701159917 1.1507927673561473 0.4482305903347755 0
0 0 2.069111517507113 0.7155342016271578 0.4570554788498321 0
0 0 3.094956127904938 1.471565137507657 1.9546380045365872 0
0 0 -1.622236880348643 2.1051626917863064 1.7701238152194807 0
0 0 -1.9632450368195755 1.9611552591781016 2.0316522067207723 0
0 0 2.086264760092914 -0.23495455701326518 1.9837340957732454 0
0 0 2.675468273379373 0.939234678610017 0.41861592667955705 0
0 0 2.512919687002502 2.1485110948854684 1.6903778448315643 0
0 0 3.013330339337708 1.6750551442537336 0.4149033097115471 0
0 0 -2.443961870861307 2.0532500298882694 1.9611072445558977 0
0 0 -0.1664475469637421 1.1862333831545142 0.4604900342223075 0
0 0 -0.782485806634257 -0.47796333764713816 0.44061596253119195 0
0 0 -1.6839744084527701 -0.561588344108134 1.3016122365891292 0
0 0 -1.6758001503681956 1.2967581777475865 0.41241837455578967 0
0 0 -0.818363345143104 2.129323092873574 2.004972985266873 0
0 0 -0.031660328107883995 -0.5836393466460781 0.8079571920863282 0
0 0 -0.9062372705714661 1.7570069837689062 0.4560780754602948 0
0 0 0.10015255176745486 1.744147341317731 0.4603724647629964 0
0 0 -1.0388962861279682 2.059847603356556 1.9910273872743338 0
0 0 1.7834191351986535 -0.6406703237945914 1.7208365482752692 0
0 0 -0.0015393208258553948 -0.5853840737140346 1.9772024312590923 0
0 0 0.7444242701184325 1.0562165284022054 0.4317716861149975 0
0 0 2.437394150726167 -0.6052273540762336 0.6503139752724564 0
0 0 -2.713287409086771 1.2713492891657325 2.002848616284742 0
0 0 1.1093496441789714 0.68687987850928 1.9817892094143255 0
0 0 -2.45135775214406 1.4898652711042588 0.43383801323630033 0
0 0 -3.1164852041292312 0.8039470384856595 1.9868370207962607 0
0 0 -2.957472825648183 2.108637380172918 1.5569538036187867 0
0 0 -0.6685042879184842 -0.5689867054876296 1.0775425508721783 0
0 0 0.6191184280832389 1.672520947580442 0.42893723312090226 0
0 0 0.9813296397445859 1.843414844094273 0.44085437750725576 0
0 0 0.43908196658108656 -0.5380950321489448 1.9602351786407406 0
0 0 0.2763802871454524 0.005957367778537503 0.45566093519044626 0
0 0 1.246176653096712 -0.613389531145383 0.9796857110008266 0
0 0 2.6060361418496782 0.3268609977887863 2.03252343576584 0
0 0 -2.9994063731250655 2.0816743476435464 0.5782713236325465 0
0 0 -2.3642131657371874 0.7674045519356876 0.41151855874380894 0
0 0 -2.693783344638023 -0.159446232613921 0.4452190926565762 0
0 0 2.864182949436138 -0.6284058508800616 1.6720593810533038 0
0 0 -2.6274712924473578 1.7499571396498894 2.019945634604604 0
0 0 -1.0543909752109961 -0.617482814610606 1.5658377014200164 0
0 0 0.4840389575878836 1.4593457335136202 0.42650952592763625 0
0 0 -0.6226849687739389 2.1392034468408405 0.7745620620938998 0
0 0 -0.7828591299022838 -0.565019686335867 2.0031330371810414 0
0 0 1.9408322047789 0.40374759406293936 0.4427093531138895 0
0 0 -0.33541254217982397 -0.5714390181943672 1.3768532889320428 0
0 0 3.0496065672098096 2.1499885756948993 1.4688296226653939 0
0 0 -0.7777437874203779 1.1750765811039496 2.0525011125147614 0
0 0 2.259253621051416 -0.44434048906703305 2.0501016389633717 0
0 0 2.8478466111290297 2.0701851811194 1.6146331898658437 0
0 0 0.0967426397839879 1.753215960432206 2.0308611582395493 0
0 0 -1.837641276338972 1.7560255439568875 0.43799943774556716 0
0 0 -1.2802868513619539 -0.07039336911841687 2.0483929027671737 0
0 0 -0.9322195420460271 1.3768849873956237 0.4608748583379728 0
0 0 -0.009132708482695318 1.891620418723923 0.49642251685911776 0
0 0 1.7588471540027193 2.0204827645175207 0.4729284527301314 0
0 0 -0.10590194599278568 -0.2831985649937716 1.962988159128703 0
0 0 1.4575638554074724 1.2019115773773001 0.4156063603291187 0
0 0 1.155288287210726 -0.6416759690473648 1.9856325534802466 0
0 0 -3.091306885867601 0.6654212295832269 0.45107406866916144 0
0 0 0.326982690160468 -0.4788381178407164 0.49929297084159807 0
0 0 -2.9884112482803284 1.0519412742619507 1.993155739913473 0
0 0 0.9924223901069587 -0.30935550778877485 0.40407674524521764 0
0 0 2.079476774992175 0.6467681932338039 1.954698940791969 0
0 0 -1.5892749374275834 -0.59061460543008 1.3115903940780553 0
0 0 -1.3634404523731969 -0.61246240756361 1.159529623420702 0
0 0 -0.6792546344106167 -0.589255456527197 1.0869080744141035 0
0 0 1.4987519342174602 1.56307753894115 0.42624210690965847 0
0 0 -0.3936874430796644 1.029380119980419 2.0451509636834593 0
0 0 0.10035587169046867 2.1153839079915926 1.866912846107653 0
0 0 -0.497392150085072 0.11148873761345002 0.471017742311987 0
0 0 0.9076243025207464 1.250239266375765 1.9671731435774409 0
0 0 1.3567166930789503 -0.5581363049740893 1.754977990769702 0
0 0 1.306445554534764 1.5874021906997944 2.0500548886097536 0
0 0 -1.0814383785085502 -0.5962218795550456 1.4213559308712407 0
0 0 -1.8892604241432258 -0.13173891484413947 2.0176209644451886 0
0 0 -2.0181461838392702 -0.506485653892877 2.0174473520661267 0
0 0 3.0200825596031162 2.0008988689585285 1.9650469320917485 0
0 0 -1.7958984635804067 -0.5603207991294699 1.3983908985964075 0
0 0 -0.6256215931482632 -0.42178460392841055 0.4211042562042482 0
0 0 2.1195113424949064 1.7303463616485606 2.0325888988019436 0
0 0 -0.23169855782974613 2.1078883320876227 0.6757735228446659 0
0 0 1.5948510595080858 1.0837810329508677 0.4715533690366661 0
0 0 1.9617087714781993 0.24393134144903794 0.48898719274463864 0
0 0 0.5997098543660289 -0.638531447281226 1.7890284637806433 0
0 0 -1.3285341225510772 1.928631421172475 2.0264046007976866 0
0 0 1.7826032288103812 2.1376991288563723 0.8807829217741027 0
0 0 1.5832356504776293 -0.5740960164489124 1.004332834594018 0
0 0 2.645895531042509 1.3828133003986365 1.9645553913348213 0
0 0 2.5782187491458863 1.2791675781958025 1.9585734989295434 0
0 0 2.923038032370843 -0.12336931528182393 0.43223725988661277 0
0 0 2.728922841103306 0.003436887917611542 0.41722929271981524 0
0 0 -0.33762379293158506 -0.5604464837071841 1.8908309205579628 0
0 0 -0.3013365313504428 0.16579434555833883 0.45431140724582453 0
0 0 0.2351912077480618 -0.6415837791862928 0.6532511307700213 0
0 0 -3.1250181968424755 2.1484148268509027 0.490698826987904 0
0 0 0.5263966074182629 2.086126687408657 0.8761376774700248 0
0 0 2.759141554549437 1.821217095463621 0.42422697962654565 0
0 0 1.8089882131980701 -0.6298920318808572 2.021835404039092 0
0 0 -1.0285236805110807 1.3341689230344056 1.961144437804983 0
0 0 1.839918033489682 1.6157101726193586 2.0093417992802 0
0 0 1.9716828510677997 2.051037502700514 1.6578475509142812 0
0 0 2.2081685536754287 1.033474684140736 2.0471267408287526 0
0 0 -2.698000220180502 -0.5567639622319911 1.996842312659113 0
0 0 -0.4423973186213086 1.455020448378311 2.0335651370844703 0
0 0 -1.5570266983392735 0.6176916478463768 1.964565698194828 0
0 0 2.611161689513459 1.5582527567824085 2.0407577245848745 0
0 0 -1.7721924319243665 0.8369658705030258 1.9760754326819976 0
0 0 -2.3080529499053037 1.0820824098189403 1.973072947892497 0
0 0 -2.830390099503642 1.9605846749499316 0.40965044824865293 0
0 0 1.38955133696407 -0.4343883797615451 1.9974062505948045 0
0 0 -2.477229916965867 2.10075047782599 1.1355708765212822 0
0 0 -1.9408556550795024 0.6155894130172981 1.9883193283494078 0
0 0 -0.1659684154335248 -0.5647634623834863 1.5838481025643723 0
0 0 -1.9299076684359673 1.0710985759066611 0.43978844727149236 0
0 0 2.262942490892737 -0.633350426918696 1.3929831337528156 0
0 0 0.29402221927357 -0.5881339169238897 1.7816196172656396 0
0 0 -3.0886826492379496 -0.5871138105852336 2.0446088507656257 0
0 0 0.8968289496972641 1.5139444211555177 1.9772621034513094 0
0 0 1.2236550838399651 -0.04433973999842267 0.43002697423306846 0
0 0 -0.8028615744427099 0.8248916841862082 2.039412138151637 0
0 0 -2.1448449139261663 -0.5612510911688824 1.7828824655548703 0
0 0 -0.33831448152239574 1.5713699679248514 0.42474004895785655 0
0 0 -2.611972574912344 2.1258707293091748 0.8542654317064586 0
0 0 -1.8337082802402287 1.024999024878415 1.990026204302915 0
0 0 2.463627619830116 -0.4186462786757026 0.46524568936282784 0
0 0 0.009619875437701708 -0.3422116037163523 0.4326788333526763 0
0 0 -2.4398962389775303 0.4791796345149124 1.9808881089839123 0
0 0 0.8403858577144327 1.4837731653530224 0.4723209193172173 0
0 0 1.8602596918280119 -0.5792260054783058 1.660139940555311 0
0 0 0.9734601704092576 -0.0991428126966396 0.43152200414877273 0
0 0 -2.1312473393786666 0.913242085974459 1.966724457578847 0
0 0 -2.087685838848733 -0.6161123891627542 0.8468615804343971 0
0 0 0.11820530079572666 1.263798636138961 2.0036497592804037 0
0 0 2.815075184922808 -0.635045984139653 1.6395820791765112 0
0 0 2.4312853493242903 0.21678788471068355 2.038788550472356 0
0 0 -0.6273940599340038 2.149562341327424 1.7604824669980847 0
0 0 1.0984472245731913 2.121434816477908 0.8203432317122165 0
0 0 2.4135968025322185 -0.0419398730310131 0.422798044110821 0
0 0 -0.8739342667337935 2.119033045078675 1.6245526944756923 0
0 0 -1.503989929450716 1.9580315306912992 0.4186522058726906 0
0 0 -2.313585089436507 0.16219092679667302 2.033552233919261 0
0 0 -2.282614431878934 -0.4395372114373022 0.44963308623471687 0
0 0 2.857516970986678 0.9094585848756807 2.0299915821757324 0
0 0 -2.867176839630944 -0.5531030262382843 0.7145805893561821 0
0 0 2.8701581005593155 2.0571125443376497 1.3666341069702925 0
0 0 2.518670518159933 -0.22495449356112562 1.9860033586263022 0

