1.8269918 -3.7934134 4.520215
-0.061634805 2.3142357 4.667184
0.33714142 2.6369805 3.2125974
1.6245172 -2.2971709 9.472815
-0.12488536 2.8083932 8.292373
0.45589593 -0.03723257 6.7299356
0.55045617 5.954921 11.6991825
0.3524179 6.468483 10.454595
0.35955718 3.800195 2.95007
0.67111355 3.700193 -0.035816874
0.17443939 2.6359615 2.4375017
0.5637333 -1.526981 2.0325077
0.7071233 -3.3022907 0.066146135
0.15974702 1.1851112 0.5492027
0.39424533 3.6942363 5.3698797
0.5694884 -0.16359939 1.6770853
0.42032146 0.015118667 2.2355072
0.46269685 -1.6955241 -0.4881461
-0.06808545 2.3209097 1.0895168
1.3506137 -2.1387184 4.569444
1.0017258 -2.6481156 3.1244786
0.46223465 2.680895 -1.161009
0.9855253 0.16573913 9.298318
0.18644032 4.644721 2.7725372
1.1976277 2.4833012 12.767491
0.4048733 -2.464782 1.2253082
-0.11969447 4.1486936 2.728072
0.12218054 1.6891092 4.8373294
0.0730802 -1.4893138 4.2944226
0.7288484 0.51950824 10.448874
0.19079725 5.5200267 5.615907
1.4076482 1.7937883 13.7023115
1.1826569 -2.255922 7.8206687
-0.24817221 3.3000205 5.1731524
0.31481177 6.6958013 9.668305
0.12667096 4.08205 4.9586444
0.5302898 0.24489556 2.9658208
1.6277106 -2.3453717 9.39181
-0.2824262 1.6792831 2.8444483
1.0397263 1.8861605 17.176203
1.1423377 1.3048238 11.903672
1.0469025 1.0035931 13.087134
0.59047097 0.30895656 2.0529835
0.55807287 5.579144 6.231459
1.7986413 -4.251554 6.545472
0.10713536 5.296553 7.8289485
0.43801218 0.21209086 1.9783789
-0.15489547 3.3952248 10.099325
1.3766689 -2.310581 10.953676
1.090305 -2.117737 4.974964
-0.191994 0.16307893 2.922235
0.7045447 -2.1706588 -0.90834326
0.5603012 -1.5712417 -1.0144233
0.68678004 1.9221042 6.980037
0.4037338 6.1411734 2.4714444
-0.24125727 1.5016416 5.291633
1.2031765 -0.93842727 11.376511
0.87852246 -2.3519645 3.2139194
0.85439634 0.61295927 3.0493443
0.40469462 5.900062 6.804272
1.3942999 -1.3147595 11.641149
0.7481413 0.8969272 0.23297855
0.7042474 -1.6257576 2.51136
-0.13185152 -0.4189237 2.4065385
0.6332239 -0.16083126 -0.4049728
0.016066568 3.8877487 5.5655136
0.46516758 3.5353696 3.4308972
1.1704438 -3.2516932 5.497539
0.31724057 2.3847299 12.896166
0.362132 0.7646975 4.5162973
0.47587585 0.900288 4.134205
-0.1244918 2.2167635 6.7379127
0.74046344 4.520145 7.145515
0.9301464 -0.22913429 12.237115
-0.2941895 0.73760664 2.7065434
0.63806283 2.0262392 -0.28563315
0.9228863 -0.9951318 2.8908947
0.813786 2.14544 10.843222
0.58056444 0.62985146 2.3628323
0.15888667 0.012804558 0.7786468
0.27049 0.8425304 0.43927282
0.3686263 2.5251617 3.6942203
0.4897692 -1.664796 1.8950148
0.14851746 5.332123 4.7894177
1.0166131 -0.4197796 9.299043
0.7923153 -0.09203095 4.286107
0.37955904 -0.11609159 3.2983897
1.1620091 -3.5412495 4.4290853
1.5947554 -5.0672045 4.582057
0.12499019 4.660221 4.4742765
0.8726121 0.7225791 11.732059
0.034533102 2.1599617 6.0943046
0.7149612 0.35187802 2.8060524
0.88605624 0.8408477 3.24604
0.8784632 0.83213586 2.1417253
0.5151821 0.31467512 0.087965764
-0.05545724 3.647492 12.021783
0.8217729 2.8231204 -1.0299741
0.18457855 0.6317778 1.6761888
0.08934468 1.6812093 2.0461867
0.05621061 1.3659168 2.5545738
1.2950833 0.65392125 13.23864
0.9219015 -1.6195097 2.637404
-0.025577247 1.3041786 2.2786222
0.36055157 1.2295139 2.0770414
0.86066085 -0.9693801 1.9282471
0.53400284 3.5721338 -1.0884494
-0.16422275 2.3349457 8.309099
0.9007179 2.9088612 0.97303784
0.55208 1.3062203 1.8965664
-0.06491203 1.9674771 0.6276332
0.6950307 1.8534518 9.305498
1.5749449 -4.212897 7.479136
-0.21318842 0.7292848 2.600298
1.5764229 -3.3014548 9.061316
0.6969242 -2.4687188 -1.1783253
0.070892684 1.4860144 7.226472
0.9510389 3.529279 12.943549
1.0920907 -2.0286262 4.7178664
1.3856472 -5.4162316 1.9144039
0.55011433 0.43049458 4.2312994
0.26788002 -0.08141532 1.3448519
0.4395812 0.18111034 1.8918506
0.8877965 -0.7700273 8.503695
0.38856205 5.5724115 7.242357
1.0492972 -2.113804 4.837215
-0.20079564 2.8724024 9.297264
1.6020213 -2.1128628 14.296992
0.0802335 1.3000882 6.841901
0.47846594 0.9738922 2.0581167
0.5070043 0.42942634 0.72506917
0.28359932 4.14707 2.7050061
1.6102622 -4.300711 7.586053
1.1388257 -4.093823 3.127854
0.4830614 0.7355685 2.3779101
1.1665742 -3.5938802 4.9222846
0.056431483 3.434408 10.936365
0.854741 -1.9802827 -2.691961
0.5944876 0.36892152 2.0586135
0.31747085 0.021818366 -0.52139235
0.6250264 -2.9785647 -0.4397269
0.61663496 1.6985334 3.4172044
0.96191704 -1.7674963 4.2779613
1.0325214 -1.1308157 3.791785
1.0640765 0.76750296 15.252953
1.9977255 -4.8210683 7.7666373
0.7279782 -0.64206314 2.266203
0.44282803 -0.63766927 2.8708954
1.1793121 -3.70028 3.7857168
0.4247269 0.6250745 2.1527665
0.73113334 3.281185 -0.77176625
0.62398803 -0.370898 2.280009
0.36701328 1.356578 2.7576272
0.83364826 -1.2017313 3.7663558
0.74624676 0.50156677 8.533357
0.9698047 -0.5060444 1.8571274
1.3096911 -2.059715 12.628016
0.82311016 2.131496 0.20918413
0.8402372 0.7149396 3.0068736
0.703188 3.2513049 12.802208
0.61596185 -0.12814483 2.570659
0.23654316 0.63473594 0.77355945
0.22106731 2.5540926 1.4663846
0.04394451 5.5287943 6.554237
0.25368598 0.5580832 4.7385244
0.2173028 2.4462955 7.212819
0.7160311 2.5233955 11.100154
0.72111064 -0.9340989 4.642633
0.1383355 -0.20008121 3.0377388
0.7698232 4.829543 -0.30778334
0.6332013 1.6303585 -0.4177489
0.11347038 1.5860018 2.0070012
0.4214442 0.0059824884 1.0769901
0.83349335 -1.8025857 3.2179964
1.1939344 -4.0020604 1.9277576
0.3397272 1.49903 2.1662998
0.8304604 3.917999 17.654484
1.4622746 -3.6979587 7.498371
1.7654265 -3.603888 5.270241
1.4412508 -0.9067286 13.376124
0.8428925 -1.0629117 2.3974407
0.7736107 5.4780045 -0.34603024
0.67801946 4.146701 7.2269616
0.6677371 -0.06983688 1.8264333
1.2292469 -3.5605292 3.600526
0.86828077 -0.53174853 2.4408476
-0.2011143 2.0073693 6.3768835
0.45310172 -1.8859024 0.5831658
1.6139547 -3.0237293 3.8217676
0.8331464 -1.3516741 3.7090313
0.50515366 0.17454335 1.8564653
0.7740162 6.5391397 3.77882
-0.043267556 2.4201565 1.7358551
-0.45661435 1.6813465 2.9210987
0.03356442 -0.69793147 7.3337364
1.0859426 -2.5395293 3.8830574
1.1942823 -4.2746835 -0.69099265
-0.29188594 0.7734281 3.4025786
0.49714512 1.3650066 2.1134455
-0.0003088202 1.0354553 0.6719104
0.18593927 1.5904092 1.1438961
0.46208936 0.85073656 2.779897
0.15462029 3.4420116 1.8957222
0.9194197 1.5049152 1.3235343
0.15241349 1.9940988 2.7207572
-0.013315752 2.6416914 3.441166
0.36098313 2.5212002 2.7191885
1.2284247 -3.3848763 4.1820006
0.34838146 -0.3673148 0.9738374
0.78451407 -2.2008767 1.725199
0.14736375 4.6001515 4.08388
0.7521225 2.6268525 3.0484393
-0.1741873 3.82804 3.065102
1.8871362 -4.808482 3.3978407
-0.019586818 1.7893027 2.3425317
0.8301805 -0.59437025 4.491166
-0.24279472 2.3352482 7.947291
0.37634757 -0.520666 1.8752711
0.7107783 -0.95874244 2.2107277
0.21628542 -1.2402163 0.80218774
0.5141253 -1.5146697 1.4828098
1.2452654 -1.8501835 4.268602
0.8016911 -0.24095462 2.6982558
-0.15364112 2.8706744 6.5178485
0.3556857 1.4194609 -0.05085123
-0.16580613 0.8685145 4.088551
0.9127134 -0.9625061 2.3657875
0.48646504 0.39019486 0.408385
1.1358626 -0.1960663 11.069711
1.1218411 -1.1653626 3.0594313
0.31229827 0.48673865 1.1409843
1.0294017 -2.6623833 4.6962442
1.3780135 -4.784674 6.8020062
0.98892117 -1.0754277 3.3500333
0.33301228 4.951328 3.708746
0.2027191 3.796486 1.7982562
0.3726879 0.95916754 2.5265038
1.1355543 -0.09077413 9.676101
0.31390914 4.2736926 10.031919
0.71775997 -3.5858905 -0.519015
1.0553949 1.3411387 11.047107
1.1541601 0.17191462 9.436114
0.798821 3.8618164 -1.0569961
1.5114968 -3.5207841 6.8742094
0.8616412 -2.369005 3.6381764
-0.13384 1.9945745 1.9395664
-0.06603153 0.4427591 2.5806384
0.7724992 0.15743163 0.1752349
0.37745523 0.23282656 1.865909
1.0655222 -3.3480995 3.4201474
0.7824722 -0.5516955 2.6329377
0.4056301 4.5433702 6.166398
1.3105886 -3.343384 5.880769
0.18277581 1.1068194 2.8743207
-0.13818002 1.99113 2.120685
0.15763555 0.36886242 1.0199753
1.2263571 -5.169049 0.0317627
0.22825953 2.5575502 3.5947843
0.7970179 -0.2542768 2.7907453
-0.332341 2.2418237 2.1275933
0.53553784 -0.60906464 1.1733258
-0.36440843 1.1433438 3.0263572
0.8867757 0.031584382 0.6911407
-0.25671655 3.0571418 3.936195
0.65527356 2.3963788 9.267268
0.7001902 -0.59304494 3.51355
0.7142803 2.8305447 -0.7097689
1.090019 -2.5388763 4.7108855
0.007635822 0.80976915 2.2229993
0.014723607 3.5445478 5.19391
0.8251721 -0.5134538 2.6460316
0.7184492 -2.473343 2.3163943
0.45044416 4.8292923 3.4964907
-0.23340341 1.9842004 4.977173
1.3266765 -4.228025 6.7432275
1.1987549 -1.6702621 8.617986
0.18957208 2.7761745 4.4879827
1.2741508 -0.623864 11.136887
0.012298686 1.7523458 4.191366
0.77537197 0.2404218 -1.3846401
0.09363425 4.114517 3.6851728
1.8540318 -4.606643 7.266548
0.69614303 0.94229716 5.8111753
0.24482915 -0.021751387 2.5194051
0.6875381 -0.6429933 2.3395855
0.979177 -1.071576 3.7125473
1.1710173 -2.3312469 4.111708
1.147283 -3.2311287 8.728309
0.71866626 3.523062 0.897954
0.73679924 -0.5111249 2.5831237
0.93968016 -0.96888363 4.0397534
0.09741185 2.4349685 1.6665924
0.289674 1.1675119 0.38243797
1.4255025 -0.045315333 11.704435
0.8317303 0.021391781 3.7466388
1.0060607 4.3423457 15.627252
1.7523841 -5.6600237 3.5215828
-0.14037475 1.524813 7.0737824
1.495231 -2.326763 10.527604
0.39613584 2.6485467 6.8315387
0.7410218 -3.5454094 -1.1980027
0.6478947 -1.3245293 3.6306255
0.9758781 -0.32633474 2.0178764
1.076596 -1.0334784 5.891933
-0.31819347 1.3589617 3.7361016
0.2573171 0.95415527 1.6595036
0.44214392 2.091835 1.2272424
1.8573254 -3.7790906 4.719497
-0.14689925 4.484519 5.054712
1.2015858 -3.6564295 8.744118
0.6242051 1.4658674 1.7622874
0.12909028 1.2705148 3.076281
0.15958777 4.1062956 0.72234446
1.5212435 -5.415788 3.8731296
1.4136146 -4.6123605 2.4337077
1.2882406 -0.6176322 13.3820715
0.43266007 1.7828982 0.7396007
-0.15584852 2.6266918 3.2056937
0.7109328 3.3554943 1.7839693
-0.07558886 2.1719844 1.7825981
-0.075905696 -1.1237499 4.6827855
0.72121245 -0.060709126 2.63796
0.89835703 2.9453332 11.778939
0.38607687 0.4249435 2.0874496
0.14122593 0.3493471 7.6488943
1.5582162 -1.4474261 10.994408
0.71070397 -2.3250039 0.75930417
0.50267893 1.3228687 0.46154067
0.807763 -2.406299 3.0609577
0.38656583 3.3554559 -0.09588085
0.7012949 -1.961832 8.161654
1.4143232 -4.3687797 4.1408563
0.7311187 -0.7915885 3.1885533
1.3215796 0.17744792 13.183276
-0.3379248 2.5933452 2.1223018
1.6977623 -2.3985307 10.008665
0.3894092 2.2457879 3.6603851
0.11153156 2.8804057 9.432216
0.9045586 -3.7001405 1.6319258
0.16277568 0.80383337 1.7081139
0.97246855 0.7462438 13.482213
-0.20219906 2.1803138 3.912228
0.12005677 1.215969 7.672818
0.55814314 -1.2675893 2.5995438
0.69701 0.16018371 3.0189707
0.9698343 -3.2062624 2.8722174
1.1520462 -0.843922 10.17274
0.3121365 0.57820815 2.7493618
0.5316159 1.1207517 7.0376816
0.71606696 -1.1284198 1.9378344
0.563349 -0.013836826 2.1209538
0.13707909 1.5776285 2.8861752
1.1000311 -2.9109676 4.981246
0.6322752 0.6716343 3.6932578
0.23710254 1.0746166 2.7487378
0.42454383 0.57438195 2.0853324
0.4380282 -2.0441945 -0.39128128
0.11457091 3.7913373 4.232599
0.93273485 -2.8626647 1.2286589
-0.29190353 3.1112907 2.9185045
1.7978306 -2.5538456 9.396998
0.93779844 -0.3492394 4.0193143
1.1287153 0.35843822 1.0516542
-0.08550338 2.9776485 5.799839
0.69555366 0.32483023 2.2504897
0.11963519 0.08414067 4.899749
0.3285043 4.0689344 1.6041777
0.61789787 -0.011847854 2.4117014
1.2161685 -3.2359958 -0.26058397
1.1762991 -0.32497337 2.0098083
0.8767726 2.6888957 12.271681
0.81112427 -0.14806254 2.4752827
0.6275534 2.4384615 13.583003
0.6859544 -1.5012761 3.2465732
0.77457917 0.1355335 7.522073
0.892675 -1.0586274 2.2343726
0.5678033 1.9671566 1.3010317
0.36783427 -0.65027076 0.58393115
0.45140788 -1.1326097 4.6700125
0.01992623 3.4979331 5.36016
0.5743087 0.5739971 2.1089618
0.02053819 -0.12946822 3.9583435
0.50019604 1.927133 -0.02703785
1.3282111 -0.31067568 7.633483
0.10964095 -0.7442786 3.6713912
1.4133943 -0.9602904 15.416467
0.8685483 1.0214182 0.9157847
1.4885027 -4.538716 2.2287838
1.1400806 -1.3921305 2.6298656
-0.13297005 1.4013461 1.1730951
0.04734928 1.4639187 0.766007
-0.06763325 1.1180531 2.59069
0.547867 0.43717554 3.208257
1.4722412 -2.2510734 11.123138
1.0763724 -0.60467356 2.8180678
0.5033574 6.01991 3.4672964
0.7608094 -0.6260463 7.0028663
0.2928742 2.7546558 3.7611434
-0.41672835 1.4576818 3.3000827
-0.21720462 0.41346994 5.118412
1.4837469 -0.72385293 15.581197
0.16327515 0.61795557 0.90583533
1.0923091 -2.7747285 4.349155
0.10235711 1.8258721 1.185332
0.80608666 2.776209 7.915294
0.28529117 6.232703 8.15434
0.5250112 4.5826526 2.3478506
1.5308456 -2.7430987 3.1185374
1.1100184 -0.25440732 2.1075473
1.0405813 2.4215684 1.3463234
0.2838254 1.5742353 2.9510436
0.068225816 4.63326 6.036138
1.3597344 -4.053869 5.913935
0.2519972 1.6968709 1.5990579
0.03732839 0.17242575 -0.55840504
-0.20599774 2.5748084 7.2675014
0.550317 3.8194187 -0.02110866
-0.19287278 2.802776 3.4413855
0.10636927 -1.330272 -0.01066723
0.10278352 3.6630898 8.705079
0.2503028 3.6712325 5.0535383
0.63930446 1.952886 3.0587447
1.1475809 2.421294 11.403325
0.84463805 -0.82087225 2.722284
0.64308304 -1.1911182 2.1194582
0.9258255 -0.19079377 2.8520224
-0.040543623 1.130452 2.6983945
0.86859214 4.223983 14.756341
0.6548677 -0.68684846 2.3061273
0.028820943 1.4751704 0.5030757
0.41425827 6.28352 3.4323063
0.59486437 -1.7519816 2.3287523
1.0469354 -2.6793342 5.038083
-0.050313275 1.6016406 2.0015895
-0.22173664 3.4157507 2.4778912
0.46061805 1.406617 1.8537848
0.6986783 -0.09028566 2.2108295
0.6067885 -0.40436023 2.973923
-0.1714593 1.6190356 6.080148
-0.031816803 0.49136147 -0.94304806
0.184652 -0.3480828 -0.75647074
0.029991219 0.5087858 1.95639
-0.2115812 -0.31319633 2.3730779
-0.2823027 3.5281193 4.18191
1.2837116 -4.1868067 1.0027357
1.4983891 -2.9607506 7.761889
0.4002594 1.0520321 2.687386
0.70218545 -2.8316445 1.3638316
0.66284376 0.9938299 10.199077
1.3392118 -5.0258684 0.17411597
0.35050192 0.31345767 1.8640829
0.51235855 -0.92667323 -1.561552
-0.035517003 2.119772 2.2858999
0.7129575 -3.1797945 -0.0027572534
0.72170013 -0.37341163 2.0774653
0.30890056 0.12659366 1.7562536
0.7939792 -0.7234481 1.9579017
0.182413 0.72138554 -0.49648243
0.23733637 0.93628746 5.9775453
0.71452236 0.17486072 -0.8179246
0.6332318 -1.0453548 2.3357484
0.008063585 1.5347872 0.012266176
-0.269918 3.233791 3.568541
0.7199257 2.617534 6.84096
0.676188 0.777047 7.879765
0.7721926 -0.28561568 3.8663907
0.5040953 1.0866472 2.0476089
0.2704517 -0.83961135 1.1725323
0.12971044 3.0098195 8.962922
1.010855 -1.0649431 3.4358063
1.1946583 -2.7974303 -1.5558008
1.2429463 -3.5369754 -1.190521
0.44702855 0.41300964 2.8303463
0.9212724 0.4047831 9.066505
1.6953259 -4.578748 5.6437025
0.38618293 0.15004162 -0.74906147
0.9316201 -0.78603786 4.7099085
-0.385688 2.968924 2.185029
-0.2225386 2.7517834 4.030705
0.59637946 3.2312808 -0.41820472
0.8003674 0.66056836 2.9492176
0.14831696 0.53817976 1.0815204
0.07578384 1.0922302 0.5435881
0.5394648 0.060893416 0.5960502
-0.19880052 2.726742 8.0356455
0.1668209 0.9683272 1.9578521
-0.29018387 1.0699451 4.2409825
1.2937577 -0.017155664 11.437738
0.6539397 5.404574 4.9545093
0.7006957 -1.3529652 2.6413474
0.8893741 0.658162 0.62254035
0.54034007 0.092370935 1.8623987
0.10686611 3.501413 5.602084
1.0643069 -2.0015366 10.269928
0.22086178 4.295463 5.3067403
0.5008903 -1.688673 1.0743331
1.5633821 -1.5514123 9.825272
0.75599235 -0.44163445 3.0395513
0.23138024 0.011890905 0.9379905
0.17404142 4.7353783 2.0367906
0.53558165 5.7575545 1.1438
0.6474198 1.3327942 2.2489054
-0.28603706 0.62011796 7.591839
-0.2280437 -0.26980332 2.9300215
0.95186436 -1.3570337 6.2236676
0.6436091 2.286621 4.017525
1.2028633 1.0051095 8.143243
1.0871407 -1.209099 8.147296
0.5071084 3.1821358 6.188252
0.01221842 2.6139205 2.2340586
0.16619992 0.6673905 4.045959
0.2996067 2.9738057 2.7204673
0.6087006 2.0423295 3.9511812
0.56131995 0.2589588 1.9995453
-0.096865945 0.70608836 3.8643491
0.64268017 -2.212698 2.330061
0.098730184 1.117997 0.8010468
0.48370472 3.2727096 2.7564957
-0.51845026 1.9168417 2.1646342
0.44688076 1.1067342 -0.39377585
-0.014792834 3.844858 6.8678565
0.19539894 0.64806587 2.007139
0.650137 0.41344568 1.8180908
0.9312957 2.1184416 11.853958
-0.26789403 0.089482054 6.009322
0.10078316 0.6985463 -0.40541273
0.04198063 2.5019562 5.0129066
0.76370114 0.57328576 2.554996
0.5939444 0.73857784 2.2780273
0.7190181 5.6889863 7.565551
1.1446537 -3.5004823 3.4443276
0.34450695 3.990338 2.2074454
-0.30821204 -0.19929488 2.644989
0.5130251 1.0757991 1.9931155
-0.18432488 0.34589025 4.015247
1.8366082 -1.2215154 19.216871
1.0439436 0.091868386 10.400108
-0.115028806 2.8427083 2.684271
1.0779988 -3.7273848 1.8812839
0.9117237 -2.0915697 3.5477962
0.21473835 5.2864556 14.138529
-0.07985113 1.293046 0.8454113
0.9270974 -0.37605587 2.4067733
0.48303676 4.6875877 2.3697762
0.72986317 3.1699805 1.4580761
0.08702533 2.8532765 0.6550589
0.540375 1.2992716 2.0164206
-0.33889085 1.5947098 2.2423546
0.68184036 6.401134 3.8404639
1.007545 -2.047058 7.5987616
-0.11680579 2.9775145 9.833081
0.71245956 0.33310965 3.5553029
0.5380518 2.6855965 2.4811041
0.300208 3.1710103 2.6879344
0.41825435 1.7916152 2.5912852
0.92711884 0.5525734 3.5038474
-0.29713187 -0.4298071 6.449357
-0.07972783 1.8351339 6.5659094
0.01993382 2.1019156 1.8853581
-0.03249138 1.9558932 2.5113015
0.91365147 1.5783111 11.258993
-0.19209753 2.8069255 3.0459797
1.8441534 -4.981355 4.2976403
0.9664149 -0.28135094 3.5100873
0.42774016 4.6042023 2.867766
0.89618015 -2.4309883 3.709313
1.0605196 -1.344679 2.9170096
1.3537668 -2.5890155 10.4844675
0.48515305 0.84860593 1.9778192
0.5532866 0.12016022 2.3478496
0.1206023 4.086396 4.9122705
0.7469467 4.9223795 7.0749702
0.58305687 4.2857366 1.3097595
0.97073066 3.870622 14.176886
-0.09082652 3.9208875 7.012725
0.08874427 3.4290745 9.124246
0.7765049 2.9952483 0.8126956
0.8800889 0.00980378 5.5168357
1.5730864 -3.267516 6.2479124
0.83614177 -0.49567193 1.8449105
-0.08238896 3.0366497 8.591867
1.1795839 -0.62942976 1.8542106
0.74409825 -0.6764092 -1.5539118
1.1802546 4.478885 5.9805746
0.44528133 1.5033032 2.9083366
0.12108623 4.3592052 4.0421343
1.1114818 -1.1440935 8.82558
1.3398186 -0.5767655 13.34184
1.4758483 -0.5296406 16.479368
0.50501317 4.3303957 7.4984293
0.7514486 4.182293 0.38928726
0.81031704 1.8445225 0.93734425
0.53332186 1.9992456 1.9912679
0.8394648 2.6364276 5.9589267
-0.11146174 1.3842095 4.78857
0.8045672 -0.5772397 2.6874795
0.8683744 1.699534 9.29817
0.63312876 2.896515 5.713177
0.6598237 1.0810091 5.1840096
0.41087452 -0.20347239 1.8095587
-0.11576408 0.36261007 5.8472238
0.71490735 -1.6786642 0.19636823
0.87044626 -3.0219235 3.1772246
1.0731313 -1.3923517 4.51288
0.10995716 0.97178614 2.74217
0.23306167 1.3675804 1.9513476
1.0232494 -0.88844776 4.181209
0.8127593 3.389006 2.8652942
-0.1462652 2.9652 8.443135
1.2334135 -2.2483952 -0.069414206
0.9411872 -0.14348914 2.7330894
0.030051937 1.8471078 -0.10468422
0.18741925 2.454881 10.766465
-0.47009835 1.5728537 2.636044
0.27765602 4.087302 11.975787
0.6645802 1.7958488 11.90202
0.31146404 1.8015071 2.2656915
0.5300313 0.4382145 5.3395286
0.4682452 -0.25730976 1.8943983
1.1716597 -0.8170643 1.8666893
0.26140073 0.83889407 2.0626893
0.9395701 -1.5056852 2.6120636
0.0018550073 3.40011 4.8136034
0.3553197 5.7239423 4.2351546
0.56632006 0.8486816 2.0832365
-0.38240427 1.7753763 1.364085
1.001732 -0.8092714 1.8299373
1.3016921 -4.6510963 1.5148257
0.70493615 4.1809206 3.5750453
0.55132395 3.1438859 1.8312157
0.5467828 7.3644686 8.585088
0.80354035 2.5095572 14.851362
0.7124895 -0.15150023 12.638662
0.9493159 0.87626064 0.964592
-0.20915087 1.0732801 2.5479426
0.4110988 1.5245167 3.0361712
0.3442796 6.177961 6.1070733
0.29021516 -2.0124655 -0.19196057
0.8903238 -0.9046605 3.1130996
0.09929151 2.4919975 1.7043546
0.15691689 -0.38849062 1.1327053
0.9753027 -1.2756726 9.99605
-0.270346 2.2470682 2.3628666
1.1761343 0.9443377 5.9194293
0.0003843116 -0.5126128 -0.7949011
0.68902504 -0.46704334 -0.59641635
0.017538654 3.360297 10.70797
-0.09649447 2.1157708 7.5559945
0.6404848 0.14956681 1.1971579
1.7037848 -4.660729 0.027462278
-0.20151389 0.9158775 3.6927483
0.86691755 -0.69518644 2.9854457
0.02948976 3.3461397 3.673912
0.46048656 -0.24358466 2.5861843
0.7269397 3.036863 -0.23872353
1.0875138 0.1720223 10.259236
0.70991427 0.2775599 3.2667108
0.25008675 0.86871475 0.49464062
-0.14330037 2.5753968 7.6477084
1.2112579 -1.818765 4.2847075
0.41454285 0.13989414 2.0805943
0.8597317 2.5878181 2.577167
1.1659404 -3.73995 4.931126
0.57288724 1.1172127 1.1809703
0.731597 2.132443 2.2669969
0.956925 2.8744614 11.13565
0.95660794 1.7902597 -0.23348108
0.47375593 0.7727333 2.1204069
0.43066445 2.1002052 1.5609
0.403481 0.27354434 1.5849154
0.99506104 -1.6352832 2.823321
0.93748933 -0.25411156 1.7703131
-0.18559514 2.6543527 6.759232
0.54358757 -1.8196467 0.5726741
1.7569345 -5.014233 6.147204
0.53136927 0.9294509 0.03142357
0.6561986 5.9440165 6.0375214
0.99550736 -0.9199399 -0.12515928
0.38492948 4.6550713 3.4508533
0.33641332 5.0410423 4.959966
0.28648704 2.6947334 13.858381
0.9573088 1.6005814 13.049783
1.1648808 -3.6606026 4.4745164
0.26708677 4.628967 4.3463182
0.1524149 0.175505 1.640941
1.5764285 -5.0004287 3.8766599
0.6887886 4.7553024 6.4704604
0.6056008 1.9304827 0.43216425
0.094791055 4.006203 2.600821
0.7423087 -2.9653702 1.0381544
0.8583259 0.9705505 5.2903123
0.29416874 4.89254 8.726176
-0.099011265 2.9646752 4.552968
-0.08709858 0.32405567 3.9719212
0.15453663 0.17324826 5.5038533
1.1705046 -0.9992483 8.425268
0.6946623 -2.1563885 2.6221101
0.32082185 4.6999316 6.666929
1.6236382 -5.0332327 3.7254179
1.2375295 -3.2477565 5.2091074
0.6785404 4.85906 -1.139244
1.779893 -4.956649 4.6909957
0.11167089 1.9483511 4.7206874
0.92315567 -2.126204 3.6772816
0.8516118 4.810185 12.194044
0.32837838 3.119904 2.280285
0.38556075 0.33974525 1.3183523
0.0066927588 -0.92790276 6.609217
-0.07905869 1.6618658 2.1752174
-0.03585652 3.4614806 5.00422
-0.23590793 4.4758253 4.7879558
-0.088115335 2.154196 3.0431712
-0.07476152 2.7275155 2.3116
0.8031991 5.2891855 5.6341906
0.99034697 -3.2215633 -0.051612716
0.7925455 3.9437473 6.391009
0.25174585 3.5086155 2.8179195
0.3024837 -0.37362772 2.3409424
0.8186404 3.9347076 2.0968847
0.45723724 0.57984936 11.250808
0.13322003 1.9002794 2.0023956
1.635436 -6.074605 2.2940595
0.58384484 -1.3273607 2.2800748
-0.28040832 2.3445308 3.285392
0.26629314 3.9403286 7.115147
0.085891746 0.80598897 2.219199
0.7157493 0.39707252 0.18618841
0.8893457 1.2125499 15.902856
0.52135944 1.4831839 2.7351186
-0.3002682 0.44456774 5.5686717
0.7904964 2.788711 2.7702363
0.12219842 0.83448976 3.535347
1.0967271 1.7663586 13.624349
-0.09846252 3.665046 1.8967468
0.7303212 2.0705492 0.5476778
0.8767577 -2.1672487 5.3324766
-0.1984211 2.9067051 8.681954
1.3443444 1.2962526 13.303994
0.27549666 1.249461 1.9438196
-0.06811521 -0.14834942 6.241767
0.66823727 0.043622892 1.8384542
-0.11417607 2.7908788 2.8081937
0.076972716 1.9210148 1.6718642
0.567608 0.70433563 1.508485
1.0879829 -3.697328 0.9654435
-0.07267665 1.7776067 2.3581316
0.73506397 -1.9528059 2.3742645
0.27744538 -1.1726828 2.6308439
0.7468629 3.0459418 1.9723063
0.41237673 1.260053 1.8603265
0.9319881 -0.6887182 6.9685884
0.40817413 3.532082 0.84281856
0.17169471 4.754065 5.0122933
0.7123917 -0.4152029 -1.251959
0.6634149 -1.5502245 1.8469293
0.2136145 1.169944 2.3039181
0.21231079 2.6375558 2.2624373
-0.021469757 2.6850808 5.2106557
1.5688679 -5.0248847 4.0415616
-0.23385729 2.942465 9.512168
0.8385202 -0.5116292 4.5377645
-0.2832082 0.9446948 6.6886473
1.0644444 1.3799423 6.592017
0.5152804 2.5086744 3.863811
1.5195745 0.7135754 15.702227
0.9170255 -1.3756897 4.5997205
0.3151428 5.6461396 12.82589
0.13898437 2.7566757 4.353948
0.2793327 1.1263604 3.9072654
0.22689381 1.7492142 0.37977841
0.8542839 0.8769682 3.136114
-0.029259814 2.7146914 1.1270845
0.47256926 1.4859594 3.4709165
-0.17816994 2.0640647 2.5044458
0.33547708 0.18083072 10.162839
0.21020614 3.4638133 0.37667492
0.71100444 2.122633 0.9066185
0.31351778 4.687732 4.5612636
0.41949698 0.14412105 -0.35573754
1.8019123 -3.5682988 9.556094
-0.2582261 0.058075406 6.0581813
1.3778789 -1.7118437 9.957281
0.72191525 -1.2610465 3.8795917
1.0180662 -0.73285645 0.6409916
1.371574 -1.6709616 11.771359
0.5058207 0.79945904 2.0180671
0.119263604 0.16720219 -0.8539788
0.51040405 5.2043357 10.163454
0.64665 -3.0846078 -0.47642618
-0.2854018 2.0313601 3.818394
1.1885903 -1.5762169 3.9428253
0.97400177 -1.3807999 3.2969944
0.7704975 0.4383349 0.9866807
0.6116482 2.6320586 2.7416682
1.137831 -1.9566344 3.8426573
1.713707 -3.727894 6.8806453
0.46701574 3.054306 1.3201054
0.25759026 4.4426336 8.699339
1.1701995 -0.9841276 14.320277
-0.0013914747 2.9191554 3.7768533
-0.13135885 1.9186175 2.804168
0.5947977 1.2304821 12.5091
-0.24427463 1.679189 2.6559317
0.14997922 3.623733 3.3825164
1.0326687 -1.2605556 6.0486603
0.3682169 6.6126604 8.015145
0.5994411 0.64134324 0.40235052
0.8182083 -0.22623406 4.1640015
0.3452626 2.0293403 5.358683
0.8865744 -0.75689083 3.397868
0.83590496 0.52161705 7.206425
-0.16750944 2.7546952 8.709494
0.13175489 4.1847653 4.894113
0.6185792 3.143782 1.0870539
1.4855987 -0.22635412 15.040099
1.3032806 -1.1030666 9.876734
0.7401334 0.5101894 -0.5136809
0.3494543 1.9594252 2.6470814
0.26694182 0.5508384 1.1302468
0.74728495 -1.1179188 -1.2909895
1.2132661 -1.6834671 7.9000177
1.2204154 -1.2794734 12.317968
0.20355308 3.7000368 5.0862317
0.37586108 -1.1720867 -0.99428767
0.6376551 -0.7601792 1.999848
1.0916977 -3.6789432 3.0646021
1.8087034 -4.5919647 5.2210107
0.89588636 1.2535087 1.1621153
0.86409587 -0.3891227 2.7848608
0.52308357 6.444532 5.7652326
0.91769046 -3.7461717 -0.35194656
0.20462236 1.8206093 1.0021904
-0.06855948 4.033355 3.264715
1.7725906 -4.4661436 7.179027
0.764877 -0.44701102 2.4689372
0.8237203 6.2577834 3.2613778
1.0156807 -4.38958 0.22064121
0.09930074 3.5347328 3.0633903
0.03830105 1.1370279 1.7089283
1.2322465 1.8103392 14.36559
1.235338 -0.04925149 12.134216
0.119187616 0.16613899 2.350582
-0.061434325 -0.07509433 0.83213866
0.3924658 0.092063986 3.0068908
0.3852908 6.1566224 3.2159855
0.19594668 -0.5305613 -0.72853214
0.9209426 1.3622199 0.7367851
0.09915208 -0.5110871 0.7732749
1.0625848 -1.6066452 8.654111
0.898578 -3.5032005 2.6614192
0.6063776 1.4716074 0.45117727
1.2107258 -3.5790114 4.293656
0.7864553 -1.3565356 -0.28508574
1.4019701 2.015889 18.249363
0.23459193 1.8321699 -0.44739938
1.4292265 -0.17745782 11.531363
-0.022311334 0.4908769 -0.6756901
-0.20144561 2.9368 2.7198029
-0.030460196 1.5817283 1.8353211
0.12893562 2.2683108 10.894693
0.78552973 2.36175 13.741608
-0.028775694 3.6635854 8.649431
0.41059598 0.73000306 0.051151276
0.8793764 -0.55710465 2.958586
1.4406458 -0.5736297 10.015523
0.0067633777 2.5695827 4.8120284
0.30140397 0.9690737 2.9628317
0.7822512 -0.3058532 5.4406466
0.11593801 4.7021933 9.06501
0.8640555 4.1416945 13.707011
-0.003012487 -0.9603128 3.9282892
1.1696335 -3.523332 4.597135
0.8578576 -0.52600133 2.6876323
0.059327178 3.813102 2.5434692
0.29422656 -1.273683 -0.62896985
1.3403765 -0.4659556 4.97633
0.477844 5.5435476 4.688216
0.504931 -0.66078174 2.8716378
-0.03193343 0.6860911 2.1465154
0.8575908 4.1139975 15.475852
0.4644548 4.530682 11.490058
0.5212304 4.356885 4.380578
0.31461644 1.4965239 0.74043953
1.3460923 -3.9928436 -0.30602187
-0.34599242 2.6553295 3.196915
0.7590145 2.942751 -0.6272453
1.05534 -1.0718083 3.01284
0.6041733 2.917732 1.9534338
0.32837772 2.8362122 3.908341
0.37253413 0.6049776 0.40016264
0.24154563 0.697884 2.796513
1.0137382 -3.711569 3.5567343
1.0240024 0.54801106 14.590133
1.6712589 -3.1247647 3.8068502
0.06776786 0.5972481 7.0073233
0.3544592 2.1623302 3.1957707
0.72932035 6.2722807 0.16897357
0.6496755 5.902021 5.6578994
1.1869085 -2.705228 7.2560563
0.20869884 0.60647947 1.1680313
0.6612629 1.8967562 2.2575247
-0.027344182 3.2162547 10.066216
0.8658329 0.42941442 4.6051564
1.4888012 -3.1106198 9.352246
1.1852978 -3.308233 4.565921
1.395015 -3.8376215 7.767787
0.7213351 2.7730553 15.70787
0.9159311 1.1503313 5.554679
0.8419365 3.5947478 0.5938698
0.42895797 -2.0102303 0.95156467
-0.18550107 1.2975286 2.6344473
-0.24866621 -0.6840053 2.8475423
0.40273857 0.26860228 1.8430179
1.0670904 -3.568584 5.4599843
0.31732273 0.92620665 4.587917
1.3437246 -3.2967877 3.0177329
1.0356807 0.49248818 14.292374
0.31879944 -0.9490608 0.82237476
0.9368354 0.9216142 0.47262245
0.9012756 -2.393779 3.368326
1.0736363 -2.3812127 -0.9052457
0.7996434 -0.18318497 14.2927475
0.80799896 -1.1623163 3.4103844
0.31350738 5.106656 4.983158
0.0544905 3.0439534 2.320496
0.39062938 5.6187453 5.933853
0.6432834 -1.2561147 3.5456243
0.038624372 1.6960366 1.4903845
0.56974775 6.4412036 16.340055
1.580611 -0.27698445 13.9747715
0.6925741 0.170689 0.5276288
-0.29857057 3.5541656 4.1029425
1.1864957 -0.05126701 13.330627
0.4818901 3.6151462 14.34094
1.1119784 -2.3889263 4.06334
0.45792994 0.29590923 3.8167264
0.65026385 2.18794 6.169766
0.624 -1.6498686 0.5736455
0.9349404 -0.82775056 2.3067324
0.85892713 -0.11113521 12.050247
0.12948819 3.6746063 2.673715
0.28511027 0.3203602 2.819153
0.37217563 1.6514263 0.16877577
-0.11126888 2.8278232 2.4090838
-0.006191194 2.1595669 0.8889836
0.94287246 -3.5890613 -1.7204362
1.3740731 -1.3641678 11.522493
0.57349586 0.1592698 2.9393353
0.4434587 3.2598784 1.8125733
1.6883448 -3.3692188 13.903845
0.6855505 -0.64503515 2.5173779
0.6464061 0.39647964 2.1624606
-0.17316689 4.0735655 3.2537267
-0.38548422 1.0095575 3.2764585
0.6032945 0.36515227 3.1474857
0.6953309 -3.280656 0.024136202
0.9388681 0.78299147 6.5002465
0.641552 0.06050843 1.9909871
1.5573556 -3.480282 11.01674
0.27144963 3.359108 2.7776656
0.35323697 4.237103 3.2203815
0.90554684 1.7673393 -0.6390329
-0.017463477 1.4368174 5.753566
0.84924585 -1.5709735 4.8877482
0.5572033 0.8274273 2.5954108
-0.2679235 3.7977405 3.4919198
-0.009785165 3.7592368 7.867705
1.0899212 -4.4034433 1.873968
1.1690756 -2.901921 10.285953
1.7573996 -4.843221 6.566329
1.1038811 0.8799876 11.572889
0.56870747 -0.91827255 -0.33466032
0.6935135 3.1464727 1.146702
0.03679124 0.052293885 5.7513514
0.8296546 6.535011 3.4712498
0.46034178 -2.8403144 -0.0873658
1.2779114 -4.2341805 6.0041747
-0.024963245 4.7190742 4.2501917
-0.30991417 0.3850018 3.9166589
0.84796774 -0.2535668 2.3109453
-0.012967161 4.3570085 4.5853043
0.2411217 2.4193528 4.1125407
1.2658159 -2.063611 -0.40151194
1.1189221 -2.8488166 7.781533
0.787617 -2.8779643 2.1153128
0.51857215 3.497456 11.917501
-0.2463654 3.8962882 3.49153
0.13036917 1.3650763 2.0040438
1.1063817 -2.3414426 9.006606
0.47842216 5.3014464 4.7320733
0.4762858 2.4678147 1.5018994
0.9590227 3.201022 7.6719046
1.8784466 -5.504836 2.0879893
1.2922022 -2.6191003 6.5471845
0.25012866 0.6417461 1.9553995
0.3243867 3.8332336 8.2782135
0.79215676 -2.4233105 2.674424
0.035934277 1.2881738 0.9930352
0.89983875 -2.4105792 2.9195168
0.88046587 3.7224538 16.465437

