-1.6541773925523344 -1.1610642975443295 -0.532496340753195 -0.1609584702989093 1.080651017322759 0.1423474457025621
0 0 0 0 0 0
0 0 0 0 0 0
0 0 0 0 0 0
0 0 0 0 0 0
0 0 0 0 0 0
0 0 0 0 0 0

1.9689788131278398 -0.3767549872672684 -0.3259959279106891 0.7184471306913891 1.471375978171666 0.14698038598182628
0 0 0 0 0 0
0 0 0 0 0 0
0 0 0 0 0 0
0 0 0 0 0 0
0 0 0 0 0 0
0 0 0 0 0 0

2.367167326605341 -0.49158409164877614 -3.0733004043025374 1.7488042989263382 0.9269538635934557 0.1307516539053748
0 0 0 0 0 0
0 0 0 0 0 0
0 0 0 0 0 0
0 0 0 0 0 0
0 0 0 0 0 0
0 0 0 0 0 0

2.8224085721391035 1.180287180820381 -1.0975058164898874 1.597235065901795 1.5811444278067315 0.13062137702126758
0 0 0 0 0 0
0 0 0 0 0 0
0 0 0 0 0 0
0 0 0 0 0 0
0 0 0 0 0 0
0 0 0 0 0 0

2.4036417823512837 -0.2810559059577183 3.044561148606635 0.210838987128933 0.8073000735967157 0.14762699999959397
0 0 0 0 0 0
0 0 0 0 0 0
0 0 0 0 0 0
0 0 0 0 0 0
0 0 0 0 0 0
0 0 0 0 0 0

2.788715229250715 0.5410360982214683 -1.2482933245811794 0.2336783448151729 0.8291956257305733 0.14173678360670924
0 0 0 0 0 0
0 0 0 0 0 0
0 0 0 0 0 0
0 0 0 0 0 0
0 0 0 0 0 0
0 0 0 0 0 0

-2.2257333838358972 0.8070041078406867 -0.18086419199317413 1.2792523883908797 1.0803504416874063 0.14830093075162734
0 0 0 0 0 0
0 0 0 0 0 0
0 0 0 0 0 0
0 0 0 0 0 0
0 0 0 0 0 0
0 0 0 0 0 0

2.0779136077786386 0.24727147598199836 1.3674653889367367 2.465061284928627e-05 0.9540599937590621 0.13102084622332152
0 0 0 0 0 0
0 0 0 0 0 0
0 0 0 0 0 0
0 0 0 0 0 0
0 0 0 0 0 0
0 0 0 0 0 0

2.1617547051644856 -1.2516579160907826 0.41270721390182263 0.874862848076388 1.502749761478014 0.13150411051366595
0 0 0 0 0 0
0 0 0 0 0 0
0 0 0 0 0 0
0 0 0 0 0 0
0 0 0 0 0 0
0 0 0 0 0 0

2.5159568505270253 -0.038074818774344966 1.2897321368574717 0.5718606798862772 1.5809110144271927 0.13270633489820008
0 0 0 0 0 0
0 0 0 0 0 0
0 0 0 0 0 0
0 0 0 0 0 0
0 0 0 0 0 0
0 0 0 0 0 0

