0 0 -0.4002983034143306 -0.5523739592835102 0.46460573032384556 0
0 0 0.3715736519398354 0.7694352281705128 2.0440168858847274 0
0 0 1.2716692309206636 2.0866071976637235 0.4156513097052127 0
0 0 -0.17998823026096855 2.1060391517181385 1.1106899432966943 0
0 0 -0.21861136712603302 0.6321019070280851 0.48692553754534784 0
0 0 0.5833279031837688 0.6205618574593563 0.4289739363761733 0
0 0 1.5199374122804215 1.419949647101618 0.4182836934190932 0
0 0 0.3698050073524095 -0.6113714578612326 1.1670658465321462 0
0 0 1.4584123161757319 0.3034850929736167 1.957106200875049 0
0 0 -0.41384949428435913 0.598256007741472 2.0298335081692036 0

