0 0 -0.3493826824408952 0.6563956126021172 0.45548409208777396 0
0 0 -0.4522339944925604 0.09823546063247535 0.770806867960862 0
0 0 -0.7523760148701476 1.2574279669658706 0.6338671044819727 0
0 0 1.3883981473208533 1.3408367893876405 1.8206154867852908 0
0 0 0.04372509683908876 -0.06615702706175508 1.2576780123994302 0
0 0 -0.45061955090730765 1.0099697449135867 1.9459979731440815 0
0 0 -0.41749944563833186 0.9903848858089783 1.9616951557426134 0
0 0 1.435273073251793 1.0389007252723619 1.9606568125391155 0
0 0 0.4683328835115983 0.8154108880666808 2.040438882377007 0
0 0 0.8409843104587806 1.4144222975346543 1.5663604839169467 0
0 0 1.1110400514683105 0.05142631496958483 0.9693191034072834 0
0 0 1.4333352902142593 0.012833342271354686 1.44603417498376 0
0 0 -0.3485739514594064 0.204547439828912 0.7043030060130494 0
0 0 -0.40049659034561147 0.4295322330039324 1.8968105865368834 0
0 0 0.2520678802107932 0.025686601689161814 1.4652330808741643 0
0 0 0.6035735392113595 0.7741114159015294 0.38976835018213296 0
0 0 1.2928941185389475 1.191869334530637 1.8542428753993019 0
0 0 -0.58862303117696 0.41083221216490506 0.5375419408917745 0
0 0 -0.6931841060076307 1.337339051351697 1.8153110439723639 0
0 0 0.7227456910053429 0.1897930237065728 1.7668820773384324 0
0 0 0.3442060656367023 0.45774331424726583 1.9218976183373464 0
0 0 -0.8524068654632955 0.7629728720756249 0.4029494221801925 0
0 0 0.9669919596960042 0.8154321341823267 2.058466017284418 0
0 0 -0.9484616838000622 0.3555571542078905 1.8929778376380264 0
0 0 0.8393255788145182 1.0408010104327494 0.5419616669355423 0
0 0 -1.379182426703765 0.06116382083779781 1.652373996181839 0
0 0 1.272284580981799 0.4772618002440211 1.9970623127970513 0
0 0 -0.20576298988334996 0.00033445534626852513 1.540884087119576 0
0 0 1.287896051556491 -0.007498714222806235 1.2699707098999293 0
0 0 1.5115285186479528 1.4191920326483751 0.8614951294448316 0
0 0 0.752461370746738 0.40755838976105346 1.9241211678874617 0
0 0 0.9328749076292677 1.2036057914297682 0.5441395200414837 0
0 0 -0.7736536888434459 0.005964526094756728 1.1438647538128484 0
0 0 -1.441998644965002 0.4703054340240045 0.5127573510920971 0
0 0 1.262933656182006 1.5328571104889022 1.1328813403892977 0
0 0 -0.22016722135893674 0.00752137578340184 1.224108445847122 0
0 0 1.1484082205886192 0.9979753241703546 1.9677323522830563 0
0 0 0.9964133428484638 0.7053191184976917 0.42415438327637134 0
0 0 -0.45132102073102587 1.4922598580716273 0.942908652518061 0
0 0 0.6832562248525842 1.0374570721639094 0.5239675662712961 0
0 0 1.1406139239412112 1.2974971214017368 1.8411962794350976 0
0 0 0.19949627146637505 0.9220640352816422 0.4300997187035952 0
0 0 1.0471362935008672 1.0471618296336105 0.5488413973340682 0
0 0 0.09742558669528822 1.475485892268259 0.9174429011745631 0
0 0 0.2685662667911721 -0.03529529251874275 1.1433509516448157 0
0 0 -0.31826762605352354 0.2441563116711607 0.618004488429387 0
0 0 -1.1602939706405313 1.493992204173702 1.113052903575243 0
0 0 1.275207987011401 0.20952993574383738 0.6370717145371231 0
0 0 -0.1699242395465519 1.5685416694176473 1.0409256314326556 0
0 0 0.1379625772194033 0.5063194220169007 1.9817675359560372 0
0 0 -0.5294669855339929 1.5054236141047856 1.5093571478174397 0
0 0 0.975008159084128 0.1049965443250378 1.7287860664337704 0
0 0 -1.1116815500030892 0.10246813641892916 1.6960115857419729 0
0 0 1.4641268996705152 1.4949849031019795 1.5219635721006726 0
0 0 -0.09255817421393409 0.13560629482430808 1.78962303057217 0
0 0 1.2369565201897186 0.22585311733889202 0.6511018646195154 0
0 0 -0.28165636737619604 0.7727281197144727 0.40315512266238707 0
0 0 0.7270573894937087 0.4113695433677327 1.9245257650790637 0
0 0 1.0027908640821424 1.4481233081329021 0.8743892989003518 0
0 0 1.0406445700272178 1.1738220960359564 1.8844853629019773 0
0 0 0.9606075511360466 1.3701426026750978 1.7720857642000039 0
0 0 -0.29543643652156093 0.029826311381766057 1.0324080981460586 0
0 0 1.4780151178599805 1.5354687957654702 1.1653859641987956 0
0 0 1.0139055168597206 1.2498169189743755 0.5870246485252752 0
0 0 1.5074044631172114 1.5089658610009573 1.3545732191624593 0
0 0 0.7802857449352567 1.341079771757385 1.6797914817275363 0
0 0 0.13940442678866405 -0.029257480297286587 1.5029793163179934 0
0 0 1.2087612142021151 1.1934576851957563 0.5604328370420032 0
0 0 0.006586349120177637 -0.07339435675494599 1.1129525953955568 0
0 0 0.631676523816052 0.1318748670984915 0.8166231653393494 0
0 0 1.216388438837671 1.487661834409549 1.6050312517937857 0
0 0 -0.2530924695686245 0.9299512563041299 0.4470841759975942 0
0 0 -0.129030557295285 0.44174832954175774 1.963428547966757 0
0 0 -0.4173903289115264 0.7806946763631256 1.970538185547106 0
0 0 0.9083405997495637 0.5408846924343659 2.026634492444625 0
0 0 -1.2576359037417777 1.5333989756862794 1.4665095007367197 0
0 0 -1.4809899302216656 0.8298028738775892 0.41965694328670344 0
0 0 -1.0702785438434965 1.4214482163373299 1.5513425357512312 0
0 0 -0.468066254755682 0.6874733022772666 1.9822532725524598 0
0 0 -0.5696694519026997 1.4556104118896414 1.5291318747398202 0
0 0 1.1155598823753938 0.9908025959722644 0.5157150357534749 0
0 0 -0.018821854017881945 0.06916391351822981 0.9272910297510562 0
0 0 -0.27570251656364353 1.3276275655729464 0.6484696673166647 0
0 0 -0.6660730091105239 0.7971287324494325 2.0081042822592 0
0 0 0.7310992976618746 1.4642510141911824 0.989500055415031 0
0 0 -0.5052778413451449 0.641425778592718 2.03820567725689 0
0 0 0.49277266053951285 0.004665912552623275 1.040079485453718 0
0 0 0.8034474169072845 -0.04799286422929283 1.3856116151741795 0
0 0 0.6918076945704268 1.4662777273852399 1.6028142796367786 0
0 0 -0.2598232387984445 0.6200192567321804 1.9797141263398423 0
0 0 -0.368480051840107 0.8004343146355242 0.43156591706041636 0
0 0 0.17916168808312305 1.0039375624550575 0.47223276577486384 0
0 0 -0.4407431711991512 0.012811862642343796 0.9436183241973435 0
0 0 0.2501229665568838 1.060555424906353 0.46592164326881225 0
0 0 -0.9267810900446144 -0.02636885460099847 1.3690972520568674 0
0 0 0.8520869869939105 0.7220475637025269 2.0634798405569725 0
0 0 0.5114468312780529 0.8105996779413082 2.0135096336341634 0
0 0 0.7563768467479282 0.8692518917229768 2.011888022784163 0
0 0 1.450041798648185 0.7364101067023322 2.0473719354796502 0
0 0 0.8208430278643211 1.532836727953026 1.3743614503795438 0
0 0 0.2709906191938263 1.0290447862132206 0.4613069248979971 0
0 0 0.4537879833327416 1.0698892336664279 1.9123863348198151 0
0 0 0.9761992016267782 1.168656384653964 1.8500530045048382 0
0 0 0.3421000818176547 1.442974483578518 1.5345030825673132 0
0 0 1.138005945669387 0.08404480664140368 0.7206195351905303 0
0 0 -1.1059979068722805 1.54925306642135 1.2942106534364812 0
0 0 -0.27714262628144604 1.1641075369432534 1.8704129305411803 0
0 0 -1.2259797510245145 1.5027332465236878 1.365502629687608 0
0 0 0.34697699079456545 0.10326440418045824 0.758569384234499 0
0 0 -1.4156484732972834 1.1876986255370696 0.5830361237054247 0
0 0 -0.5230042597755442 1.511808743614703 1.3937253557588432 0
0 0 -1.5214735796916903 1.4714818012392346 1.0310951904255379 0
0 0 -1.071079339173468 0.7520377799084517 0.4217910432245432 0
0 0 0.3657439421627111 0.11384640232452725 0.7317288975667533 0
0 0 0.6038174727232501 -0.04299986168219949 1.2319063499360356 0
0 0 -1.3716430952167245 1.5269186112612885 1.1433420299866837 0
0 0 -1.2684598133615868 0.45725477613138493 2.0063692838791614 0
0 0 1.420928131837199 0.23533127976525325 1.7706844164729247 0
0 0 -0.9345479483430513 1.017427703132727 0.4857456096412698 0
0 0 0.19506650085325838 1.3312530682628902 0.7285604447731142 0
0 0 -1.1838343533583529 0.07404289601901881 1.5688570439947167 0
0 0 0.032147084360933276 1.262826295873888 0.6226638427030878 0
0 0 -0.7656282424817166 1.2683998176527354 1.7727387350513901 0
0 0 1.3456585772846048 1.4282690491257588 0.7849513223669644 0
0 0 0.2678005007784563 0.8628933178708296 2.057775918709878 0
0 0 -0.2748058384434424 1.5401190119554693 1.2230577103962699 0
0 0 -1.2700054436312231 -0.019875610790075937 1.2450279012508543 0
0 0 -0.08412351677450602 0.9839547614292421 2.0112007985645217 0
0 0 1.5254649728389595 -0.0438721785558559 1.4764986104403068 0
0 0 0.7333034077763902 1.5283253294554044 1.4845101476344116 0
0 0 -1.5202313054036438 0.009924225261076836 1.5481886650738903 0
0 0 0.755397848503053 1.5075692735082356 1.1222909239874341 0
0 0 1.105769624796285 -0.03504193774575193 1.0206765277777707 0
0 0 -1.5124185280939684 0.7311388045971484 0.46346334025148483 0
0 0 1.5476004858462127 1.4932279558254224 1.495074458994833 0
0 0 -0.9981906862712174 1.1492564144984347 0.5739138730942249 0
0 0 1.4239957848344789 0.007258017320377563 0.8952993537502096 0
0 0 -1.2334703471431678 0.07783210179405953 0.8109141863597602 0
0 0 1.3110206569451694 1.5086929629910588 1.0008838834172649 0
0 0 0.11341696829850045 0.4149398607587802 0.5403347374517107 0
0 0 -1.2529615939336423 1.0773494412572953 1.9094951299731044 0
0 0 1.0096470671184843 1.4667514171318337 0.7975001863376392 0
0 0 1.4922237392403468 -0.014961702402299437 1.5498232865506423 0
0 0 -0.285238753141156 -0.012960940575627133 1.4864183250011078 0
0 0 -1.3455961061048705 1.4118755538481302 0.8657030173913238 0
0 0 -1.2247686358964298 1.2481695719244787 1.8843590223633249 0
0 0 1.0482068032781706 0.7840666332777745 0.41821802928412977 0
0 0 0.7877722381217533 1.4771325785702718 1.5217456289352147 0
0 0 0.38264641424191215 0.1428966681578101 1.7462576016566658 0
0 0 -0.5213886730352795 1.5656000890276582 1.341931467253388 0
0 0 -0.8942858431990328 1.3431103633539925 0.7574028568965874 0
0 0 -0.11830209549784665 1.0464231555302483 0.4688461416113794 0
0 0 1.0154514734233593 0.5889440381390643 2.006491176025234 0
0 0 0.27912797507420994 0.07672307123607958 1.5535631940815253 0
0 0 0.7127548643198813 0.7912234261567853 0.44617596114011904 0
0 0 -0.15825173734713283 1.3656613261036137 1.6464063303899508 0
0 0 1.269664662863772 -0.039633219482113624 1.1046487118408421 0
0 0 1.0429143985500366 1.4174359155037688 0.718023786366124 0
0 0 1.2829146181786801 1.224244344487819 1.8551150210092606 0
0 0 -0.20724401833526906 0.16841341191260784 1.7544200296140646 0
0 0 1.4367681292231524 0.9363980008035049 1.9589907198892584 0
0 0 -0.02509961881921563 1.250320743421452 1.8469496959865574 0
0 0 -1.2327504865072019 1.2986218385336772 0.7039727893585437 0
0 0 -1.5703846471222087 1.4178002559295952 1.5700436415446477 0
0 0 0.4904599082084027 0.5497476628351259 0.5041298597946279 0
0 0 -0.4259623683423235 0.256972262605264 1.8416336179366475 0
0 0 -0.1046693860549841 1.3493659065286638 0.73175998751434 0
0 0 -0.18219392900275122 1.3726852373321181 1.668558267439642 0
0 0 -0.4588047718115451 1.3661674404307815 0.7161827239893719 0
0 0 0.6616597202380503 0.12307604950809337 1.783980761218006 0
0 0 0.5988387096468681 0.2694553024003123 0.5519914314902267 0
0 0 0.22891657195972148 0.3316788389832168 0.53252798097116 0
0 0 1.4442572555625448 1.1496630185017844 0.563616418854754 0
0 0 1.1797236447591137 1.413321543670261 1.6002972410638432 0
0 0 -0.926959363385691 0.714299973304342 2.0228702471244375 0
0 0 -0.11590447477615129 0.8056854141339379 2.0345280557259073 0
0 0 0.5898867375115038 1.0685647133547578 0.5446743834693424 0
0 0 0.6918350679172351 1.1755444910751103 0.5151807589649551 0
0 0 1.4035968709239528 1.495605159897912 1.143306703168833 0
0 0 -1.4287131404979312 1.4711829011804116 1.0001093698462205 0
0 0 1.5217706066027676 0.608818614984927 2.0075918469170126 0
0 0 0.24310331743277902 0.1866558525818378 0.6933833880653215 0
0 0 -0.03313915656715127 1.4987446527459136 1.3935398478989058 0
0 0 1.3503471282037465 0.68683342171492 1.9800638854734132 0
0 0 0.7327249757668457 0.8384202031472809 2.0483812920293385 0
0 0 -1.3535113464822361 0.03420261726584517 0.9552486118895025 0
0 0 -0.104209677652076 0.7506269788668645 1.9906992782237298 0
0 0 0.452907585905177 0.5747958430298183 2.0238318686499674 0
0 0 -0.5121666713610229 1.5116368861782166 1.4454444535393707 0
0 0 0.6462618224817733 1.4564466633583977 0.8583456710781815 0
0 0 1.5570761827089061 0.36769710635675007 1.9182847046642453 0
0 0 -0.9879416371930713 1.346610912548139 0.6856730555007517 0
0 0 -0.127667638995693 0.8608407273616193 2.049110327695093 0
0 0 0.8747822204853666 1.2474364636138733 1.8784936517973696 0
0 0 -0.530650442470427 1.5458750081234742 1.3102600482084137 0
0 0 0.5259678411534545 1.0778643210534617 1.9386612565448464 0
0 0 1.3152480332494467 0.05720342787221577 0.8544573009986303 0
0 0 -1.0210231235164202 0.6247101484968235 0.4758366548538868 0
0 0 0.22650605470341567 1.5503102816733731 1.2688298625723913 0
0 0 1.4875597049760283 0.7318014971899751 0.3949302393617147 0
0 0 -1.1565711481624654 0.30247786621475403 0.5906491822056492 0
0 0 0.21270662937348517 1.2810225631802827 0.6057576124248039 0
0 0 -1.2903009184825747 1.4746518203839718 1.3891887694088736 0
0 0 -1.194506990495048 1.496951381355631 1.1552589588119482 0
0 0 0.3383868401483945 0.1553047840431283 1.7115930717903902 0
0 0 0.8345538001179733 0.5100934171390032 1.977074222956202 0
0 0 -0.7295544146568452 0.13685776967104712 0.7956212265879872 0
0 0 -1.5545315140313924 0.15786126284155344 0.6824767920597993 0
0 0 -0.1743741351347372 1.4797520645832514 1.4126865676503337 0
0 0 1.3951045259674602 1.2774249540174685 0.6919644297619717 0
0 0 1.540764180803655 1.4225754260784846 1.6472813627884904 0
0 0 1.0296661324585124 1.3054158401405687 1.71812557440932 0
0 0 -1.2512781343623707 0.14303099481928627 1.71288439235971 0
0 0 0.21524378515042875 1.2868309508533327 1.7515935920259296 0
0 0 -0.74398513355313 0.4484558954185074 1.938205127951464 0
0 0 -0.43035261936919067 1.5213925960140398 1.5442210414041497 0
0 0 1.2632926973025715 0.2097574060566898 1.7387439956362571 0
0 0 0.19014591250143353 -0.047555507860462254 1.106313840428566 0
0 0 -0.18616278113021734 0.013443075216376887 1.516614000847013 0
0 0 0.3811758485336685 0.044690458039157055 1.4699752129167794 0
0 0 1.4580350576736358 0.9944719700333681 1.9794109385012493 0
0 0 0.8401274402743866 1.4099692057364115 1.6332070789463247 0
0 0 0.37831055487545906 0.7297259334020407 0.4584733187092782 0
0 0 0.12190955611687482 -0.013274769618226268 1.0323448157317863 0
0 0 -1.3096411211197738 0.7588812757272663 2.0619181233702855 0
0 0 0.8381837876761224 1.501934576773549 1.3779230126052173 0
0 0 -0.5887254596472119 0.02922084342406961 1.5569983490656285 0
0 0 -0.3570751133557686 0.9229795591969864 0.42573566590373124 0
0 0 -0.12035916092187504 0.6291893820142286 0.4543989031239398 0
0 0 -0.417473125593244 1.3354274623100677 1.765261928223984 0
0 0 -0.48230797192167807 0.6359587952021265 2.058156014327225 0
0 0 -0.5470020012772745 0.023972552046855777 1.4280206257782366 0
0 0 0.23626948798979752 0.07410887127675625 0.8036467849433705 0
0 0 -0.19078019454867512 1.49941936974879 1.1024219952872871 0
0 0 1.3546207687591543 1.4964778864412596 1.4637103989236788 0
0 0 -0.6028906864037842 0.7168907616707619 2.0036136664547515 0
0 0 -0.693223107034147 1.5790172115154613 1.219188290483854 0
0 0 -1.501413580886427 1.2113603888681619 0.6469134224152693 0
0 0 1.566331824505896 1.5728976820230316 1.3024392877821742 0
0 0 -0.9987309818092249 -0.018015452429788636 1.5030390367699638 0
0 0 0.5701925237334642 0.188681982197629 1.7870111490306297 0
0 0 1.284273627530391 0.7814548324589072 2.0098963369964213 0
0 0 0.46849179441506017 0.5743940703664705 1.9767664874808317 0
0 0 0.5573008225850482 -0.011998635882322417 1.039694860098271 0
0 0 1.1571494531360913 0.1002940553021936 1.7021416472212774 0
0 0 0.08365356529577839 -0.05415977941040451 1.172728445886711 0
0 0 -0.033126447107374224 1.3451466098546052 1.6987108151394281 0
0 0 -0.7023847630824464 1.4320176597377148 0.9407864584960195 0
0 0 1.0256324412300537 0.41698009428774785 0.4921232965555522 0
0 0 -0.3357138940289952 0.2925527770833565 0.5404269511967476 0
0 0 -1.5600109818650933 1.4794625589585262 1.5608334739175422 0
0 0 0.9774611907784063 0.20216114691668507 1.7278246656404885 0
0 0 1.5316417531457356 1.581972936073361 1.1837107052355254 0
0 0 -0.7241298216287664 0.5654762220659381 0.4709881992273247 0
0 0 -0.8558936512783398 0.8727431615033782 2.0027480128381283 0
0 0 0.6473630757704516 1.4659868058504963 1.4744524663187777 0
0 0 1.0901626103349251 0.28975169937537637 1.8336830728813975 0
0 0 0.6336902925782248 1.1419226373059599 1.8635870032078417 0
0 0 -0.08068359453692509 1.3841083402564212 0.7822035673022498 0
0 0 0.0506432190138133 0.2559270207766896 0.6279708925612698 0
0 0 -1.0323110418151402 1.3813750116081578 0.81215483506402 0
0 0 -0.7127062335712285 0.84446689831495 0.4305339219760972 0
0 0 -1.042369371061438 0.3710082500168484 0.5671847729007803 0
0 0 0.7011408636780687 0.3975291420489244 1.9820154425960235 0
0 0 0.24253256833221482 1.1369926378697683 1.9277873763784208 0
0 0 1.0457293289524845 0.015788791752503695 1.1292229937317562 0
0 0 -0.44007032139281055 1.4336733142080433 0.7752476569237946 0
0 0 -0.20038572864512116 0.289939567699679 1.8835738357668355 0
0 0 1.0787795139901908 1.3400490787525992 1.6990820241915818 0
0 0 -0.5947020812936932 0.23285999504779076 1.797878603680499 0
0 0 0.4820023988838056 0.09208511355589155 0.7087332709910057 0
0 0 1.522300263700041 0.245560120087302 0.6681613994663648 0
0 0 -0.25206988010050724 0.10774250775593541 0.7641649542087954 0
0 0 0.6711476505174652 1.4934537673305441 1.5057380254455852 0
0 0 -1.3973928654555974 1.0514519433114113 0.5212093871863129 0
0 0 1.1480971162616824 1.1078765242308122 1.925847643933786 0
0 0 0.9282869430361136 1.3903990814868588 1.655010463058625 0
0 0 -0.4245192109994753 0.5729627588671847 1.975087281474689 0
0 0 1.5654743307807784 0.011661675092544344 0.9492847918355959 0
0 0 -1.1314221407283682 0.7675995279577693 2.012998567808988 0
0 0 -1.5242210889366432 1.5437076097048394 0.9611048563573202 0
0 0 1.4055746209576223 0.848911545915856 2.041709156989241 0
0 0 -1.2504350961233626 1.1873051349608839 0.5703650337990392 0
0 0 -0.4535871756366572 1.1747818927991593 1.9192929174551066 0
0 0 -0.9373398146653027 0.38258602114719037 1.9710732836484026 0
0 0 1.2761460803143212 0.5745466000033328 0.4482027569320657 0
0 0 0.4904157196506911 1.4996698277415867 1.3519858142966703 0
0 0 -1.2698864836973187 1.045581855115943 0.4493304307805681 0
0 0 1.1741821677632536 1.1383994760474172 0.5551171605082181 0
0 0 -0.33938880524072723 0.3146561267148978 1.9385613761669251 0
0 0 0.4142234564881142 -0.0881306458703246 1.2594246584509479 0
0 0 1.4533615255442491 1.0707935874501093 1.9630186471484765 0
0 0 -0.17970307225048998 0.3544402398322515 1.8598428954884294 0
0 0 0.5740550759119558 1.4706120413321946 1.4545557424130002 0
0 0 -0.3601106489869492 0.019212894526587365 1.3883195575278184 0
0 0 -0.2233895929573846 1.5599454020387338 1.3924573415915025 0
0 0 -0.7521382228270362 1.222814506540843 0.6574729070706378 0
0 0 1.5599218979576093 1.476716357454011 1.4607019586061025 0
0 0 -1.0835724920371745 1.42381562920276 0.7478439743837191 0
0 0 1.2289458328133156 -0.01601942536800005 1.2862319858489786 0
0 0 -0.32910320561330253 1.0842311819948076 1.9046447056541442 0
0 0 -1.3563428232298347 1.4098735520036747 1.6770198859999879 0
0 0 -0.07554424104063218 0.9274807544621118 1.9839517893054115 0
0 0 -1.1509589736617771 1.4588058266055939 1.6489139587251163 0
0 0 -1.3405502807003065 1.4758755647274246 0.8827068016787181 0
0 0 0.284624169134875 1.1085188987244954 1.9654933576157299 0
0 0 1.12094470264323 0.7753343317866639 1.9680802561234398 0
0 0 1.0986307161290099 0.1671034952799264 1.7176296416394117 0
0 0 0.9669518861161119 1.3055337999152161 0.6134471366642732 0
0 0 1.3135091204389266 0.39760733430782647 1.9577902094367725 0
0 0 -1.154493816260087 0.8423308060207628 0.43590014960989865 0
0 0 -1.1438503321868907 1.4073877795255219 0.8394496444930194 0
0 0 0.516767623235622 1.515507904248798 1.0077822707658624 0
0 0 -1.462748157541344 0.03815090615063188 1.000099263295294 0
0 0 -0.3603848054901373 0.1154836776809367 0.7373664270335383 0
0 0 -1.4278468476652764 0.10848747857152441 0.7190122483313395 0
0 0 0.3524754010226052 1.4026522436062352 1.6821315003477173 0
0 0 1.274830865076209 0.6563191263685703 0.4201857083200202 0
0 0 -0.3484098126426982 0.7354787136523648 0.4820388745725199 0
0 0 0.7320864683219401 0.04378393612841147 0.9970349113735291 0
0 0 0.22136438626875843 0.4618890365885769 0.5434714087623534 0
0 0 -1.1865152756190167 1.501331880491271 1.0514183285687464 0
0 0 -1.452188681882476 1.3900343949074512 1.7518682544924027 0
0 0 0.8640832817696484 0.6769248627754239 0.4074860633786733 0
0 0 0.3550277265767481 0.14889856436116766 1.7385683643567642 0
0 0 0.3987254825612525 1.474227819305797 1.399162457046426 0
0 0 -1.2167359725506801 0.05404507636143252 0.8194989943246699 0
0 0 1.2222431969026788 1.4981551564206876 0.9189105787185836 0
0 0 0.6450250739975458 1.2773256285788521 0.61322202305566 0
0 0 -0.6148964613282727 0.21878892812735684 0.6851130971414994 0
0 0 -0.27905744134089305 1.3152387130649408 1.7874819415633052 0
0 0 1.479550838026841 0.11732335179022357 1.755291108975615 0
0 0 -1.3452809065279987 1.3713791088440999 1.6421253723285876 0
0 0 0.4782417560836816 0.35302612486202845 0.5558216393603617 0
0 0 -0.3595668943528525 0.12377525336692763 1.636885003353345 0
0 0 0.7490098249259356 1.4272744150646932 1.6202164471471967 0
0 0 -0.552816583570459 1.1693028169516788 1.8853245314123077 0
0 0 1.561443511781277 1.220529594523003 1.841476934623302 0
0 0 0.09617968560873691 1.244246842822361 1.8110800271113878 0
0 0 0.5867320423377365 0.671610647031865 2.0161583422215363 0
0 0 1.3764503779306905 0.6709496906460062 1.9744517974139748 0
0 0 -1.3142486557608002 0.8142738584482976 0.45581462430014164 0
0 0 1.3171849559831394 1.5618041724727363 1.1641943429674564 0
0 0 -0.5397186667684297 0.5821993336842376 2.0231279297072153 0
0 0 1.1552036161650152 0.30580332825331485 0.6041732184034145 0
0 0 -1.0814029973637505 1.293855330997538 0.680921969109217 0
0 0 1.0495949287629145 1.1865655950207503 1.9072860941058454 0
0 0 1.2534941045378183 0.6639290878853815 1.9981871883697098 0
0 0 0.33213425751213577 0.21483693725374076 1.8113263845226113 0
0 0 -1.2627479770856704 0.05962845372850556 1.6271285555319097 0
0 0 -1.5154233508520656 0.2554333362626318 1.8139298513847377 0
0 0 -1.0580549018988954 0.10939433961363976 1.656468863690268 0
0 0 1.4571832732381407 1.036216360509388 0.4453668505659003 0
0 0 1.5677876705630909 0.003276930838993941 1.2026908222095793 0
0 0 -0.8843457019519766 0.3618824001536843 1.9600736212438012 0
0 0 -1.0929529317174274 0.09505146902873274 0.7058818147721317 0
0 0 -0.38844664557520336 1.0322417030547364 1.9884978475601798 0
0 0 -1.4753719004612433 -0.0435609254317848 1.4106706565828764 0
0 0 -1.326662847567222 0.07682413355016371 1.6591140447416133 0
0 0 -0.08023184598530508 0.8053206882916869 1.9970428114302519 0
0 0 1.1291128117671954 1.0424153437666015 0.4764735037489808 0
0 0 1.092756806692457 0.013940102538790744 1.5204256786612265 0
0 0 -1.463743624757922 -0.026249245944293564 1.449246128102354 0
0 0 -0.11947780619919923 -0.024273961023719814 1.3041492394160452 0
0 0 0.542947573398795 1.445702377266 0.8506367761663511 0
0 0 -1.0662165139361304 0.34464557322457084 0.5953643027478562 0
0 0 -1.0432485610960958 1.5401192944046516 1.2838046722106464 0
0 0 -0.3608081777083276 1.5219867644859653 1.491161403338266 0
0 0 -1.0483040186533854 1.0778867704946689 1.925762566935346 0
0 0 -0.890909233966544 1.382490846172712 1.7558169859166979 0
0 0 1.3241532620840428 -0.011683320908024486 1.4273292483400961 0
0 0 -0.6954600686568421 0.8363746640424179 2.0091866030589687 0
0 0 0.793103699330119 1.5121017879213183 1.5251217484674384 0
0 0 -0.7950657024613806 1.2015123914143397 1.8857012644755318 0
0 0 -0.1128154228601117 0.23894005563504894 1.8720568551634877 0
0 0 1.3786955000224062 0.6139973244913903 2.015432752754254 0
0 0 -1.159908923027971 0.20226459883135606 1.802794828500313 0
0 0 -1.1799162814304565 0.6747206243214695 0.48593011205084347 0
0 0 -1.4419760494040266 0.914153435733936 0.47491948339548884 0
0 0 1.4217442830946379 0.9042934953615085 0.44469268135519047 0
0 0 1.1227543173304566 1.0166767003132766 0.4352278919099415 0
0 0 -1.183303493877315 -0.031451928159635156 1.258638172938563 0
0 0 -0.19154468334361252 0.3819941242929882 0.562461764665898 0
0 0 -0.9547545611088066 0.022995921779928374 0.8506274519999177 0
0 0 -0.5753311831650777 0.231898900147249 1.7778575001501715 0
0 0 0.41486450922967877 0.40953770716433435 0.5681615490849768 0
0 0 -0.04516060868853633 0.8874807523545285 2.0393943278498368 0
0 0 -0.3310607634547036 1.4533773614249057 1.5350541201355066 0
0 0 0.21065747923669043 1.3511767584024539 0.7866572194162351 0
0 0 0.2271445082781487 0.17210569271733778 0.7650245387377164 0
0 0 -0.21118993085656546 1.3907727454843841 0.755972009443181 0
0 0 -1.2403366047212643 1.5084747545203978 0.870257725159107 0
0 0 -1.551120054568664 1.0982211414954428 1.9324086363490132 0
0 0 -0.4298045708122822 1.5755080822680216 1.1869239474843338 0
0 0 -1.041582897516109 1.0255293364519387 0.508372034758901 0
0 0 0.34129281957672686 -0.012214771657842238 1.572130231431401 0
0 0 0.5417147019750499 1.5132236244833708 1.4703525228847665 0
0 0 -0.024949275618456834 -0.05971713995383032 1.2208380305661934 0
0 0 1.4156768070270256 1.5680174913016665 1.2585014401815995 0
0 0 0.7368782321307106 1.3558934726978848 0.7107961875533796 0
0 0 0.669767021449656 1.5210153706095673 1.1954185533723618 0
0 0 0.2998249758492664 1.3799834806057287 0.7133652816296683 0
0 0 -0.26400021129671636 -0.025357011411940023 1.4062766135192217 0
0 0 1.1746253878586392 0.005423209111114713 1.0290176063324514 0
0 0 1.3784094831972578 0.8369239339108365 1.9821110801274164 0
0 0 -0.6364101793670245 0.5118612824535118 1.9884976077226408 0
0 0 -1.0395825864759665 -0.048866312461430916 1.3189919102915308 0
0 0 0.7741686197583548 0.9317412304797086 1.9697474192440376 0
0 0 -1.1608091994998535 1.4814476905799516 0.9588733998700076 0
0 0 -0.698441593523643 0.9978193104715936 0.4493257527326815 0
0 0 -0.06266718773240676 1.4264478160382486 1.6627114429333476 0
0 0 0.7926876755720595 1.5189242517711883 1.0220964340045677 0
0 0 0.4784062487335956 -0.003436522898926375 1.5904871442482424 0
0 0 -1.2106295423425162 0.1758063574930031 1.7180261955760412 0
0 0 0.28061550084855136 1.28020341878665 0.6942258360956971 0
0 0 -0.32085514593470355 1.5261683439413307 1.508170228070345 0
0 0 -1.1159899033684284 0.34449058430001356 1.8484482503294588 0
0 0 1.2481839656583564 0.17940237879917564 1.790803301908171 0
0 0 0.7019379586653023 1.34412964524411 0.7441785949198019 0
0 0 -0.9356182538165958 1.5457669249166377 1.2507942173170306 0
0 0 -0.8326955169180904 0.42780534110090085 0.48812687119788767 0
0 0 1.1336084198377225 0.7267537252918634 0.43702466463934997 0
0 0 -1.296503742230572 0.10939158483279199 1.7022796733718837 0
0 0 -1.24824608351591 0.5089387736540452 2.0121988506980695 0
0 0 0.5167180670563929 0.15548255979345493 0.7238627701037357 0
0 0 -0.8993628521458344 -0.07818209342431603 1.140997737842798 0
0 0 -1.0387655471241817 0.15185613823549604 0.6964637684864567 0
0 0 0.21695700782698646 0.8772782608105382 1.9966186722109427 0
0 0 1.076561061051918 0.20037668709639878 1.7414976885344127 0
0 0 -0.19656183666184934 1.3715239552632772 0.7359832105931519 0
0 0 -0.12455881025912308 0.3958132471506231 1.9133220225579002 0
0 0 0.5633110468746589 1.275695209677428 0.5866703079310557 0
0 0 -0.24218447347789085 0.1668545261187815 0.6821308823830481 0
0 0 0.17584495363239094 0.6751070901289895 1.9893982098690075 0
0 0 -0.8092662535206208 0.7108805267487496 1.9941614117225317 0
0 0 1.4304018324440264 1.5160769230372453 1.4344357214110923 0
0 0 -0.15124742371781807 0.7151898006719779 0.42461516791593334 0
0 0 0.4484309824003967 0.38740668446653365 0.4908600365886501 0
0 0 -0.7083656763207812 0.38021758143436474 0.5792628514838365 0
0 0 1.234588509056946 1.4089225710182598 1.6923718701402004 0
0 0 1.4651322639115905 1.543148191372616 1.3328900381507678 0
0 0 1.2606638416426388 1.4942047884455003 1.1512504090978932 0
0 0 0.7261795601238505 1.4883182433949589 0.9153382478736316 0
0 0 -0.0129760818882807 1.2064506585465269 1.8227933177418278 0
0 0 -0.788897126379181 0.1368742369543987 1.7060353943569535 0
0 0 -0.3998697182660864 1.1609555533074216 0.5314885957884917 0
0 0 -0.410643976751766 1.197913789876947 0.5867306994284258 0
0 0 -1.4553134226151507 0.12596061986810003 1.7393699715037423 0
0 0 -0.24122068101017025 -0.02527563751007611 1.0288513186099137 0
0 0 1.0368596204941753 0.37204438886173136 0.5835933724965372 0
0 0 -1.2119824378382038 0.16227767555687767 1.6897075891764652 0
0 0 -1.4359867449810362 0.8902976944460647 1.983243935692105 0
0 0 -0.9319716021789757 0.9258335230973127 1.9938444368545092 0
0 0 0.2752647629180467 1.4239285303376288 0.7275124520542159 0
0 0 1.2909069799428923 0.5458099854873469 0.45729020821719124 0
0 0 -0.5861114878574404 0.8056012029098945 0.4286445275323384 0
0 0 -0.5826533329415577 0.4306284959009957 1.9340335694676174 0
0 0 0.31994368673087514 0.7089199864975294 2.052283472009507 0
0 0 -0.4079811986120747 -0.022966329863262303 1.1246604882383615 0
0 0 1.274726905397256 0.9988042079220967 0.4854993526769369 0
0 0 1.0523129587199587 1.561620059499794 1.0454150047713073 0
0 0 1.138210943637433 0.6917850024693679 2.062428175084916 0
0 0 -0.8457425928539016 1.2919429662848851 0.5981638644160401 0
0 0 0.20960054764562885 1.4853783611021587 1.0279397932521777 0
0 0 -0.9870898493413475 1.559145332474264 1.2561577550636884 0
0 0 0.8175099134138115 -0.05063344451436269 1.3216308918659772 0
0 0 -0.37802427791899995 1.536836131388478 1.0424209036691576 0
0 0 -0.22471210457052693 1.260470483219505 1.8668367992344277 0
0 0 0.06347670507568459 0.7423776644413767 2.010894803288661 0
0 0 -1.3271164530470527 0.7958560839641227 0.3910184159838045 0
0 0 1.5480414561590363 1.1205679038904766 0.49572425624231764 0
0 0 0.0469682607516988 0.0009686354663280827 1.4574990648018398 0
0 0 -0.6145036815204665 0.9306258186882536 1.962329820480309 0
0 0 -1.4907404021958217 1.415438718425225 0.8179914975708087 0
0 0 0.11165573158302178 1.4134787445388772 1.6218437878692784 0
0 0 0.7921980922588561 0.21777246196469524 0.6613074268635261 0
0 0 0.293442289892091 -0.03770076888157259 1.4920680425850625 0
0 0 1.2787252646594447 1.4864729934953784 1.4291480983554035 0
0 0 0.2518786144796754 1.4099419403230544 0.7219597945564611 0
0 0 1.3246159591072622 1.4674761714177422 1.5269287014282529 0
0 0 1.4754835055197635 1.107667576933922 0.5031543561529788 0
0 0 -0.11296755754040433 0.03937281774090562 0.9295566991187783 0
0 0 -0.7379614697941157 -0.0797317137437038 1.3328287746295484 0
0 0 0.33088255026193014 0.5353125290813181 1.9757820320022828 0
0 0 -1.2487571101943884 0.6409228204787577 2.0103540066241896 0
0 0 1.051420482354687 1.510824069744036 1.365598599955291 0
0 0 -0.8700254597118864 0.36637917356698974 0.5565777877990882 0
0 0 -1.0271701447800676 1.361192943402472 1.6920759722950927 0
0 0 -0.8308181211327523 0.5690627436304743 1.9706072445994542 0
0 0 0.20396440676629402 0.5551669320314332 0.5020974746905145 0
0 0 -0.30365479886344127 0.3952659767927796 0.516372582619146 0
0 0 0.18694657879992183 0.03470269301259754 1.5922866007412224 0
0 0 -0.49902297219106106 1.3977202051883135 0.8162951385858991 0
0 0 -1.0747982010848685 1.1254093425881868 1.9486686485637517 0
0 0 -1.237466088381077 1.0482874752981468 0.4941617157116336 0
0 0 0.2660867745509876 -0.04743558780320967 1.3240836785003998 0
0 0 -0.9791778146097264 1.4426513648161663 1.6459236273315139 0
0 0 -0.3551230650759276 0.14637677382910363 0.6910086637545506 0
0 0 -0.6367168788094997 0.41092465164736935 0.4953698888714052 0
0 0 1.5205451030244994 1.4327631529871094 0.9290985722375458 0
0 0 0.9821607695656662 0.19668133078579264 1.7424305668542432 0
0 0 -0.8048091588929078 0.8910031278164037 0.49623007367950345 0
0 0 -0.05886069608059974 0.7884253980621659 2.0009610004001575 0
0 0 1.276885586320076 1.119807502854819 0.5617963590020261 0
0 0 -0.6911665915906912 0.16043491231664342 0.737754877391043 0
0 0 -0.5345266432216471 -0.02952583015531396 1.2878069338024203 0
0 0 -1.4397460221311091 1.4729092295685744 1.0551283311593467 0
0 0 -0.04877489163037563 0.4940840118336048 1.925454383257126 0
0 0 0.07781105220026152 0.6670160681797102 0.4207838675315617 0
0 0 -1.248915220791981 1.2762634227964342 1.8148195470195212 0
0 0 -0.9458577062672456 0.3625566945775192 1.898918067128956 0
0 0 -1.1505075085426726 -0.016040876121950154 1.4803084110309783 0
0 0 1.1731209471836044 1.2508063789182362 0.593062978036804 0
0 0 0.2517509949953405 1.50558451289626 1.2130763190194256 0
0 0 0.1286172657969218 0.44653095054648206 0.4887743449473779 0
0 0 -0.574954661325127 1.1177456202425835 1.9190796402536476 0
0 0 0.6052754844912029 0.22221521648300602 0.5855478612048168 0
0 0 -0.9782911474775277 0.10080603688328749 0.7641526988122269 0
0 0 1.4982019587458817 0.48651776171524974 1.9988239510917891 0
0 0 -0.40020322952010035 1.107153232947656 1.9083203420874382 0
0 0 -0.7243419759625902 1.5208071541099442 1.3682851605595776 0
0 0 1.5275600580319102 1.4106789909595459 1.7463722516852893 0
0 0 1.32586542798109 1.4832288218357803 1.0730631614377266 0
0 0 0.25853965329550643 0.4231374035489429 1.892450666262188 0
0 0 -0.33828810171395873 1.4846550637185896 0.970845462162998 0
0 0 -1.3416455136754906 1.3622997378747606 1.6852323223343832 0
0 0 0.5924681263124039 -0.027133665675467933 1.0734844368123415 0
0 0 -0.8036476174849049 0.8081242896904183 0.4793681567000114 0
0 0 0.09181829310413758 -0.0758942228285937 1.1855722852534034 0
0 0 -1.3300135469521723 0.5491558625239745 0.47623686911718466 0
0 0 1.3402016615503278 0.0004421660732502053 1.578934294198392 0
0 0 0.9142217085880238 1.41071287324884 0.7668188231061177 0
0 0 -1.2072522136825274 0.8187467608229836 2.0515645187143434 0
0 0 -0.11318887057137439 1.071842767835055 1.9081119212595423 0
0 0 0.6433118132039528 0.5276388717837877 0.41908865711904286 0
0 0 -0.9942858154015001 1.5480802926556654 1.221587470104677 0
0 0 -1.1994194635544162 0.8332415194287653 0.44300311262851744 0
0 0 -0.8209769697296734 -0.048035933764353445 1.3850437794080879 0
0 0 0.6825797733782148 1.1543957201701387 1.869836871980809 0
0 0 0.1839689324366578 0.9028044217980852 0.46064123757695885 0
0 0 0.6548648951259692 0.8262424682160139 1.9760921667263847 0
0 0 0.19735292606356092 0.909677252869181 0.4203257396343355 0
0 0 1.3441534441747018 0.7842333088638315 2.020044493603917 0
0 0 1.5120529831486174 0.04332889153172015 1.5994591519726953 0
0 0 0.8585653428182716 0.9306012521522206 0.4680752842479027 0
0 0 1.3901608331629713 0.05106422407117572 1.497136849275874 0
0 0 1.224816203906339 1.0169143545757313 1.9231995085057123 0
0 0 -1.5097503215834853 1.4355590220551426 0.9333727888362192 0
0 0 -0.12439844782905696 1.5520228501244144 1.404831437141182 0
0 0 -1.5266994283925226 1.1629042621371954 0.5576659591444333 0
0 0 0.29520913363811685 1.5537550349571898 1.3973384904078086 0
0 0 -1.3011455724083651 1.4853123366162342 1.4332780482505039 0
0 0 -1.5023973347603286 1.4134779411179856 1.685026180514614 0
0 0 0.2233043151148475 0.6071845203492278 0.46132434414849155 0
0 0 1.2522569085668835 0.6947132335560701 2.0553854447251307 0
0 0 1.2582661984470525 0.0009543870197975535 1.2453303146587622 0
0 0 0.05751999514761352 0.0579341111716547 1.569968016228667 0
0 0 1.1844341413929826 0.73590813328355 0.4286322601359397 0
0 0 0.28190406094296394 -0.04629748795527999 1.3896896506118315 0
0 0 0.2250725408033165 1.4502755053454892 0.8594089693616744 0
0 0 1.2692799614599664 1.2874207353530056 0.6388508781870432 0
0 0 -0.43859384384793665 0.09417296079334103 1.5764484526082767 0
0 0 0.16401052691425244 0.33246893797908667 0.5837082503514206 0
0 0 -0.4342529137010078 1.4298822662544817 1.6644944479257124 0
0 0 1.4470164386299897 0.7715110803640592 0.44439912567460516 0
0 0 0.9447277085471493 1.3405564691415979 1.7676995789760355 0
0 0 -0.5162745332125924 1.05437347265091 1.9564518831289406 0
0 0 -0.3894226849790532 -0.07039433531523476 1.2786358376653275 0
0 0 -0.059250276949266434 0.9264944823344379 0.4728259815086143 0
0 0 0.5969354535646385 1.4751685716288139 0.8234854824083357 0
0 0 1.3209290359586299 0.6262787543405338 2.000119744714222 0
0 0 0.2777320626723965 0.7426057581226783 0.4275278309151651 0
0 0 1.084174200190362 0.6584831971433053 2.04615688215156 0
0 0 -0.10276680055146592 0.40638347039590983 0.5709128440485287 0
0 0 0.2938493023420383 1.0817588616415297 1.9055646455691013 0
0 0 0.25498778487722795 1.1480931033914117 1.9434354030905916 0
0 0 0.27769844393092047 1.2251932742859744 0.6193074493382379 0
0 0 0.9121076832199058 1.3968417959914383 0.8349170241692634 0
0 0 1.0056050098530473 1.4933841184622412 1.490814730571748 0
0 0 0.5967572504044316 -0.03743928775689598 1.382775734424336 0
0 0 0.19288162148887134 1.4755910677989206 1.0638956898938543 0
0 0 -0.6553729807550965 1.467636309858098 1.644570659301627 0
0 0 -0.15262781114166812 0.6479762795569938 0.433361824737894 0
0 0 0.18884748736863077 0.09713128255014114 1.6458021567224133 0
0 0 0.6240676972468289 0.7122461154294553 0.4202410398075588 0
0 0 0.857431235353173 1.512299340274132 1.3885277900084743 0
0 0 -0.11825141419303664 0.0190403006046167 1.4147122766895004 0
0 0 -1.1796637354194426 1.2340559198926426 0.6598466773750759 0
0 0 -1.2977858389253314 0.046728665879673725 0.8445236031338184 0
0 0 1.00966607793179 0.24873441607476499 0.6696449906735638 0
0 0 -0.5188051470087773 0.072584764951236 1.6352424175473474 0
0 0 -1.216386401371113 0.2630921305484582 0.5881903522559794 0
0 0 0.5163205211398139 1.241254842593258 0.592253935324026 0
0 0 -1.5259589480424745 1.492804783961272 0.9090541446285326 0
0 0 0.5971714002452857 0.6322151503166934 0.458882732267469 0
0 0 -1.3532204757557413 0.10930854237784549 0.8027900835483848 0
0 0 -0.32714314813389067 0.09405726716342011 0.8668777541120131 0
0 0 -1.426318586616496 1.3106991045850451 0.6610726064362128 0
0 0 -1.0891813754152218 -0.042408797554824074 1.2685970748475137 0
0 0 -1.095496355847581 0.1799618489720216 1.7730075440555004 0
0 0 0.7248641538376495 1.5497678522102452 1.3896121833835573 0
0 0 1.2157569899370824 1.1393869275892174 0.557748022656572 0
0 0 -0.8153979387850043 0.0485379245202574 0.9904203394764555 0
0 0 1.2123768659937544 0.7865227722887311 0.43120993347136527 0
0 0 -1.1921798281020823 -0.051933512222336886 1.3880789591536373 0
0 0 -0.04906243039272273 1.2949665269326815 1.812374588265624 0
0 0 1.2820155509234064 0.43937380501046963 0.45308238642174403 0
0 0 0.1402730733288471 0.32477498627048984 0.5307872999228509 0
0 0 0.48447410415008685 1.5543798130625945 1.2700973970286662 0
0 0 -0.9636028934478824 0.9028766768243488 0.44175494362374634 0
0 0 -1.3179581485804968 1.546666281686917 1.2727444686514728 0
0 0 0.8573895628126658 0.6954029448256356 0.4571061952822315 0
0 0 -0.7567579388045871 1.3563263208015701 0.6739513780074391 0
0 0 1.2756485904455954 0.5554430536645096 0.5018282043658844 0
0 0 1.372489254782642 1.140562099447608 1.9127691830987061 0
0 0 0.4490560029012758 1.4870958217783823 1.4945969672187056 0
0 0 0.24380262823841647 1.5210351221063658 1.2052299096250019 0
0 0 -0.6416214324832481 1.4915031952341455 1.1621866332324542 0
0 0 0.7449036636581985 1.469916891571873 1.5329326830999408 0
0 0 1.2108072471971711 1.5013690442605754 1.485936608018309 0
0 0 0.18986332378079673 0.5690685096639373 2.0077192467204195 0
0 0 -1.4131030466872287 0.5478231720675799 1.94654425737851 0
0 0 0.06878491528190489 0.2820325050122274 1.855714130329727 0
0 0 -0.9699760926155149 0.7472166897705323 0.46644907249580736 0
0 0 0.4896125537956495 0.1790447424254168 1.8422685070209628 0
0 0 -0.15754967600519154 0.9667645691637038 2.025055554448207 0
0 0 -0.8491435034280066 0.35987368025885563 1.9557841780478968 0
0 0 0.24898060752133677 0.5523807728529473 0.47600518390302815 0
0 0 1.4013488754940004 1.413761025326505 1.7349632478900716 0
0 0 0.9667560264078419 -0.0012790290597400888 1.2499338416002632 0
0 0 0.7801688406847243 0.9553740551044254 0.41671946368327306 0
0 0 0.17112722150205784 1.4136876875291322 0.8762908253983156 0
0 0 -0.8825255375841861 -0.019269226050136812 1.053654128142972 0
0 0 -1.1315394632014275 0.4381139480710117 1.9449170937492357 0
0 0 -0.7309074473787199 -0.03636749067706102 1.1739294339951478 0
0 0 -1.112913301173505 1.4144772476195133 0.8514711589729421 0
0 0 -0.44167642037611543 0.6538451195147059 2.051566129206317 0
0 0 -0.008082971900534197 1.1670133556605662 1.905033613033447 0
0 0 -0.23285458511341228 1.2841868924634232 0.702348810047213 0
0 0 -1.4815995615493838 0.09019157346308304 1.6648405738180856 0
0 0 0.7502867812742164 0.21412087363443533 0.6180855983116964 0
0 0 0.4386381690441836 0.037755528208416766 0.8211475681672045 0
0 0 1.0140647831380218 0.0006830756041641406 1.308469535594857 0
0 0 1.189659077889365 1.3722117444312016 0.7485300101481759 0
0 0 1.4915165339150533 1.5323561208852858 1.4747413410129961 0
0 0 0.9963961020490273 1.3605572587465802 0.7801165795916241 0
0 0 -0.8743943494530725 1.08054021977632 1.9843112045977034 0
0 0 -1.2588135356695556 0.5973348175026618 0.4445004150170616 0
0 0 -0.4794089649038036 -0.012534057674122079 0.9510738535196175 0
0 0 -0.2885920000237461 0.5883605652734843 0.43893925517583854 0
0 0 -1.1701597007274933 1.5597295512830724 1.202232443735709 0
0 0 1.4861777405580625 0.17500340745980847 1.7416158293211275 0
0 0 1.111600230847765 0.8622500516612334 1.9731236403896222 0
0 0 0.435322514052086 0.16873083543612122 1.7168737528925964 0
0 0 1.3775517294701918 1.5206560267801437 0.9921046128476426 0
0 0 0.5078854361195875 1.4539590663446273 0.87808174121892 0
0 0 -0.5504858850175463 0.0678617825744865 0.8593580985024581 0
0 0 1.1705900937432578 -0.08119354549710034 1.2188991170635446 0
0 0 1.3743278628905236 0.09131402180554993 0.7621919740989559 0
0 0 0.1602780898128291 0.23767514187920902 0.6897189439466654 0
0 0 -0.538683048841647 1.5414249826398518 1.0927981694361335 0
0 0 1.3188797695121326 0.44745400390881074 2.0065708697850675 0
0 0 -0.21731624089223156 0.31827975421373583 0.5902762457142046 0
0 0 -1.468159340882778 0.2076067729959803 0.7068759247584182 0
0 0 -1.124256077234913 0.5424737763349377 1.9713905852776792 0
0 0 1.4406584967221119 -0.0046897722286737276 1.5509462756883927 0
0 0 -0.30377588117368237 1.515086001632309 1.4802557475462805 0
0 0 0.02450401170088634 0.37820970128796494 1.915105559388489 0
0 0 0.9368933908183061 1.4974551744879918 1.143775975174521 0
0 0 -1.0510083529987333 0.6567023243170066 0.43803895887677613 0
0 0 0.9821186834621858 1.5400700998742445 1.2109362372487265 0
0 0 0.9963795427278535 0.656085355918658 0.482911271362512 0
0 0 0.41801464054343684 1.446419712212755 1.5045374510725833 0
0 0 0.5546684490788394 0.5556638159248931 0.42745595671804126 0
0 0 -0.7955962443232301 0.27499518957982955 1.9098754819087111 0
0 0 0.5389388294099433 -0.0026324513301243524 1.4873707563190963 0
0 0 0.14336239218191538 0.01175749503975776 0.9964216025064628 0
0 0 -1.0921204803537141 0.11089221559985996 0.7203688624182486 0
0 0 -0.7445579824288401 0.012916619215743275 1.3657464486368065 0
0 0 0.963213697570104 1.5421498463934542 1.4888376463919326 0
0 0 0.47878003784669243 0.006466158351594142 1.4823292068105212 0
0 0 0.2005078734409551 1.5147139351675356 1.548882227387101 0
0 0 -0.08443015446999613 0.3836141818214246 0.4788848940848748 0
0 0 -0.7051977109584627 -0.046448702781603846 1.3391293414489678 0
0 0 -1.190638479515571 0.015682230637707906 1.3373112532083062 0
0 0 1.2467136958194822 0.19091351093673925 1.7992462072258602 0
0 0 -1.548946981401021 0.04031719150730917 0.8121886449982765 0
0 0 1.2149258354446024 0.5684361409740014 1.9793304403764393 0
0 0 0.6892095516682564 0.3431206315876538 1.907674035800896 0
0 0 -0.589561342903696 -0.03938531340396623 1.0659226926878784 0
0 0 -0.34796081117088073 0.1402195780554054 0.7498299894572178 0
0 0 -0.6549654975988383 -0.013936983940288528 1.506351237060464 0
0 0 -0.7850549005056059 -0.01739137602184082 1.3703960800182813 0
0 0 0.0016789429301955483 0.11465482543039285 1.634888023082733 0
0 0 0.772441369253777 0.1037736064149315 0.765223583018433 0
0 0 -0.7293679895657438 0.5233589975668234 1.9934157072982375 0
0 0 1.4555756376343174 0.19739848470439125 0.6318243083306816 0
0 0 -1.3976735266225677 0.17224656258383197 1.8158551389040416 0
0 0 -0.719078486821364 1.5098327445920763 0.8704064821321255 0
0 0 0.6751691033488432 0.6769825927971456 2.0417893057624443 0
0 0 -1.3220011033794286 0.6533097850205912 0.4399481313701874 0
0 0 1.476109448989297 -0.003666030144164556 1.3602665142016699 0
0 0 -0.8925965240902692 0.4394785458386876 0.47776082705982836 0
0 0 -0.6127230986285521 1.099689395526278 1.929987557721435 0
0 0 1.1860377150733856 0.08606598030850621 0.8184096597130159 0
0 0 -1.5378102596939718 1.466288481133526 1.5689288941695663 0
0 0 1.4201892353066796 1.3014981509857189 1.787833798236388 0
0 0 0.4617121215100828 0.1468972712570218 1.78169471667021 0
0 0 -1.2967529548879384 -0.07448099707138145 1.2752593602564133 0
0 0 -0.48190082643413046 1.3386315610597996 0.6365752268737636 0
0 0 -0.533430750475721 0.689108075113153 0.47565680656585674 0
0 0 -0.019015197320815247 0.00133578502700471 1.492344624523649 0
0 0 -0.28742306488719604 0.22011315450806146 0.6775537187672723 0
0 0 1.3272346273886124 1.0880254841465844 0.5323917822003069 0
0 0 1.131740066439764 1.3459970926505096 0.7637513628611496 0
0 0 -0.635425989350726 1.4049791840011525 1.6914361883708724 0
0 0 -1.1401022397834413 1.3198299050396014 0.7266332080763241 0
0 0 1.2865607699745878 1.0833314043580982 0.4650892556487267 0
0 0 0.008750005362203384 1.3669535199260618 1.6550467248183314 0
0 0 0.31073767991109014 1.4353916108832823 1.6599763534310568 0
0 0 0.6015382433414498 1.2001475758736901 1.8819521181096526 0
0 0 0.41668174727936647 -0.020843464095439135 1.40264122261764 0
0 0 0.6945896230588073 -0.021578707614187342 1.1890887413544187 0
0 0 -1.5058407533514908 1.5318827736581488 1.2994050056158961 0
0 0 -0.9223360142315941 -0.0067785467472248895 1.530707893222758 0
0 0 1.245175421099801 0.28024625198945136 1.8175175355838762 0
0 0 -1.1497570561183186 -0.02011030561825522 1.0289843973582262 0
0 0 1.49863605041956 1.4973810067675717 1.185004931240805 0
0 0 0.5401962844296384 1.0612757358855265 0.4632052985675613 0
0 0 0.3743550004162295 0.5625765108717666 1.9455495634886324 0
0 0 0.0719461032747104 0.1828621413459296 0.7088806788347893 0
0 0 -0.5521765310781628 0.8985236751701563 0.4685689158487617 0
0 0 0.6407371409423144 0.89765836988834 0.4996909408814917 0
0 0 0.8837374832017288 0.2827275397539281 0.6174798746883513 0
0 0 0.044052143679347955 1.221204929865371 1.8150325640491884 0
0 0 0.18685184195475535 1.2523453447148107 0.6619302908505905 0
0 0 0.2074598358093287 1.2340868021316174 1.7958631489846766 0
0 0 -1.1456635401928847 1.0924200664453259 1.9116477026571776 0
0 0 0.8171858760370116 1.1914610876160205 0.5684050130109758 0
0 0 1.149006702078927 0.9154116243915771 1.956353126468775 0
0 0 -1.2410449543664113 1.4020674270679783 0.8030652879932385 0
0 0 -0.8136588766837342 -0.07791826929655088 1.1195657489626203 0
0 0 0.2921045164779654 0.215851874812097 1.74051368294285 0
0 0 -0.014525042260816301 0.13720413047972269 0.7507164251583309 0
0 0 -1.2530169112595317 0.9782889588201813 0.4534280974795061 0
0 0 0.9170287731043332 1.4378958007028335 0.8377987544460131 0
0 0 -0.6486700574383301 0.15487127768343323 0.7694812180471868 0
0 0 0.03935397145973707 1.397455235975451 0.7540029229610501 0
0 0 -1.083128582983785 1.2662558125978927 0.6112159383426015 0
0 0 0.9154469890013899 0.22233101979453618 1.8356388188128117 0
0 0 -1.5105120970223755 0.00830345356753548 1.0831588675550599 0
0 0 -1.2367737763912527 0.023897744749333483 1.026375031429011 0
0 0 0.5334466825278517 0.5135458334216925 2.0206348557905227 0
0 0 1.0592571010033334 0.678934388830182 0.43789662764060644 0
0 0 -0.5052139510792775 0.23028308344534243 1.868416020009174 0
0 0 0.3561966995515975 1.5499818111548556 1.468263330304137 0
0 0 -0.6449465107166837 0.09391397864567819 1.6078627708336266 0
0 0 -0.609588874749944 0.28076449269640247 0.6505328967668477 0
0 0 1.3010960232019553 0.8068073631329995 0.4899600282923301 0
0 0 1.4663644243913718 1.365481515055578 1.7713085806362634 0
0 0 0.4319647267998068 0.7646922134921088 1.9930758454996105 0
0 0 -0.8294741190570575 0.5540036668618671 0.46407327156916844 0
0 0 -0.3169248847459998 1.2728025204643865 0.6741713292127423 0
0 0 -0.11326563176435878 1.520353151866089 1.4214793356057267 0
0 0 -0.9054129987276243 1.026120024008654 0.45964268499781913 0
0 0 1.323698344080432 1.5476033979327706 1.3378822988473131 0
0 0 1.555980140329455 1.3032990776981108 0.6270655382357723 0
0 0 0.3774677162546358 1.308344170945947 1.7880797406351174 0
0 0 0.6172768059236238 1.1459094012900994 0.4898700642815026 0
0 0 -1.1715537528067088 1.5079695133061357 1.1716621488961518 0
0 0 1.3283141380905388 1.1542295399592435 0.5436470814829378 0
0 0 0.8249060228801324 1.5729778613600816 1.1520090057570038 0
0 0 -0.7880286532567875 0.8748465590867827 2.047103279931047 0
0 0 -1.520074092503286 0.925505156789295 0.40677879574941633 0
0 0 -0.5767843804851459 0.26632403562011164 1.8772256717314129 0
0 0 -0.4771762592653974 1.1514214689799147 0.6041209545532861 0
0 0 -0.39695894737778725 0.6732592597613344 0.47316128950582914 0
0 0 1.4713822510256636 -0.012777861949973435 1.173927628838881 0
0 0 -0.3810097289923329 0.07278476930588962 0.7360966597710449 0
0 0 -1.0895855589296177 0.08671358673881935 1.7253111938637165 0
0 0 0.484235776904522 0.9226343131696867 0.48134427267829905 0
0 0 1.1029367409929436 1.2164713862770213 1.9176632094922077 0
0 0 -1.374691028193807 -0.07179276000223889 1.1615846681741078 0
0 0 1.1300037320960459 1.4770190002192698 1.4604464598187175 0
0 0 0.03708747814071889 0.7705271003922417 0.4052680856718952 0
0 0 -0.6958624648869512 -0.07854778516421745 1.1659102531858911 0
0 0 0.49733236012204474 0.6772639027330253 0.4551659392040591 0
0 0 -1.2048851949197725 1.174226060113559 1.8836790800416572 0
0 0 0.525489136735739 0.1865562792738129 1.7777497907316167 0
0 0 0.2930593455797239 0.1401196417589471 0.6600989023734535 0
0 0 -0.7772868968274695 1.3171717591840502 1.7808526880644435 0
0 0 -0.7967207215258785 0.9470696535890455 1.9960456157814281 0
0 0 0.8905258226898805 1.3697369480329022 0.6836083185969195 0
0 0 -0.6473311069219853 1.3551222249747157 0.658637805622127 0
0 0 -0.6121806470348493 0.7181604433796779 2.025988452804426 0
0 0 0.643897579922156 1.0409044725520458 0.4444163333925366 0
0 0 1.516318281153215 0.046100038547964295 1.5546317109761745 0
0 0 -0.8098337373334774 1.535527115120624 1.346729512492318 0
0 0 1.1551240303588681 1.4736106987504267 1.3908544128847997 0
0 0 0.33916254823020364 0.6376721903389472 0.46235925135218703 0
0 0 -1.1040486658268547 0.7265682848515712 1.9778604166512026 0
0 0 -0.21673681854216476 -0.008716755049040237 1.1660783383280888 0
0 0 -0.9782545075080717 0.5710850163868747 2.0404393400752685 0
0 0 -0.36980039268176434 0.1069148457350867 0.7151378127026773 0
0 0 -0.001294256166552099 1.4755581356741096 1.64400458732239 0
0 0 -0.4145146630140901 0.37834793042810866 1.9694360120424022 0
0 0 -1.2050706854391775 1.4529490262953932 0.8402280100994082 0
0 0 -1.184930422609587 1.113884787304312 0.49537233988729135 0
0 0 1.3868513777355531 0.7243194488362312 0.40688681412169114 0
0 0 -0.9581324367885887 1.2360197815466265 0.5876390161828443 0
0 0 1.1368032835393138 0.012432048865018253 0.8282363474713152 0
0 0 0.9222884338858433 1.4295300696646391 0.7465632539923743 0
0 0 0.8811891277612713 0.001143800816878815 1.0320812759474993 0
0 0 -1.3563657281216577 0.3500865220564719 1.9379125289685462 0
0 0 1.0166570373982111 0.5875746637142305 0.447710665572992 0
0 0 -0.2969228713563352 1.288756957629128 1.7982170120377625 0
0 0 0.7814626048615962 0.8576805389041708 2.000944258090546 0
0 0 1.5436498010819557 0.1070880889056478 1.6590804958487284 0
0 0 1.514012382434549 0.9391219291067882 0.4884286751355521 0
0 0 -0.17812893212943104 0.821474884188723 2.029371428981365 0
0 0 0.3858244441258065 -0.04495731570207373 1.488672008973185 0
0 0 -1.2837790725840186 1.2792064732843627 0.6491567379938767 0
0 0 -1.0546037553589374 0.42058076971142627 0.511206112574938 0
0 0 -1.2401441007724188 -0.03204836722029669 1.2587086540181338 0
0 0 -1.540279351646292 1.1994487088015982 1.9239130170077607 0
0 0 -0.12564762711930877 0.622927731215253 1.990742845516864 0
0 0 0.37720834275458714 0.2292054205864914 0.694983356846243 0
0 0 -0.6049122117958947 0.037069391913294836 1.570110467117306 0
0 0 1.1420026948518909 1.3683247040923867 1.6754804692106493 0
0 0 1.1146080682280477 0.06363645154471209 0.8024198804911065 0
0 0 1.4879041134592144 0.01999936169807559 0.9508815783373943 0
0 0 1.4738518632383122 0.7347127784040622 1.9819325546284978 0
0 0 -1.4580215629200117 0.8735677160474037 0.4001855218917242 0
0 0 -0.9664717944656656 1.5027026221730941 1.140203661667551 0
0 0 0.17487323174106306 0.5333068356317984 0.49302295038822885 0
0 0 0.8871881466177451 0.10040171987354529 0.7228973277999565 0
0 0 0.7607171065086611 0.2536856859501012 1.8466214224642878 0
0 0 -1.199482099540822 0.895063807401018 0.40891392547634475 0
0 0 0.7004180025014572 1.5168293922269427 0.9836302628786316 0
0 0 -0.8833260423934287 -0.018282236290904086 1.4368448479107598 0
0 0 -0.517264592558772 1.3724392953877116 1.750079131794178 0
0 0 1.3874777910650113 0.23899988581962983 0.6535764194463017 0
0 0 -1.3526233288714435 -0.0043769294533322345 1.424169561533893 0
0 0 -0.2506390898058659 0.04255063773058365 0.9946435069993326 0
0 0 -1.1601360127426792 1.5398439451284556 1.43649056376611 0
0 0 0.27679240953686324 1.1207638484098417 0.5652764284736085 0
0 0 0.48178541218574944 1.5339664648886262 0.9698513747762707 0
0 0 0.8741926331183718 0.11787825464528945 0.7482791749216654 0
0 0 -1.2105412005824587 0.002099370322298011 1.5591574403656927 0
0 0 1.1117828056237937 -0.026025192390787044 0.9835116759316824 0
0 0 0.5852401242895247 0.4037131689747647 1.935333714446551 0
0 0 0.4955591142739828 1.031204461464608 1.9649166384940595 0
0 0 -0.3590163452193731 0.36981429372185426 0.49625822517027485 0
0 0 -0.27165350398381793 1.2596218142463562 1.8733733876640841 0
0 0 0.8373478021700276 0.08660832738568203 1.677219651254079 0
0 0 -1.2203672290670886 0.9920613165232475 0.49192460927229065 0
0 0 -1.3432130524285446 1.081300940456674 1.9723671009657335 0
0 0 0.4761792266854492 -0.0728994911799371 1.2837096217144206 0
0 0 -1.4464342957800702 -0.05053681846828939 1.4241259751145292 0
0 0 0.5271793799854141 0.41517404799977237 0.5246641731938722 0
0 0 -0.8815095726991525 -0.020145713848142788 1.437272280608288 0
0 0 1.3163554676162499 0.9812084460194969 0.44841865147675397 0
0 0 -1.4798403347238966 1.5396177099617137 1.4683201018935128 0
0 0 0.0009152533009686437 0.25724407329754834 0.6222789175390112 0
0 0 0.9496570673531779 0.9024787475594798 0.44007916377206036 0
0 0 -1.4241160320209547 1.528918167149024 1.0595812800010538 0
0 0 -1.5244247807502143 0.7948203489033592 2.0435245010015377 0
0 0 -1.3905602502982013 0.1809686512782951 1.7223659766013553 0
0 0 1.172182934229768 1.5075690007657419 1.3478090385513408 0
0 0 1.452693445206997 1.2628749944579631 1.8067416891751593 0
0 0 0.4147230891964364 1.4157068952649103 0.8553648444076358 0
0 0 -0.9265569686091666 0.9354180458687399 0.42998639587018606 0
0 0 1.3265634031421438 0.13755200643737786 1.6563761413320306 0
0 0 0.5630207872083486 -0.040966388208924176 1.5103831843043045 0
0 0 -0.4597629391184239 0.4659584714824058 1.9580847395780276 0
0 0 0.06342908719356322 1.1879764354746987 1.8610399656279655 0
0 0 -0.7111942310378055 0.02813445078286303 1.409508364014279 0
0 0 -0.48641760515952304 0.3456357900023608 0.5803094269433375 0
0 0 0.6204564523317462 1.491098677939963 1.5767389442644943 0
0 0 -0.26495793816555957 1.4814393379286945 0.9930128733548955 0
0 0 1.0024433467560994 1.522055634739698 1.3489016043389357 0
0 0 0.6250799213026621 1.3477357186478647 1.8121945698196322 0
0 0 -0.6208205885664793 1.2729692166875013 0.6723290381708198 0
0 0 -1.5368726348631012 1.0496472725092172 0.5341377911505556 0
0 0 0.3055431842883769 1.322307232683308 0.6653842453835123 0
0 0 0.8808888052270927 0.14163486879009068 1.7797986282223284 0
0 0 0.7666515389520185 0.33687647929420744 1.9266087226171789 0
0 0 -0.9800414356161603 1.1481552375250699 0.533629477252204 0
0 0 0.25507026391540943 1.5584865145276339 1.3764809309503732 0
0 0 -1.3710229515420476 1.401446267087315 1.6368858832271629 0
0 0 -0.8955727242696894 0.8461443330652938 1.9889167678104118 0
0 0 0.9522094777519539 0.034411750711742295 1.5540259803498013 0
0 0 1.05994630603697 -0.001761242526353568 0.9353431602810868 0
0 0 -0.1718765205262618 1.512827079221925 0.8805770346964001 0
0 0 -0.22336504098583054 1.323421281601616 1.7967782278673115 0
0 0 0.12628838601934356 0.6369451410874174 0.431092271687203 0
0 0 1.0104901523269372 0.6453909748818277 0.4285894010217518 0
0 0 1.3737375596151509 0.670983169817913 0.4565421191426523 0
0 0 -0.0006237130283810455 0.2225015509016106 0.600242354496456 0
0 0 1.1966365607385119 -0.020479180677772546 1.4698756410538354 0
0 0 0.7294750941952906 0.4277841615856744 1.98340251812854 0
0 0 1.4499766668525216 0.004899552402531371 1.6085132926104793 0
0 0 0.9691387455135683 1.455275375311512 0.9791036597842245 0
0 0 0.04214475371684978 1.5596152587763645 1.3771323940825209 0
0 0 0.03895136387624687 1.5201834525617208 1.2746413220082902 0
0 0 -0.676832988523786 1.2044909846978318 0.5253743115559883 0
0 0 -1.098919006907594 0.43070513683778405 0.4938453475383914 0
0 0 -1.374121948717371 1.4077420463199224 0.7544866405901055 0
0 0 -0.17651702011829862 0.005487494555722949 1.4327797082269824 0
0 0 -0.13000072084076253 0.130216758505724 1.7103543321754986 0
0 0 0.25825149338157316 -0.006849116627801188 0.8862573107344345 0
0 0 -0.22990756312485217 -0.051904998154816306 1.1931639454140575 0
0 0 -0.8084490374156899 1.2669166439971136 1.8693950507174684 0
0 0 1.5675836343286713 0.762525683406357 1.9882511996434107 0
0 0 0.5130249926121881 1.4969635326068063 0.933178154558762 0
0 0 0.03222793891319076 1.1614991321591541 0.5005288484708549 0
0 0 1.0753692631485157 1.1374776497294041 0.5069379180177985 0
0 0 -0.812117129208418 -0.051727792265326644 1.401266205170865 0
0 0 1.539307249026459 -0.03801832264658911 1.1402218601209888 0
0 0 -1.3790350186489664 0.9448286513510947 2.003886993877089 0
0 0 -1.3696305082088978 0.8838252590194048 0.42626264958648685 0
0 0 -0.663381990182715 1.520665366323383 1.1933285140263168 0
0 0 -0.25378636428849277 0.33048705983834764 0.5220370142149529 0
0 0 0.7485820516175434 0.6635164301982842 0.4825300123892835 0
0 0 -0.7766313697442461 1.3022565964120842 0.6118179294186067 0
0 0 1.0059293873736377 -0.046458691445752764 0.9696987019867386 0
0 0 0.875546357784752 0.6175053495846385 0.42123733493982973 0
0 0 0.9397639435184537 1.4326225688669876 1.5646273505572306 0
0 0 -1.2013808801762922 1.416010195890406 0.7973222450691795 0
0 0 1.2095258143488783 0.10433845981381695 1.6740139692457594 0
0 0 -0.8732051121178178 1.485460684896247 1.3190336920624863 0
0 0 -1.2320567074351936 1.558960000262311 1.1598880817830561 0
0 0 1.0743452471824302 0.0851752974704818 1.6854551523684496 0
0 0 0.011776112636176173 0.41030835669366134 0.4950919053345305 0
0 0 0.5791193618314052 0.6796491464880243 1.9848709512204992 0
0 0 1.262292190610435 0.3199042497369373 0.6197428437349819 0
0 0 0.316018436972465 0.6821532792694001 2.0290733864595447 0
0 0 -0.19945647113104137 0.5594622492435659 2.003130555847159 0
0 0 -1.4653293065629611 -0.021478288607497564 1.3885172262981746 0
0 0 -1.3536310941929592 1.2959242862412288 1.7694549752178466 0
0 0 1.13891533942751 -0.025682574533601232 1.2706722863442468 0
0 0 0.40515733609967675 0.016708039376230666 1.4288351824926824 0
0 0 1.3602178369876512 -0.04305880560139175 1.4312930647275595 0
0 0 1.1342963900543297 1.4137508621309656 1.7015353713402102 0
0 0 -1.3557241616299054 1.3565982319179297 1.6694576879502572 0
0 0 1.482244774739292 0.008295603594965284 1.4911317651813378 0
0 0 -0.7377267270111414 0.28663283850202304 0.6353220478266425 0
0 0 -0.7869052115713742 0.8479643848979954 0.42862606323942654 0
0 0 1.5382642770626833 0.19704949367676583 1.8129779383120983 0
0 0 0.4111846665437555 0.36423237064985725 0.49099796583867006 0
0 0 -0.13079702780790625 1.0673364504666605 0.5486207257270057 0
0 0 -1.0924611383179834 0.4789205432675028 0.5085300373278062 0
0 0 -0.16651236127467572 0.025195063987413446 1.0418156296112968 0
0 0 0.7855151066457209 0.08711763504537895 1.6674506909330142 0
0 0 -0.19423402082248575 1.0244381878861324 1.9818204146083453 0
0 0 -1.1927132404122678 1.4951460402476524 1.195319252389273 0
0 0 -1.485803363805932 0.4167983458998365 0.5404177204923151 0
0 0 -0.9806997061451598 0.57348205343776 2.03221709005621 0
0 0 0.32956492216023126 0.5154868841020326 0.4902705416334585 0
0 0 -0.7960973432836342 1.2511120000232518 0.5959629949154852 0
0 0 0.2255944478425107 0.9634357763521834 2.006804333367349 0
0 0 -1.0315243149835915 1.4809783179759841 0.8818567124928897 0
0 0 -0.49921813532621906 0.49385218626652727 1.9729967385313345 0
0 0 1.3478975026193392 0.7690474255546015 2.0511142081514047 0
0 0 0.30084309266380993 -0.03171430239622308 1.3768119189071641 0
0 0 -0.9446235615807655 1.2709397033129837 1.8472419215712739 0
0 0 -1.2719590541069246 0.12443788988310855 0.6926510742726245 0
0 0 1.2721613662494544 1.1937396053463178 0.5592434449901172 0
0 0 -0.3900483046543137 1.4685437815381246 0.9885243994491921 0
0 0 -1.222683023317883 0.03236837528885439 1.5959739316573764 0
0 0 -0.9860599477347062 0.30483288808421405 0.6264056266335116 0
0 0 0.9802525270918747 -0.03433070803105498 1.3833235017936618 0
0 0 -0.07374591888499071 1.3431152910888178 0.6721453452498943 0
0 0 1.0480371332652045 1.5757472516679343 1.3661970433122916 0
0 0 -1.4996105031983815 0.009825370566804326 1.3285001053956969 0
0 0 1.2382484258337594 0.39504095430099256 0.47012493253933163 0
0 0 -0.7383884527792945 -0.07083606473953985 1.2211539527741098 0
0 0 0.5765143108893094 1.5210294727821017 1.2365954785315871 0
0 0 -1.5033806040325033 0.18841919176456678 1.8466291597474638 0
0 0 0.6652490611120996 0.4050627098449201 1.9609689786232591 0
0 0 -0.14996759494674583 0.943619193480734 0.44712205139581995 0
0 0 -0.1345849976115343 0.3019872681993236 1.8659684364966964 0
0 0 -0.8051042685648752 -0.05110282257768006 1.4596653251483314 0
0 0 1.055244309873982 0.8635940267195542 2.009473658370017 0
0 0 -0.3595202359820875 0.8755536634755695 1.9769147133715246 0
0 0 -0.03800237348783697 0.06547024954564817 0.9254014877330525 0
0 0 0.38749960860954236 0.591225003631583 0.48188641000809107 0
0 0 -0.2642481462792228 1.438012782052477 1.642259181314542 0
0 0 0.9795769497411548 0.7262737351587321 0.437246079034034 0
0 0 0.388652007237517 -0.020524784435898225 1.1893482932604047 0
0 0 -1.3069020568817988 1.235956723765963 1.8988650952882615 0
0 0 0.0768294386767705 0.29450723391533074 0.5706315535289415 0
0 0 1.495971168322082 -0.0006662892673756637 1.4211986969156014 0
0 0 0.3456382110270637 0.092217282772043 0.809576622157835 0
0 0 -1.0972199615801403 -0.03869465013431628 1.1904799531081747 0
0 0 -1.0757714699849037 0.49044643234474244 2.008592337912239 0
0 0 -0.8815549861065106 1.578588909667205 1.3139341581662627 0
0 0 1.3614177522119895 1.0288517387321403 0.5071539320093196 0
0 0 -1.1108381677073578 1.4054152194399538 0.7392425009174929 0
0 0 -0.12145801306568771 0.768100259942663 2.0152505598196857 0

