-5.8831353 -3.1292431 -9.044009
-3.0607698 -2.1711135 -3.2274983
-5.0688095 -10.872068 12.385916
-3.7766044 -1.3221358 -10.616125
-2.3151164 -5.7919946 4.911649
-3.0132546 1.9908601 6.935509
-0.6770207 0.92120445 -1.1198775
-5.6684823 -10.328972 -6.929692
-2.9641056 -3.4257023 -3.2464573
-5.3353963 9.12485 -5.502504
0.22823858 0.3827049 5.060178
-0.5167317 0.25502476 3.260416
-1.5708339 1.628842 -1.7669252
-3.56657 5.335235 -3.9592433
-2.3364556 3.811464 -2.2520638
-3.5330358 -7.598325 9.242204
-1.1517807 -0.1561765 4.208022
-1.7259843 2.6517394 -1.5350386
-2.1491115 -5.708748 5.870459
-0.6740057 0.25731874 -1.6564101
-1.7975591 4.1338353 1.8886048
-3.8872106 0.5260911 12.976985
-1.0517806 -0.70861405 -3.2213066
-1.8104919 1.8612006 3.0869234
-2.5144591 3.2380137 -4.1337056
-5.1465044 -1.8264104 -9.953206
-6.0130925 -10.619293 -3.1274486
-1.645834 1.0724199 -4.2831526
-7.098386 7.4673753 -1.1971954
-4.82401 -2.8052666 -10.925253
-3.2548578 5.3093843 -9.568061
-2.0288444 -2.2575233 0.7814364
-3.7723687 4.2364883 -8.616708
-4.5186753 -2.309232 -8.656362
-0.8560192 -0.65944415 2.0059226
-5.195214 -4.8790083 -5.223594
-2.4248772 4.229857 -2.2944314
-4.4029016 -0.27299085 -14.028047
-0.84535724 -2.2606835 4.9444776
-2.1496425 3.0596964 1.795591
-1.2221435 -0.87932825 -2.3463726
-3.311636 -6.7499533 -8.467554
-2.517649 3.4549005 -3.655225
-3.307588 4.9044824 5.652341
-2.150186 -7.959969 8.9485235
-6.6709023 -7.034899 -13.478391
-2.3003192 3.9098775 -2.046982
-5.20383 9.983478 8.876552
-0.7129092 0.29907915 -1.3238529
-5.476745 1.3047028 -3.1493907
-3.0682507 5.7055182 4.006408
-6.444736 -7.196663 -13.104407
-1.2744243 0.6232925 5.511288
-1.2351216 -2.0614796 -2.1210341
-5.261232 -6.192685 1.246095
-1.567464 -2.9698145 13.783026
-4.118228 7.5445 -4.457175
-2.0989456 5.4000764 2.4575517
-1.3916847 0.102009095 12.51346
-1.3973057 -2.2172852 -2.4081476
-6.1882253 10.774992 -9.971908
-7.6656156 12.940966 -1.8425456
-4.1842217 8.177793 9.0158205
-0.7330389 -1.5338686 6.828434
-1.5834415 2.6556675 0.8373722
-2.005003 -0.75833076 -5.2630057
-1.0727092 -0.42273426 17.550224
-5.3897967 5.0204897 7.3977203
-0.7156617 -3.4354017 1.8002058
-2.7887928 -0.14088419 10.105515
-3.3528073 -7.9099197 6.8977475
-3.4205978 -3.0676758 -2.4599376
-5.2500296 10.276098 7.0116954
-5.677291 3.7363114 -15.63803
-4.4750113 8.545183 7.974528
-0.18748318 1.7324238 12.031644
-8.011668 -0.78588766 -17.462055
-7.741062 7.869484 -19.16654
-2.2694838 -2.886969 -6.63358
-7.156118 -6.5776114 -12.510207
-2.2169096 2.0605338 7.804726
-8.786803 3.9270382 -21.532843
-2.2405844 -4.463505 4.5354934
-2.0250127 2.7179663 10.017518
-2.8802872 -1.6123897 -3.740677
-6.0624795 -0.2752721 -14.37706
-3.4200294 -0.7685854 -10.832637
-1.4898291 -3.801912 -2.5972466
-2.0426056 -3.5569265 4.610501
-2.332646 0.5310934 7.4315405
-2.6064458 5.209919 2.5010567
-2.328716 -6.0764823 5.2302155
-1.1408448 2.4102015 0.52198714
-0.88336706 -1.1657497 -1.6742373
-3.3851254 -7.326097 7.6081557
-3.8195035 -2.3075218 -6.6849136
-4.901177 0.5604618 -9.178618
-7.8321424 9.376172 -13.167636
-7.1778555 1.0148255 -15.512239
-0.64993477 1.7168067 -0.42586896
-0.3136417 -0.47810888 2.294691
-4.3646293 -2.184998 -10.855567
-1.1267251 2.7734113 0.31517076
-1.6961912 -7.6995435 4.395506
-4.7034655 2.728619 -13.363992
-5.9062147 9.14099 -9.262418
-1.1938456 -0.82128906 7.3618584
-6.4892173 -3.6249588 -4.001246
-5.5793915 2.6488614 -12.178397
-5.4612846 1.7596201 -10.22294
-3.8216498 -0.9816183 -9.087539
-3.8786948 -2.8610458 -6.1232867
-2.3187997 -1.662221 -1.2705625
-5.7398305 8.363616 -5.567185
-3.523266 5.9613876 11.133474
-1.9294244 -0.52608293 -5.7868834
-0.47460455 1.4251021 13.051321
-2.0926955 2.0811386 -6.495107
-1.1885998 -5.8956943 0.024868667
-4.4518533 -6.785079 8.96257
-2.2304516 -3.2684102 -6.651072
-7.524166 2.1124322 -17.609797
-2.1986773 3.4677532 -0.46517187
-6.6138015 7.6003366 -14.303276
-0.6962759 1.124766 -0.9567418
-0.6105308 -1.5085629 -0.020347795
-2.994722 5.220887 12.97138
-3.1525614 4.56582 -5.8112497
-2.3119502 -7.7695284 6.1039166
-2.943932 -6.476288 8.26256
-0.79481745 -0.91424876 4.190436
-2.0420823 0.35980266 -6.891862
-0.6505901 1.302996 11.680968
-0.7419941 0.74417585 1.2092019
-2.138759 -1.2737225 8.001788
-1.9386008 -0.8328629 16.810358
-1.868224 -5.530744 3.2283268
-1.5857176 -6.061929 8.456262
-2.554612 -6.145575 7.670217
-6.296819 -0.258361 -11.344922
-1.8768035 -0.25187942 -1.4127117
-8.426422 -4.304652 -12.151618
-5.813991 4.186815 -14.07028
-3.5807414 5.166618 -4.5368104
-3.6324751 -6.4840736 9.171312
-4.594452 2.4590306 -13.06312
-5.9016876 12.154454 8.813367
-2.7645068 -1.8142031 -1.4503702
-9.102311 -10.821399 -2.9995723
-1.6474335 -3.4567497 11.240572
-0.12777944 -1.6711845 5.3327646
-3.185833 5.44028 1.593726
-1.5222304 -3.347857 -3.172234
-4.360778 -3.8319871 -13.257575
-1.3789448 -6.445071 13.782887
-6.1347723 -5.278032 -17.664711
-3.4402673 5.789202 11.710131
-4.278171 3.3019385 -8.720045
-0.10473358 -0.5725926 2.544232
-1.5341803 2.4280055 -2.6801658
-4.149113 -3.0331707 -10.566716
-1.1301836 -0.3365788 8.593827
-1.2430974 1.7099217 8.129592
-0.86375153 1.6894971 2.7130692
-2.9821222 6.0173903 7.654759
-2.207069 2.062817 -4.2245684
-0.2576802 0.28719363 1.7094643
-2.2455382 1.5461098 8.246926
-0.80011886 -0.6613777 2.029241
-0.13613728 -0.77674437 1.9126008
-3.5776136 -1.3130538 -5.979894
-5.142731 -1.9238123 -4.788174
-1.0180522 -1.1015855 14.073848
-3.665041 -4.7425933 -4.886468
-3.2371423 5.335917 2.569484
-1.889114 0.8148006 14.226569
-2.2703779 -1.4133148 -6.3591228
-1.2243557 -2.269915 -2.5593345
-2.3712654 -8.995005 8.433763
-4.7901464 -1.842104 -10.266217
-2.2546794 2.2618787 12.454748
-0.112664185 1.6071148 9.928965
-4.2763395 -7.66056 3.272493
-3.0268211 3.768462 -5.6205163
-3.2120616 0.23803003 -4.2165074
-1.1453626 0.35770565 -3.73446
-3.0091305 -7.49726 -1.6875826
-1.2858152 2.984349 0.021799173
-4.8601646 2.8851206 -12.928142
-6.8975983 7.746387 -12.9297495
-0.6159335 -1.4300376 -0.7561512
-3.9876842 7.983399 -6.4676294
-2.7429264 6.087897 5.340962
-1.859301 1.0970331 4.0248594
-4.345109 6.8038373 0.28904507
-2.660239 4.5484324 7.3684273
-5.930196 1.183412 -11.845207
-0.66766506 1.4501495 6.9843836
-4.121855 8.443459 12.152475
-1.3086926 0.7840213 8.606418
-6.8537393 0.9492524 -10.300535
-4.7190437 5.6704593 11.691377
-2.473034 -2.1334894 6.1324515
-5.8778424 -11.142485 5.572331
-0.7213195 0.9500011 -1.188265
-0.44615605 -1.029246 6.0292325
-6.151685 3.1006749 -9.883935
-4.726461 7.899211 -7.890716
-0.61765856 -2.5453053 0.078596584
-3.6400273 0.17072988 -6.4840283
-3.8342938 6.5809164 0.36178473
-3.2424445 6.5612006 3.6407356
-2.0915682 -2.4543269 1.1554593
-1.241581 1.0696412 14.347929
-8.504113 -9.207954 -6.0803347
-3.6319776 6.6216006 3.436681
-0.771571 0.37375286 11.491224
-9.387411 -6.233245 -4.002297
-12.011274 -7.2603636 -11.0321245
-1.849796 -0.55955267 -3.2776542
-1.1462046 -3.6373842 4.511182
-5.874566 -11.388679 3.1395364
-0.44682115 0.7885738 1.2091337
-1.8903588 -4.2841854 -3.5328445
-3.439859 5.7650747 -5.7517366
-4.4687715 -0.24898632 -12.672385
-1.8661822 4.1628613 10.393288
-0.91411096 2.1441824 1.4410661
-2.9993737 -3.568233 11.70098
-2.4900022 -1.4421409 5.206706
-0.7122189 -0.8622397 5.435061
-6.100112 -2.7971702 -8.687597
-2.0978937 -7.8087583 3.9138172
-0.893031 -4.540672 8.171625
-3.8455544 7.17389 15.484024
-2.384188 -0.2574679 -1.7029005
-6.0387473 4.9078608 -11.298143
-8.15945 0.6338708 -14.504377
-0.4215068 0.3137755 2.4179122
-2.9496627 -11.795108 4.048665
-1.3554748 -1.6805074 1.7062254
-0.800603 -5.6021676 3.0826333
-0.61291504 -3.9202445 12.806956
-0.44517437 0.6028195 0.45562404
-1.5530559 -5.854221 12.884291
-2.8393772 -2.7160015 -2.5057619
-4.960076 -3.302422 -2.2811317
-2.2507946 1.0944395 -5.349991
-0.113441296 -1.3446751 4.4723577
-1.18219 -8.705504 13.265715
-3.440829 -4.418243 -9.0829115
-1.1393073 2.440317 1.4482043
-1.771617 -4.5653424 13.563685
-2.4497797 6.5335584 0.38197216
-6.5078344 7.516234 -11.943896
-0.847599 1.6172295 10.386797
-1.7964712 3.762315 5.337268
-6.6022635 11.842039 -3.9720492
-2.3450284 5.893748 9.411923
-1.9657996 5.2644525 10.141775
-1.673974 2.6242776 -1.558412
-2.2261167 4.3526034 7.8397675
-1.0507267 -3.1899781 4.836993
0.18596016 0.43014082 4.559927
-5.3705373 -5.159244 -4.360762
-0.747413 0.6846238 -1.5671492
-4.1340857 -3.2032497 -11.961408
-1.5130144 -2.5758185 7.7308593
-3.7079375 5.524892 4.3927717
-0.6887526 1.3003464 0.60601795
-9.957465 0.5422756 -17.483139
-4.633678 8.307099 -1.6368479
-3.0223958 -8.66442 9.074067
-2.3934872 -3.4264486 -7.212921
-0.47351614 0.8440061 3.2591496
-5.8530936 1.6398466 -12.2362795
-0.47583407 1.348875 3.265897
-1.9842209 4.010281 12.887446
-1.5010473 2.2233157 4.0010986
-2.1732576 -5.5769134 0.511551
-0.97300017 -1.1959276 0.57320505
-4.304733 8.530481 3.247919
-5.576555 -3.9528792 -10.506917
-6.34653 -8.089072 -9.961509
-0.7650776 -5.0043936 4.757392
-0.6112648 1.1570913 2.0300424
-5.1981707 -1.2273258 -11.677671
-2.817509 6.1042776 10.505987
-4.291738 -2.509594 -8.363485
-2.9110198 -6.0837927 7.767373
-4.6166434 -0.5621293 -4.4340324
-0.80589426 1.0340451 -1.195841
-5.3989077 5.617185 -12.770188
-0.7191075 -0.83981556 10.429556
-5.232673 10.270149 1.7277488
-2.5323021 -10.271922 10.76706
-1.9197854 2.2564988 -1.3194425
-1.5273331 1.0068793 -3.4764683
-1.704291 -3.1210253 2.2290692
-4.8531756 -10.541232 1.5981513
-2.5077732 -7.792884 13.920767
-8.117238 -1.6022538 -9.00715
-3.2539656 6.247506 -1.5988733
-0.14931181 -0.11202792 5.9219933
-0.9622253 -2.0562112 2.970534
-1.9556715 -0.37396425 -1.2665774
-2.7991202 -2.8076534 -3.0896049
-1.9560165 -2.712489 4.4583783
-2.451839 1.780135 -5.566868
-1.2365077 -2.519669 2.2796032
-2.7554343 6.2386694 10.032174
-2.0388916 -9.091153 7.642423
-2.1924303 -0.36944738 -1.4290658
-4.517644 -4.435663 -9.005425
-2.609244 -12.801481 15.373007
-3.0960364 -4.5632095 -1.9121996
-6.220926 11.08618 0.264003
-1.497336 -5.0502634 5.277012
-2.4879832 5.577788 9.214973
-3.150182 4.1921296 -2.466416
-3.16674 -2.492326 -8.662867
-1.6196235 3.899238 8.461423
-3.1765115 6.195643 -0.078214236
-8.242655 -3.0754051 -4.8236794
-4.9445415 1.3625815 5.466506
-3.055921 -5.701261 1.3436445
-0.39299583 -0.38336346 5.0256686
-0.49494871 -1.074506 3.2096422
-3.2985816 -0.7506712 -4.5000143
-0.79960436 -3.5614226 3.6470644
-1.8942277 -10.742721 5.692019
-8.672944 -6.812393 -6.928891
-3.641009 -4.4809294 1.1704522
-0.45487744 -0.7412453 1.9216377
-5.1998878 7.2645407 -5.967029
-8.447596 -11.151154 2.0026882
-7.376286 -7.5187325 -8.285522
-2.199282 -0.25459945 -1.5999538
-5.884801 7.58934 -6.862744
-1.0814588 1.021137 0.5234776
-0.1292953 0.27107188 1.6075586
-1.4066685 -4.2025676 5.988849
-4.7608414 -0.7854396 -5.2618012
-3.040561 -1.1363298 -1.5826
-8.916226 0.55806357 -12.871726
-9.050122 -1.7017313 -14.941161
-2.0730112 -1.0159695 1.0849407
-1.4789287 -0.8985527 13.730922
-8.8157015 -4.6097903 -19.528162
-6.2461753 -6.8788075 -12.932968
-8.074026 -5.798335 -14.499464
-8.133552 11.644698 -14.068685
-3.6160843 -0.17423269 13.115725
-0.22272027 -0.69617045 1.7534065
-4.588865 8.362226 9.990092
0.16051234 -2.3226762 4.9979396
-3.947225 -5.3560147 3.0218823
-2.7140648 -6.698864 8.756087
-4.24674 6.3997355 4.5805774
-0.90773195 1.3949244 -2.3750966
-4.7617097 -5.7462893 0.41423497
-9.177042 13.452774 -7.6389213
-7.0986733 -2.6149313 -11.910781
-0.85536146 -3.1441116 17.123571
-3.595738 7.171548 7.1420546
-6.4074244 -0.28601605 -13.204828
-3.6352437 0.9265109 -5.696359
-2.2234445 -5.648923 12.031508
-8.006814 -1.9371488 -16.160805
-5.015918 8.329729 -1.6118993
-3.97464 3.6785169 -7.7138286
-0.26010638 -0.32527205 2.6940532
-2.1669362 -1.2955695 -1.6862705
-0.7875282 -1.9348158 -0.14860953
-5.7897654 11.215354 -7.861912
-5.3198028 -3.7864091 -3.3554425
-5.3785768 -3.0169754 -10.527507
-2.0043194 1.2447995 3.2703326
-1.5732836 -2.9330814 10.577514
-3.4266448 4.5885396 -6.2996116
-0.15857318 -0.7626995 6.142769
-4.7193265 9.858039 -0.28956965
-1.1809365 -0.4045722 -1.1147314
-4.999925 -4.7489657 -4.2327623
-0.12988915 0.17002733 14.8787775
-3.6288922 -4.194719 -4.7265825
-3.7545185 -5.188725 -8.148447
-8.170637 1.57244 -17.790766
-2.9225972 6.2326975 13.030539
-3.2362385 3.1713223 10.625021
-2.693264 2.7142837 6.947971
-0.74207085 -2.6232207 1.3915914
-7.2666135 -7.939523 -1.9753658
-1.7092075 1.8760575 -1.6613406
-5.0233026 -8.417245 2.9686666
-1.7915599 -1.9269135 0.64590156
-1.0722625 -1.0408176 11.166418
-7.966747 7.4565854 -17.056734
-1.4897072 1.9762666 -1.7980282
-0.9501406 1.8258507 -1.6033671
-3.3182163 6.347982 7.9319158
-0.4831399 2.276347 7.90324
-2.9642632 -6.7076 4.0619235
-1.0771221 0.4005815 4.6593323
-6.03558 6.652443 -13.919088
-0.630334 1.1659831 1.0302263
-2.8473477 4.062236 -4.273248
-0.9263898 1.8827785 0.8966034
-3.4681592 4.848942 -7.465554
-4.3028784 -3.4969764 -6.0205064
-0.47550684 -0.63904047 -0.18497135
-3.9693482 -2.016926 -3.3905075
-9.906853 -5.319894 -7.723851
-4.7598195 6.1115923 -12.255223
-1.7377671 -8.22959 3.8018358
-4.817109 5.3502135 -9.124536
-3.2088275 1.3396527 -8.987822
-5.195379 10.122124 -3.708338
-3.7080266 1.4383576 -3.2692852
-0.4718585 -1.4617857 5.528994
-1.4144205 -6.046166 4.327198
-2.8820012 4.190995 0.08328364
-3.6148453 0.15466492 9.285668
-0.9829211 -1.4782912 -2.1140242
-5.0533834 -0.43899843 -10.731204
-7.2181892 -3.7570612 -13.30717
-6.530266 -5.106772 -4.8668427
-1.4488939 -3.6063435 2.7763104
-7.5050735 12.871473 -6.508595
-1.6464523 2.7182639 4.8263483
-2.0128124 4.181035 8.267763
-5.0925713 8.910664 -0.9823494
-1.2479686 -1.514082 0.6797315
-0.556582 -2.4702775 6.3058705
-2.0995011 -0.86396277 -3.5302022
-1.5784925 -1.3614981 -4.599021
-5.2442636 -3.9095635 -10.656561
-3.2417963 5.462647 2.8510003
-0.98823744 1.6064469 2.9429162
-4.539965 -8.253192 4.9343686
-5.789607 -7.049764 -1.6709821
-3.993479 -0.6582757 -2.6566386
-5.39462 -0.6058048 -11.970323
-5.3239884 9.063668 -4.474042
-0.7399969 1.029258 2.1662054
-6.7973795 -3.6630504 -9.146568
-8.891413 -7.391978 -10.40059
-3.4753206 4.000294 -9.667122
-2.7245624 -2.0897832 -1.9722298
-3.7718017 -6.790737 -2.875086
-1.235336 -1.2702568 5.760032
-1.0009102 1.9638538 -1.5001303
-3.9240286 2.5578105 -8.757361
-9.647333 -1.4353203 -9.8483515
-1.8371685 3.798449 2.1314907
-1.2305801 2.927335 -0.7054554
-2.4385245 -7.3537827 -2.811228
-8.116458 12.91242 -2.196492
-1.0632213 1.120845 -2.0293171
-6.7561255 -4.097384 -10.962484
-9.957482 -4.9701424 -8.960468
-1.1367129 -1.5030413 -3.1704652
-6.2996364 -7.9544435 -0.24174754
-2.1534097 5.389585 -0.8899304
-5.6116037 10.672651 9.482257
-4.4509053 -3.72071 11.0484915
-0.8059463 1.4840883 -0.76868445
-6.1754103 -1.9324701 -6.129814
-1.1049871 1.7228956 3.3392243
-4.4365363 7.003937 7.933233
-5.103786 3.0976028 -11.9842825
-0.7779845 -3.3716977 1.6806272
-3.0094285 -1.2899853 -3.0818632
-2.1415575 -0.7635623 -1.057901
-2.9787693 4.7225204 6.4331336
-0.6117726 -1.7376529 -0.3918405
-6.353596 -13.446861 3.3613315
-2.749514 4.2083664 11.012009
-3.155233 -2.092321 -7.5903125
-3.3507802 0.13840269 -5.2548156
-2.7679195 -5.831048 5.346528
-3.9159014 6.063397 -1.9725705
-2.338846 -4.8724976 4.088
-1.6632462 4.1895638 0.3448569
-4.388047 8.899983 14.336953
-4.3197055 0.68472034 -9.078746
-0.946576 -3.0461767 5.9476914
-1.2072737 1.8648499 1.3549728
-7.6050525 -2.9425514 -8.722512
-1.1826496 2.9183826 11.582282
-3.350574 -0.15149143 -8.960997
-0.76522 -1.7238814 -1.2891554
-2.3338087 -1.8788044 -5.886757
-3.082071 3.4437637 12.225017
-3.547226 -0.5074217 -8.978457
-2.3148396 2.615415 -4.1740713
-0.9316954 0.4477415 6.9108863
-1.8215711 2.817002 9.949425
-2.9463706 5.376578 -0.33621678
-7.3469543 -6.3442445 -5.4604583
-1.7391006 -6.264521 9.613717
-1.5159509 3.0374036 -2.1261017
-5.260691 2.8486862 -9.672929
-7.9262085 14.19441 1.9427491
-2.5679555 -4.05461 -1.7345847
-1.180995 1.8005399 4.1297884
-0.9590741 0.20444219 -2.784796
-3.6665676 6.392617 -1.074675
-3.010121 -4.972512 0.7232647
-3.8311458 -0.7375821 -2.7451663
-1.1574796 -3.4176173 3.0006194
-4.1955104 -9.205446 5.367102
-1.1179135 -1.2325348 4.9043136
-2.1153257 5.083207 1.2402006
-2.010477 2.3964715 4.47499
-1.8368107 -4.359906 7.8218203
-1.3552302 -0.93775374 5.025284
-1.7853106 -0.8957605 8.12552
-0.4507978 0.778625 0.73042625
-3.251543 -3.480408 -2.690482
-4.3350563 -0.89937085 -3.017488
-0.63209474 1.4114027 -0.17421553
-5.8969874 10.792147 2.0464823
-0.9024634 -1.1102057 -1.6267022
-1.2806383 -1.6378242 -2.4168305
-7.208791 -13.638875 -3.007629
-4.109185 -6.3300853 5.245856
-0.82637537 0.7009145 -1.9702693
-3.2396312 -3.6902575 -3.309715
-0.53508353 0.8267425 5.132325
-4.3594723 -5.013282 -13.612306
-5.6651473 -9.167053 -10.044909
-5.73756 7.589073 -13.061618
-0.32670668 0.1047513 0.67064613
0.03842364 0.65484333 4.6041102
-0.54769856 2.030395 13.762537
-3.5285852 -10.604555 10.396406
-8.635374 0.11805023 -13.789467
-0.6831069 1.188454 3.3603234
-0.4510098 1.0802853 -0.01604886
-0.82059675 1.8855447 6.006292
-2.8835979 4.631003 -2.447542
-1.4173124 1.9577123 5.0601106
-1.8965664 5.4668703 7.3664584
-3.4799042 -2.5576046 -6.107366
-5.7518854 11.588805 -4.965718
-3.061069 0.662664 -6.982698
-5.2961435 9.091489 -6.716508
-2.717167 0.90361446 14.16118
-4.14564 4.9652286 -7.114676
-2.2593033 -3.7159045 5.4807396
-0.35784748 1.0848917 2.5536063
-1.5865184 -1.2617939 9.665755
-5.5653014 -5.4743247 1.0864549
-1.7805184 -2.4683442 11.266647
-0.6239311 -0.97101593 3.2230067
-3.0677562 -8.418902 9.250475
-7.4263215 -2.0780973 -15.347814
-1.2373513 -6.6890345 4.587779
-6.0046334 3.5562942 -9.071985
-1.4622501 -3.4955394 2.4393651
-0.6334747 1.2179372 -0.7355689
-9.84387 -0.273589 -15.4009075
-1.1802464 2.2975857 1.0849141
-0.4670923 -1.8797868 1.3434741
-0.83570004 0.9239706 -2.3424222
-2.4440806 2.7620304 6.622803
-2.0174441 3.276383 -2.0495543
-1.8682157 -0.20311682 -1.3394992
-3.2570865 7.1323266 2.5937285
-3.3536854 1.123089 -4.075858
-0.07224226 -1.4637228 2.6770756
-0.61146975 1.2317374 4.124946
-4.7360406 9.404098 8.178372
-2.190847 -0.21922849 -1.6070099
-1.2701337 1.1701685 0.27331504
-0.18384634 -0.66852915 2.0938976
-7.588287 9.727064 -10.218871
-1.63016 1.2776419 -3.5114045
-1.9145707 1.5962533 8.311744
-6.932814 10.641192 0.6818593
-2.5085385 -2.2513704 7.955635
-3.079432 7.6278524 -1.5434748
-7.988305 -6.6792808 -7.686509
-3.8271353 6.699395 2.8879368
-7.9922214 6.328651 -13.235281
-9.266809 -4.23674 -17.823067
-1.2179149 2.6090636 2.3183477
0.28800765 -0.9170974 3.7438533
-1.305251 1.9298077 -0.8216625
-2.2477982 2.9858494 -4.199586
-2.992058 3.6650393 -2.074053
-2.1154127 3.1546986 8.369524
-1.4869975 -4.524709 -0.972589
-0.17472444 -0.7573318 2.6119323
-0.6614247 0.86153936 -1.4997054
-2.6819255 -3.5963004 6.9533153
-3.263061 -8.633596 9.135476
-3.9760966 0.9739221 13.410025
-0.7553135 2.1404893 12.2050705
-0.39299992 -6.2204933 4.9907064
-2.7297387 -1.4326059 -3.9992573
-1.3583294 -5.3971534 0.7291218
-7.7223067 11.461192 -9.284263
-0.9370499 -2.6896532 -0.6296563
-0.8494191 0.14628097 2.239717
-3.1012223 4.9910917 0.27803975
-3.35325 -7.5552187 1.4338847
-1.9090067 3.5038574 7.7894716
-3.085759 -3.0566173 -3.2124808
-3.7300632 -1.7121332 -6.413778
-4.4174905 -10.154884 -9.873874
-3.3647997 -9.115631 11.09484
-1.9631674 3.1578462 0.55050224
-1.8173888 2.462936 4.14145
-3.5646248 -7.639211 12.338664
-1.2609202 0.8508784 9.456008
-1.2105229 -1.1668426 -2.9294279
-0.6138504 1.1463159 2.3557932
-2.2599359 -0.96792734 -8.218879
-2.7906935 -1.4879347 -3.8819232
-1.4812078 -2.0602448 13.647973
-2.947615 4.471727 -5.2867208
-3.2145429 0.779988 7.6999817
-4.1535573 -3.7135384 -6.959117
-7.069291 1.4596846 -9.509143
-6.2363954 -13.620856 3.5576665
-2.6077254 -3.7897034 0.9720812
-1.8152009 3.2275386 -2.746454
-8.203999 5.0581985 -16.67401
-0.7547888 -2.8063076 -0.22763921
-4.67448 8.891079 15.931346
-0.6447606 0.6105857 -0.9135229
-2.4941134 0.72812736 16.6182
-3.4155986 -1.5092913 -5.0595474
-3.2187855 8.0257435 1.4167335
-1.7994257 -5.7813883 1.2760798
-2.4750159 3.8804667 8.52011
-1.3586066 -3.2156384 11.400984
-0.96969396 -2.8742433 2.727448
-3.8211436 -2.774512 -7.207372
-3.3092725 -7.00995 8.046212
-0.41986826 0.9469253 14.793321
-0.31935892 -0.30219626 2.4564464
-2.9884834 -6.4704156 3.1352062
-5.5765862 5.6011043 -13.118876
-6.947173 -5.446666 -11.259757
-3.9606912 0.73450464 -10.26499
-1.3244336 -3.1825192 8.272429
-3.0606477 1.1421493 15.428817
-5.865268 8.112494 7.1817026
-3.2266467 1.417015 -9.017909
-2.3333745 -2.9365432 -0.28973883
-2.0642169 2.0320246 -4.8386874
-1.91848 -4.224473 1.3327945
-2.045227 -0.18856707 -1.467006
-5.8432126 -7.598784 -0.32389453
-1.6307132 1.2467157 -3.1753068
-5.9707446 -6.270574 -8.500509
-0.31115785 0.5383696 -0.21782051
-1.4447794 -1.655934 -2.4409657
-4.472988 -13.819392 9.475052
-9.551771 4.261828 -17.944475
-7.883771 7.805786 -14.167155
-1.2611268 3.7020855 8.158438
-0.40340233 -2.7816873 7.3185477
-0.24277738 0.24087107 1.6039399
-5.343633 2.64732 -16.288916
-3.038845 4.3563886 8.889712
-1.7855589 2.725845 -4.1837125
-0.88027465 -2.3461812 3.9132004
-4.465417 7.8902826 -0.15799376
-3.1116865 -9.47493 6.498794
-3.474542 5.4500732 -4.8756485
-1.2752312 0.4025552 8.717459
-2.5181127 -4.3837504 -0.76581365
-4.900773 -5.517897 -1.5672705
-4.063554 4.8448725 -6.6334467
-5.119107 -4.781247 -9.884443
-5.66338 11.042317 4.6324515
-0.9697061 1.2542245 1.4938227
-0.979272 0.8959244 -3.2201633
-1.0191948 2.1264615 1.4322033
-0.62035894 -0.7686496 -1.7921284
-5.11426 -0.59481394 -10.245649
-5.3816705 -0.11180382 -15.233663
-3.5943775 -2.3951492 -10.811728
-2.8456528 -6.8699718 3.4852655
0.023899848 -0.0689551 2.8489861
0.09897023 -0.8039913 10.269257
-2.2882164 -0.25866354 -1.6105492
-1.7721918 0.9080214 -5.1387973
-5.0694046 -12.76268 7.7251925
-2.9290683 -4.2547574 10.130343
-0.40092844 -0.62332726 14.153218
-2.705222 5.5535045 16.169104
-1.9463171 2.9872386 -3.2579296
-2.8637497 3.816017 -4.3192863
-3.6383395 -6.1153064 -10.585045
-7.08294 -7.5674386 -1.3738054
-5.670487 -3.8423736 -11.654503
-9.859385 -3.9509327 -12.788374
-1.7862762 -1.7062193 0.40397257
-2.9267433 4.9263697 10.804864
-1.0666296 -0.51517695 7.781945
-2.0352092 2.4003623 13.804601
-3.9939096 -1.4791292 -2.0880063
-1.7989922 2.812765 3.9172597
-0.6889979 1.4850149 3.967673
-5.883651 -2.5175824 -5.9341483
-5.4622083 -10.722438 0.70986587
-7.59381 -0.6626238 -11.5276
-1.8868376 4.0696344 4.21662
-0.39001265 -0.9844988 1.2995771
-1.4617059 -6.1865134 0.54922444
-2.983218 -3.4889953 -1.6362234
-5.448201 -2.0049243 -12.823031
-9.554291 -7.6598845 -12.065916
-1.8375089 -0.88236374 8.724026
-1.6575719 -6.35187 4.4772325
-3.4452477 5.420296 -6.464289
-4.665806 6.766769 4.944469
-2.5730884 -2.6314886 11.94193
-1.4538288 -0.05967646 -4.5496097
-4.292036 4.8083467 -6.919635
-3.8994477 -6.3848295 -1.3073193
-2.2880375 -1.0426822 -1.0117487
-3.4438236 5.878712 1.1900628
-1.6838728 2.6754208 -0.9390958
-8.571702 5.144673 -20.328802
-1.2268085 -2.7481914 9.070959
0.020737784 -0.122407176 3.541693
-3.4465337 4.1716256 -7.0687537
-1.206259 2.1519299 2.210814
-6.8251195 4.89144 -8.470479
-4.2205205 -6.0487146 -5.977489
-7.73648 -0.73814267 -17.332047
-4.1014752 -3.0533159 -2.9363227
-0.87934047 -1.3731595 -2.334233
-5.1890864 -1.7831589 -9.82493
-0.9483007 -2.0011232 4.230282
-1.0025027 -0.74558944 -2.9898765
-0.45510656 0.6981295 3.4703877
-2.7436886 4.9661837 3.1782677
-0.7708754 -0.035708096 2.1370099
-9.439848 10.571548 -8.832296
-0.8529715 -4.6004305 10.7849655
-1.2959486 -0.45630535 2.4459379
-6.7805886 9.121775 -14.17869
-8.488019 -9.00741 -6.850728
-5.2099614 10.230048 5.019631
-0.12894678 0.26440415 1.0469148
-1.1858608 2.1963322 -3.182987
-0.9707902 1.5759026 -2.1778638
-1.7010354 3.5794415 13.605008
-5.6524158 -6.147652 4.0932317
-3.5966134 -6.683891 3.5147252
-0.7627428 -2.2555485 7.507889
-4.956735 -0.23486198 -7.9757338
-3.0875537 5.2873993 18.934017
-1.6528606 -2.0889733 6.164833
-1.1123444 -0.9177602 -3.3032267
-5.037425 8.280936 -3.2665613
-2.5045319 2.4548054 14.912338
-3.1648026 5.793312 6.618282
-0.2980383 -1.6188666 3.373848
-0.48290685 -2.7138824 2.5940156
-7.065667 -0.5869264 -8.236897
-3.3283286 0.5621105 -10.485369
-6.864774 -4.2901225 -10.099103
-4.9717417 -4.956704 -5.4983664
-3.9141507 2.2909796 -7.6346426
-2.3454812 -2.2797098 0.37271866
-9.461602 -1.0390748 -12.9708605
-1.9934436 1.2320408 -4.433926
-6.1822486 -8.744413 0.1619446
-0.6442607 1.3230914 3.199749
-0.08060825 -3.3324091 4.2391615
-6.879062 2.3565674 -15.207359
-3.5310555 4.522424 9.496805
-3.5024412 -0.83128357 -4.3513937
-8.904929 -7.6503396 -2.7528002
-1.9231669 2.5330827 0.54477966
-1.9212265 -6.981625 -2.504698
-3.194533 -10.358948 1.5161031
-5.584417 5.889621 -12.387861
-0.24101116 -2.9741395 5.2934623
-3.0819173 -7.048613 8.580286
-1.7238508 -1.064105 7.9898934
-1.5567487 1.0340326 17.170887
-3.904873 -7.60757 5.6838202
-3.0880053 4.5771203 8.274997
-4.1185155 7.4388075 -1.3550235
-5.5752797 4.235887 -9.344376
-4.913606 9.516846 1.0123054
-4.1724615 8.400687 3.2373157
-1.013462 2.360623 6.920093
-1.2431815 -1.6029599 1.9554533
-3.5976093 3.7421913 -6.9971766
-0.05503399 -0.16085647 2.437485
-1.7365242 1.1129209 -4.1266866
-1.4097208 -0.15064962 -3.8024635
-2.72804 4.49443 -3.4969175
-1.1109191 2.2599697 -1.8721918
-3.5969796 7.936065 5.5408907
-0.95001185 -0.8836697 1.8522425
-1.560203 0.17007287 8.374072
-5.654651 2.627388 -9.210798
-1.242163 -2.3841667 -2.7273395
-3.6914165 -1.666217 -6.965538
-1.8826048 -4.8034945 -2.9177878
-0.6276879 -0.6811954 2.4595287
-1.0497692 0.12283557 5.321489
-1.0256406 1.1554133 5.834409
-5.716565 10.972066 3.5413525
-2.7563388 6.6425967 5.3850145
-3.2050946 -2.8422973 12.277976
-1.1151359 2.5228257 2.9050107
-1.8382225 -2.0886974 -5.5550885
-2.1493535 5.9250727 16.659084
-6.109006 -0.9191252 -9.059856
-2.4868321 -8.78433 3.3050916
-5.736962 9.12494 -1.9649388
-4.069532 3.130161 -9.606623
-0.89250726 -2.2851098 -0.75148004
-0.6844934 1.8285649 -0.33067068
-1.7700236 2.349593 -4.4536734
-2.3670552 -4.258466 10.856765
-1.0864023 1.7793595 0.695776
-1.241927 -5.1348276 4.7603636
-3.0241826 3.6614678 -6.207801
-1.0337352 -2.1607497 -2.0422666
-1.7841215 2.838207 13.1030445
-8.557932 8.08845 -14.918472
-0.9992332 1.857648 -1.3755286
-5.051941 2.1800933 -7.541137
-4.3558583 -5.5975523 0.5451828
-1.0889065 -0.009658158 5.743838
-0.5678566 0.80619586 1.4463168
-0.7551759 1.0146183 -1.6055425
-0.30731001 -1.9813817 3.4376638
-4.993323 -3.998055 -12.823805
-4.0596795 -2.281926 8.240945
-8.843657 0.06611109 -20.883348
-3.7183871 7.5998816 -8.25894
-6.4444137 5.1387415 -7.8056912
-3.6961405 5.9985266 8.148265
-9.132842 14.920235 -3.4483705
-1.0089611 1.7425575 -1.8505055
-2.374314 -5.016541 5.3756
-2.1485305 -4.4930034 1.4983903
-11.860945 3.9366264 -21.231735
-1.5020463 -6.1079755 3.412227
-3.3324745 7.3831315 10.46675
-0.047422808 -0.19228585 1.9106989
-1.8201846 -4.581391 14.622205
-0.9069093 -0.43225077 8.021291
-2.0122023 -5.3744864 6.491634
-0.091138 -1.1273408 6.583939
-3.3649712 2.4726517 13.691119
-0.8368903 1.8418301 -1.164708
-8.321649 -1.8647823 -12.760171
-2.061021 -0.9981771 -5.2119412
-0.31478474 -0.7636757 3.609549
-2.917603 5.5961533 0.8499734
-6.3143573 1.490854 -19.86336
-1.8015862 0.58227867 -5.307514
-2.7369854 3.3407257 7.6131907
-1.4513493 0.4011193 6.7344174
-3.1926425 5.1326146 -4.8059945
-2.8824832 -8.520102 10.065919
-1.3503244 -2.2958627 -2.4791043
-7.4480658 -3.3843396 -9.540893
-1.9491655 3.569687 11.437391
-0.8201672 -0.5071017 -2.376801
-5.740726 -8.7929535 3.1822891
-1.922672 2.4581761 -3.1071494
-6.701262 -7.7308474 -0.6460314
-1.0541534 -1.3246515 0.6332177
-7.2430043 -11.561841 1.0722644
-5.9184227 -12.108588 3.8556247
-1.3004581 1.0140873 9.040642
-1.6823932 2.2040918 8.747543
-1.1139852 -0.38345957 10.004212
-4.24056 1.4731238 -10.297475
-4.537089 7.1235995 -7.219972
-4.728387 -0.6752822 -12.426437
-0.75368434 -0.43269947 2.284533
-2.30955 -0.07444974 2.991241
-5.7757716 2.5875046 -12.617967
-2.2237487 1.6188742 -5.3107047
-1.2486207 2.826327 2.1190865
-2.6140177 4.878169 15.282079
0.34659126 -0.055891115 5.5465817
-2.9857929 2.770813 -5.1692553
-0.91579145 -0.3568154 -2.6095388
-8.129686 14.014969 0.7820474
-1.2935165 1.7745908 3.2527957
-1.8125952 0.81919557 5.9716716
-0.74156386 -1.1309143 -1.783934
-6.9925194 -5.20943 -8.497217
-2.7532468 3.4653656 -3.7611854
-3.1966615 3.3345387 -6.6182775
-3.7675297 -5.530912 -4.026434
-7.4192915 -7.3348575 -18.37258
-6.811435 -9.100718 5.058491
-5.506405 10.732846 -2.5755293
-1.5434488 1.7820051 13.3014345
-1.7012558 -2.0663075 4.664939
-5.1014643 6.1568937 -9.172315
-2.4023213 -6.68869 8.713144
0.28798175 0.50041366 18.826157
-3.6443305 8.393331 6.8281965
-1.0350863 1.0209898 -0.11463083
-3.4010289 6.272883 5.966838
-4.0625515 -11.960769 4.9875245
-1.4885845 -2.6031082 3.2901218
-1.386788 1.3347652 1.2963808
-8.772969 -4.187881 -6.913659
-6.8137603 3.5071595 -16.109097
-6.305591 -6.681227 -7.4186735
-11.525709 -5.0193686 -6.6676416
-5.801192 2.4994717 -8.981834
-3.3546693 -3.9328346 1.6267785
-1.6761633 -1.5679189 0.3433183
-1.0792456 2.4170165 3.4104314
-1.265901 -4.194768 0.11071719
-3.5559828 6.817191 0.2473711
-4.5997305 -3.4432309 8.317122
-6.8657355 13.171539 4.7681875
-10.404769 1.192189 -12.849091
-1.5255243 -2.8266733 8.889182
-6.9675865 9.281221 -11.806452
-1.8568977 3.2404556 3.0136402
-3.014919 5.552181 -1.8411779
-1.9267172 -0.19285439 -5.492616
-0.88086045 -1.0054519 -1.9385442
-3.6338027 -1.635321 -1.3761755
-1.5399206 -5.2354875 0.084899224
-5.8130765 -3.6987605 -7.5333214
-0.18971732 -0.47742438 1.9714035
-2.0058353 3.7847564 6.997822
-3.3197653 6.17216 -4.0372066
-0.5053846 0.9260727 1.2027235
-3.512057 5.947479 -4.2643003
-4.062852 7.585839 -0.473996
-1.3233806 -1.2696553 -3.3696485
-1.216899 -4.641455 1.3159267
-3.1596458 5.8941846 9.6011305
-0.3450156 -0.75786716 1.3341151
-1.4722637 -5.0486565 8.316234
-7.7413487 -2.743295 -4.183569
-3.1720731 -6.7497516 9.864913
-2.894024 4.804206 1.2894987
-1.4796432 1.6168911 7.6883926
-5.2636 1.1954259 -13.576734
-1.5019537 3.5802062 1.1326811
-2.197578 0.72526205 -5.004913
-4.2945175 -2.799553 -7.487345
-0.6543277 0.516297 2.4077811
-6.8642745 2.8366847 -9.899935
-4.121762 -10.862566 8.561193
-3.5286212 -2.4125962 9.72077
-1.1522524 2.1769059 2.77219
-8.007094 -8.403349 1.5541666
-1.9159698 4.3639865 -1.9633862
-2.0491476 -2.1553533 -5.9156427
-2.3768084 -2.0855198 -0.83705944
-2.7305222 3.6191325 -3.534075
-4.641083 0.8041697 -10.501242
-4.1837873 6.8578744 -2.3219738
-1.0870181 2.2407353 4.147342
-1.9300998 3.021588 -0.92013395
-0.7065849 -0.12885289 3.6573293
0.09844717 0.21633126 2.162236
-3.483773 -2.8491626 -5.6725683
-0.16309193 -0.6625412 9.519964
-0.25944072 -1.6311952 3.835128
-0.3708906 -0.97374004 2.4801643
-8.546212 1.3851005 -19.210337
-4.9881263 6.676727 -11.084383
-2.3495538 -3.6181414 5.353662
-2.647137 1.7743946 14.430524
-2.1649292 2.216515 2.9532068
-5.466072 -0.95190555 -15.059937
-4.4397197 -7.656106 -6.128382
-0.63071054 -2.3718743 0.6358895
-3.9541137 -2.6295433 -7.308719
-0.9696865 1.8445345 2.6350534
-1.1556095 0.91799265 1.1586386
-0.5015619 -2.0853236 8.213771
-0.8647183 0.71863145 7.7847357
-0.9118735 -2.3883214 4.513389
-1.39496 1.6322793 4.6891203
-1.7343439 2.3306606 2.1879733
-2.607241 3.779578 -5.5349364
-6.6155515 -6.5235357 -0.46077657
-2.4234674 5.629945 9.353857
-2.939835 -2.0277958 -4.5438538
-5.455951 10.965392 4.9935045

