0 0 1.9171037119181005 2.11515479077847 0.611301460900362 0
0 0 1.4695054535299468 1.749439092231252 0.468986602091622 0
0 0 -1.775791177573694 0.6874311139339166 2.023960291848023 0
0 0 -1.1099804970619669 2.0648298660180484 1.1575885184841943 0
0 0 -2.78264735775892 0.0844618345770749 0.4616365445354551 0
0 0 -0.31874860860353804 1.3341959402494112 0.4088188869827233 0
0 0 -1.3943485671439384 -0.28139079795239996 0.4162610219518462 0
0 0 3.0723538704588442 -0.5947569498450731 1.9377386155441172 0
0 0 0.5622708653886792 1.4204685229312433 1.955194748449319 0
0 0 -0.3264105748249957 0.2669669001594259 0.4586976587881716 0
0 0 -0.7026811334714043 2.0737305040717287 0.9781332628042234 0
0 0 -2.3974750421490922 1.228112601428548 0.47235532426594795 0
0 0 -0.5903157918986381 1.5764558401164586 0.41917701929438356 0
0 0 0.4887243231131646 2.0053400280142215 1.9728573399857194 0
0 0 -2.5085154892390373 0.7162503065673551 2.0015524805175704 0
0 0 1.1406539545009284 2.1446438114654653 1.1277107707306293 0
0 0 -0.6102605282283693 1.7607095989387693 1.9734408985298266 0
0 0 -2.3610722518082534 -0.5807321304864592 0.7503247442696592 0
0 0 1.6842857501326645 1.6250141303634804 0.42097154945596094 0
0 0 1.4636902627113733 -0.39987872457239804 1.9786124167111838 0
0 0 -1.0898114362326714 0.9165975317895458 2.0171682703466143 0
0 0 -2.8790339396521265 1.209353236422697 2.0494816870195 0
0 0 2.2711643189368074 2.067622876558226 1.8323155101393616 0
0 0 -2.747922974341973 0.19805088041058438 0.4066941224924936 0
0 0 -1.0649381873947155 -0.5556604814697133 1.3979213595147946 0
0 0 2.1160743617060014 2.090209878978868 1.8866734879566716 0
0 0 -2.055327035018007 0.5872987330149202 0.4119737477804404 0
0 0 1.9347978246727626 0.3823808849250484 1.9958536236551123 0
0 0 -0.39009169518669884 2.087500114312779 1.2642315102380342 0
0 0 1.173639256438439 2.059201067028238 1.778689778068152 0
0 0 0.9561188549167587 -0.34694025373645565 0.49414559257189605 0
0 0 0.43637419294493407 -0.5538266367971612 1.1308581294906268 0
0 0 1.5751941486127077 -0.6145524550643202 1.0782821242785545 0
0 0 -1.8016899578102878 -0.6229851668839395 1.3361404748315708 0
0 0 1.1594877079539359 2.132564031267017 0.9132890223709959 0
0 0 1.337687023078458 2.0706354035852925 0.7230981484602163 0
0 0 -2.462334734776345 0.3878080653975925 2.0463968112262663 0
0 0 -1.3843091894469852 0.5270315645845782 0.4545910086501104 0
0 0 -2.942521439818078 -0.5636051229321697 1.0537085064188614 0
0 0 -0.4985471372537029 2.129479884217845 2.01264574191477 0
0 0 -1.576430117356001 0.9459882105844564 2.0173990343490464 0
0 0 -1.4684912125895686 2.056850396518158 0.6902462294751176 0
0 0 2.0929329187535544 1.6795673454236744 2.0264620111398033 0
0 0 -1.7222149437700827 -0.5731207977401369 1.676782397552995 0
0 0 0.9222267831689548 1.7305352593657595 2.0496299457322014 0
0 0 -1.908928612586949 2.017413299023171 2.006793069919585 0
0 0 2.052011923962252 2.1401821754162897 0.912394430553748 0
0 0 1.428285110458166 2.067863344094543 0.62045872505126 0
0 0 2.393312369906707 0.9286528998474417 1.971592215836505 0
0 0 1.2908720287609379 0.3212448839931994 0.42639096273647215 0
0 0 -2.2787179655038132 1.5479241844004095 0.4389371225961791 0
0 0 1.879127485126629 0.7825224597425506 0.46705365226281226 0
0 0 0.8607827430258537 -0.5773984666459591 0.593212559461282 0
0 0 1.7167140219741794 0.6280267657287639 0.4809809608330554 0
0 0 -1.4240229235077289 0.9851907018215813 0.49430509196537564 0
0 0 1.5597423612394925 2.1150918987804204 2.023469177112264 0
0 0 1.291640556660412 -0.05909119255071815 1.980554784500797 0
0 0 -1.5382641980079375 0.6401734478742045 1.9963329873380997 0
0 0 -0.7670499057351678 2.0888261136282527 0.9929071527458956 0
0 0 -1.8616085694519595 1.1499133010043967 0.4068534613281962 0
0 0 0.35910378885350847 2.0672763458133026 1.6950238901824926 0
0 0 3.0930188432379744 -0.5585374266920842 1.9538450537360283 0
0 0 -2.257912703245821 0.638158544702909 1.9816170806604294 0
0 0 1.6518126052126902 1.3484038665371225 0.43859688085870374 0
0 0 -1.6407293573807622 -0.2018724560633378 0.4634421958275462 0
0 0 3.062269554942276 2.0970626149138902 1.9221474780272036 0
0 0 -0.17487759587414375 1.1268498573394652 0.5003707301194658 0
0 0 1.3334032297573986 0.171035284560355 2.047615389615392 0
0 0 0.87164573769381 2.055067019529538 1.2698418888575245 0
0 0 1.8225726613005184 0.6946124154860447 0.4818164152839518 0
0 0 1.909881766755416 0.067304808568866 2.005979421738317 0
0 0 -1.4579983246423434 -0.6220677252722644 1.9672001498708698 0
0 0 -1.2891567372619994 2.091090835796529 1.110799681366879 0
0 0 0.030921796240897415 -0.24637197295958502 1.9730052786314565 0
0 0 -0.267398822306379 1.0975911589042628 0.40961725324413356 0
0 0 0.6985320890824531 1.6619352113741492 1.9672781606604963 0
0 0 -0.2759615338042698 0.11593118000204528 2.0199931418455046 0
0 0 1.17448754831865 0.3914905936191324 0.43162854491435154 0
0 0 -2.7456239138730094 0.6719724644563725 0.4469884235256667 0
0 0 -2.9305781022790036 -0.6066094224156406 1.709042404248221 0
0 0 -2.46413281393648 1.7387879278076894 0.41833711007048224 0
0 0 2.515461735864717 0.28445192972582567 0.4922545822021053 0
0 0 -0.7512439374448832 -0.2523482478344641 1.9702679414089561 0
0 0 -3.0296910462896944 -0.632108331729387 0.6623128512173253 0
0 0 -2.8510828109512674 2.129002954233421 0.7792649868899377 0
0 0 -1.972883502319204 -0.36548018597491816 0.47275884356632214 0
0 0 -1.494883354765785 1.8227573785141085 2.0117560550562557 0
0 0 -1.4982333485097725 -0.6323682174195056 0.7135882991447365 0
0 0 0.6154958255958487 -0.6417858067819926 0.9239301336833204 0
0 0 -0.2008016228922691 1.2806133152605976 1.9928516415024498 0
0 0 1.488915458273298 0.28650543897807923 2.016928167207783 0
0 0 1.8857927354973798 0.7634482472874928 0.4506429263196384 0
0 0 -2.845871835876057 0.9918529196253711 0.4175494837706142 0
0 0 3.093013300928966 -0.6279382229002521 1.2441902845640875 0
0 0 -1.2808881460030506 1.5746157189443688 0.468444053509285 0
0 0 1.115506715900402 -0.5031072448133649 2.0346576227105406 0
0 0 -0.44319254598597135 0.9936050792557476 0.4796273133904204 0
0 0 2.8461082044709167 2.146244318644877 1.8190935918771745 0
0 0 1.390673455191517 0.14967695196733055 0.4803181431233472 0
0 0 2.2253665396906337 0.9613058746870937 0.42317281468430423 0
0 0 1.4003028024744193 1.2611544080107464 0.46004230556287873 0
0 0 -2.7293897732124 2.1008636205627482 0.8907267898227856 0
0 0 0.2436887224313402 -0.6322400797056729 1.1179216851706077 0
0 0 -3.056291954386832 1.0133945795194383 2.0425630578477847 0
0 0 0.6560392118316378 0.24456938670541462 0.4721269492352689 0
0 0 0.7251173760785479 0.9359421929765623 2.0041798520303074 0
0 0 -1.569811694017258 0.5324701583774665 0.44050790052163324 0
0 0 0.4730033406983929 0.8328949109164632 0.44741863697259854 0
0 0 0.7303449832088553 2.112268408028818 1.281487072382618 0
0 0 2.3474396146560643 1.5954189600529263 2.026900375964156 0
0 0 -0.366893021701848 2.0184338461521554 0.4796903060956571 0
0 0 -1.5697854588390954 2.1302339331754245 0.9150747577546222 0
0 0 3.094566132165432 1.211798245469566 0.4472776143247572 0
0 0 1.8528482305649785 0.22060903084521066 1.9788372890158852 0
0 0 1.9547942425255886 -0.6491472890905468 1.3465456456410019 0
0 0 0.6295034161736277 1.0488734617915298 1.9877696779405793 0
0 0 0.2539750972926207 0.8555728082269192 1.9970639071234244 0
0 0 -3.1018604387895947 1.3487367511224997 0.4463320819123341 0
0 0 1.821663620379259 1.601650801859339 0.49022992533561704 0
0 0 -0.5648059397330769 0.035110012083943265 1.9763796820442274 0
0 0 2.8421925149865785 0.8056279440266851 2.048459271995175 0
0 0 -1.5592856672767967 -0.6395241206961839 1.9389066308451233 0
0 0 2.1431912657592047 2.069962075369947 0.8800293653118096 0
0 0 0.32734154683903416 2.127489003293392 0.5555623219360026 0
0 0 0.14588366049634693 1.2567024849495894 0.4693872396694938 0
0 0 -0.36919658794300414 2.1196189911831818 1.2720085623695847 0
0 0 0.17340711660275598 -0.5503179117373382 1.2123938970840396 0
0 0 0.9617152006265242 2.0657140911184975 0.45757407854158705 0
0 0 2.376563623956552 1.8155343741581886 0.4352757668139654 0
0 0 -0.671555503490664 -0.575456445948967 1.1487443161729538 0
0 0 -1.6020371389460921 2.103657404977282 0.8123920900914678 0
0 0 -2.9241057967017494 2.1000526782930793 1.863629341538954 0
0 0 2.7089409346739686 1.3790358008908208 1.9785558799851448 0
0 0 -2.192522458460441 0.4637954285458903 0.5007368412406293 0
0 0 1.2262522456574594 0.9754181646978215 0.42435228364799427 0
0 0 1.052584521228031 1.710945344299197 2.012181160278736 0
0 0 2.1030012712330635 2.1253945672698817 0.8406229891237675 0
0 0 2.3972677445263857 1.2513184512684135 0.4998458551443893 0
0 0 0.8551812763233597 2.0103262444617513 1.9952587387819274 0
0 0 -1.6706753408891653 1.9745921577671741 2.038081669130334 0
0 0 -2.6072858652407014 -0.5797411540719941 1.9964403004771594 0
0 0 1.201399624573889 -0.6071184321334171 1.2371474757266296 0
0 0 -1.1180287240488518 1.5823466750196575 1.9744479008430664 0
0 0 -3.0482061478333335 -0.30271425686985043 2.002237434174906 0
0 0 2.5060124950969564 2.122060221605814 0.812377831530589 0
0 0 -1.263115943648247 2.123812062880437 1.0296075891150651 0
0 0 3.00936913068048 0.5331716903175574 0.4435988095605461 0
0 0 1.1568991954530112 1.9712684149940667 0.4449256160573557 0
0 0 2.9312818298946617 1.710103090275063 1.9568639166572106 0
0 0 1.8105471258413424 1.8935932737616235 0.45014811745654515 0
0 0 -2.7347725356497596 -0.3156037920218364 0.4228728206350275 0
0 0 1.5178209273487955 0.5996393226915564 2.036498845969303 0
0 0 0.011828207639561938 -0.6160804097429593 0.4448744791847654 0
0 0 0.9157650749547255 0.8872454335388431 0.4406896936657845 0
0 0 -2.337742393764942 -0.17355972745682025 0.4710870859377788 0
0 0 0.6561900254787378 2.1415271607657878 1.3920691117708728 0
0 0 -0.34239343978266934 1.6415389834230492 2.0239534066216507 0
0 0 -1.4752799346045047 2.117165292531423 1.680354541710582 0
0 0 -1.1420279539458016 2.138987682134892 0.48259058887794093 0
0 0 2.7914794163007963 1.8216164090458669 1.9550720392482128 0
0 0 -2.937380338756854 0.3817247260330535 0.48512883714154265 0
0 0 -0.2042788581169197 -0.30707640050018137 1.9949719859556982 0
0 0 1.2837792511153028 -0.5838148934232528 1.7530032422753918 0
0 0 -2.6580829565884687 0.7317029662884844 1.9905863625832387 0
0 0 1.0402378862507158 2.1454220880292088 1.2324809212117787 0
0 0 -1.4995558591795162 -0.6426664289367041 0.43607011285163144 0
0 0 2.18274272197438 -0.6216667000543847 0.9042405846591802 0
0 0 -0.2618526269132313 -0.6098882119107965 1.7075005459751806 0
0 0 1.031829116892892 0.6014371597384602 2.018087226680551 0
0 0 0.03522199780473567 1.0058520609121524 2.052408177323232 0
0 0 -2.089187451408347 0.17561416790092677 2.009355828679543 0
0 0 -1.491580600319066 2.068555791580242 2.0263457311682784 0
0 0 -2.738525610161166 0.37620300337436163 0.44761946209682846 0
0 0 -0.6411527957690564 1.8674095070401957 0.43807786360702916 0
0 0 -1.8827589335914927 -0.5523653272445603 0.6766797289818369 0
0 0 -1.406210687644848 0.22077336543075643 0.4933744106675497 0
0 0 2.618096405640668 2.0528913016988453 1.8158494445846989 0
0 0 -1.8218545936569712 0.9186762265109178 0.46755924005188065 0
0 0 -1.5305573107752193 -0.18897987965847518 0.479222647091078 0
0 0 0.9574220983632307 1.3170855496070486 1.9594377467646535 0
0 0 1.3087653573618114 -0.6226776003344705 1.9882822625402288 0
0 0 0.819846869668091 -0.21682252466585072 2.0461346024432956 0
0 0 -2.2783879271212326 1.393055553267955 0.41582001562483184 0
0 0 0.32162878432407904 -0.6315085742293165 1.8057386660684813 0
0 0 2.9283307045340736 -0.6386747705139599 0.516741229245581 0
0 0 0.3363852955426929 0.6675513808308633 2.03252539410781 0
0 0 -2.855100349180145 1.4446283731787557 1.9567114758176136 0
0 0 2.4274169905729117 -0.6017889382952526 1.4411458306634115 0
0 0 0.8378461038376761 0.10155953117010752 0.4087857216979034 0
0 0 -1.6203921978243125 -0.07326313102351167 1.9918792365776974 0
0 0 1.542161215221702 2.1090261109711577 1.213221063113895 0
0 0 2.0787883312202586 2.08757691870153 0.8630096462376127 0
0 0 1.7991799063420109 2.0985959907557303 1.9092175784758085 0
0 0 1.9273837984900108 -0.08677645623829089 0.4241416450478368 0
0 0 -0.2741370994389629 -0.6398992030570914 1.810153070223324 0
0 0 -3.053070082643245 -0.6362911068186892 0.7811931791322763 0
0 0 -2.980067173243066 2.1184888648971256 1.5464066253138615 0
0 0 2.799697592921146 2.0622937136008526 0.8815350489462805 0
0 0 -1.9741809853173704 -0.4309160870060724 1.9665058536530318 0
0 0 2.23831872064818 1.9632228737044979 1.982657062557371 0
0 0 -1.0632151088756654 1.544952580272011 0.48024155212217334 0
0 0 0.6395496562490912 0.6824892557032911 0.413473290869666 0
0 0 -2.993996300561101 1.7028744882636613 1.9952374822900292 0
0 0 -3.1264604759066987 2.0629582124482786 0.6217820779405459 0
0 0 -0.9630754519127973 0.4279052248176638 1.996822399565735 0
0 0 -1.5872949904233193 -0.5270530693964584 2.0502301119163304 0
0 0 -1.2962564508958585 2.1291899283307263 1.7526924644250725 0
0 0 -1.3605122431996708 2.1285459336561225 1.6514426528812374 0
0 0 2.4526893002338923 1.8048016627040917 1.991859335237289 0
0 0 0.15510020438240746 1.8516716471511157 0.4400862103166514 0
0 0 1.5917245353922915 2.0530111161423674 1.7106757142709563 0
0 0 -1.9033499533537022 1.6572343340340019 0.4998963573981775 0
0 0 3.1094954927560385 0.8537472067511074 0.4411427561686213 0
0 0 1.0778145538717023 0.06922674928537675 1.9636172328359962 0
0 0 -2.658447785860237 0.7492574703844239 0.4176018342001988 0
0 0 0.3210388254827916 -0.5658563032273063 1.8066224830024877 0
0 0 2.05678684264909 0.8373764786435902 1.9679309640462161 0
0 0 -2.6107780001247765 2.1273206118500743 0.4097374184667335 0
0 0 2.727547588582122 0.036608643628294746 2.017033959599777 0
0 0 -2.8323003946546907 1.8101231919387677 0.4741587794476896 0
0 0 -1.1761637126842976 -0.5610755891332144 0.8130587692932774 0
0 0 -1.779347534638049 1.428924485421873 1.9622693129910753 0
0 0 1.5509395327597817 2.1095520057015933 1.99876159967664 0
0 0 2.5627853567847207 0.9491649525910821 1.9642779687573984 0
0 0 1.3193285831646921 1.7288416779914197 1.9625038775150125 0
0 0 0.15316109516526621 -0.5710292396448837 1.8449327639941866 0
0 0 -0.006811469098023881 1.8148792230571373 0.41202626894903527 0
0 0 0.38034605835307556 0.996820698161516 0.4315689911790396 0
0 0 2.763786449472626 2.0206761871650087 1.95414310122575 0
0 0 -2.8696624047840347 1.3934607727298953 2.039920572387954 0
0 0 0.2754995106408007 2.1370216786789253 1.0963093190791722 0
0 0 -2.8451408516529995 -0.6023691920721406 1.2122964318065894 0
0 0 -2.454634361495021 1.4205825064461532 2.0481197969295892 0
0 0 0.010151775238335325 1.2631916406344006 0.4935983428868398 0
0 0 -1.9190436714125254 0.6216627942261432 2.030362732246806 0
0 0 -0.35478688291149263 -0.6166095612805822 1.9280068638850356 0
0 0 0.7068445889901627 1.1092407120839702 0.4810965587330469 0
0 0 -0.0638533673210473 -0.5520850705411178 0.9669204153345646 0
0 0 -1.1455792409526409 0.305020984508361 0.4169044118335591 0
0 0 1.1360758150294892 0.7454820705658649 2.028983577338562 0
0 0 -1.5185691701490263 2.0503943276715493 1.093165287759256 0
0 0 2.2754777456384225 -0.6011751714280842 1.6404821968193537 0
0 0 1.4897802930260964 1.2571259712075231 0.40558191994523307 0
0 0 2.7270451376934393 1.22137836674594 1.9643877507079264 0
0 0 -1.8335743100633681 1.407299998803358 1.9839933539123842 0
0 0 2.986458510764108 1.6197375386099797 0.4405539037378001 0
0 0 0.7103361741695324 -0.5599017348828503 0.6911545279633907 0
0 0 -2.7500921016942326 2.097458593801856 1.5736325601199335 0
0 0 -0.8886965684596007 -0.6194522303348757 0.44206527277157914 0
0 0 2.048576366783256 -0.607699715047906 1.0711874334021823 0
0 0 1.9422157281168895 2.1239025032681633 1.2141230268500682 0
0 0 -2.837527496764176 2.1480035565812106 1.3001125431299128 0
0 0 0.6838870075668066 -0.6344024144190878 0.7423815777849558 0
0 0 -0.8673027283025712 -0.6009754199967279 1.590364270848284 0
0 0 0.8226882815202945 -0.6028462425768792 1.3646423316901197 0
0 0 -2.358520328040498 1.2303507243733052 0.5024512027174642 0
0 0 1.6491607541758935 1.4249159676301013 1.9571721661589243 0
0 0 -0.5814461505396769 -0.5695103521681724 1.6804700888504411 0
0 0 -2.069864552391491 2.082610378382316 1.4626619508859922 0
0 0 0.704535493224546 2.1260211810847265 0.5898821877140867 0
0 0 0.9144602225808036 2.1246200330951925 1.111281635109043 0
0 0 1.7526039690370911 0.8314377110685358 2.006272351317498 0
0 0 -1.8422093220773788 2.105633241240329 1.7217231507277422 0
0 0 -0.10774853766511772 -0.6287715180426137 1.0576239937440948 0
0 0 0.20270457100781902 -0.6256460174411085 1.3358694907731843 0
0 0 -2.9349357744864504 -0.5645706550953944 1.9952630755301393 0
0 0 2.125110313412655 -0.5964347527391913 0.5013405524976374 0
0 0 2.467449782765696 -0.6490397426749219 0.47473620122132143 0
0 0 1.6896909022685698 -0.599736483640545 0.7599958676819207 0
0 0 -1.3751763547937004 2.1063730930179423 2.003615108763694 0
0 0 -0.39581030114378457 -0.5963907114292353 1.551469323964787 0
0 0 1.5363589009394474 2.119576399284454 1.622155025528087 0
0 0 -0.6782414440833531 0.25893871675717806 0.4088723135147423 0
0 0 -1.4388514422995393 2.075303401680919 0.8035048571874708 0
0 0 0.7456106743482422 -0.5636947981845097 1.9204045729279002 0
0 0 0.1991138063821043 -0.1560014059375563 0.40726359220802455 0
0 0 -0.6284133914536505 0.9783028289133422 0.4592853718522423 0
0 0 1.955993537838026 0.5334982371563144 0.4708034071220849 0
0 0 2.887666357501285 0.5080890530104185 2.0368220141906783 0
0 0 -0.6011873044281244 1.590067093671425 0.453954427027185 0
0 0 2.9042403248520134 2.074653829850531 2.0069446871893066 0
0 0 -0.6526987733902194 1.5136907712224066 0.42957049792396085 0
0 0 2.3064344462762945 0.1144115737039395 0.501443570100851 0
0 0 -0.9821950571346232 0.14224572744326702 0.42420484967724026 0
0 0 -2.3934969080856083 -0.41866498493815074 1.999349366916645 0
0 0 1.5133993680437934 -0.5963892774202739 1.0142939488017135 0
0 0 1.7310568083482334 2.084258451324934 1.2163592570240058 0
0 0 1.801739539995058 0.19735973371987625 1.9630588749228102 0
0 0 -2.4297387931240078 2.0803688084837155 1.4367970798622274 0
0 0 -2.987351878844172 2.0552278951391107 1.5387644283568531 0
0 0 1.5892616000952025 2.1281941765113346 1.4092429824753612 0
0 0 1.5775564373351987 1.986604297642783 2.0397536190920658 0
0 0 0.22650346573581492 2.0330773902274766 2.049722652439131 0
0 0 -1.1168715545640682 -0.47977569632778105 2.025078554099559 0
0 0 -1.6966394058475998 2.1269062608334535 1.514818026829215 0
0 0 -1.246928802835695 -0.26817099075982753 0.4066272727881146 0
0 0 -0.5629838183267792 -0.6456789284910696 0.8994836892196822 0
0 0 -1.3519318598599133 -0.46016901871254556 0.42157200032181963 0
0 0 -0.8371376856126393 2.0791081531028133 1.526598751821201 0
0 0 -2.412236176749512 1.4189619117986176 2.046085164127923 0
0 0 -0.13030795442454712 2.0883357568581817 1.3262850931863797 0
0 0 -0.8182151807222127 1.5988149954158877 0.5013611371302433 0
0 0 -1.831535092001886 0.3322690528921147 0.4632162746241879 0
0 0 2.3283529510373793 1.2210870043070163 0.4686750634506818 0
0 0 2.766959851584562 2.107264109323749 1.6372909608336963 0
0 0 -2.7176856920702686 -0.29701064345388284 0.4606110043555234 0
0 0 2.244512843314733 2.061855724066382 0.7144826821408949 0
0 0 0.37728154691717597 1.0769881304319362 0.46785135118405086 0
0 0 -1.6961002129877467 0.2146992180360452 0.482235193571687 0
0 0 -2.3213716641676663 0.07321951417128192 0.41101002005773535 0
0 0 2.666814740922013 0.9499617419281836 0.4243610145896698 0
0 0 -0.13501197263309406 -0.4580749202372141 2.0270150144237764 0
0 0 2.150952941116648 1.8473439804673106 1.9873343296914765 0
0 0 -3.040635702962229 -0.6377831640600071 1.6717847792920766 0
0 0 2.634220355221851 -0.619986117801208 1.853773980370135 0
0 0 0.7873179713156326 0.6387000274716284 2.003254125534596 0
0 0 -1.0198549356450433 -0.6162553816383998 1.9203550801604394 0
0 0 -2.686133965585419 2.091476423256818 1.8790320690301787 0
0 0 0.46976882856201696 0.29315383414567586 2.0290179042075347 0
0 0 2.5897315217820207 2.147350283327656 0.6462231821948147 0
0 0 -2.2848975594033614 1.4525133997266002 0.4790977457531074 0
0 0 -0.6093848898118557 1.6874199683895557 0.4887756622930234 0
0 0 -2.462062077244569 -0.5344053622618223 2.0466056456326855 0
0 0 2.3842291155998607 -0.6310904762269838 2.0511324306855663 0
0 0 -2.02595501540046 -0.07775574744288849 0.48162002396068393 0
0 0 0.9534830794855012 -0.6281444163669705 0.5477215799583351 0
0 0 -0.20417053162428278 1.2843977096295214 0.4940270209473788 0
0 0 2.7921176257136517 1.7053942534545399 0.44068543086423184 0
0 0 -1.6071454850707882 -0.6263667788121974 1.0682349258961685 0
0 0 1.6842681308037424 2.040819881668506 2.0223921188564913 0
0 0 0.15976446301187064 1.0202185054184403 0.4195294875929987 0
0 0 -2.5165775646033195 2.1203711855494674 1.4076381889433591 0
0 0 3.0497689484227513 1.5900278012046691 1.9545982006996527 0
0 0 1.4078987984868645 2.0548797889204726 0.6785482112081014 0
0 0 2.5521605195372388 2.1395948751051588 0.6456217355120334 0
0 0 -3.1312359738188387 0.6273773789672601 0.4688060010162167 0
0 0 -1.2280716099153668 2.0536955078704584 1.834736360559196 0
0 0 1.0680064174646517 -0.08867187294246737 0.41197107595058846 0
0 0 -1.3503232614616418 0.7962729278529921 1.961049862694566 0
0 0 -0.7065837478989057 1.988179523317082 0.46159348821005264 0
0 0 -1.1771206753788737 0.20617725380001561 0.47055353156875623 0
0 0 0.7907097669301031 0.6019068512524968 2.0067760671658053 0
0 0 0.2910981162960806 -0.6232707157491109 0.6983702783606707 0
0 0 1.0000001319866136 1.5088468279142402 1.9949625427664535 0
0 0 -0.7865056477660639 -0.5809934099011631 1.030166086204287 0
0 0 -1.2384224622864033 -0.12873298842468794 1.976347184602063 0
0 0 -1.015913313346438 2.109324107477631 0.8902942643610481 0
0 0 -1.3166551741694936 0.5204956861411159 0.47525129879925276 0
0 0 1.595745773501588 0.7587704441918734 2.0163710022996675 0
0 0 -1.2521549058931274 -0.1306465611639338 1.9776326718197876 0
0 0 3.1075653649227046 0.422716905092932 2.0463173478090577 0
0 0 -1.0316346104991134 -0.09808165769786048 2.014011204132156 0
0 0 1.2201730274398939 -0.6110360342299552 1.6045522309553972 0
0 0 2.7556669235742737 -0.16209515937212937 0.46264056107871887 0
0 0 1.9562925576588146 -0.5754924923526041 1.3384770552685779 0
0 0 -0.9568499175734058 -0.6260596208265388 0.8197704852966494 0
0 0 1.599756762726619 -0.5615884236151869 1.3420143471606079 0
0 0 2.9184271383654474 0.15567683752684414 2.049768594494 0
0 0 0.7654570187044909 0.37143962030398214 0.4278581338221712 0
0 0 2.845668866601213 0.19359492699875247 1.9972102375861027 0
0 0 0.016803141434102997 0.36039122034276827 2.0362303494997667 0
0 0 -2.1330306324299944 0.05620092898920881 0.5008991944868658 0
0 0 -2.5226423045955033 2.0752629087581287 1.553304496617661 0
0 0 -1.0521387802429345 0.7167262200258038 0.4809628787912561 0
0 0 -0.5309053836217856 -0.6122993951555025 0.4672651963072091 0
0 0 -1.5752835452655356 2.072313841787213 1.0793339484896314 0
0 0 2.1017389110556044 0.8248334103879869 0.4280054923546449 0
0 0 -0.6983623773704646 1.4211393236756134 1.9556017933841103 0
0 0 1.4362353138456259 -0.5597467850164715 0.9946280725289272 0
0 0 0.48117390237288094 1.894615396616006 1.9906183018335517 0
0 0 -1.58840775967717 0.23450067535642338 0.4065597880925491 0
0 0 1.988243186555776 -0.5597936945204716 1.3166372510280993 0
0 0 -2.3141605329994017 -0.6446659453664172 0.8094419061728376 0
0 0 -2.850618275216375 2.0625102898061867 1.7486445596771232 0
0 0 -0.8935360900699107 1.8581472294252637 2.03983804057631 0
0 0 -2.2694514681065545 1.7566354168677447 2.019922576960601 0
0 0 3.123804234876552 -0.32790896013536885 1.9718606277060007 0
0 0 2.5722626903402404 -0.6334590636682622 1.6954949954693128 0
0 0 -1.308747332465034 0.1372980919737663 2.051299602301662 0
0 0 -0.8490021945396959 0.9898337329473157 0.4966735245525298 0
0 0 -1.9513147202554808 1.4768438346519381 0.48683601438210355 0
0 0 -2.066233931434417 0.5338533543244277 0.4078677764599057 0
0 0 -1.807836710971087 2.0933461760894927 1.5202678714846574 0
0 0 0.405060964455747 -0.6324500601784298 1.938634442630946 0
0 0 1.3157690721259137 -0.6149289592761162 1.208336372161006 0
0 0 -1.316002498654718 1.43520363076017 1.9934671431883313 0
0 0 2.936649556452789 1.5195456825508267 1.9887829098990524 0
0 0 1.361693995544317 2.0882255291378984 0.8895294342283313 0
0 0 3.140834331499958 0.6288940402855983 2.0104579860632916 0
0 0 -1.6656900016388136 -0.5942147425467177 0.8946564023166316 0
0 0 1.217844680081189 2.1021346722228342 1.1432537232760276 0
0 0 -0.6954147480669897 0.8362484431462185 0.4271997256251462 0
0 0 0.7422548045872497 1.553660347307068 0.49009401076327375 0
0 0 3.1117062042950545 0.33029600077745924 0.4547124042857784 0
0 0 -2.2826910533533002 0.9296077487386898 0.4920828987563991 0
0 0 -1.917148246182169 0.4180296748622192 0.48463135231994303 0
0 0 1.575222339902015 -0.36755596729836815 1.9812412402153812 0
0 0 1.459972611416812 0.8392087228429401 1.9856890071308841 0
0 0 0.40099388674421466 -0.12071505510254932 0.45483617132738385 0
0 0 0.3239917769266043 1.7185219965710898 2.0121443021393173 0
0 0 -1.4370698050455146 1.6286654079021836 0.42876361471152813 0
0 0 2.2485060096495415 1.144650469664232 0.4263749500829458 0
0 0 -0.8643418621752414 1.867870847732392 0.4186406352680897 0
0 0 2.6004445402858885 -0.555975197239772 1.710598819092794 0
0 0 -2.464374208932622 -0.05252105448101163 0.4719058061100072 0
0 0 1.9938221126391547 -0.6378862097607141 1.186160063891463 0
0 0 0.17556799771354248 0.49829995926457893 2.013239326512619 0
0 0 -2.7177763377720474 0.08399744226803929 0.48904488592845063 0
0 0 -2.643827235828486 -0.5118074511394941 1.9660843106547623 0
0 0 0.5929287427774566 -0.5840170146556698 1.546102321887644 0
0 0 0.105532765533352 0.8299411992945074 2.014821972536022 0
0 0 0.9760792027411007 1.6331169501905334 2.0293306373494575 0
0 0 1.630345562564349 2.105887481505337 0.4140374252255209 0
0 0 1.3018997124873604 0.3321850929200222 2.0165107323425526 0
0 0 2.964770559601358 -0.579421497331484 1.6951717770618175 0
0 0 1.7616067587734943 -0.5261295973218338 0.49724408141820153 0
0 0 0.046751951684234516 0.08812320944066498 0.42116681475470763 0
0 0 -2.896769438148181 -0.5076765052669445 0.41865382469558177 0
0 0 -0.5390994997690206 1.6332599213336156 2.0090840129919645 0
0 0 1.342383904893179 0.26846299692474285 0.4647372813597881 0
0 0 -0.39815343983405205 2.0872774040833124 1.1562859650909085 0
0 0 2.897958881151945 1.9667624347685055 0.4667016215437836 0
0 0 0.014437647510672225 2.072078532132565 0.9813802716456363 0
0 0 1.4478551041233452 2.099812698643479 1.4403513755496824 0
0 0 -2.401008943880954 -0.08962878542948416 0.4351111278694958 0
0 0 2.5776922599448957 1.303349561598315 0.4405092045407919 0
0 0 -2.3836679488424446 1.7524024372401017 2.052529570295802 0
0 0 -0.9741956784174293 -0.599316220478354 1.68762589209096 0
0 0 0.19486559022310423 2.1245929613081787 1.6582787266998344 0
0 0 -2.592675374734685 0.5674594845084195 2.0166677368809536 0
0 0 -1.3245313300582628 1.4801269301468822 2.0498188686502914 0
0 0 -0.2016889396685544 -0.5905664729858089 0.8193222130548092 0
0 0 -2.6240396240598214 1.7134708895180604 1.9950343962098152 0
0 0 2.3576453286160985 2.115694794679534 1.0678735844214367 0
0 0 -1.452876289304384 2.065471391293671 0.4748424511573843 0
0 0 -0.12240459856380514 1.774190018180805 2.048679319021171 0
0 0 2.1941603424089973 -0.5640207509254505 1.6863542511022422 0
0 0 0.2956688527881739 2.1218088201751524 1.744975520545073 0
0 0 0.5591869348392682 1.8843293269845083 1.9605453349643862 0
0 0 -0.9380155633947802 0.2107881453097119 1.9823766755905936 0
0 0 -0.8167261910771915 0.11653237259430727 1.9551925633763816 0
0 0 1.2801646180163901 2.088628378152787 1.3679049774922802 0
0 0 -2.5653484598867173 -0.5542609522163899 1.4253938910828368 0
0 0 2.8120686271135034 -0.4452512906191093 2.027027556391676 0
0 0 0.0916382691896449 1.5032464596284718 2.04724886482955 0
0 0 -0.2298375308171634 -0.008310837884493938 0.42487249036638464 0
0 0 0.6392189105941957 2.0929448076510724 0.48026159737714447 0
0 0 -2.390561737601348 -0.573873224210425 1.220511865040832 0
0 0 -1.9758995527358312 0.11038929893191596 2.028562607978482 0
0 0 2.8321968195518537 0.03585436183735802 0.41241706556169744 0
0 0 -0.6978084149026214 0.044702937788887565 1.9673390507445658 0
0 0 1.3503419968414674 0.10381485681973235 2.027340047406255 0
0 0 -2.9790735861537634 2.12085110008291 0.5628876804237393 0
0 0 -2.7378815073967866 1.4019503658353634 1.9562967757046317 0
0 0 -0.5455155371497704 0.5322926399558843 0.49842793051450107 0
0 0 1.4903513889833944 -0.6387138469727651 1.8435028006614558 0
0 0 -1.2711415267276522 1.200076685083715 1.9744823463763577 0
0 0 -1.27855280225877 2.1118178100618863 0.4702548161273036 0
0 0 2.439613379462112 0.876514680435388 0.454530195618824 0
0 0 2.709162706088481 -0.36656636827684763 0.49773838359524625 0
0 0 -1.7103246625031807 -0.5973542048300375 1.3875487750526432 0
0 0 0.5322371492389664 1.4265018677154608 0.4569026987726159 0
0 0 -0.4994344339862362 1.4103255208850924 1.9774843216372486 0
0 0 -0.46544540818252944 -0.302902861181489 2.0277565382638754 0
0 0 2.5512829631562344 0.23164029735078862 0.4471311106191418 0
0 0 -1.1023674765699054 2.1385663435387587 1.5534372777958558 0
0 0 2.9037341018670064 -0.5570128482475771 0.8793439044794193 0
0 0 -2.56023753375558 -0.09793031099533545 0.41379345714603233 0
0 0 0.5599043420106136 1.8473499238012663 1.9991238597711027 0
0 0 2.1445829646528676 1.2640625399634726 2.003520081945987 0
0 0 -1.6502290999628348 2.0913850191571504 0.44112885881015107 0
0 0 2.45592259768686 0.6025080892870918 0.42704767159774226 0
0 0 -1.1838279492419919 1.6741776261384615 0.4667849727521264 0
0 0 0.1921440305576132 1.5184519054569388 2.0192589237570564 0
0 0 1.614597464139396 -0.6318771196715269 0.8480933394220761 0
0 0 -2.211395374413647 -0.5578090631127961 0.5042241199782443 0
0 0 0.33709981688943724 2.1137782512350665 0.9454384607755469 0
0 0 2.5021541221188013 2.127938962880471 0.64383332513077 0
0 0 2.4321822599347342 2.0671426119101284 1.2393916812316363 0
0 0 0.9215347241431564 1.3195376278735138 0.46137930274696837 0
0 0 -2.210730627347691 2.112769439876743 0.6035971985495564 0
0 0 0.12583741819610017 1.3443215854101171 2.0514363980083843 0
0 0 2.4355385495230326 -0.45629864164965683 2.0155962652263275 0
0 0 2.1399280583978735 0.9928328831539288 1.9713909603147923 0
0 0 -0.16940365718160955 1.5589118027998647 0.4154216303868631 0
0 0 -2.3415095023100414 1.861008602262349 2.039065233606048 0
0 0 2.8298632300031876 0.31603191233951955 0.50002775912439 0
0 0 -1.3738565241668432 -0.6041448843876853 0.9642793585926983 0
0 0 -1.7160565315765628 0.3528039781818768 0.4366813856671893 0
0 0 2.5759229757354003 1.7926806947839975 0.47157545824871094 0
0 0 1.2042897052855146 -0.6246334888123795 0.6376879613933655 0
0 0 2.968526993842545 0.9652982543628816 0.4485317512712296 0
0 0 -0.5781167746601894 2.091153006827973 1.9374700480416505 0
0 0 1.1679391822262524 0.8207805865653865 1.9664525919549247 0
0 0 -2.815036186565181 2.0592913408707463 0.93726775442866 0
0 0 -1.9813844018191815 1.01192840760553 1.9872102133247274 0
0 0 2.706030454425272 0.8898122155645143 1.956372805789756 0
0 0 2.4571608611074867 -0.024092771638154376 0.4450221216765956 0
0 0 2.322478927666338 -0.5765993910222096 1.1008025435756639 0
0 0 -3.0681691173169265 0.4361937206205624 2.0370237844417574 0
0 0 -0.40010548687740766 1.1752370490821444 0.4582096312579913 0
0 0 0.4326056622297467 2.136640904335664 0.9636900632611372 0
0 0 -0.24598921277481534 -0.4253837201044641 0.4286765306670902 0
0 0 0.984996265709257 2.0787879493910113 1.985315097493362 0
0 0 -2.876969269528938 2.0902496015066614 0.7543085476286913 0
0 0 2.6281916449798954 1.3660215882729563 2.0093898002750317 0
0 0 -1.3966912563784153 0.17496564173068097 2.0030422223546087 0
0 0 -1.251743581708122 0.9037203609356361 0.44472296163206115 0
0 0 -2.710047645544141 -0.2456813123005095 1.9556757048168056 0
0 0 2.6107897551954498 1.2922293796026008 0.42108730625718294 0
0 0 -1.1167011736676948 -0.43732575478876723 0.4350010617759382 0
0 0 -1.7048991806965146 -0.4272999991815465 1.954377989440307 0
0 0 0.7414636628613986 -0.2962897054448872 2.0436971442088465 0
0 0 0.5064586579704056 -0.6178606068044563 0.9709010874856516 0
0 0 2.468663997955481 1.6428540101802904 0.5022881652801378 0
0 0 -1.019923972132839 1.5793249797811175 2.0399913438552213 0
0 0 1.8087169225357416 0.37936197067931643 1.9814247543051677 0
0 0 -1.155471852042223 0.35894097522126844 2.028263264026595 0
0 0 -2.85121686563273 0.5824526931577452 0.46728767115391867 0
0 0 2.1632539953041325 1.795541665859542 1.9541528115186728 0
0 0 1.7590406655559772 0.266427612523498 2.012804865341981 0
0 0 0.4930437449404548 1.098813772134007 1.9966973247197886 0
0 0 0.9904640319483331 1.5661833928810893 2.0130690274250393 0
0 0 0.6508674337644518 2.0591095011209744 0.9273376465281291 0
0 0 -0.8182096895205815 1.8794558814265974 1.9910864470021394 0
0 0 2.571341481021088 0.5867448406263547 0.4084930702554068 0
0 0 0.486840879015193 0.4211930368637671 0.49340720485103784 0
0 0 -1.8856146569016081 0.668693332138713 2.047154367478298 0
0 0 -0.8927268138967572 -0.5625333238238328 0.6201803261120179 0
0 0 1.2300619108376871 2.0689288589104615 0.9640524138376884 0
0 0 1.0129928137047246 1.0244438941036522 2.0048152962767163 0
0 0 -1.9641803301342031 0.5784315985510169 1.9899202930199982 0
0 0 -1.9535099816617605 -0.6000907665923421 0.8071487906050834 0
0 0 -0.6143647193887425 2.114539738165842 0.6016716952630967 0
0 0 -1.31093649813057 -0.2819285737617985 1.9632159371909612 0
0 0 -3.1152740872523226 -0.6259795538348527 0.43673440847764133 0
0 0 -1.4157903685718536 0.8846434915622203 2.0100411884454745 0
0 0 0.8828097597022166 -0.06663363782449494 0.494124716219272 0
0 0 2.2950067098438582 1.798070673489163 1.9757782395756915 0
0 0 -2.0625909851574504 -0.5724993907242955 0.4884853353365165 0
0 0 -3.0618094045446074 2.102633468305328 0.4409509772314686 0
0 0 -0.7650649020962845 1.4755560611164433 2.0103755237679386 0
0 0 1.8380898009887767 2.0735776882387764 1.6250877286412515 0
0 0 -2.9427926588475946 0.22637979977405165 1.9833829935310034 0
0 0 1.8469581854048185 -0.5952543682688267 1.1996365299630634 0
0 0 -0.586765717789338 0.3068741940368592 0.4507239094154707 0
0 0 -1.4196741040743712 1.7817974881195242 1.9925240216956692 0
0 0 1.6913472387223534 2.03260464567711 1.9622285554585837 0
0 0 -1.155579485029969 -0.6000958049591805 0.7049159376806888 0
0 0 -2.7537658806107057 0.9644680611621181 2.027925220498158 0
0 0 2.4334646892661036 2.09708586759614 0.7592769201159173 0
0 0 1.2785271363463329 -0.30724480192372083 1.981638056165631 0
0 0 -2.9570725756695095 2.1349787053769567 1.893229251045017 0
0 0 0.15838751351940106 2.060820300317114 1.0874061783632667 0
0 0 0.41583053104432066 2.055632151937547 0.7305929171326999 0
0 0 -1.7033141498419384 2.1189295120151455 0.6390238088419405 0
0 0 -1.3716365415562146 1.1740256158616145 0.44242353963896497 0
0 0 2.4132875118186377 2.1130435942613914 1.8121002481698953 0
0 0 -2.098081447345761 -0.556991302273413 1.6829418228369932 0
0 0 -2.1667664706153964 -0.5598785261815087 1.4384697237969397 0
0 0 2.233159643020106 -0.17348931411462476 1.9891902320506891 0
0 0 -2.9612196401305306 0.9495491410264245 0.4228142859414272 0
0 0 -1.9738790364150731 0.1747654924912646 1.9957135401036057 0
0 0 -1.7176262889204257 2.072315469608926 1.4720054179658546 0
0 0 0.31173372048447145 2.10084850115582 1.1729505434669556 0
0 0 -3.028266993051134 2.1217892009316723 0.5619509225745041 0
0 0 2.465803168128013 -0.6404153612266941 0.7260935957062518 0
0 0 1.9553498091944421 -0.540645597552522 2.0198883528544567 0
0 0 0.0021684567492852302 -0.33673970565994327 0.4193616591557425 0
0 0 -1.9902861693030858 0.3816986460848506 0.4081892375254773 0
0 0 1.4420939506954875 2.0947998981149647 1.7776691550546755 0
0 0 -1.931877970321169 -0.555089548292232 0.867463092935987 0
0 0 2.902463067706611 -0.6110626529699639 1.089782032145623 0
0 0 -0.7401902853922442 2.1134644783808403 1.4468267496147047 0
0 0 1.498594276383721 2.073288831997772 1.514693958239124 0
0 0 1.748365966830817 -0.6011131678725841 1.3487884657334406 0
0 0 2.062078806094531 2.1267081512132497 1.9573069079589274 0
0 0 -2.765292465607655 2.128088540652647 1.0664478078977755 0
0 0 -2.064979602850503 1.0013871559394147 2.0510842221130314 0
0 0 1.4837168856986738 1.0589618844933772 2.0176687406801794 0
0 0 -1.8336466858008955 1.083077656787417 0.42767752579565066 0
0 0 -0.033085592709382716 -0.526308499427127 1.9900738421324524 0
0 0 0.2951684566013113 -0.5726763537914987 0.5970927321836583 0
0 0 2.325190013180782 1.2833981177718885 0.41025807016410476 0
0 0 2.6793689592349903 0.7791338583275051 0.44183552443341423 0
0 0 2.1431182869425633 -0.5611077899177355 0.725029785602512 0
0 0 -0.08895455660523188 0.2567294759807143 0.4434575561268137 0
0 0 1.7618466159078219 -0.5608345864767861 0.6760179765766722 0
0 0 2.1585192675021796 -0.6190316344842701 0.7213910406739141 0
0 0 0.9746019236564214 -0.5984413539956721 1.7105396916954085 0
0 0 -2.550211337598376 -0.5670021610857021 1.3963792924558813 0
0 0 2.5228646146185243 1.5470780376638469 0.4877883527678243 0
0 0 -0.06341023879283014 1.804520936497038 0.4625642126223276 0
0 0 -1.5735890182495254 2.098392915208416 0.7607548936938178 0
0 0 -1.3082481923485838 1.958057075719304 0.41524802485698187 0
0 0 2.1717623630569918 2.147064980032723 0.856737101852047 0
0 0 -2.638781082348667 -0.639350268812672 1.5787998710694573 0
0 0 -1.071284862951996 2.0596119575965677 1.0791568967288792 0
0 0 1.538597585117155 2.112520756228878 1.7987861616272827 0
0 0 -3.1203666150339426 0.9865466775155121 0.42454592103256483 0
0 0 2.993064405145013 2.144162053387121 0.5540143898782071 0
0 0 -1.2734956706142995 1.0018356208956156 0.49064702778584535 0
0 0 -2.9515239413884125 -0.5822332204388274 0.8724348535295072 0
0 0 -1.869741200148306 0.056316627402539066 2.0245016068503268 0
0 0 2.417717065739984 1.4817702041365417 0.4478060568819683 0
0 0 -0.610993291346202 -0.6148287914153436 1.3019311761801347 0
0 0 -1.046571641752588 -0.3628469819451692 1.981145966695109 0
0 0 0.7697420360485006 0.7140180434130414 0.40553812384194887 0
0 0 0.17350074512159708 2.022616712028504 1.9852820490537928 0
0 0 -2.0185966494423555 -0.24206415756987765 0.41151062181602327 0
0 0 -1.951955830608507 0.702235580841615 0.4314778339001346 0
0 0 -1.442581182337331 -0.5771481637141944 1.5026345501233003 0
0 0 0.24046919514890064 -0.11933424166189177 0.4046890391310184 0
0 0 -1.7721851352951696 0.49066262223065404 1.954047694485713 0
0 0 2.941626655209782 0.2851208745432756 1.9846122978232779 0
0 0 -0.15016530137134243 1.7451608496135453 0.4136219550807567 0
0 0 -0.8430455436167867 0.5773738501482442 0.42246169404517975 0
0 0 -0.29978343273754504 -0.27101760587543655 0.4478882604561919 0
0 0 -0.1270763710690943 -0.17473932725522356 1.9949769778313229 0
0 0 -1.5829166247595947 -0.5725321092028495 1.4602457913748186 0
0 0 -0.6653089836491803 -0.6346780090720223 1.146937593224207 0
0 0 2.1985852381901623 -0.6212119662260354 1.8098381865045394 0
0 0 0.15540713967421915 1.5470735547703096 1.9738555352549088 0
0 0 0.35496437588689256 2.125042658070433 1.3086856217169611 0
0 0 1.6070983538207875 2.1087004607472135 1.995894872329506 0
0 0 -0.9192023838028254 0.0858116468094654 0.43181157583105434 0
0 0 -2.5271549195556395 -0.63934068714582 0.8416333096402893 0
0 0 1.5690282509163627 -0.5007954570983946 1.9660308344871957 0
0 0 -2.190856455424495 0.8081660107232433 2.0136377257390623 0
0 0 1.4084873522067092 2.1222958983370144 1.365508160045401 0
0 0 -1.112866763060584 2.0968975795131035 0.8196148952932346 0
0 0 -1.1084025640634456 0.7966741914805786 1.966259013679134 0
0 0 0.4472560771933427 -0.07768964318307658 1.9930317809429434 0
0 0 0.7603567008007901 -0.10243366068614257 1.9776261557651589 0
0 0 -0.3783819893738034 -0.45388665068295864 2.049085694889846 0
0 0 2.7580323330917 1.7822056102448818 2.0312193890019996 0
0 0 2.052073505819873 0.8348945130682921 0.46025160069884496 0
0 0 -1.5428639587495931 -0.5612097478844529 0.4643834080148421 0
0 0 1.686998073550673 0.8165590925156896 1.9836604662402348 0
0 0 -0.12053877507640376 2.1000960877323003 1.6064413496871544 0
0 0 -2.5199432661434003 1.0016737814474608 0.42153122347233785 0
0 0 1.4482539271513915 -0.6139353356433863 1.8020641950428702 0
0 0 0.7122564695939442 1.975910930898339 0.4358076156471834 0
0 0 -1.5417591470037553 0.19630135688874883 1.9607804035233398 0
0 0 1.6992078170481966 0.3568466946714093 0.4686989332087038 0
0 0 -2.188425711856347 0.8917136060283255 2.024588514887806 0
0 0 -2.620981412817909 -0.5792439709755697 0.5997120973060748 0
0 0 3.058554551466637 0.4530101614773481 0.4909336188635067 0
0 0 -2.4219410188172463 2.039182150688843 0.4244662873098406 0
0 0 0.13701873485262794 1.6633555220349765 0.4628560325278305 0
0 0 3.0824834763334454 -0.11247373917795866 2.005053977407737 0
0 0 1.1145959186216876 1.9409173420734305 0.48722888370759887 0
0 0 1.079343734254273 0.6053650857004265 1.967942734831241 0
0 0 1.6937874712134455 -0.11711649139368774 0.4922151931049277 0
0 0 -2.1720276534369 -0.62122164099163 1.238156751036759 0
0 0 1.688200391452913 -0.5928866906853674 0.8008404813766594 0
0 0 2.3628145003888887 1.8453735237975486 0.4433136450369001 0
0 0 -3.1306228145557595 0.04538604493279663 0.44789568042755834 0
0 0 -2.697042414629843 2.0534081106567896 1.7991800792848363 0
0 0 0.3515570674169046 -0.6307463362494852 1.6345816688279726 0
0 0 1.2127366725876145 2.0502923566877755 0.43934098342320205 0
0 0 2.490366837154662 -0.6146472929430877 0.6374157856720695 0
0 0 2.323951888806082 0.27139070519090625 0.4822240311806505 0
0 0 -2.674211381177198 -0.5516983737496106 1.5477823583479722 0
0 0 -1.5604811539425274 2.054400554781758 1.176164276727419 0
0 0 -0.1914396875385993 -0.6108177847463743 0.5710161057896657 0
0 0 -2.8959848830378903 1.3140425350734941 0.4190793371148812 0
0 0 -2.2608298917093332 -0.5703432865059455 1.7032473569715976 0
0 0 -1.3596481951690047 0.5937150709496111 0.4430859038116556 0
0 0 0.18291464704027183 0.5663730271805065 0.40965037326644715 0
0 0 -0.243532700780265 2.1217758849417914 0.6109361603901967 0
0 0 -1.0270940631978478 2.072822194863385 1.9646588531441849 0
0 0 2.7642049221010767 0.2566771096467818 0.44112777299732153 0
0 0 -2.4819788118508677 -0.603924579278035 1.3444143685149352 0
0 0 -2.0660267579074088 1.1067665311788117 0.449912030342413 0
0 0 -1.0995924462656408 1.455810191981629 0.46281137402821193 0
0 0 -0.31623715055344537 -0.6138513408467972 1.116215029030317 0
0 0 -0.2681830422716467 -0.23003425836655578 2.00180374322138 0
0 0 -1.3391278974698173 1.9259641208181095 2.0465443381450217 0
0 0 -1.518104836024323 2.072735627342475 1.8487780066258797 0
0 0 1.788088441026498 -0.3750411792087116 0.4772418337530535 0
0 0 1.046855933812421 -0.596904573506819 1.1982689786668703 0
0 0 2.5865767610372608 -0.32112570668644524 0.4663881362786858 0
0 0 -0.6679251948833 -0.5704969023401305 1.1120766837320324 0
0 0 0.02018556892005563 1.7981890132346845 1.964159588139355 0
0 0 1.7379827094895806 0.22607810191421607 0.41464922211837085 0
0 0 0.8165108601436524 1.5908909659608919 0.4158055839177057 0
0 0 1.4442483802437822 -0.5719107079671997 1.5476695613743219 0
0 0 -1.4212642537455045 -0.6446206263874903 2.024995862854361 0
0 0 -3.056489260038412 2.1280315872868725 1.7427634164964554 0
0 0 2.982282964831078 1.5887796964087786 2.007089397742825 0
0 0 -1.1198526266778912 0.5029880377267661 0.4608588270147689 0
0 0 -0.9403504223264618 2.061364627451034 1.0857236311166412 0
0 0 -0.31444430061676565 -0.3982466966733271 2.026097424407932 0
0 0 0.7058504202929181 -0.5563129026761902 0.9628569349989465 0
0 0 1.4758716421996372 -0.01672315140455094 0.4709163594737896 0
0 0 3.0147801927845963 1.009745448936402 2.0490887436095053 0
0 0 2.380428263622793 1.6688275758782918 2.025973861941077 0
0 0 -0.8638814290264887 -0.061909608149504414 1.9987818218388145 0
0 0 -2.370015217870577 1.2790819480873445 0.4860817307790235 0
0 0 -0.04804574462169375 1.6861160810999805 0.4682110448345982 0
0 0 0.49973294666500756 -0.6277502120949592 0.9562139164120748 0
0 0 -1.4096943788404164 2.132299031216052 2.018241792340655 0
0 0 -1.8518486448481868 0.09360284118632378 0.4826958961394493 0
0 0 -0.26200762096665775 0.47062205158365966 0.4768351930357335 0
0 0 2.394959132016095 -0.276411964583934 0.43208519004309875 0
0 0 0.6690093088506335 0.5417799236414136 0.44082574845924527 0
0 0 0.5368791905644161 -0.560821333244707 1.0207201898620062 0
0 0 -0.6247962742320103 0.035850885336690785 0.41150239669314614 0
0 0 1.936447946635174 0.1671094016943966 1.9873881610793038 0
0 0 2.707842814076127 -0.14282766397190105 2.0501474057175213 0
0 0 -2.447196040022871 0.14361285850347516 0.43851269045507457 0
0 0 -1.2025660582356617 -0.5711169765937831 0.8959817774600567 0
0 0 1.3770514283893887 0.1612563609250034 2.0174190447474922 0
0 0 1.1200595499754202 1.1967077369843575 0.48887267340782126 0
0 0 -2.5985726350521325 0.9297356725908472 1.9965479551554615 0
0 0 -3.1213809350877364 1.1527520198807575 0.48607343701837424 0
0 0 -1.3745287080519564 2.138636145485125 1.007773568201848 0
0 0 -1.9192678647649657 -0.5688363928725821 0.8312997101373977 0
0 0 0.18123123849659928 2.0894427807831706 1.8990532873959298 0
0 0 1.4254387433084812 0.8012995810069725 1.9787591376478093 0
0 0 1.1225251298617005 -0.3561276506959681 2.0306217603138244 0
0 0 0.8556041613699961 2.0554764416674827 0.80771407280482 0
0 0 0.5633858806891268 0.4317445871584573 0.42409249563124685 0
0 0 0.5183725581246263 -0.6396761309342316 0.6357453656445066 0
0 0 -2.192949238711347 1.702628835648951 1.9716502840766883 0
0 0 -0.39931794307906854 0.7106226245891971 1.9717816355542115 0
0 0 -0.8247621761616775 1.4517507087649537 1.9681310658731235 0
0 0 -0.9669277976108117 -0.5518825549401289 1.3392645955057767 0
0 0 -2.121024090593307 2.1423949247151386 1.570375632395623 0
0 0 0.7160765769791912 1.9261277348427936 0.4245441022406873 0
0 0 2.914099469705378 1.6546309493144407 1.9930267826487174 0
0 0 -0.2841824272752773 0.0807303642852939 2.025527412129118 0
0 0 0.3900735074289825 1.7441894562033038 2.046471996324542 0
0 0 2.551359145307476 -0.6080226468245711 1.8120406935674294 0
0 0 0.82997405829913 -0.4443322512680403 1.9964694714429652 0
0 0 -0.6442490203002897 -0.13999769646474047 2.04089014523231 0
0 0 -3.005924737765468 1.117307904943904 0.4073554600355098 0
0 0 2.897589469377259 0.5395478147012256 0.4031275510439525 0
0 0 2.072217500918196 -0.2844494384853238 0.441405096311805 0
0 0 -0.07520757002119849 -0.21125824573892305 0.4912176128434196 0
0 0 -1.189685665538133 -0.17471477832471993 1.9930454576893122 0
0 0 -2.7477231408518525 2.1277965296907464 1.5459444668968594 0
0 0 -0.40950930890854176 0.2414239785155965 1.9961599720406888 0
0 0 -2.3147435038216537 2.0866845834058307 1.0488075773337382 0
0 0 -1.9226716220711997 0.551487153348033 0.434891431201743 0
0 0 1.0556478538314265 -0.5522475623813587 0.9448680868916263 0
0 0 2.590286678782282 -0.5985640748121424 1.82350187623193 0
0 0 2.671121461209067 1.534094014090001 1.9652677092255377 0
0 0 -0.722065663912296 1.1295638154486451 0.47809661933410297 0
0 0 -2.586051327745303 0.7827231480839958 0.501394756377586 0
0 0 0.4155642125191341 0.3451579328654133 0.4721273022530046 0
0 0 1.0039437232800053 1.9325496143025795 1.9634831897519591 0
0 0 -1.6815399154055064 -0.2624770382299668 1.9596336717932217 0
0 0 0.10081478962011525 -0.5874343731005249 1.5981557201790175 0
0 0 1.9000297254608896 2.14915991918521 1.1335969110536792 0
0 0 2.71771480904515 2.1380963080289135 1.0360847287607142 0
0 0 1.5681160754842969 0.8559841685098957 2.0437193476083912 0
0 0 -1.7801244370006601 0.9533438881042078 0.4926209927992252 0
0 0 -2.784859387695235 2.067722056827382 0.9190115141846972 0
0 0 2.712091583480614 2.1274392864936837 1.6958137232644046 0
0 0 -1.048258932909775 1.3864909827849419 2.0339015730303496 0
0 0 -1.2860813779473954 0.35191335299116466 0.4303030375369672 0
0 0 -2.015418852573391 2.0775586308876344 0.4191208281422639 0
0 0 -2.796614088904407 0.24023322609559794 2.031144108556468 0
0 0 1.0561321700610664 0.4763472902728709 0.4500161749984122 0
0 0 -0.5442258590302784 -0.6306257841492056 1.3539876214561648 0
0 0 -1.854127981179935 -0.6473722659302963 1.3836518564721383 0
0 0 -1.1342982779169768 2.1302231351237886 0.45014423747598586 0
0 0 -0.012637619834090064 -0.195941730986825 0.463049488943552 0
0 0 -3.1264349792889186 -0.5980120265575366 1.4059201227083473 0
0 0 2.856600420228033 1.5996144567206863 0.4356435748652393 0
0 0 0.010292599439658101 2.1282459946795065 1.1624883932360275 0
0 0 -3.118958396598473 2.120106577616349 0.43037978693459134 0
0 0 0.49177629185350114 1.5318857117849316 0.4583336257373727 0
0 0 1.6360010660033906 -0.6232335693636495 2.0244706674452493 0
0 0 1.313124209747512 1.2447772434936908 1.9678336068951126 0
0 0 -1.1150113689757455 1.6072496515312615 2.003829570918601 0
0 0 -1.380243281146457 -0.5781271758104971 1.451849803927153 0
0 0 -1.2236717798701684 -0.6378591468341548 1.7195227700539137 0
0 0 1.2666175627238339 -0.6316199784471073 1.1921910770687394 0
0 0 2.5724089402739363 0.28263294567899866 0.4218317427824181 0
0 0 0.04830864473701579 2.1011235283782845 2.0058828753500935 0
0 0 1.7845086257667582 0.048971148682041776 0.4523580856324455 0
0 0 -1.9713458566234663 1.0997262224489512 2.0179115502412426 0
0 0 1.1290605495666481 2.072816454536401 0.7315711116607458 0
0 0 1.332629210884936 0.5904826971622323 0.4756079108801293 0
0 0 0.5386572377567291 2.080810096162827 1.4663642386197047 0
0 0 0.9005910232037966 1.9419150920895525 0.46525989949608393 0
0 0 2.5143880167564188 -0.4177617644515159 1.9728825280694586 0
0 0 -0.6929213069669444 0.40947254387886356 2.021661611572095 0
0 0 3.0400047207021874 1.508753532564074 2.0010693367411116 0
0 0 -1.5551573369422869 1.1705953869150567 0.4273962358652381 0
0 0 -0.6437429238193992 1.3935563396756474 1.962778476372679 0
0 0 -2.549899919955212 1.1729959863587556 1.9954562055549216 0
0 0 -2.8231179042379995 0.5466251430468987 0.43291087039395404 0
0 0 1.7862848982550563 -0.5667628482291025 1.2417056188140152 0
0 0 2.373916850076138 -0.5981491778416064 1.9549111911725428 0
0 0 -0.7647294310160868 0.8372051722094631 2.0221707916577905 0
0 0 -2.4803674780567104 -0.5915594443293433 1.3595697871170045 0
0 0 2.8713971446821294 2.1268758144673994 1.6683632963749246 0
0 0 -1.1518924854062809 -0.23381785081283069 0.45446565438569875 0
0 0 -1.6516124449256762 -0.4999882710674346 0.44624282631187073 0
0 0 -2.6141245903315222 1.3168147835989488 2.020215095564958 0
0 0 -0.4211360652949714 -0.5929689053615661 0.9290768019549279 0
0 0 -0.06407137155670828 2.1200656244824456 1.125389855099149 0
0 0 0.9371706375280544 0.6705573202502275 0.4942501149193421 0
0 0 2.7266700279517213 0.8874305042973294 1.977330379951891 0
0 0 0.7670743345169395 -0.6341058672217805 0.9183011701626137 0
0 0 1.663509167261866 1.397922956231928 2.04172431747411 0
0 0 -0.16713428736102953 0.2618520337022744 1.9687931928839735 0
0 0 1.1506352340570514 1.2213615766001422 1.980775449360137 0
0 0 -2.503894044053943 -0.5982028978529672 1.1023987121043417 0
0 0 -0.04029604910043183 1.8285645607599885 1.9891774434914158 0
0 0 -1.0309101308603283 0.21218888300740124 0.41256257376981764 0
0 0 -1.2109333526042745 -0.20463742797717033 0.4080710131120818 0
0 0 0.6920883473412784 -0.6051241803155538 2.0364962067526458 0
0 0 -2.2960012773095464 -0.17916429856650562 0.4779217666435026 0
0 0 2.5809892032604056 -0.10840308914788144 2.031145985210348 0
0 0 0.37010014966797833 0.9523847884864316 1.973417029264818 0
0 0 -2.237975562780904 0.5115078704423277 2.011284304447427 0
0 0 -2.7215583619315544 0.8588767040799414 1.9612127781417354 0
0 0 0.5915862080266794 0.700479475400243 0.45898788187424666 0
0 0 -1.230126147238123 0.18069068496277496 2.0025829871323095 0
0 0 2.9143226579971078 1.7235964814875888 0.4076566882713205 0
0 0 0.9534545436238551 0.44263180350490106 0.46039124125480957 0
0 0 0.9439517747130761 0.7558977903153772 0.44438806622934846 0
0 0 2.695347091684562 -0.6376762933819222 0.5041257274993557 0
0 0 2.9277919399854184 -0.5547228777201516 1.524777553939934 0
0 0 -3.1254395509030166 -0.6456523345928062 0.9973622663021223 0
0 0 -2.5482432140912166 -0.1932575267201897 0.4705159422720655 0
0 0 0.40812779610242256 2.130443234126228 0.8263406653435166 0
0 0 -0.1782911473444755 2.116155727794429 1.5485730064491847 0
0 0 1.0785293255589483 -0.5977086596950436 1.3052227612072818 0
0 0 -1.5656108424541857 1.9058872839424879 0.4630138368893535 0
0 0 -0.549513859092968 1.3950491574826396 0.4271738705331769 0
0 0 -2.3989065511416356 2.0677570830153504 1.783412527438857 0
0 0 0.6662901593190909 -0.605993165067793 0.8838214958692419 0
0 0 1.0661260532290946 1.404786419671282 1.9661873226042705 0
0 0 -0.20495222953937953 -0.41896516979080145 0.4652095638609356 0
0 0 -2.77213118704895 -0.6298204898260518 1.0965597725773115 0
0 0 2.010305004338208 -0.5520999001994755 1.5949368009961482 0
0 0 2.795512569271569 1.2337339379417127 0.4406977821072162 0
0 0 -1.5387409363553621 1.1813196126824603 2.00154749100561 0
0 0 -0.32246127204142416 0.5599393806018733 2.0412959001042603 0
0 0 -0.1665524289500362 1.645222945502354 0.40614778305966537 0
0 0 2.271583973706015 2.1031613247364174 1.7011641826784563 0
0 0 2.0348103518608767 0.7743983976546012 0.47279675345364347 0
0 0 1.8603798694898481 -0.6049601887809224 0.448040760951419 0
0 0 3.1082295956376766 -0.4150035630412432 0.46874391698906026 0
0 0 1.876742375628658 1.3659434875324232 1.9990287565005391 0
0 0 -3.1398190776907158 2.0176929130703947 0.4350806188381531 0
0 0 -1.6445086797025616 0.6543856827874972 2.029605627606388 0
0 0 0.04964889018646401 2.092240942445465 1.445653406216976 0
0 0 -1.313924781258666 1.5719017083373636 2.0060933750445242 0
0 0 0.2531211465721701 0.3749552162581139 0.4985916723986126 0
0 0 0.7368640100946307 1.2126904065816764 0.41446502677857755 0
0 0 -1.86539579965353 0.03637851394290825 0.4389092731195917 0
0 0 0.764860908832512 0.9370449039183206 0.4260441786611333 0
0 0 -0.5381893642898974 1.162776494416098 0.4930798353725161 0
0 0 0.39275950023243045 2.0710749448126533 0.6272695360480129 0
0 0 -0.5478970856665502 2.0907105919435347 0.4462939694259882 0
0 0 -0.606950704829063 0.1834431179581889 0.41696282695243303 0
0 0 0.46320735787203615 -0.5986785136426709 1.1469760504653759 0
0 0 -0.7811786023180809 1.727269071718659 0.4878933222099955 0
0 0 1.8181887140618747 1.0014590949712887 0.46040821817105804 0
0 0 0.34036779699207154 1.4932746446166913 0.48005470725004884 0
0 0 0.2143429952636411 -0.55313846064012 1.3342787619447438 0
0 0 -0.4912067597370742 1.922434445498186 2.003194348559796 0
0 0 0.7146792501360313 1.089391466810853 2.019658404607279 0
0 0 -0.5332380437224029 1.8571600727658513 2.022043238188877 0
0 0 -2.314467721655115 2.0661404218403994 1.594739305768551 0
0 0 0.34101963824935755 -0.6269205231875699 1.425601530521896 0
0 0 0.7025236971327988 -0.6032213496570911 1.4481671179125455 0
0 0 -1.6820442945678953 0.27388048922139785 0.49233773642582923 0
0 0 0.04314568306468747 0.7367495943072282 1.9551420699635056 0
0 0 2.476483377712124 2.0724912911361706 0.7003207722181111 0
0 0 -0.9242223929724744 0.8817581874324907 2.0399799672131693 0
0 0 -2.220677645376859 -0.31801801441563127 2.019917261233476 0
0 0 -2.004872424807581 -0.6116024768118276 1.2492118710112239 0
0 0 -1.9533573057213458 0.8737712609056485 2.0320320711929716 0
0 0 -1.2575484532325027 1.9264404233369243 0.49936244896818105 0
0 0 -2.8981380940185595 -0.578269109965702 1.1211916629647947 0
0 0 1.544852784896543 2.142167340530704 0.4394848483743212 0
0 0 -2.8155541332528906 1.8400628806240882 0.4994738855687417 0
0 0 -0.9917850973342013 2.0907598149825617 0.6001867639053144 0
0 0 2.713679997349172 2.0817244346897885 1.0277499984820841 0
0 0 1.3666545727782786 2.1157864328363316 1.8433726013480773 0
0 0 1.072774625568754 1.1681891495785004 1.9909203633764696 0
0 0 -0.6588230998853684 0.6030223973911317 1.9540874843071847 0
0 0 1.8633233482445881 -0.32912568418517485 0.4043031737087166 0
0 0 -2.2155477947622826 -0.23186200457515027 2.0456608211856526 0
0 0 -2.3876351511938743 1.4168195792632754 2.0341845333747455 0
0 0 2.9976996337369712 1.4902273537896031 2.0498518608222485 0
0 0 -1.5595956625392613 0.3202859158339125 0.46906588259061266 0
0 0 2.998551367408857 0.8038389940373842 0.46965126726113193 0
0 0 3.0022979132969514 -0.589205738974603 1.962396097793751 0
0 0 -0.3826645664585193 2.055847582826472 0.9034080628840409 0
0 0 -1.972595432703233 2.1019493280452846 1.3545710354806284 0
0 0 1.6531713584466248 0.6625012620309001 1.9936583653741284 0
0 0 0.7462547437419191 2.1233677052986204 1.3377852072302545 0
0 0 1.22413142578882 1.0003979510753775 0.42724195755249783 0
0 0 1.099961381296441 0.6999157773795557 0.4737326294507185 0
0 0 -0.5217878441843209 2.146961381062539 0.7429180956844175 0
0 0 -0.8992418192372735 -0.628962137543229 0.9372992583780274 0
0 0 -1.570450970516244 -0.624639082412848 2.0067083736594933 0
0 0 1.6917121045585652 -0.5913487265253625 1.9457260302699175 0
0 0 -2.958604768812549 0.8232639820788559 0.44229465405832635 0
0 0 -0.6333977406113358 -0.5699930640641231 1.8230452919700262 0
0 0 0.04051624094436512 0.18288040086756685 2.0265253825207616 0
0 0 2.2815090870130534 1.5822656547158547 0.42019681912818785 0
0 0 -0.1190302653267401 -0.04005405767817627 0.4339570632723654 0
0 0 2.023455709878112 2.13623242270733 0.6797541185916605 0
0 0 0.2220418197362224 0.09641548594069038 0.40985067139488307 0
0 0 -0.6465705055227313 0.27680073594068133 2.0417981119568065 0
0 0 -1.332767342273191 0.26848276387426795 2.0145390774317695 0
0 0 -0.31438872219228076 1.7757989007454709 2.03519537553496 0
0 0 2.4228203295150736 2.1425304184998866 1.1049929493262087 0
0 0 0.39652191051835173 -0.18192468111149096 0.49288188040085135 0
0 0 -1.7084528992506782 0.4458855501939635 0.49899995097721783 0
0 0 -0.8822839215154743 0.6243084496333886 0.49460295638210394 0
0 0 2.8023421377574547 0.15360143655869696 0.40652737966559205 0
0 0 2.6292230819005225 -0.6386161213147246 0.5266715145734093 0
0 0 -2.789803314170537 0.8032867274155806 0.4076671195436703 0
0 0 2.086791399039927 2.0496105561237945 1.981473077555406 0
0 0 1.4239586555368433 1.297484218541456 0.4760008896098663 0
0 0 1.1156025772812779 -0.5764993648067116 0.4217513875752372 0
0 0 1.7658959888842851 2.0780728754042945 0.5394750388439906 0
0 0 2.5715576246137193 -0.6018592587553071 1.676275808405387 0
0 0 -0.23829357484661884 2.0715012526903944 1.5234376328636003 0
0 0 0.6743140659360178 -0.2190379998350096 2.0443813868640026 0
0 0 -1.1020786440746426 0.8238357509816832 2.031984588985969 0
0 0 1.0586033745885315 1.8410789207195146 0.4986879763782358 0
0 0 -2.9332379174006453 1.0687534063661621 2.011343471983209 0
0 0 -2.3692740260057166 -0.06503966700765496 2.0528251675320313 0
0 0 1.8482070076430528 -0.4505637586632254 2.031389249551877 0
0 0 0.22998766031131312 -0.22855337335215253 2.0336551723663927 0
0 0 -0.7121290182506277 1.3087797418784588 2.049835378181727 0
0 0 0.31968677022161307 1.7944580713734555 2.0064537740225585 0
0 0 -1.6092168249769245 -0.5591076693375392 1.8622407146536415 0
0 0 2.568735332250758 -0.5923400769155946 1.1509074019061327 0
0 0 2.2400352472214635 -0.635962514738379 0.9836184758081442 0
0 0 -2.9667951929747023 0.15137823256479732 2.021278937248516 0
0 0 1.9433060139546345 1.4197777418194597 1.9653720195842883 0
0 0 -0.09204739968287878 1.2891966475989067 1.954978468898097 0
0 0 -2.616226558304371 -0.5500052206387864 1.8994203727406627 0
0 0 -3.108028328036215 -0.554431371493376 1.6068468424177622 0
0 0 0.16847727272343516 0.7145065629777907 2.045034031796844 0
0 0 -1.379732443458374 0.37471080098259735 1.9684988595589386 0
0 0 0.5824335590502545 2.123119420521096 1.756543847717397 0
0 0 -0.5570981014415968 -0.6253263444643962 0.9792294216284089 0
0 0 1.2843431152408131 -0.41090474851179004 2.0298714641825892 0
0 0 -2.2067481038762233 1.2765089572959503 2.0164402895616487 0
0 0 1.638876054200943 0.5291977000972374 1.9931867909546586 0
0 0 1.4638681246390162 -0.6447444686028581 1.590323433893929 0
0 0 -2.412309067145511 0.9404946225133568 0.4891744936963116 0
0 0 2.753007806474333 0.5443486033465796 0.4984016604221597 0
0 0 -1.9827586205661099 0.8572280906985905 0.40328790678157356 0
0 0 -0.8546140707932417 0.49056124608435847 1.9744627742001333 0
0 0 -1.80995821515896 1.2940492740625023 0.502963872387261 0
0 0 1.49404674934146 0.648882170171801 0.4432967891337002 0
0 0 0.2835071741864712 0.9514416523574469 0.46001190562314764 0
0 0 1.739061346609617 2.102537157746198 1.6442469408410538 0
0 0 -0.2967164915548932 1.964406320273503 0.47294235907347437 0
0 0 1.086431322443647 2.08110451147352 1.1985871656311313 0
0 0 0.6100578887871868 1.163030136274929 2.0010668342053224 0
0 0 1.522927172624212 2.1337317369717876 0.8467891023444288 0
0 0 -2.456349157412335 -0.6309029265930304 0.9925406247413133 0
0 0 -2.891911262095996 2.1266355589501806 0.866157997718996 0
0 0 0.22452917085074153 -0.5787284031692512 0.5230038461471322 0
0 0 1.5250746487148348 -0.6218853151516479 1.7038163318410964 0
0 0 -2.102202977582868 -0.4238164736420924 2.042534019674026 0
0 0 1.8250529231868198 1.742592996974641 0.4618666656178594 0
0 0 -1.2646976472674791 0.2276402412515408 1.974267869875602 0
0 0 0.49948108781266587 2.07677925084832 1.5493734560616308 0
0 0 1.312689387405488 1.7927609733102112 1.955002568512711 0
0 0 -0.6349305576001711 2.0966069807626084 0.8581759659552233 0
0 0 1.3795613615196398 -0.6280437053199925 0.7486984178433886 0
0 0 -3.0515191620136277 0.21369069654255934 0.40686483010829433 0
0 0 0.7745665584477495 2.147106391830949 0.515779134392712 0
0 0 -1.4067394633528092 -0.10462577867553247 1.9858259835027336 0
0 0 2.3535584963766825 1.9989611883236462 0.44574607025022994 0
0 0 -0.5553681030895254 2.062436834990108 1.3345020794863338 0
0 0 1.03063822523543 1.1213110766784584 1.9685740963422536 0
0 0 -2.740795605775695 -0.6165493627719363 0.50544936608507 0
0 0 1.5894322228516593 2.0648186982687324 1.2737941351027238 0
0 0 -1.484655169223806 1.4475186286611332 1.964731384444943 0
0 0 -1.911879026112906 -0.014335697269365566 2.011850016687429 0
0 0 1.1343145488978168 1.605397104921385 0.46834948141347055 0
0 0 2.4528884304767606 2.0161104090667754 0.47559980925570466 0
0 0 1.4436107529951157 0.3196776824675035 0.4369640095341887 0
0 0 -0.5006164045060557 -0.6429880463666089 1.0574922702681655 0
0 0 0.01924494350281547 1.2059365209059587 1.97533307826565 0
0 0 0.6621583512634643 -0.5971883672911469 2.016512619676284 0
0 0 2.0348887606944395 1.7475480679341249 2.0308512325261083 0
0 0 -1.505521365525192 0.9911975244164668 0.4840214938331454 0
0 0 1.7028353543775392 2.096604678872948 0.5951611747169712 0
0 0 -2.0712483849305396 2.121466119067449 0.8185389907336531 0
0 0 -0.5714172016367431 0.3838299438319447 2.015637699924009 0
0 0 0.4853932356551973 2.1008375762277556 0.9147012566339637 0

