0.042023182 -2.0224688 -0.1426042
-0.69217867 -2.6197486 -0.77515703
-2.6590247 -1.7208531 -0.04337539
-0.004314593 -1.1502937 -0.14843774
1.5737267 -2.4302144 -0.28160197
-2.5205688 -1.9409685 -0.19412561
-2.1321244 -1.9365044 -0.56928194
1.5460044 -1.6527337 -0.35457635
-3.103309 -2.4568222 -0.22131202
-1.161323 -1.8676302 -1.2304056
1.3654253 -2.2639031 -0.7480339
-0.18789871 -2.3342938 -0.44691882
-1.1410617 -1.4885626 -0.48997355
-2.770292 -2.4980948 -0.04653754
-1.5243647 -3.416202 0.006297665
0.97893983 -1.3997015 0.023884585
-1.1429064 -1.8111212 -0.35122582
-0.7745633 -1.7616718 -0.35553452
2.1051226 -2.253105 -0.6371129
0.030440364 -2.3523862 -0.15627275
0.5916432 -1.5626034 -0.47928593
-0.039016332 -2.9484901 -1.2927277
0.85002476 -1.5543677 0.40772182
-0.2833268 -1.9367238 -0.34749332
-3.1861863 -1.9293903 -0.14915799
0.29697272 -3.084429 -0.3349463
-2.8564708 -1.4897802 -0.33113816
-1.669223 -2.148556 -0.059426527
-1.2150947 -2.0987043 -0.5476509
-1.4318076 -3.05057 0.15306553
-2.8078847 -1.7015342 -0.18486835
-0.2931616 -1.8164779 -0.48822716
0.46974844 -3.608312 -0.47852653
-2.7469842 -2.3188748 -0.070116825
-0.5756909 -1.4095862 -0.12733391
0.042729855 -2.5978272 -0.008287217
-1.7776171 -1.875202 -0.62939703
-0.73675394 -3.1148045 -1.2957013
-1.2908705 -1.7826319 -0.35009354
-1.366556 -3.908652 -1.5710512
-0.089251585 -1.769203 -0.29861075
-2.5804956 -1.7387028 -0.23728643
-1.8686867 -1.196523 -0.14677848
-1.3618973 -2.1135218 -0.53221875
-0.60931504 -1.2718788 -0.32933143
-3.050729 -2.1275234 -0.22457354
-0.7941653 -2.8677278 -0.36370355
0.22835276 -3.3078723 -0.12576762
-1.3685311 -1.585482 -0.1873782
-1.0129764 -2.7759717 -0.27546373
-2.6762033 -2.4437885 -0.25311807
-2.8278668 -1.5769998 -0.41137972
-2.563093 -2.372605 -0.04329521
-0.9276519 -2.6056745 -1.074109
-1.2079922 -1.7781512 -0.22232689
-0.107547894 -2.3443258 -0.72890997
0.16527383 -2.3633237 -1.7137407
-1.9737688 -1.6335108 -0.54490817
-0.08226875 -4.3006544 -1.5405706
-2.3348029 -1.7881082 -0.84389395
0.5571376 -1.3454038 -0.056306414
-0.82664436 -2.4284985 -0.24871834
-0.027985811 -1.515988 -0.8373942
-1.7142687 -1.2645644 -0.6852212
0.25558802 -2.658155 -0.48880878
0.31287995 -1.9718343 -0.15386121
0.2572318 -2.432303 -0.6031939
-2.2240424 -2.1888838 -0.06328341
-0.5379278 -2.6119971 -0.24637306
-2.5572033 -1.8541224 -0.42671257
-2.038656 -2.5810509 -0.78831446
-1.322753 -1.0875639 -0.5987968
-0.5731339 -2.2505114 -0.2363659
-2.527982 -2.2379665 -0.16792883
-1.2065394 -2.6842601 -0.084041074
-0.008765118 -2.5978062 -0.43405148
0.29506478 -1.8704376 -0.11677868
-0.26231095 -3.6713157 -1.859432
0.28414482 -3.526516 -0.2666447
-1.2503669 -2.4763126 -1.3590462
-3.2811894 -1.8692542 -0.20798264
-0.16323029 -1.8342448 -0.43835667
-2.6713474 -1.8967489 -0.50592715
0.1465348 -2.0975947 -0.053557463
1.6588027 -3.1192703 -0.4902637
-2.8435216 -1.7982733 -0.33353776
-3.1526341 -2.0993721 -0.09843938
0.1680211 -2.1756902 -0.644275
0.7113718 -2.153619 0.26732513
-2.581431 -2.2051497 -0.7000979
-0.3692709 -1.5154371 -0.44615248
-0.7803703 -2.5745485 -0.9409639
-0.28819126 -2.2215438 -0.29338813
0.8744558 -1.9410919 -0.37664562
-0.9203332 -2.0689876 -0.3634722
1.8460242 -1.9301466 -0.8654048
1.1225909 -2.0858698 -0.47628757
-1.1786312 -2.4093082 0.25420308
-0.9250149 -2.3525088 -0.014917471
-2.2722127 -1.9230373 -0.4517024
-2.8178704 -1.5842632 -0.18618956
-1.1499907 -3.5312846 0.79267025
1.6236566 -2.1135619 0.0058103288
1.2690705 -2.5505602 -0.53089976
-2.7485008 -1.9770521 -0.22802655
-1.1849254 -1.0822109 -0.7384939
-0.8886749 -1.5573622 -0.3151562
0.7769862 -2.594179 -0.07070786
-0.25358313 -2.9753053 -0.51895225
0.7966962 -1.5149704 -0.015748229
-1.0636276 -1.4912329 -0.0786216
0.3447273 -2.164162 -0.3381445
-2.2555377 -1.0963032 -0.3447874
-2.726958 -2.0570693 -0.09907194
-1.5120021 -2.7588336 -0.2614517
-1.8462723 -1.8075856 -0.3303693
-0.106284775 -1.4360796 -0.12249715
-1.2041852 -2.0536993 -0.02921125
-2.4318967 -1.4659483 -0.24618573
0.05115348 -2.1023445 -0.8930401
-0.7597785 -1.9250823 0.35686207
-2.8018892 -1.9313399 -0.14920326
-0.077353135 -2.4887178 0.096411146
-1.4782113 -2.9926746 -0.00092101947
1.0826839 -1.8324633 0.37739882
-2.1605308 -3.912203 0.42536423
-0.2932206 -2.5759072 -1.5711054
-0.89608234 -2.2375078 -0.4299272
0.58728665 -1.4124154 -0.90763634
0.56465954 -1.4488877 0.004385727
-1.8679826 -1.8001052 -0.7140426
-3.1667936 -2.2277863 -0.056527622
-2.4950235 -1.5061293 -0.6160955
1.9281603 -2.2571647 0.31640428
-1.5945797 -2.7705922 -1.2526779
-0.9610351 -2.0529628 -0.45390147
-1.5137174 -2.1844954 -0.37376565
-2.1045854 -2.2914994 0.29309368
-2.0722778 -1.9323252 -0.51481014
-1.7783821 -2.3659801 -0.3524563
0.56193423 -1.4747436 -0.26165456
0.14525701 -2.5313106 0.04957315
-1.5917652 -2.947357 -1.2092744
-2.2231672 -2.2269137 -0.5014462
-2.54875 -2.079438 -0.24358456
-0.41296786 -2.7343404 -0.38618946
-1.6862916 -2.1037734 -0.58318895
-1.3928101 -1.2527161 -0.2858924
-0.19068204 -2.5475104 -0.12951152
-2.5975482 -2.7078698 0.057678226
-2.572736 -2.2276127 -0.6808315
1.8409872 -2.0837796 -0.22960763
-2.6303236 -1.679063 0.0028527805
0.5968135 -1.5216267 -0.47969636
-3.1188836 -2.1961296 -0.43496498
0.93185997 -2.7660422 -1.5193132
-2.927441 -1.4925643 -0.21622357
-0.92888147 -2.3747497 -0.39061442
-0.1933386 -2.1962466 0.0049538272
2.4416287 -2.533516 -0.5913805
-1.3707561 -1.791689 -0.5448734
-1.0529917 -3.3389103 -1.46107
1.8443587 -2.0277882 -0.012351317
-0.39455208 -2.622394 -0.39688125
-1.3290164 -2.42947 -0.5415536
-0.47463888 -2.0949078 -0.78432685
-2.1276736 -2.7463167 -0.99388695
0.9908659 -2.2600648 -0.60993445
-1.8326914 -2.2382934 -0.96978855
1.644391 -2.6492486 -0.61177355
1.0623833 -2.0659316 -0.46718946
-2.5995724 -2.1067739 -0.50381315
1.9142046 -1.5185254 -0.86162525
-1.9938937 -1.5237342 -0.4953814
-0.20141517 -2.7302303 -0.19869566
1.044154 -1.3367764 -1.0302302
-3.2670972 -1.9439267 -0.21773729
-0.51765335 -2.441675 -0.22651632
-2.8263242 -1.8416561 -0.34602982
-0.29794005 -3.2651937 -1.4592925
1.3356642 -1.4767723 -0.10321621
-0.99654305 -1.4141216 -0.7318324
0.21090794 -1.366443 -0.42512092
-3.0962355 -1.6828954 -0.32968622
-1.5461601 -2.4650695 -0.50537425
-2.4811327 -1.5694448 -0.054836567
-0.37710944 -1.9064003 0.019628193
-2.627769 -1.5325991 -0.25559977
-1.9729259 -2.561123 -0.29410166
-2.9710786 -2.0554044 -0.058641057
-0.98495877 -2.3246841 -0.25293568
1.122628 -1.513422 -0.32530704
0.64951277 -1.3221405 -0.6735068
2.244159 -2.740977 0.24920559
-1.5223645 -1.2383639 -0.123166524
-2.2158098 -2.8146312 -0.2732017
0.31905863 -2.3563726 -0.29653606
-0.90977603 -3.6185193 -1.6597319
-1.5802213 -1.7221329 -0.88253814
-2.7801063 -2.5457132 -0.5829887
-1.3963777 -2.044381 -0.38087252
-1.1877638 -1.1992664 0.18102379
-0.51083213 -0.8359437 -0.39323094
0.41477326 -2.226601 0.20336963
-1.6839188 -1.674317 -0.38953185
-1.7021122 -2.0489268 -0.167004
-0.70798653 -3.0022616 -0.28120634
-0.5813237 -1.4412804 -0.6038458
-2.4868033 -1.7317842 -0.22636355
0.26956075 -1.2712923 -0.0657583
-0.5664253 -2.962555 -1.5946639
-1.8659675 -1.8165807 -0.2228256
-2.0854828 -2.9292624 0.5842495
1.3010095 -1.7339633 -0.5526742
-2.527485 -2.2708688 -0.22377726
1.0551759 -2.6497483 0.02050078
-0.5567816 -2.457689 0.28091046
0.9095382 -2.1214378 -0.91798705
-1.8257351 -1.8373624 0.30549988
-1.3592689 -1.8454286 -0.44790784
0.85332143 -1.7874204 -0.15614775
1.2600063 -1.8969594 -0.37708583
0.18210681 -1.7136924 0.03463664
0.9720599 -2.0399518 -0.49643674
1.2043425 -2.0240874 -0.22363816
-3.0470052 -2.067984 -0.1439272
-1.566354 -1.4671279 -0.29035327
-2.754286 -1.9201292 -0.8050398
-0.9670391 -1.4560131 -0.17487942
-1.2052237 -2.5828938 0.60509855
-1.6387768 -1.3786993 -0.0026796844
-2.6324978 -2.0316298 -0.22233398
-2.4134252 -1.8685567 -0.24450813
-3.0562332 -1.6135979 -0.2309866
-2.378319 -2.4052384 -0.7880567
-0.98203045 -2.1001556 -0.26455435
1.0748718 -1.9751662 -0.24474527
-1.7784232 -2.0946953 -0.14633448
-0.46710142 -3.0791347 -0.9717935
-2.8523078 -1.8454399 -0.24566577
-0.06683213 -1.4945748 -0.094066754
0.83961505 -2.45051 -0.014733894
-2.8316443 -1.4413575 -0.22804733
0.14401194 -3.443954 -1.7679961
1.2741247 -3.5740602 -0.14250064
0.6924035 -2.2209477 -0.57446915
-1.332193 -3.2909737 -1.0304006
-1.0164279 -1.4768448 0.12921962
1.9979017 -2.1524587 -0.51918715
0.8466646 -1.8273505 -0.9855491
-0.60670346 -1.4131052 -0.47992247
-2.7495008 -1.8681586 -0.2224809
-2.2199016 -2.89222 -0.08334749
-1.6606952 -1.7197276 -0.12614684
-0.055975623 -2.0086255 -0.37921572
-0.849154 -2.0643916 -0.8961449
-1.9415357 -2.0648024 -0.7508184
-2.728281 -2.753601 0.06979542
-1.484649 -3.1256478 -0.076557465
-2.0489535 -2.4122462 -0.20172016
-3.0122273 -2.8823822 -0.087204255
0.8261557 -2.4501185 -0.56149036
-2.434425 -1.5728016 -0.1658776
0.93651706 -2.5565395 -0.38675144
-2.9280453 -1.5196463 -0.21172068
0.50846994 -1.6329411 -0.40950876
-0.31860813 -2.465143 0.06380723
-2.6973743 -1.5041982 -0.18759218
-1.2058443 -3.735159 -0.9605857
-2.0301454 -1.5194018 -0.70508206
-1.4036485 -2.9821792 -1.0752828
-0.74151593 -2.9926677 -1.2495447
-1.2557411 -2.4286401 -0.96903116
-0.95943975 -1.5090963 -0.28431237
1.0837415 -1.6913236 0.14940473
1.5403693 -1.7004274 -0.96345437
0.13335453 -2.0716116 0.114226066
-2.4823992 -2.160866 -0.64899063
-1.8331352 -1.788132 -0.50535303
0.8592952 -1.2421504 -0.977787
-1.9166118 -2.5921493 -0.7508189
1.230218 -2.6946564 0.1710753
0.6098115 -1.5941732 -0.57536453
1.4200726 -1.1087811 -0.7862038
-0.86482805 -2.5390313 0.057243112
-0.12934576 -1.4778534 -0.2008261
-2.3929012 -2.6487927 0.13401367
-2.4746146 -1.5360628 -0.34133825
-3.1034567 -1.5451381 -0.10480492
-1.8007834 -1.7255067 -0.31178004
-2.2673965 -1.9829835 -0.38879198
-0.54421026 -2.5878813 0.18553185
0.50959456 -2.8155427 -0.9344903
-0.55321884 -1.4152387 -0.6309206
-1.3812864 -2.432706 -0.526138
-1.0762054 -3.067618 0.19503735
-0.34324268 -1.0881115 -0.79554147
-2.2011204 -2.383207 -0.34275657
-3.085258 -1.8889574 -0.21121578
-1.8416349 -2.2616305 -0.047888495
-1.3606912 -2.6806674 -0.8611266
-3.0416563 -2.254409 -0.2833532
-0.48218423 -1.4298674 -0.3384058
-1.3418688 -2.6741672 -0.2736228
-3.112252 -2.1671705 0.056969862
-2.1220193 -2.6807058 0.07367685
-0.028483089 -1.3281244 0.14179316
-1.0833285 -2.4100373 -0.9065704
-2.715079 -1.7789632 -0.18909194
0.4063777 -3.3439424 -0.82968986
-0.34083483 -3.4225132 -0.33737758
-2.4375288 -1.5967001 -0.34970504
-1.3907298 -2.8398478 -0.29694787
-2.1975472 -2.0624483 -0.15191664
-2.2132587 -2.7053573 -0.78680235
-2.6369064 -2.4449248 -0.13384107
-1.7500428 -1.92062 0.13728017
-3.3704436 -2.173452 -0.14879008
-0.21104655 -2.3725836 -0.3502245
1.5308249 -2.1446407 -0.6591005
-2.7324111 -1.9838207 0.03709013
-0.21064162 -3.021809 -0.83391714
-0.0014813287 -2.5706635 -0.37022072
-1.682217 -4.2822466 -1.2428887
1.1287982 -2.239199 -0.22345039
0.23032205 -1.585215 -0.5238604
1.3989502 -2.4725308 -0.44212374
1.2716649 -2.5828302 0.27760115
-0.2806819 -1.6126884 -0.37758765
-1.3462023 -2.5809991 -0.048229624
-0.8938879 -2.4886477 0.050467372
1.7695045 -1.9854895 -0.87130994
-2.0820348 -2.4346197 -0.7821487
-1.3832763 -1.6719506 -0.6429609
-1.1510544 -2.5836046 -0.15604655
-0.13901018 -2.57993 -1.1254764
-0.7295184 -1.8938686 -0.93125135
-0.18790576 -2.8413656 -1.0611814
0.3757232 -1.5941416 -0.4743871
-1.1885937 -3.5317035 0.7147422
0.5338291 -1.4464368 -0.6084936
2.3838 -1.7554111 -0.83608586
0.28017324 -2.5079637 0.0033215284
-2.0586774 -1.6072496 -0.15547156
1.1510893 -3.2141855 -0.62410647
-2.7157733 -2.6523018 -0.19932222
-2.598087 -1.7777737 -0.18801339
-1.5641085 -1.2834393 -0.41302344
2.002384 -1.8106264 -0.6837764
-0.83505636 -2.7558277 -1.177883
-3.014654 -1.7042474 -0.22344431
-1.4248416 -2.0636935 -0.55765593
-1.7168586 -3.3990567 -0.7616518
-0.41567197 -1.6327549 -0.19673069
-1.4254576 -3.040258 -0.37617567
1.1684507 -2.162135 -0.2765384
-0.33608338 -2.0066311 -1.1285521
-2.7636793 -1.5900031 -0.40898243
1.4733185 -2.0134056 -0.3759214
-1.3258541 -1.1395996 -0.07393818
-2.3423727 -1.6596411 -0.26116726
-1.5077969 -1.9367639 -0.35369435
-0.9795204 -2.5199091 -0.15335299
-1.5455201 -1.7619566 -0.6645951
1.4858274 -1.4194392 -0.23649383
-2.968911 -1.5378621 -0.2555963
-0.34533256 -1.7538589 -0.18356064
-2.3141587 -2.2963758 -0.07226244
-1.7343038 -1.5215539 -0.5155004
-0.5135667 -1.3153217 -0.16989581
-0.8618714 -1.4901733 -0.07779832
0.42674223 -1.5564005 -0.55470186
-0.057159387 -0.9253039 -0.6762587
-1.4481924 -2.7623677 0.16437133
-3.0507572 -2.4207923 -0.31182143
-1.0611372 -1.9960985 -0.5451639
-2.9413812 -1.7508067 -0.24718828
-1.0505997 -2.8291073 -0.61898476
-1.9720821 -2.074889 -0.64785635
-1.1873753 -2.2539732 -0.3371244
1.7094281 -2.1667464 -0.1283706
-2.3705544 -1.4262532 -0.15048218
-0.4809823 -1.5326577 0.115949735
0.95565164 -2.6026804 -0.58457136
0.70721054 -1.9310901 -0.13421631
-0.067294054 -3.3114712 -1.5360948
-1.2873205 -1.676747 -0.41259113
-2.1575701 -2.4056933 0.0018509881
-0.19686985 -2.842963 -0.2856737
-0.9278666 -3.5883079 -1.5330448
-2.1451585 -1.815533 -0.36916193
-1.7497139 -2.3067448 -0.17277429
-2.5319045 -2.4174309 -0.2552362
-3.197571 -1.7511951 -0.17531873
-2.718301 -1.707091 -0.466408
0.35587803 -2.0071597 -0.7273921
-1.296819 -1.1352955 -0.22049007
-1.089408 -2.094779 -0.81461376
-2.4573581 -2.3741896 -0.030225907
-0.5922732 -3.0135586 -1.036645
1.4149866 -2.4681356 -0.35475856
-1.3870952 -2.7141397 0.006352629
-1.0438766 -3.0463784 -0.8478737
-0.828791 -1.7741627 -0.11581043
-0.44792277 -1.6010132 -0.13972485
1.8168886 -2.5989938 0.2972541
-0.15456012 -1.0273467 -0.6768108
0.9934636 -2.192346 -0.24999857
-1.6672075 -1.805972 -0.4275012
-0.773619 -2.3855135 -0.54334486
-2.700734 -1.6221944 -0.43654552
-1.3905277 -1.2878921 -0.12445207
-2.1075542 -2.6429143 -1.0746237
0.5752618 -2.8718083 -0.16033994
-2.7490623 -2.245397 -0.05846425
-2.6315114 -1.8667709 -0.3253273
-0.8249445 -1.3498403 -0.47064835
-0.35269904 -2.9485106 -1.4271251
-0.19670026 -1.5482047 0.28203735
0.14573291 -2.7308762 -0.27995452
-0.029493008 -2.3723426 -0.4598751
-0.53237873 -1.0850774 0.046506975
1.0395883 -2.460241 -0.35050672
-1.2036247 -1.8563225 -0.2400843
-0.40341863 -1.7782671 -0.13944906
-0.8447026 -2.6095169 -0.52531844
-0.6173364 -1.4996191 -0.1104126
-1.1025693 -1.6680472 -0.15108837
-3.0827734 -2.322021 -0.28947955
-1.3339924 -3.7124197 -1.1200181
-0.84256524 -3.3672807 -1.3440524
0.035805564 -2.2359672 -0.24348032
-0.744206 -2.0480545 -0.41734383
-2.5724247 -1.5931641 -0.3667403
-2.7407851 -2.3075397 -0.40719485
0.73795253 -1.352359 -0.38145438
-0.41490835 -1.234207 -0.40981176
-2.6590824 -1.7271129 -0.47783044
-1.0815042 -1.9205045 -0.949871
-1.3917822 -1.5126531 -0.04874799
-0.6900491 -3.6144578 -1.4315373
-1.6885738 -1.3144724 -0.4787864
-0.757502 -1.8248194 -0.24464574
-0.31830686 -1.1894808 -0.35625485
-2.2112908 -1.9152448 -0.0561296
-2.8096428 -2.011616 -0.09380204
-2.3821676 -1.4148046 -0.28542295
-0.91172 -2.3272107 -0.120308585
-0.9239572 -2.5063727 -0.29517263
-0.31794474 -2.097311 -0.46073478
-3.2294762 -2.1542299 -0.2699613
1.8116219 -1.5427921 -0.6853886
-1.8388364 -1.5327452 -0.5570384
0.26880017 -1.3184907 -0.49357232
-1.2211249 -2.8043563 -0.23203138
2.144449 -1.6527616 -0.4769735
-0.7430995 -1.9928873 -0.7341878
-3.0588822 -1.5605758 -0.25073218
-0.20571789 -2.6946132 -0.34289026
-0.8703111 -2.3769238 -0.68770295
-0.050832264 -1.6870403 -0.5697475
-1.2528156 -1.1102287 -0.27630863
-1.5777147 -2.409947 -1.3932654
0.07321853 -2.297516 -0.3814501
-2.9481213 -1.9633999 -0.47256878
-1.0695392 -2.8961837 -0.18138073
-0.9679243 -2.2996373 -0.53656834
-2.8209481 -1.7479637 -0.19416885
0.25245112 -1.7582397 -0.5510317
-1.0235288 -3.0091043 -1.5486971
-2.3778484 -1.5452483 0.052019376
-1.5263807 -1.6762933 -0.08808053
-0.9689935 -2.645593 -0.58933
-0.24443004 -2.1310513 -0.102799706
-2.768975 -1.6703663 -0.36657596
-0.66708094 -2.0589516 -0.35920662
-0.10908004 -2.5622134 -0.4279658
-3.0221398 -1.8061788 -0.31870666
-0.9137818 -1.4122959 -0.098885976
0.0992464 -2.1559396 0.056674156
-1.447354 -2.0843005 -0.32489833
0.94247 -1.5328052 -0.12731774
-2.83162 -1.8439728 -0.18292342
-2.7275112 -2.4136825 -0.6011843
-2.8132603 -1.7073219 -0.41404024
-1.4965502 -1.3936628 -0.26147753
-0.26077566 -1.2389156 0.368718
-1.8148441 -1.6051661 -0.03752702
-1.2390594 -1.6204938 -0.7887443
-2.2673392 -1.6977884 -0.35908034
0.11985421 -1.6736401 -0.7439167
-0.98929435 -3.5525615 -0.056591246
1.113653 -1.9098718 -0.23222089
1.4003695 -2.895631 0.16973516
-0.35109046 -3.185373 -0.05210497
-2.4351351 -1.8046865 -0.17688426
-1.0191482 -3.954851 -2.0264823
0.04863737 -1.4556754 -0.09739343
-2.514543 -2.1362684 -0.22116347
-1.2048903 -3.2545135 0.12593774
-0.19935337 -0.9344095 -0.21615195
2.3963196 -2.118398 -0.5197453
0.87274027 -1.076353 -0.25371534
-1.0746734 -2.9605968 0.009935839
-1.7117008 -1.4608414 -0.6401178
-0.7078708 -1.8561689 -0.4514606
-0.8665962 -1.0282291 -0.8379343
0.44877952 -2.6384304 -0.506723
-1.2860775 -1.6255614 -0.4679742
-0.30012438 -2.4993174 -0.22738643
0.727393 -1.7041035 -0.07332838
-0.86746514 -2.066457 0.092742585
0.61727035 -2.6899178 0.021389825
-1.1794784 -1.2791077 0.13495263
1.9267976 -2.285317 -0.2349969
-1.5694517 -1.4304625 -0.4815515
-3.0088363 -1.634139 -0.14960882
-1.5185903 -1.3497045 0.041093457
-0.7780364 -2.6446555 -0.024577161
-3.0674057 -1.9583795 -0.059444048
-0.24932416 -3.3456302 -1.2913591
-0.2843883 -2.6676843 -0.5151346
-2.9846387 -1.7126473 -0.46724814
0.15600713 -3.059862 0.012471246
1.6086786 -2.5277247 -0.4180849
-0.4101828 -2.9238586 0.39855117
-3.1627984 -2.1960368 -0.05097403
1.9995873 -1.5885756 -0.7391871
-2.8980505 -2.049268 -0.24806081
-2.8352516 -1.8341006 -0.16235402
-0.017086668 -2.3318558 -0.59054583
-2.0381634 -2.970793 -0.44360262
0.61133766 -1.9393384 0.24053216
-1.9896921 -2.048477 0.13923892
0.7721386 -1.0361865 -0.7214414
1.6733646 -2.0059774 -0.4318518
-2.3104463 -1.4978123 -0.059824042
-1.7061243 -2.1119802 -0.6284237
-1.4981326 -2.665653 -0.26250267
-1.0091697 -2.0510635 -0.4214763
0.8620256 -1.9431037 -0.5435118
0.20499304 -2.319146 0.20634855
-1.3597517 -1.8814402 -0.92235607
-1.8638357 -3.2640343 0.25680122
0.3256739 -1.9253271 -0.29568857
-0.6592792 -2.4170575 0.3184136
-0.1795232 -2.454901 -0.6652008
-0.019434316 -2.3835373 -0.3087977
-2.3273911 -1.616946 -0.41553417
-1.8390001 -2.2859533 -0.36207992
-2.3174489 -1.8737707 -0.18316542
-0.77374285 -2.5917854 -1.3741112
-2.3592718 -1.4083487 -0.24357136
-2.4234965 -3.0269182 0.029748496
0.6453509 -1.4714746 -0.52645177
-1.6188017 -2.4685462 -0.25918967
-3.0754948 -1.9532386 -0.31930408
-2.9141088 -1.4828193 -0.17044993
-2.7795527 -2.6804638 -0.22514775
-1.9462827 -3.4230247 -0.6932283
-1.1110739 -1.7028015 -0.6755382
-2.6417527 -1.8119037 -0.29944533
-0.22308776 -3.1567657 -1.5659047
-1.3373216 -1.0372509 -0.16612244
-1.0342982 -2.2707129 -0.24557851
0.18230678 -2.1419432 -0.5720587
-0.23340042 -2.513088 -0.55106556
-1.8329229 -2.4554992 -0.8962707
0.6646236 -1.5546283 -0.1938792
-0.29659396 -2.0215657 -0.45201343
-1.5208242 -1.74718 -0.09589964
-0.8916473 -1.1180302 -0.21547267
-0.40706202 -1.1840221 0.19526851
-0.26329184 -2.347367 -0.47591832
-2.5828688 -1.9050767 -0.66107655
-0.6082246 -2.2010496 -0.868597
-1.2788229 -1.756006 -0.70062256
-1.340582 -2.6472647 -0.1690763
-1.6753986 -1.474775 -0.45128068
-1.7238411 -2.141477 -0.56913644
0.1972146 -2.0672078 -0.54272157
-1.0879885 -2.1209295 -0.38517004
1.1559774 -2.4887938 0.008250066
0.15890859 -1.3673 -0.047588255
-1.0904664 -2.8072608 -0.427311
0.60040474 -1.1739187 -0.3114043
0.6298642 -3.3648381 0.17542446
0.73547226 -2.6164246 -0.38438973
1.3426903 -1.7473551 -0.7017728
-3.0551317 -1.8224438 -0.10032236
1.0881059 -2.5326307 0.55864114
-0.15099666 -2.3056262 -0.5091136
-2.7234886 -1.7882531 -0.3376157
-1.9313927 -1.4282053 -0.084663026
-0.60566133 -3.2209136 0.086152
-2.038051 -2.9929955 -0.31693652
-0.8909275 -2.725663 -0.36109844
-0.5991531 -2.978964 -0.30948374
-2.4416358 -1.9745067 -0.28538114
-3.166801 -1.7237766 -0.1934133
-2.3540962 -1.7013141 -0.1278513
1.6940029 -2.0582306 -0.44179153
-1.4283158 -2.0994706 -0.59133965
-2.566669 -1.6252005 0.012404689
0.3649981 -2.482755 -0.28494793
0.13696691 -1.6827728 -0.57971567
-3.009463 -1.7593352 -0.26772052
-2.0844915 -2.435095 0.07291239
2.1546948 -2.6393209 -0.23506248
-1.0572401 -3.3701854 0.17336167
-0.5941688 -2.6246667 -1.047459
-1.1714661 -1.903411 -0.30450732
-0.6495575 -3.9582245 -1.1665534
-1.8776604 -1.9454662 -0.17836009
-3.121284 -1.6366984 -0.19505538
-2.6549957 -1.7900021 0.0054886853
-0.82727593 -1.4738218 -0.32787347
-1.464164 -1.8999138 -0.50224054
1.138951 -2.4948726 0.32790264
-1.0853913 -2.2822254 0.10580945
-1.5934073 -2.3306808 -0.33449057
-0.0723994 -3.0041592 -1.6735852
-1.6061394 -2.3630407 -0.17341661
-1.4231783 -3.6021254 -1.600829
-1.1054695 -2.48842 -1.0398649
-1.9952687 -2.2576692 -0.47010288
-1.8123351 -1.5442473 -0.031469196
-1.6975543 -1.8014555 -0.30906036
0.44119793 -2.2831292 -0.33837298
-0.60812706 -1.6420643 -0.10714861
-2.3203018 -1.7382479 -0.5614064
-0.49300322 -1.40017 -0.15461268
-0.367073 -2.0305922 -0.5366276
-0.22527862 -1.1575998 -1.0496517
-1.5850315 -3.0066628 -1.1709253
-2.577228 -1.981562 -0.58491355
-2.7349358 -2.542062 -0.09625763
2.4678826 -4.260926 -0.025500974
0.95250213 -1.3628914 -0.533981
-2.743238 -2.1062012 -0.52290195
1.2263649 -2.1494462 -0.018662741
-2.766762 -2.7927012 -0.05459124
-2.046619 -2.032063 -0.63143635
-0.38178116 -2.239424 -0.82744944
0.7861791 -2.1211703 -0.40126118
-0.3250635 -3.8816326 -1.8099033
-0.678295 -2.7771344 -0.6804413
-2.46812 -1.5397799 -0.059492104
-2.4832835 -3.2726395 0.20830598
-1.2524041 -3.0393558 -0.71982205
-2.1228275 -1.7914625 -0.035385277
-2.012623 -1.4720987 -0.6150643
0.05223584 -1.9418982 -0.26962292
-1.974662 -2.2782276 -0.56518984
-1.808382 -1.8194476 -0.5618806
-1.451436 -1.8304493 -0.48603553
-0.79620117 -2.509042 -0.17175487
1.068383 -1.6776594 -0.47869396
-1.64848 -1.976277 -0.19841066
-2.404824 -1.7430534 -0.33070087
-1.3988036 -1.6189989 -0.29126507
0.5216012 -2.1436546 -0.6273766
-0.39318433 -1.6073195 -0.43558273
-1.9530838 -2.2902706 -0.3972983
1.2950312 -1.9615468 -0.5627863
0.044906456 -1.2411939 -0.28807545
-2.564585 -1.6234477 -0.16754794
-2.196616 -1.6577483 -0.14206801
-0.6049083 -2.6543994 0.046814937
-0.23398328 -1.6991434 -0.22821967
-1.3397449 -1.8555182 -0.6763157
-0.5368754 -1.7756566 -0.27991167
-0.25594068 -2.3453896 -1.3759917
1.0458392 -2.3304095 -0.25705382
0.80029625 -1.7857192 -0.88582736
-0.20047852 -2.590513 0.30956826
-1.7621139 -3.5205138 -0.8073183
-1.6681794 -2.5269258 -0.4061002
-0.8554167 -1.5884329 -0.2978256
1.2629546 -2.064913 -0.63360375
-1.5527585 -3.1236188 -0.7039606
-2.95165 -1.7375809 -0.23187117
0.96901894 -1.6288223 -0.6988572
0.035102163 -1.5814676 -0.5437728
-3.311219 -1.983661 -0.054528177
-1.9781885 -1.5118922 -0.118998155
-0.91213024 -2.5411766 -1.1182798
-2.5035949 -1.7259694 -0.50713766
-0.9158875 -2.411101 -0.5391624
-2.8787167 -2.1350784 -0.5620137
-0.7035049 -2.9131382 -0.13092105
-2.582197 -1.515052 -0.39382833
-0.99716485 -2.8885307 -0.5151197
-1.6216153 -2.4522932 -0.22880837
0.6252429 -1.7609354 -0.30405417
-2.998144 -2.2331493 -0.1378181
0.42287284 -1.7365639 -0.5800355
-1.1726009 -1.8715204 -0.667111
-1.8348124 -1.6456902 -0.18849535
1.1194108 -1.3539276 -0.47815377
-2.355003 -2.3711314 0.36882353
-0.5201108 -1.9543213 -0.3490538
-1.942763 -2.5120142 -0.24376054
-1.5975906 -1.6615366 -0.31816378
-2.1767638 -1.863964 -0.15889695
1.330067 -2.2301493 -0.30987835
-1.0533313 -2.6692922 -0.11134104
-2.6194453 -1.8195554 -0.4735976
-0.6763833 -3.0606906 0.61514944
-2.825663 -2.1800911 -0.4938802
1.7123194 -2.196215 0.20937146
-1.2563082 -2.196045 -0.32549217
-0.70876896 -2.2816017 -0.028089702
-2.1010578 -1.9303366 -0.12680802
-2.6559587 -1.5496899 -0.23749027
-2.2695456 -2.2089303 -0.7637519
-0.04055139 -2.9542506 -0.008335079
-2.8932889 -1.5359383 -0.19673082
-2.0838006 -2.0213795 -0.2921606
-0.46462628 -2.331857 -0.83749884
0.61375135 -1.867936 -0.35888842
-0.79181564 -2.539325 0.1742883
1.049386 -2.3115354 0.113966264
-1.5034298 -1.7122215 -0.17251062
-2.1836927 -1.3534403 -0.344291
-0.9100488 -1.5070105 -0.151502
-2.9226005 -1.6014807 -0.20766215
0.72680986 -2.8919005 0.24186592
-3.35115 -2.0458412 -0.16623558
-3.3859468 -2.220585 -0.26416755
-2.9800584 -1.529889 -0.24816895
1.8760383 -1.5139493 -0.15360972
-0.490385 -2.251983 -1.2361635
-2.4499288 -1.7511823 -0.3334933
-2.3288083 -1.6918954 -0.22300564
-0.39576274 -2.9256878 -0.48796034
0.184682 -2.1237621 -0.66051835
-0.90247905 -2.6490998 -0.08216961
-1.1450492 -3.3201833 -0.9238252
-1.4623077 -3.3085995 0.12949297
0.29883662 -2.125717 -0.33749261
-2.1727612 -2.28544 -0.11670435
-0.024826186 -1.7927269 -0.22587146
-0.51048803 -1.5611022 -0.07953995
-3.0255013 -1.9220705 -0.068108745
0.56985086 -2.3678267 -0.6477157
-0.89249325 -2.8243217 0.040829387
-1.2278922 -1.730153 -0.036190722
-0.0033480476 -3.180244 -0.13348639
-2.4810796 -2.0699084 -0.6778203
0.63115174 -1.8679739 0.20846261
-0.9437007 -3.2597191 -0.8956111
-1.3152605 -1.9870198 -0.8278715
-2.5673122 -2.2041373 -0.19421771
-0.22029789 -1.7962801 -0.68124783
-2.7014787 -2.1331055 -0.26598468
-0.92872363 -1.7627798 -0.06993338
-1.6435707 -2.7258763 -0.8290348
0.35766405 -2.746988 -1.1766084
-1.375509 -2.2382739 -0.18530557
-2.318403 -1.7888591 -0.53453404
-3.1373537 -2.0164082 -0.34762257
-1.5125549 -1.890578 -0.28054303
-3.2444322 -1.8603715 -0.31328037
-0.08825374 -2.5927234 -0.25935167
-1.3961229 -1.886054 -0.5365136
0.0019423111 -2.0510185 -0.79046
-2.2598288 -1.5301262 -0.15827836
-0.13436815 -2.029908 -0.6241463
-0.10761946 -1.8108854 -0.596686
-2.7438009 -2.026361 -0.5946962
-0.1052444 -1.0658165 -0.8813941
1.3718596 -0.981437 -1.3164237
-0.10573684 -2.0202253 0.45579538
-2.5860457 -2.1558497 -0.16740935
-2.4793925 -1.6476628 -0.45836207
-1.008422 -1.8111731 -0.669058
-0.6554678 -3.21034 0.28773758
-1.4193532 -1.9380659 -0.0015980729
-1.0929939 -1.7348186 -0.52081007
-0.8171019 -2.3134983 -0.37424102
-2.2069678 -1.9452108 -0.28108448
0.83459103 -2.6251009 -0.6851119
-1.8288004 -2.5119781 -0.24410383
1.9582272 -1.9751699 -1.1122607
-3.0407364 -2.1491313 -0.1898831
-2.415873 -1.4357649 -0.40516573
-2.5083554 -1.8589505 -0.33508396
-1.124678 -1.1942165 -0.15478976
1.5926962 -2.1143804 -0.11319915
-2.6730802 -2.4958777 -0.16327491
-0.7449096 -1.9823672 -0.33894685
-0.8574418 -2.9882321 -1.3037039
1.7378577 -1.8113068 -0.8688958
-2.4603267 -2.4076092 -0.36832997
1.1749012 -1.3497795 -1.0296371
-0.13744368 -1.7006264 0.095472395
-0.5762247 -2.8138747 0.45036998
0.9882069 -2.209393 -0.30053046
-0.6285929 -1.6330436 -0.4304649
-1.8797423 -1.7632587 -0.3545285
-1.226533 -2.270637 -0.9593272
-0.8044761 -2.0395133 -0.57397926
0.1659733 -2.1064954 -0.29595035
-1.5257789 -3.0881858 -0.25624463
-2.6848865 -1.4878184 -0.22152817
-2.955727 -1.8588326 -0.24306034
-1.9686619 -1.4581369 -0.6098356
-1.9519672 -2.2098885 -0.21831639
1.0853004 -1.4409926 -0.40497747
-0.60237736 -1.8780183 0.085420236
-1.2553967 -1.9105614 -0.07078937
-0.9308103 -1.2822102 -0.28493914
-2.600621 -2.3909366 -0.55280024
-1.8054485 -2.1331372 -0.81692076
-2.674223 -2.0876634 -0.35253018
-0.4844208 -2.3060136 -0.38037258
-0.40953943 -0.9726159 0.0011050531
-2.0380154 -4.0457187 -0.3785686
-1.7039406 -1.4842378 -0.3645906
-0.4604829 -1.09529 -0.035766225
1.4174745 -1.4186242 -0.5873869
-3.0824628 -2.2392025 -0.36809605
-1.4197909 -1.7692963 -0.24485476
0.6085765 -2.191239 -0.5911041
-2.415894 -2.7089658 -0.21352887
-0.7789448 -1.4775308 -0.17256744
-2.8702319 -1.9792811 -0.46832544
-1.1507413 -3.233482 0.22840586
-0.83162147 -1.5007479 0.1932161
0.47888097 -2.7362878 -0.13165888
-2.5386665 -2.3037207 -0.054809667
-2.00936 -2.3180406 -0.76634115
-2.4603431 -1.5417725 -0.06245809
-1.3402857 -1.2483155 -0.24515809
-1.3515089 -1.3268483 -0.13705865
-1.928765 -2.2472281 0.0211575
-2.2969284 -2.2045963 -0.098408535
-1.832959 -2.4434521 -0.11498953
-0.4779394 -3.572495 -1.8170345
-1.075504 -1.7018279 -0.67282265
-3.1377652 -1.8826371 -0.36478633
-1.1696945 -2.5432124 -0.1510171
0.44910452 -2.0250134 0.08305553
0.107225105 -1.9094454 -0.8278746
-1.4170395 -1.1530541 0.09442888
0.64220256 -3.4186902 -0.14568974
-0.44423437 -3.1285915 -0.63106054
-2.0690038 -2.0903757 -0.40102482
-1.0943259 -2.82305 -0.5790401
-2.1087816 -1.5821359 -0.151646
-0.8112936 -2.5993125 -1.2793548
0.34979206 -2.285147 -0.3020186
-2.2524524 -1.2531507 -0.27203077
-0.8401743 -2.1314156 -0.5225516
-0.57536477 -1.2044122 -0.44894218
-2.9882824 -2.0580676 -0.18839824
-2.1400845 -1.5384667 -0.13487415
1.9393483 -2.8282301 0.002425943
-2.1630452 -1.1756266 -0.38277793
0.40865827 -1.9409364 0.006561973
-2.7526643 -1.9792119 -0.07358531
-1.5803244 -2.1003997 -0.73443574
-0.5063539 -3.0994327 -1.1146055
0.03325861 -2.284322 -0.30597043
-0.11913325 -2.5732434 0.30526614
-1.9785825 -1.7183845 -0.15212901
-1.3904552 -1.6511842 -0.59487617
-1.5339973 -2.82651 -0.5641224
-0.42032292 -2.56908 -1.5688822
-1.1673619 -2.9559054 -0.0008539813
-2.0022025 -2.9495528 -1.0591024
-1.6592152 -2.1261332 -0.441297
0.25496772 -1.4475386 -0.32322332
-0.5401246 -3.0284932 0.1920668
-2.610267 -1.6164199 -0.36134943
-1.3256874 -2.7135162 -0.034499776
-3.0284114 -2.2467544 0.19722472
0.7587667 -2.6015065 -0.92236865
-0.66994053 -2.0876737 0.13096578
-1.4920709 -1.0647097 -0.21256253
-2.125374 -3.1705415 -1.10363
-0.361614 -1.8914492 -0.36685738
-3.135597 -1.7068768 -0.17915939
-1.6880575 -2.0361977 -0.3091845
-3.072478 -1.9523674 -0.27986267
-2.56741 -2.0686095 -0.36662313
-0.047076635 -2.4389992 -0.7810167
-3.1754804 -1.7703831 -0.19433363
-2.597126 -1.4830366 -0.35149273
-3.4847035 -2.1687725 -0.092827864
-2.900999 -1.8276083 -0.443624
-2.0102797 -1.5690092 -0.23701939
1.8965397 -2.3291264 -0.66504055
-2.4153314 -1.5888121 -0.324752
0.90438503 -1.7933242 -0.44895893
-1.4499084 -2.639974 -1.4412142
-1.942076 -1.4804217 -0.30041575
-2.6378767 -1.9574085 -0.4305081
-0.8327927 -2.8298705 -0.63561785
-0.18151069 -2.6507409 -0.075049214
-1.4544258 -1.210847 -0.14245872
-0.8130635 -3.0926573 -0.97160244
-2.8439808 -1.8624809 -0.2910398
-1.2885926 -2.3936882 -0.7133466
-2.676148 -1.8191087 -0.044419825
-0.2708914 -1.3069013 -0.67479575
1.4012419 -1.5444472 -0.84781414
0.0836074 -2.1736114 -0.57471687
-1.9891206 -2.0353723 -0.3128651
-1.2177913 -1.9278753 -0.2164103
-2.2873592 -2.6148531 -0.11048283
0.09481442 -2.7317426 -0.11156943
-2.7218776 -1.467795 -0.47267023
0.6225835 -1.6021584 -0.10789685
-3.082874 -2.2220116 -0.31327343
1.0178158 -2.5109735 -0.09079186
0.52022207 -3.3630273 -2.0108883
0.11396704 -2.4910042 -0.01851659
-2.839935 -1.9077845 -0.11033501
1.5125037 -1.9742966 -0.84608966
-1.0001696 -0.9415354 -0.8253664
-1.8920915 -1.7146558 -0.20303403
-1.7362334 -2.9135468 -0.16252792
-2.1544342 -2.2333922 -0.49727488
-0.638302 -1.7111037 -0.71845514
-1.3644905 -2.5584466 -0.99272174
-2.233154 -2.3875616 -0.88823164
-1.4618956 -3.608418 -1.294763
1.147108 -1.7429945 -0.5280102
-0.76928395 -1.2447516 -0.10487252
-1.0615988 -2.3835595 0.024056962
-1.1552773 -2.1926248 -0.32994857
-2.9250696 -1.8943517 -0.1288947
0.9882463 -1.8448974 0.107632056
0.45483917 -2.9401982 0.1668708
1.6886748 -2.1918588 -0.079421386
-3.1203752 -1.846851 -0.14926147
-2.8149307 -2.7389352 0.09721281
-1.6956266 -1.9511783 -0.7814141
-1.1875929 -1.8429136 -0.38742623
-0.2104899 -1.6566284 0.030715449
-1.8085066 -2.6091435 -0.3031948
0.130463 -1.842575 -0.5076917
-0.3025848 -2.3795052 -0.5247751
-1.1686031 -4.4793024 -1.2509632
-0.99712765 -2.794302 -0.90984184
-2.6683137 -2.780332 -0.35563126
1.2594389 -3.2349982 -0.33428338
-2.907837 -1.7664729 -0.28821257
-0.9013547 -1.5215284 -0.27103955
-2.207403 -2.0362325 -0.4614531
-0.68323654 -1.7919359 -0.93879324
-1.8845774 -1.9143504 -0.4142553
-2.7174766 -2.0997336 -0.12915018
1.4218763 -2.2661827 -0.20928645
-2.9729106 -1.968622 -0.21760456
-2.8448672 -1.8540484 -0.4405826
-1.3128215 -1.3342669 -0.108700976
-1.2232438 -1.9092395 -0.0034703868
-2.8749423 -2.1337645 -0.003498418
-1.0399698 -2.3199296 -0.6981537
-1.4401424 -1.5185349 -0.8039946
-0.2707509 -2.536998 -0.11243685
-1.2310469 -1.1413275 -0.7685116
-3.1172833 -2.20349 -0.5076426
0.07123721 -1.3894424 -0.47863626
-2.306645 -1.5228759 -0.11595888
-3.094272 -2.082689 -0.23034182
-0.4500681 -1.7329953 0.1304987
0.30405703 -1.4530412 -0.28990084
-2.7605913 -1.9344763 -0.059972644
-2.690276 -2.0246272 -0.49561813
-1.0242387 -2.4400666 -0.24050038
-2.7571428 -1.7056453 -0.1615548
0.065060005 -2.3690057 -0.467334
-2.2388625 -1.6227983 -0.75318897
-2.2685483 -2.6351597 -0.1816188
-2.810632 -2.0270028 -0.09406755
-0.17958905 -2.5311236 -0.58278376
1.3022308 -2.4650931 -0.7908257
-0.8367801 -1.6437763 -0.24839623
1.0575247 -2.585829 0.10267246
-1.6978495 -2.5375988 -0.5693014
-0.39667752 -1.9805788 -0.392792
-1.9445864 -1.7193097 -0.5129322
-3.2462084 -2.4176688 0.18347403
-0.20474191 -2.5855641 0.03345252
-0.111904725 -1.8910723 -0.4146223
0.087533236 -2.220794 0.03225972
-0.5677801 -2.2108824 -0.32853562
-0.5477538 -1.0352789 -0.31410557
1.2450007 -1.792719 0.12771867
-1.8986708 -2.9039695 -1.1631736
-1.38841 -1.6526552 -0.32157683
-2.6443093 -2.7369888 -0.13959
1.8716872 -2.9335864 0.014164345
-1.4129179 -1.3468367 -0.4003579
-1.9252299 -1.689149 -0.65444624
0.43699196 -1.8875569 -0.53466827

