-3.0837276 -1.1868572 2.3783789 0.19939266 -0.24433732 0.1457942
1.6770296 1.0112966 -2.8372517 0.18011083 -0.16257367 0.12793863
0.0 0.0 0.0 0.0 0.0 0.0
0.0 0.0 0.0 0.0 0.0 0.0
0.0 0.0 0.0 0.0 0.0 0.0
0.0 0.0 0.0 0.0 0.0 0.0
0.0 0.0 0.0 0.0 0.0 0.0

1.7969912 -0.7214225 0.49662274 -0.9733733 0.31042665 0.11452281
-1.7902913 -0.1272706 -2.2163687 -0.83334386 0.33765987 0.14617518
0.0 0.0 0.0 0.0 0.0 0.0
0.0 0.0 0.0 0.0 0.0 0.0
0.0 0.0 0.0 0.0 0.0 0.0
0.0 0.0 0.0 0.0 0.0 0.0
0.0 0.0 0.0 0.0 0.0 0.0

-2.337404 0.22060674 0.6573101 0.96081567 -0.31333742 0.117758185
0.0 0.0 0.0 0.0 0.0 0.0
0.0 0.0 0.0 0.0 0.0 0.0
0.0 0.0 0.0 0.0 0.0 0.0
0.0 0.0 0.0 0.0 0.0 0.0
0.0 0.0 0.0 0.0 0.0 0.0
0.0 0.0 0.0 0.0 0.0 0.0

-1.6151614 -0.20503499 1.9945579 0.62077737 0.37218767 0.13855362
-2.3437114 -0.95349544 1.210727 0.97840554 0.40952143 0.1405494
0.0 0.0 0.0 0.0 0.0 0.0
0.0 0.0 0.0 0.0 0.0 0.0
0.0 0.0 0.0 0.0 0.0 0.0
0.0 0.0 0.0 0.0 0.0 0.0
0.0 0.0 0.0 0.0 0.0 0.0

-1.828798 0.57045716 1.0945171 0.97594225 0.046194807 0.14560525
-3.010011 0.89140683 -0.4510848 0.96324456 -0.16695708 0.14642529
0.0 0.0 0.0 0.0 0.0 0.0
0.0 0.0 0.0 0.0 0.0 0.0
0.0 0.0 0.0 0.0 0.0 0.0
0.0 0.0 0.0 0.0 0.0 0.0
0.0 0.0 0.0 0.0 0.0 0.0

-1.6382874 -0.13892631 2.226421 0.8586482 -0.21835035 0.12307455
-2.8067448 -0.8926746 -3.0891392 0.7268521 -0.40085715 0.14926529
2.3188987 0.22555599 -2.7891626 0.94661087 -0.2131429 0.12217493
-2.0808685 0.5516079 0.48412734 0.86971277 -0.028584605 0.14794512
0.0 0.0 0.0 0.0 0.0 0.0
0.0 0.0 0.0 0.0 0.0 0.0
0.0 0.0 0.0 0.0 0.0 0.0

1.6989136 -0.15566456 2.6880553 -0.75398076 -0.42133608 0.13304934
0.0 0.0 0.0 0.0 0.0 0.0
0.0 0.0 0.0 0.0 0.0 0.0
0.0 0.0 0.0 0.0 0.0 0.0
0.0 0.0 0.0 0.0 0.0 0.0
0.0 0.0 0.0 0.0 0.0 0.0
0.0 0.0 0.0 0.0 0.0 0.0

1.9566811 0.6919665 2.287667 -0.9982316 -0.020076916 0.13413261
-1.6814486 -0.22789693 -0.32736123 -0.81286645 -0.37147924 0.12006419
0.0 0.0 0.0 0.0 0.0 0.0
0.0 0.0 0.0 0.0 0.0 0.0
0.0 0.0 0.0 0.0 0.0 0.0
0.0 0.0 0.0 0.0 0.0 0.0
0.0 0.0 0.0 0.0 0.0 0.0

-2.166243 0.12437646 1.2705938 0.9883294 0.30640632 0.12313632
1.8957506 -0.22323918 -1.8860373 0.91526204 0.27152735 0.14207852
-1.9665302 0.8385881 2.2040389 0.9764794 -0.018316338 0.1356023
0.0 0.0 0.0 0.0 0.0 0.0
0.0 0.0 0.0 0.0 0.0 0.0
0.0 0.0 0.0 0.0 0.0 0.0
0.0 0.0 0.0 0.0 0.0 0.0

2.3489017 0.53719276 -2.798653 -0.91512614 -0.23037027 0.13841118
0.0 0.0 0.0 0.0 0.0 0.0
0.0 0.0 0.0 0.0 0.0 0.0
0.0 0.0 0.0 0.0 0.0 0.0
0.0 0.0 0.0 0.0 0.0 0.0
0.0 0.0 0.0 0.0 0.0 0.0
0.0 0.0 0.0 0.0 0.0 0.0

1.6410362 -0.37785843 -0.7835504 0.87857276 -0.11723221 0.13024035
0.0 0.0 0.0 0.0 0.0 0.0
0.0 0.0 0.0 0.0 0.0 0.0
0.0 0.0 0.0 0.0 0.0 0.0
0.0 0.0 0.0 0.0 0.0 0.0
0.0 0.0 0.0 0.0 0.0 0.0
0.0 0.0 0.0 0.0 0.0 0.0

-2.7681596 -1.0582716 -2.2871342 -0.14907652 0.23551446 0.13932978
-2.73935 -0.9995549 -0.85179555 0.26436308 0.29816186 0.12804979
2.3265817 0.737135 -0.11968649 0.35559464 0.410006 0.14032966
2.633173 -1.3034136 -1.4769328 -0.3100027 0.2929906 0.11858625
0.0 0.0 0.0 0.0 0.0 0.0
0.0 0.0 0.0 0.0 0.0 0.0
0.0 0.0 0.0 0.0 0.0 0.0

2.062809 0.35221967 2.9163864 -0.048097864 -0.21511142 0.11188653
0.0 0.0 0.0 0.0 0.0 0.0
0.0 0.0 0.0 0.0 0.0 0.0
0.0 0.0 0.0 0.0 0.0 0.0
0.0 0.0 0.0 0.0 0.0 0.0
0.0 0.0 0.0 0.0 0.0 0.0
0.0 0.0 0.0 0.0 0.0 0.0

2.2466226 1.4867606 -2.9016309 -0.8682925 -0.07161085 0.1359979
-1.9555689 -0.443204 -1.3414543 -0.9266613 -0.30755648 0.1416274
0.0 0.0 0.0 0.0 0.0 0.0
0.0 0.0 0.0 0.0 0.0 0.0
0.0 0.0 0.0 0.0 0.0 0.0
0.0 0.0 0.0 0.0 0.0 0.0
0.0 0.0 0.0 0.0 0.0 0.0

2.521733 -0.7018069 0.2187534 -0.870241 0.29699278 0.121894084
0.0 0.0 0.0 0.0 0.0 0.0
0.0 0.0 0.0 0.0 0.0 0.0
0.0 0.0 0.0 0.0 0.0 0.0
0.0 0.0 0.0 0.0 0.0 0.0
0.0 0.0 0.0 0.0 0.0 0.0
0.0 0.0 0.0 0.0 0.0 0.0

1.4937404 0.5935968 1.440658 0.24345443 0.39193887 0.12038309
-2.336364 0.09300259 2.0520358 0.019016836 0.34628174 0.1124836
-2.3821075 -1.2016232 3.1073909 -0.32621184 0.25366876 0.13276756
0.0 0.0 0.0 0.0 0.0 0.0
0.0 0.0 0.0 0.0 0.0 0.0
0.0 0.0 0.0 0.0 0.0 0.0
0.0 0.0 0.0 0.0 0.0 0.0

1.7842108 -0.2062976 -0.6587425 -0.99859107 0.1346911 0.13600014
2.186111 0.9148381 0.2362329 -0.95713425 0.12568364 0.1208735
0.0 0.0 0.0 0.0 0.0 0.0
0.0 0.0 0.0 0.0 0.0 0.0
0.0 0.0 0.0 0.0 0.0 0.0
0.0 0.0 0.0 0.0 0.0 0.0
0.0 0.0 0.0 0.0 0.0 0.0

-2.0614653 0.87975353 -0.05789825 0.89023554 -0.1279581 0.13754365
0.0 0.0 0.0 0.0 0.0 0.0
0.0 0.0 0.0 0.0 0.0 0.0
0.0 0.0 0.0 0.0 0.0 0.0
0.0 0.0 0.0 0.0 0.0 0.0
0.0 0.0 0.0 0.0 0.0 0.0
0.0 0.0 0.0 0.0 0.0 0.0

2.3850834 -0.9407145 -1.4687866 -0.17651643 0.24449058 0.111641005
-2.1174786 -0.9825774 -2.366272 0.73859006 0.19949166 0.113574095
0.0 0.0 0.0 0.0 0.0 0.0
0.0 0.0 0.0 0.0 0.0 0.0
0.0 0.0 0.0 0.0 0.0 0.0
0.0 0.0 0.0 0.0 0.0 0.0
0.0 0.0 0.0 0.0 0.0 0.0

-1.5443068 0.58614755 2.0870042 -0.657899 0.40724587 0.12730996
-2.4101539 0.50444335 2.807156 -0.226855 0.3973019 0.112793915
0.0 0.0 0.0 0.0 0.0 0.0
0.0 0.0 0.0 0.0 0.0 0.0
0.0 0.0 0.0 0.0 0.0 0.0
0.0 0.0 0.0 0.0 0.0 0.0
0.0 0.0 0.0 0.0 0.0 0.0

-2.6685348 -0.6396813 -2.2376971 -0.9284421 0.41472173 0.14692137
-1.6782166 -0.51589954 -2.0309515 -0.534705 0.2994068 0.13495435
0.0 0.0 0.0 0.0 0.0 0.0
0.0 0.0 0.0 0.0 0.0 0.0
0.0 0.0 0.0 0.0 0.0 0.0
0.0 0.0 0.0 0.0 0.0 0.0
0.0 0.0 0.0 0.0 0.0 0.0

-2.0327394 -0.29722798 0.09571571 -0.9276826 -0.27669534 0.14386944
-1.6883241 0.22088905 -0.7057377 -0.9209135 -0.10297447 0.12361092
2.050852 0.25727224 2.6570673 -0.8302386 -0.35402054 0.13524336
-1.9650581 0.19225208 -1.2658682 -0.89216626 -0.27655572 0.13102014
2.1318274 0.5861003 1.9575939 -0.7488396 -0.40407565 0.12275921
-2.8778844 -1.0989317 0.65869176 -0.91171336 -0.1628955 0.14373887
2.1223233 0.24583666 2.541649 -0.92942226 -0.1360261 0.1206053

2.246849 0.60980546 0.25255018 0.6271026 0.23561558 0.13431984
1.8898712 -0.6889804 -0.082248606 0.5455555 0.1423092 0.12863179
0.0 0.0 0.0 0.0 0.0 0.0
0.0 0.0 0.0 0.0 0.0 0.0
0.0 0.0 0.0 0.0 0.0 0.0
0.0 0.0 0.0 0.0 0.0 0.0
0.0 0.0 0.0 0.0 0.0 0.0

-2.5458179 -1.208465 -1.8852715 0.9110974 0.10653433 0.13089758
3.007882 -0.7737366 -0.631558 0.6946002 0.42421207 0.11461812
1.6818552 0.4947123 -0.29466754 0.66219634 0.15457006 0.14908244
1.6723503 0.8984436 0.6948195 0.932275 0.36598295 0.14716414
-1.7042618 -0.476075 -2.3172607 0.686544 0.14373642 0.14885108
2.0690277 0.42092898 -0.5549707 0.3832112 0.40862796 0.12512478
0.0 0.0 0.0 0.0 0.0 0.0

-2.339824 -1.1655785 -2.2108092 -0.9459235 -0.061096847 0.14335091
2.8635507 -1.0380526 -0.14190128 -0.76896054 -0.17623487 0.11340237
-2.6206098 -0.52907336 -1.5351657 -0.90296423 0.19187242 0.115687676
-1.8283621 -0.4124269 -1.8927132 -0.62035424 0.18978308 0.11238949
0.0 0.0 0.0 0.0 0.0 0.0
0.0 0.0 0.0 0.0 0.0 0.0
0.0 0.0 0.0 0.0 0.0 0.0

2.4717064 0.390564 -2.8264437 0.18763438 -0.39587218 0.13950148
0.0 0.0 0.0 0.0 0.0 0.0
0.0 0.0 0.0 0.0 0.0 0.0
0.0 0.0 0.0 0.0 0.0 0.0
0.0 0.0 0.0 0.0 0.0 0.0
0.0 0.0 0.0 0.0 0.0 0.0
0.0 0.0 0.0 0.0 0.0 0.0

2.7382855 -0.78044367 -0.9265849 -0.74927896 0.42124164 0.14541061
-2.14166 0.47828078 -1.9688457 -0.5634313 0.37367958 0.118781894
-3.0742426 -1.2282817 -1.1606084 -0.22205663 0.16488975 0.13141596
-3.1084223 0.7268524 2.288632 -0.17098127 0.290843 0.11896108
0.0 0.0 0.0 0.0 0.0 0.0
0.0 0.0 0.0 0.0 0.0 0.0
0.0 0.0 0.0 0.0 0.0 0.0

2.2849622 -1.0252042 -0.17361285 -0.97454053 0.2367727 0.13548167
0.0 0.0 0.0 0.0 0.0 0.0
0.0 0.0 0.0 0.0 0.0 0.0
0.0 0.0 0.0 0.0 0.0 0.0
0.0 0.0 0.0 0.0 0.0 0.0
0.0 0.0 0.0 0.0 0.0 0.0
0.0 0.0 0.0 0.0 0.0 0.0

2.955089 1.1678698 -1.8746825 0.99612486 -0.38888445 0.112607494
1.7760409 0.6594301 -1.634146 0.7979454 -0.10448693 0.14391366
0.0 0.0 0.0 0.0 0.0 0.0
0.0 0.0 0.0 0.0 0.0 0.0
0.0 0.0 0.0 0.0 0.0 0.0
0.0 0.0 0.0 0.0 0.0 0.0
0.0 0.0 0.0 0.0 0.0 0.0

2.2134047 0.87049615 -0.98742294 0.7924621 -0.38248667 0.11138812
-1.5449584 1.2845693 0.753369 0.44476345 -0.3214086 0.120710984
0.0 0.0 0.0 0.0 0.0 0.0
0.0 0.0 0.0 0.0 0.0 0.0
0.0 0.0 0.0 0.0 0.0 0.0
0.0 0.0 0.0 0.0 0.0 0.0
0.0 0.0 0.0 0.0 0.0 0.0

-1.5021298 -0.9231373 3.1042626 0.31770462 0.06803121 0.13822676
-2.2830238 -0.046747487 3.0459464 -0.18152668 0.26412284 0.11522698
0.0 0.0 0.0 0.0 0.0 0.0
0.0 0.0 0.0 0.0 0.0 0.0
0.0 0.0 0.0 0.0 0.0 0.0
0.0 0.0 0.0 0.0 0.0 0.0
0.0 0.0 0.0 0.0 0.0 0.0

-2.8199904 0.88522166 -2.156313 -0.91149366 0.10745981 0.12009955
1.5181378 -0.39957526 1.9567364 -0.7121766 -0.3564433 0.14468598
2.622608 -0.5617916 1.4408981 -0.79841626 -0.0030880307 0.12218965
-2.332989 0.8653659 -1.7466877 -0.801859 -0.4021991 0.12315004
-2.3554723 0.7095878 -0.767345 -0.9529852 -0.3993064 0.11717503
0.0 0.0 0.0 0.0 0.0 0.0
0.0 0.0 0.0 0.0 0.0 0.0

2.1128986 -1.3314414 -1.4100755 0.8133492 0.14939438 0.11376443
0.0 0.0 0.0 0.0 0.0 0.0
0.0 0.0 0.0 0.0 0.0 0.0
0.0 0.0 0.0 0.0 0.0 0.0
0.0 0.0 0.0 0.0 0.0 0.0
0.0 0.0 0.0 0.0 0.0 0.0
0.0 0.0 0.0 0.0 0.0 0.0

-0.8023787 -1.4678078 0.8828985 0.056760173 -0.38211244 0.11366058
0.0 0.0 0.0 0.0 0.0 0.0
0.0 0.0 0.0 0.0 0.0 0.0
0.0 0.0 0.0 0.0 0.0 0.0
0.0 0.0 0.0 0.0 0.0 0.0
0.0 0.0 0.0 0.0 0.0 0.0
0.0 0.0 0.0 0.0 0.0 0.0

2.782221 0.7664561 1.2665322 -0.7459056 0.22564378 0.12910579
0.0 0.0 0.0 0.0 0.0 0.0
0.0 0.0 0.0 0.0 0.0 0.0
0.0 0.0 0.0 0.0 0.0 0.0
0.0 0.0 0.0 0.0 0.0 0.0
0.0 0.0 0.0 0.0 0.0 0.0
0.0 0.0 0.0 0.0 0.0 0.0

2.1203132 -0.45330504 2.9646134 0.51226956 -0.19359979 0.14560464
0.0 0.0 0.0 0.0 0.0 0.0
0.0 0.0 0.0 0.0 0.0 0.0
0.0 0.0 0.0 0.0 0.0 0.0
0.0 0.0 0.0 0.0 0.0 0.0
0.0 0.0 0.0 0.0 0.0 0.0
0.0 0.0 0.0 0.0 0.0 0.0

-1.5677047 -0.6046575 -1.9808989 -0.6613544 0.28988606 0.13587125
-3.0280778 -1.2345608 -0.88733697 -0.85357064 0.17566587 0.1455223
-2.1550996 0.4288182 2.5161932 -0.9727492 0.35714075 0.11746913
0.0 0.0 0.0 0.0 0.0 0.0
0.0 0.0 0.0 0.0 0.0 0.0
0.0 0.0 0.0 0.0 0.0 0.0
0.0 0.0 0.0 0.0 0.0 0.0

2.724778 1.1109296 -1.8304487 -0.21795474 -0.19253054 0.11594458
0.0 0.0 0.0 0.0 0.0 0.0
0.0 0.0 0.0 0.0 0.0 0.0
0.0 0.0 0.0 0.0 0.0 0.0
0.0 0.0 0.0 0.0 0.0 0.0
0.0 0.0 0.0 0.0 0.0 0.0
0.0 0.0 0.0 0.0 0.0 0.0

1.5546389 0.37615445 -0.8550525 0.39437625 0.27156487 0.12864345
0.0 0.0 0.0 0.0 0.0 0.0
0.0 0.0 0.0 0.0 0.0 0.0
0.0 0.0 0.0 0.0 0.0 0.0
0.0 0.0 0.0 0.0 0.0 0.0
0.0 0.0 0.0 0.0 0.0 0.0
0.0 0.0 0.0 0.0 0.0 0.0

1.7291855 1.0046248 -0.72721463 0.75622237 -0.037484303 0.1379883
-2.9544158 -0.7289255 -3.050061 0.84110165 0.32335696 0.12367472
0.0 0.0 0.0 0.0 0.0 0.0
0.0 0.0 0.0 0.0 0.0 0.0
0.0 0.0 0.0 0.0 0.0 0.0
0.0 0.0 0.0 0.0 0.0 0.0
0.0 0.0 0.0 0.0 0.0 0.0

2.141144 0.77252644 1.7243452 -0.3970189 -0.42411536 0.12740375
0.0 0.0 0.0 0.0 0.0 0.0
0.0 0.0 0.0 0.0 0.0 0.0
0.0 0.0 0.0 0.0 0.0 0.0
0.0 0.0 0.0 0.0 0.0 0.0
0.0 0.0 0.0 0.0 0.0 0.0
0.0 0.0 0.0 0.0 0.0 0.0

2.022982 -0.30089444 -1.6343085 0.8824219 0.11007939 0.13039806
0.0 0.0 0.0 0.0 0.0 0.0
0.0 0.0 0.0 0.0 0.0 0.0
0.0 0.0 0.0 0.0 0.0 0.0
0.0 0.0 0.0 0.0 0.0 0.0
0.0 0.0 0.0 0.0 0.0 0.0
0.0 0.0 0.0 0.0 0.0 0.0

-2.3055089 -1.0734093 -0.1489881 0.6841176 -0.38553768 0.13726822
0.0 0.0 0.0 0.0 0.0 0.0
0.0 0.0 0.0 0.0 0.0 0.0
0.0 0.0 0.0 0.0 0.0 0.0
0.0 0.0 0.0 0.0 0.0 0.0
0.0 0.0 0.0 0.0 0.0 0.0
0.0 0.0 0.0 0.0 0.0 0.0

-2.2026653 -0.59240264 -0.08247048 -0.9644694 0.30041164 0.12245267
-0.460464 -1.492544 -2.9370232 -0.7965691 0.26837716 0.12713538
0.0 0.0 0.0 0.0 0.0 0.0
0.0 0.0 0.0 0.0 0.0 0.0
0.0 0.0 0.0 0.0 0.0 0.0
0.0 0.0 0.0 0.0 0.0 0.0
0.0 0.0 0.0 0.0 0.0 0.0

-2.4761786 -0.9290497 1.6049712 -0.8925721 -0.40990695 0.14687264
1.5301852 -0.0068485164 1.7979069 -0.154606 -0.3407617 0.1185598
-2.188782 -0.39119637 1.5179957 -0.9499764 -0.3673498 0.11423717
2.7970717 -0.7695202 1.4705257 -0.1656465 -0.35995704 0.13488682
0.0 0.0 0.0 0.0 0.0 0.0
0.0 0.0 0.0 0.0 0.0 0.0
0.0 0.0 0.0 0.0 0.0 0.0

2.2236543 -0.50731665 0.9449685 -0.8340055 0.3304386 0.1123397
0.0 0.0 0.0 0.0 0.0 0.0
0.0 0.0 0.0 0.0 0.0 0.0
0.0 0.0 0.0 0.0 0.0 0.0
0.0 0.0 0.0 0.0 0.0 0.0
0.0 0.0 0.0 0.0 0.0 0.0
0.0 0.0 0.0 0.0 0.0 0.0

2.4287412 -0.8954299 -1.7470317 -0.0951855 0.37869716 0.11774171
-2.7836268 1.0725907 1.0612975 -0.16782068 0.23627883 0.11488749
-2.0158873 0.17006418 -2.6793377 0.34741434 0.34354684 0.14598414
0.0 0.0 0.0 0.0 0.0 0.0
0.0 0.0 0.0 0.0 0.0 0.0
0.0 0.0 0.0 0.0 0.0 0.0
0.0 0.0 0.0 0.0 0.0 0.0

-1.4412638 -0.6474174 0.6591076 0.53557867 -0.22008131 0.13024573
0.0 0.0 0.0 0.0 0.0 0.0
0.0 0.0 0.0 0.0 0.0 0.0
0.0 0.0 0.0 0.0 0.0 0.0
0.0 0.0 0.0 0.0 0.0 0.0
0.0 0.0 0.0 0.0 0.0 0.0
0.0 0.0 0.0 0.0 0.0 0.0

2.259783 -0.874808 1.3506154 -0.1893019 -0.35948843 0.1381032
0.0 0.0 0.0 0.0 0.0 0.0
0.0 0.0 0.0 0.0 0.0 0.0
0.0 0.0 0.0 0.0 0.0 0.0
0.0 0.0 0.0 0.0 0.0 0.0
0.0 0.0 0.0 0.0 0.0 0.0
0.0 0.0 0.0 0.0 0.0 0.0

-2.374987 -0.47662872 -0.48461068 -0.9639263 -0.25163186 0.14417516
0.0 0.0 0.0 0.0 0.0 0.0
0.0 0.0 0.0 0.0 0.0 0.0
0.0 0.0 0.0 0.0 0.0 0.0
0.0 0.0 0.0 0.0 0.0 0.0
0.0 0.0 0.0 0.0 0.0 0.0
0.0 0.0 0.0 0.0 0.0 0.0

1.7187607 0.11257135 -2.853716 0.9568164 -0.21495032 0.115251996
-2.5490777 0.86919487 -0.7100814 0.9667343 -0.3199189 0.116608605
0.0 0.0 0.0 0.0 0.0 0.0
0.0 0.0 0.0 0.0 0.0 0.0
0.0 0.0 0.0 0.0 0.0 0.0
0.0 0.0 0.0 0.0 0.0 0.0
0.0 0.0 0.0 0.0 0.0 0.0

2.1396625 -0.5403667 2.85911 -0.27340844 -0.22608006 0.14594069
1.8372374 1.3209592 -2.9967782 -0.46137255 -0.106901824 0.11595044
0.0 0.0 0.0 0.0 0.0 0.0
0.0 0.0 0.0 0.0 0.0 0.0
0.0 0.0 0.0 0.0 0.0 0.0
0.0 0.0 0.0 0.0 0.0 0.0
0.0 0.0 0.0 0.0 0.0 0.0

2.122193 -0.14462258 0.81439024 0.56460017 0.32338166 0.14464726
0.0 0.0 0.0 0.0 0.0 0.0
0.0 0.0 0.0 0.0 0.0 0.0
0.0 0.0 0.0 0.0 0.0 0.0
0.0 0.0 0.0 0.0 0.0 0.0
0.0 0.0 0.0 0.0 0.0 0.0
0.0 0.0 0.0 0.0 0.0 0.0

-2.7747977 1.2338079 2.4884892 0.54861677 0.4010826 0.14309576
-1.7500734 -0.3163948 -2.3850377 0.353494 0.16222902 0.13470428
-2.7318027 1.2723831 1.3277428 -0.20184787 0.2176811 0.12756553
-1.9598993 0.7615469 1.7554452 -0.01815854 0.2849073 0.1488214
0.0 0.0 0.0 0.0 0.0 0.0
0.0 0.0 0.0 0.0 0.0 0.0
0.0 0.0 0.0 0.0 0.0 0.0

2.9799085 -0.73352414 -1.2865143 -0.50237876 0.32889727 0.114927724
-2.958064 -0.8362645 -0.83946013 -0.22737695 0.3757559 0.13276571
-1.7272056 -0.2446481 -2.5791454 -0.12410003 0.18157072 0.116529815
0.0 0.0 0.0 0.0 0.0 0.0
0.0 0.0 0.0 0.0 0.0 0.0
0.0 0.0 0.0 0.0 0.0 0.0
0.0 0.0 0.0 0.0 0.0 0.0

-3.0682206 -1.4203485 2.4172912 0.7022762 -0.14596689 0.11740154
-1.704331 -1.0771407 1.275599 0.56370497 -0.40132597 0.115531616
1.7730186 -0.23592226 -2.010336 0.41797605 -0.40928194 0.12605608
3.0890794 -1.0969225 1.9165415 0.855651 -0.13826692 0.13438654
0.0 0.0 0.0 0.0 0.0 0.0
0.0 0.0 0.0 0.0 0.0 0.0
0.0 0.0 0.0 0.0 0.0 0.0

-3.061387 -0.81631815 0.014619103 -0.7639547 -0.12276139 0.14766502
0.0 0.0 0.0 0.0 0.0 0.0
0.0 0.0 0.0 0.0 0.0 0.0
0.0 0.0 0.0 0.0 0.0 0.0
0.0 0.0 0.0 0.0 0.0 0.0
0.0 0.0 0.0 0.0 0.0 0.0
0.0 0.0 0.0 0.0 0.0 0.0

-2.2613955 0.90183496 -0.7785574 0.0069168145 -0.41020763 0.1356468
0.0 0.0 0.0 0.0 0.0 0.0
0.0 0.0 0.0 0.0 0.0 0.0
0.0 0.0 0.0 0.0 0.0 0.0
0.0 0.0 0.0 0.0 0.0 0.0
0.0 0.0 0.0 0.0 0.0 0.0
0.0 0.0 0.0 0.0 0.0 0.0

2.048679 0.6946009 0.23733968 -0.05050914 0.28827572 0.13399686
-2.3792624 -0.34783977 2.6133764 -0.6244258 0.31030762 0.13609377
0.0 0.0 0.0 0.0 0.0 0.0
0.0 0.0 0.0 0.0 0.0 0.0
0.0 0.0 0.0 0.0 0.0 0.0
0.0 0.0 0.0 0.0 0.0 0.0
0.0 0.0 0.0 0.0 0.0 0.0

2.45879 -1.1959108 0.5845728 -0.9261476 -0.07353434 0.11520316
0.0 0.0 0.0 0.0 0.0 0.0
0.0 0.0 0.0 0.0 0.0 0.0
0.0 0.0 0.0 0.0 0.0 0.0
0.0 0.0 0.0 0.0 0.0 0.0
0.0 0.0 0.0 0.0 0.0 0.0
0.0 0.0 0.0 0.0 0.0 0.0

-1.8804332 -0.85606843 -0.4235704 -0.7878378 -0.29779577 0.14730221
0.0 0.0 0.0 0.0 0.0 0.0
0.0 0.0 0.0 0.0 0.0 0.0
0.0 0.0 0.0 0.0 0.0 0.0
0.0 0.0 0.0 0.0 0.0 0.0
0.0 0.0 0.0 0.0 0.0 0.0
0.0 0.0 0.0 0.0 0.0 0.0

-1.5918205 -0.4458686 0.9205236 0.39988148 -0.22979966 0.1336979
0.0 0.0 0.0 0.0 0.0 0.0
0.0 0.0 0.0 0.0 0.0 0.0
0.0 0.0 0.0 0.0 0.0 0.0
0.0 0.0 0.0 0.0 0.0 0.0
0.0 0.0 0.0 0.0 0.0 0.0
0.0 0.0 0.0 0.0 0.0 0.0

-1.772024 -0.41785237 2.641368 0.18338396 0.16674416 0.12215672
0.0 0.0 0.0 0.0 0.0 0.0
0.0 0.0 0.0 0.0 0.0 0.0
0.0 0.0 0.0 0.0 0.0 0.0
0.0 0.0 0.0 0.0 0.0 0.0
0.0 0.0 0.0 0.0 0.0 0.0
0.0 0.0 0.0 0.0 0.0 0.0

-1.9819943 0.12680674 0.33390418 -0.6102335 -0.2608885 0.14319777
0.0 0.0 0.0 0.0 0.0 0.0
0.0 0.0 0.0 0.0 0.0 0.0
0.0 0.0 0.0 0.0 0.0 0.0
0.0 0.0 0.0 0.0 0.0 0.0
0.0 0.0 0.0 0.0 0.0 0.0
0.0 0.0 0.0 0.0 0.0 0.0

3.054998 -0.93496394 0.7583547 0.5668641 -0.27425978 0.1383437
0.0 0.0 0.0 0.0 0.0 0.0
0.0 0.0 0.0 0.0 0.0 0.0
0.0 0.0 0.0 0.0 0.0 0.0
0.0 0.0 0.0 0.0 0.0 0.0
0.0 0.0 0.0 0.0 0.0 0.0
0.0 0.0 0.0 0.0 0.0 0.0

-2.298631 -0.72262865 -1.8382998 0.049831655 0.30029112 0.13415898
0.0 0.0 0.0 0.0 0.0 0.0
0.0 0.0 0.0 0.0 0.0 0.0
0.0 0.0 0.0 0.0 0.0 0.0
0.0 0.0 0.0 0.0 0.0 0.0
0.0 0.0 0.0 0.0 0.0 0.0
0.0 0.0 0.0 0.0 0.0 0.0

2.4809804 -0.88610375 0.9181887 -0.40235576 -0.3856593 0.13236469
-2.3906608 -1.025243 0.8016389 -0.42547208 -0.08054183 0.12431523
0.0 0.0 0.0 0.0 0.0 0.0
0.0 0.0 0.0 0.0 0.0 0.0
0.0 0.0 0.0 0.0 0.0 0.0
0.0 0.0 0.0 0.0 0.0 0.0
0.0 0.0 0.0 0.0 0.0 0.0

-1.9471653 0.082802884 -2.0941556 -0.66359794 -0.060128964 0.14463109
0.0 0.0 0.0 0.0 0.0 0.0
0.0 0.0 0.0 0.0 0.0 0.0
0.0 0.0 0.0 0.0 0.0 0.0
0.0 0.0 0.0 0.0 0.0 0.0
0.0 0.0 0.0 0.0 0.0 0.0
0.0 0.0 0.0 0.0 0.0 0.0

2.3441806 0.44167352 0.15531072 -0.89600444 0.27321157 0.12906373
-2.6195908 0.98956877 1.1364385 -0.9643756 0.27061543 0.13312848
2.8226924 -0.5515095 -0.8703172 -0.7093292 0.2111339 0.14126624
0.0 0.0 0.0 0.0 0.0 0.0
0.0 0.0 0.0 0.0 0.0 0.0
0.0 0.0 0.0 0.0 0.0 0.0
0.0 0.0 0.0 0.0 0.0 0.0

2.4846234 -1.3345555 2.3900335 0.98161393 -0.068558246 0.11860665
-2.8969321 -1.1511357 2.103276 0.52661914 -0.38500145 0.11504586
0.0 0.0 0.0 0.0 0.0 0.0
0.0 0.0 0.0 0.0 0.0 0.0
0.0 0.0 0.0 0.0 0.0 0.0
0.0 0.0 0.0 0.0 0.0 0.0
0.0 0.0 0.0 0.0 0.0 0.0

-2.3517864 0.65967274 -0.6496543 0.91426957 -0.30502123 0.12723075
-1.5991327 0.20030917 0.35831496 0.68012935 -0.17020276 0.1361154
-1.9280368 1.0761138 -0.2690675 0.6998641 -0.15831095 0.11278025
0.0 0.0 0.0 0.0 0.0 0.0
0.0 0.0 0.0 0.0 0.0 0.0
0.0 0.0 0.0 0.0 0.0 0.0
0.0 0.0 0.0 0.0 0.0 0.0

2.4135425 0.77734184 -2.0266793 0.59604436 -0.28555337 0.122256935
-1.5125105 -0.61092156 0.40541193 0.6253271 -0.10314485 0.13683984
-2.5078373 -0.4608434 -0.43527707 0.8244773 -0.36633536 0.11325989
0.0 0.0 0.0 0.0 0.0 0.0
0.0 0.0 0.0 0.0 0.0 0.0
0.0 0.0 0.0 0.0 0.0 0.0
0.0 0.0 0.0 0.0 0.0 0.0

2.3999631 -0.68837583 0.43317246 -0.7637732 -0.22932717 0.11405141
0.0 0.0 0.0 0.0 0.0 0.0
0.0 0.0 0.0 0.0 0.0 0.0
0.0 0.0 0.0 0.0 0.0 0.0
0.0 0.0 0.0 0.0 0.0 0.0
0.0 0.0 0.0 0.0 0.0 0.0
0.0 0.0 0.0 0.0 0.0 0.0

-1.9029564 0.08677619 -0.34768912 -0.33859846 -0.38873723 0.1293692
-2.9855704 -0.87904495 0.80919755 -0.5084344 -0.3851572 0.1224561
0.0 0.0 0.0 0.0 0.0 0.0
0.0 0.0 0.0 0.0 0.0 0.0
0.0 0.0 0.0 0.0 0.0 0.0
0.0 0.0 0.0 0.0 0.0 0.0
0.0 0.0 0.0 0.0 0.0 0.0

-2.2254915 -0.94845957 -0.03336442 -0.8561624 -0.36835843 0.12977377
1.0372941 1.3343992 2.5202513 -0.9061004 -0.3032522 0.13933937
0.0 0.0 0.0 0.0 0.0 0.0
0.0 0.0 0.0 0.0 0.0 0.0
0.0 0.0 0.0 0.0 0.0 0.0
0.0 0.0 0.0 0.0 0.0 0.0
0.0 0.0 0.0 0.0 0.0 0.0

-1.7865125 0.40895978 -2.754384 0.9564676 0.2481917 0.14195137
0.0 0.0 0.0 0.0 0.0 0.0
0.0 0.0 0.0 0.0 0.0 0.0
0.0 0.0 0.0 0.0 0.0 0.0
0.0 0.0 0.0 0.0 0.0 0.0
0.0 0.0 0.0 0.0 0.0 0.0
0.0 0.0 0.0 0.0 0.0 0.0

-1.9881724 0.74084663 -1.9002837 -0.65268856 0.0033002724 0.13468124
2.4819772 -0.54629135 0.9068999 -0.8770833 -0.04076582 0.11792482
0.0 0.0 0.0 0.0 0.0 0.0
0.0 0.0 0.0 0.0 0.0 0.0
0.0 0.0 0.0 0.0 0.0 0.0
0.0 0.0 0.0 0.0 0.0 0.0
0.0 0.0 0.0 0.0 0.0 0.0

-2.6264634 1.0369898 -0.6644692 0.42310736 -0.29922786 0.14853291
-1.87428 0.096771635 -0.65021557 0.75944006 -0.30757558 0.14657195
-1.5687674 -0.40333703 0.922423 0.43127808 -0.26386133 0.13950658
0.0 0.0 0.0 0.0 0.0 0.0
0.0 0.0 0.0 0.0 0.0 0.0
0.0 0.0 0.0 0.0 0.0 0.0
0.0 0.0 0.0 0.0 0.0 0.0

2.9838195 -1.2665757 0.2549076 -0.17225654 -0.40722603 0.13319461
1.5945526 -0.10841023 -2.8967857 -0.21181002 -0.10540631 0.13161576
0.0 0.0 0.0 0.0 0.0 0.0
0.0 0.0 0.0 0.0 0.0 0.0
0.0 0.0 0.0 0.0 0.0 0.0
0.0 0.0 0.0 0.0 0.0 0.0
0.0 0.0 0.0 0.0 0.0 0.0

-2.7180517 1.0946549 0.17500687 0.84762245 -0.35964796 0.11995259
-1.6899713 0.046512455 0.85149246 0.82041925 -0.022147734 0.11748479
-2.1183527 -0.20948727 1.2439935 0.90380085 -0.41351098 0.13697517
2.5698683 0.96363527 -1.2111868 0.9410805 0.046941895 0.14520669
-1.8486686 -0.4852725 1.631726 0.7995657 -0.33002543 0.11310262
1.7204274 0.7416264 -2.2426698 0.7948531 -0.16056234 0.11602062
-1.7271936 -0.083602265 0.68919706 0.9798389 -0.115430355 0.12245269

-1.8381532 0.54376316 -0.852728 -0.7491534 0.08010787 0.14431389
-2.3507202 0.8634718 -1.2910855 -0.8694969 -0.22841251 0.12970367
2.1305666 0.7602151 2.8504736 -0.81195474 0.25254774 0.13359527
2.8732483 0.7205872 2.7431436 -0.97285634 -0.15149067 0.13002083
-3.1407874 0.88845813 -2.1340837 -0.89202195 -0.029207287 0.1117332
1.9988528 1.0974284 1.8651644 -0.76381415 0.10318536 0.114958584
2.4484646 0.08668391 1.6326962 -0.8728431 -0.38546798 0.115522

2.0416539 -0.6085828 0.6364246 -0.9090419 0.3493521 0.1436378
-2.317011 0.8851201 -3.1212077 -0.9193334 0.36487165 0.14330441
0.0 0.0 0.0 0.0 0.0 0.0
0.0 0.0 0.0 0.0 0.0 0.0
0.0 0.0 0.0 0.0 0.0 0.0
0.0 0.0 0.0 0.0 0.0 0.0
0.0 0.0 0.0 0.0 0.0 0.0

1.867304 -0.95512205 -1.1184864 0.8062164 0.28322747 0.11086022
-1.5572807 1.0633893 3.087135 0.9057997 0.29695708 0.13877156
-2.2065167 -1.2748289 -2.5351748 0.99051166 0.2449201 0.11993547
0.0 0.0 0.0 0.0 0.0 0.0
0.0 0.0 0.0 0.0 0.0 0.0
0.0 0.0 0.0 0.0 0.0 0.0
0.0 0.0 0.0 0.0 0.0 0.0

2.1397069 0.30041808 -0.18633355 0.9835646 0.15524694 0.12817404
2.9114664 -1.3467703 -1.716603 0.8510205 0.15464535 0.1450648
0.0 0.0 0.0 0.0 0.0 0.0
0.0 0.0 0.0 0.0 0.0 0.0
0.0 0.0 0.0 0.0 0.0 0.0
0.0 0.0 0.0 0.0 0.0 0.0
0.0 0.0 0.0 0.0 0.0 0.0

-2.8237953 1.0057963 -2.3836145 -0.52981734 -0.27389055 0.14872754
0.0 0.0 0.0 0.0 0.0 0.0
0.0 0.0 0.0 0.0 0.0 0.0
0.0 0.0 0.0 0.0 0.0 0.0
0.0 0.0 0.0 0.0 0.0 0.0
0.0 0.0 0.0 0.0 0.0 0.0
0.0 0.0 0.0 0.0 0.0 0.0

2.9104111 -0.9578333 1.8054152 0.29914674 -0.14448105 0.14077853
-1.8620243 0.16344866 -0.8514319 0.86000466 -0.22288664 0.13074586
-2.7450094 0.63401836 0.7166207 0.044330254 -0.31404153 0.124618955
-2.6401024 -0.73186773 -0.569836 0.71575934 -0.29698506 0.124382816
0.0 0.0 0.0 0.0 0.0 0.0
0.0 0.0 0.0 0.0 0.0 0.0
0.0 0.0 0.0 0.0 0.0 0.0

2.5888536 -0.9732371 -2.8066444 0.42241225 -0.30260217 0.13142702
-2.2675314 0.5590181 -2.0871236 0.71238244 -0.3626342 0.12473485
0.0 0.0 0.0 0.0 0.0 0.0
0.0 0.0 0.0 0.0 0.0 0.0
0.0 0.0 0.0 0.0 0.0 0.0
0.0 0.0 0.0 0.0 0.0 0.0
0.0 0.0 0.0 0.0 0.0 0.0

1.9882879 -0.32944953 -0.95269865 -0.8880417 0.28146034 0.11219158
0.0 0.0 0.0 0.0 0.0 0.0
0.0 0.0 0.0 0.0 0.0 0.0
0.0 0.0 0.0 0.0 0.0 0.0
0.0 0.0 0.0 0.0 0.0 0.0
0.0 0.0 0.0 0.0 0.0 0.0
0.0 0.0 0.0 0.0 0.0 0.0

1.7587681 -0.051690836 0.9254495 -0.37199587 0.42265496 0.14822204
1.5156341 0.3307337 -1.2112938 -0.48279577 0.40715227 0.12038782
0.0 0.0 0.0 0.0 0.0 0.0
0.0 0.0 0.0 0.0 0.0 0.0
0.0 0.0 0.0 0.0 0.0 0.0
0.0 0.0 0.0 0.0 0.0 0.0
0.0 0.0 0.0 0.0 0.0 0.0

-2.4004605 -0.95797515 -2.692387 -0.53034145 0.13912553 0.119795844
-2.278697 0.52024615 1.3634516 -0.59321856 0.30772755 0.115793064
2.2987173 0.7381973 -1.1768895 -0.33326423 0.33076188 0.14636025
0.0 0.0 0.0 0.0 0.0 0.0
0.0 0.0 0.0 0.0 0.0 0.0
0.0 0.0 0.0 0.0 0.0 0.0
0.0 0.0 0.0 0.0 0.0 0.0

1.9488231 -1.2106841 -1.5474488 0.7654185 -0.012200672 0.11870465
2.1164947 0.4300296 -0.7648087 0.8333634 -0.0028146966 0.14237022
1.6283311 0.90029025 -1.3577589 0.7253547 0.22953443 0.14423625
0.0 0.0 0.0 0.0 0.0 0.0
0.0 0.0 0.0 0.0 0.0 0.0
0.0 0.0 0.0 0.0 0.0 0.0
0.0 0.0 0.0 0.0 0.0 0.0

1.9475474 0.22517285 1.7873456 -0.99956024 -0.37555322 0.12900938
-1.8127645 -0.33701453 0.14420813 -0.9878953 -0.0669484 0.11449122
2.0617046 1.1868755 3.0311794 -0.75461495 -0.16917634 0.14765748
0.0 0.0 0.0 0.0 0.0 0.0
0.0 0.0 0.0 0.0 0.0 0.0
0.0 0.0 0.0 0.0 0.0 0.0
0.0 0.0 0.0 0.0 0.0 0.0

-2.5720665 -0.5638851 -0.8567222 -0.8653529 -0.09092201 0.12465899
2.9150956 0.76683193 2.6472185 -0.896982 -0.18730304 0.14823703
0.0 0.0 0.0 0.0 0.0 0.0
0.0 0.0 0.0 0.0 0.0 0.0
0.0 0.0 0.0 0.0 0.0 0.0
0.0 0.0 0.0 0.0 0.0 0.0
0.0 0.0 0.0 0.0 0.0 0.0

-2.0001314 1.1886349 2.92213 0.8872255 0.2588624 0.13065611
0.0 0.0 0.0 0.0 0.0 0.0
0.0 0.0 0.0 0.0 0.0 0.0
0.0 0.0 0.0 0.0 0.0 0.0
0.0 0.0 0.0 0.0 0.0 0.0
0.0 0.0 0.0 0.0 0.0 0.0
0.0 0.0 0.0 0.0 0.0 0.0

1.5946347 -0.17786247 2.2540333 -0.81149876 0.32139844 0.1453476
-2.5126793 -0.52963316 -1.441402 -0.987765 -0.34259766 0.116545044
-1.9732001 0.48405072 -1.1074809 -0.86494017 -0.096104406 0.12018809
-2.3786979 0.8699576 -2.0126688 -0.78529245 0.05035456 0.122837044
-2.9393687 1.3440958 2.2643743 -0.8834135 -0.1493043 0.12510079
0.0 0.0 0.0 0.0 0.0 0.0
0.0 0.0 0.0 0.0 0.0 0.0

-1.7688278 -0.03842976 -0.39573592 0.34645823 -0.08528249 0.12418397
2.2939608 0.36717725 -2.688101 0.009343777 -0.24103126 0.11927595
-1.8605654 -0.19051309 1.5301777 -0.3007214 -0.3415798 0.118395574
0.0 0.0 0.0 0.0 0.0 0.0
0.0 0.0 0.0 0.0 0.0 0.0
0.0 0.0 0.0 0.0 0.0 0.0
0.0 0.0 0.0 0.0 0.0 0.0

-1.6440291 -0.22810125 -1.3072718 0.4748156 -0.3510207 0.14252472
0.0 0.0 0.0 0.0 0.0 0.0
0.0 0.0 0.0 0.0 0.0 0.0
0.0 0.0 0.0 0.0 0.0 0.0
0.0 0.0 0.0 0.0 0.0 0.0
0.0 0.0 0.0 0.0 0.0 0.0
0.0 0.0 0.0 0.0 0.0 0.0

1.4590745 -0.8622155 -2.6122432 0.8312143 -0.0022816495 0.13202195
-1.5455698 0.33879557 0.86309713 0.7732066 -0.059953135 0.13693939
-2.6492248 1.0795798 -0.2883773 0.9201824 0.052932814 0.12588792
0.0 0.0 0.0 0.0 0.0 0.0
0.0 0.0 0.0 0.0 0.0 0.0
0.0 0.0 0.0 0.0 0.0 0.0
0.0 0.0 0.0 0.0 0.0 0.0

2.360868 -0.51506853 1.1829066 0.63890916 -0.4230764 0.13237964
0.0 0.0 0.0 0.0 0.0 0.0
0.0 0.0 0.0 0.0 0.0 0.0
0.0 0.0 0.0 0.0 0.0 0.0
0.0 0.0 0.0 0.0 0.0 0.0
0.0 0.0 0.0 0.0 0.0 0.0
0.0 0.0 0.0 0.0 0.0 0.0

-2.5125856 0.7148206 -1.0212351 -0.9789426 -0.13502519 0.1432543
0.0 0.0 0.0 0.0 0.0 0.0
0.0 0.0 0.0 0.0 0.0 0.0
0.0 0.0 0.0 0.0 0.0 0.0
0.0 0.0 0.0 0.0 0.0 0.0
0.0 0.0 0.0 0.0 0.0 0.0
0.0 0.0 0.0 0.0 0.0 0.0

-2.4784417 0.93098456 -2.528642 -0.8011027 -0.09380706 0.11163477
-1.7549474 -0.018669214 -1.3475553 -0.6503022 -0.3869577 0.13132474
1.9260435 0.14449619 0.9272938 -0.9365331 -0.061060958 0.13794504
0.0 0.0 0.0 0.0 0.0 0.0
0.0 0.0 0.0 0.0 0.0 0.0
0.0 0.0 0.0 0.0 0.0 0.0
0.0 0.0 0.0 0.0 0.0 0.0

-1.5605958 0.37920982 -1.7386026 0.8199201 0.30877256 0.14940974
0.0 0.0 0.0 0.0 0.0 0.0
0.0 0.0 0.0 0.0 0.0 0.0
0.0 0.0 0.0 0.0 0.0 0.0
0.0 0.0 0.0 0.0 0.0 0.0
0.0 0.0 0.0 0.0 0.0 0.0
0.0 0.0 0.0 0.0 0.0 0.0

-1.722688 0.4107866 -0.35735965 -0.23739786 -0.34682748 0.13386898
0.0 0.0 0.0 0.0 0.0 0.0
0.0 0.0 0.0 0.0 0.0 0.0
0.0 0.0 0.0 0.0 0.0 0.0
0.0 0.0 0.0 0.0 0.0 0.0
0.0 0.0 0.0 0.0 0.0 0.0
0.0 0.0 0.0 0.0 0.0 0.0

2.8693006 0.9423132 0.48662183 0.95898163 0.32462576 0.12677966
1.8200669 0.19600977 -0.76022965 0.8365672 0.26113415 0.1252832
-3.0958016 1.0021546 0.59481925 0.8968983 0.41019464 0.13377984
-1.7835414 0.7316644 2.1376405 0.8983884 0.42284116 0.14064969
-1.9911436 -1.1253827 2.5346951 0.7543805 0.3720125 0.14885062
0.0 0.0 0.0 0.0 0.0 0.0
0.0 0.0 0.0 0.0 0.0 0.0

-1.5676941 0.30316985 0.64684653 0.87743944 -0.16880079 0.13099155
0.0 0.0 0.0 0.0 0.0 0.0
0.0 0.0 0.0 0.0 0.0 0.0
0.0 0.0 0.0 0.0 0.0 0.0
0.0 0.0 0.0 0.0 0.0 0.0
0.0 0.0 0.0 0.0 0.0 0.0
0.0 0.0 0.0 0.0 0.0 0.0

1.4631785 0.50758415 2.6413784 -0.25452986 -0.16632013 0.13128383
2.1099935 -0.41834924 2.341351 -0.43221554 -0.15128112 0.1297266
0.0 0.0 0.0 0.0 0.0 0.0
0.0 0.0 0.0 0.0 0.0 0.0
0.0 0.0 0.0 0.0 0.0 0.0
0.0 0.0 0.0 0.0 0.0 0.0
0.0 0.0 0.0 0.0 0.0 0.0

-2.3879185 1.1171753 -1.5640285 -0.7491503 -0.02357673 0.13226345
2.8969865 -0.8752508 0.19754028 -0.7620576 -0.3905953 0.13779257
0.0 0.0 0.0 0.0 0.0 0.0
0.0 0.0 0.0 0.0 0.0 0.0
0.0 0.0 0.0 0.0 0.0 0.0
0.0 0.0 0.0 0.0 0.0 0.0
0.0 0.0 0.0 0.0 0.0 0.0

-2.0143263 -0.7274952 1.0949476 0.6889576 0.37842274 0.14691739
0.0 0.0 0.0 0.0 0.0 0.0
0.0 0.0 0.0 0.0 0.0 0.0
0.0 0.0 0.0 0.0 0.0 0.0
0.0 0.0 0.0 0.0 0.0 0.0
0.0 0.0 0.0 0.0 0.0 0.0
0.0 0.0 0.0 0.0 0.0 0.0

2.646906 0.9946283 2.7746086 -0.99154663 -0.23115145 0.11950124
0.0 0.0 0.0 0.0 0.0 0.0
0.0 0.0 0.0 0.0 0.0 0.0
0.0 0.0 0.0 0.0 0.0 0.0
0.0 0.0 0.0 0.0 0.0 0.0
0.0 0.0 0.0 0.0 0.0 0.0
0.0 0.0 0.0 0.0 0.0 0.0

-2.0946054 -0.01949587 0.5276772 0.99963826 -0.048436258 0.14221425
0.0 0.0 0.0 0.0 0.0 0.0
0.0 0.0 0.0 0.0 0.0 0.0
0.0 0.0 0.0 0.0 0.0 0.0
0.0 0.0 0.0 0.0 0.0 0.0
0.0 0.0 0.0 0.0 0.0 0.0
0.0 0.0 0.0 0.0 0.0 0.0

-2.792306 0.8393628 -0.9673203 -0.9817069 -0.1572908 0.12482165
3.057994 1.0267764 -2.8807738 -0.77948165 -0.116418794 0.11558781
1.7067004 0.55196464 2.0148764 -0.8968608 -0.094561495 0.11490354
2.64133 -0.8346282 0.1439041 -0.9131419 -0.31411725 0.1283883
2.1796932 -1.275581 0.9979944 -0.72007406 -0.09319326 0.14124635
0.0 0.0 0.0 0.0 0.0 0.0
0.0 0.0 0.0 0.0 0.0 0.0

-1.9344225 0.50485164 -2.7114499 -0.87098134 0.27920175 0.11532657
0.0 0.0 0.0 0.0 0.0 0.0
0.0 0.0 0.0 0.0 0.0 0.0
0.0 0.0 0.0 0.0 0.0 0.0
0.0 0.0 0.0 0.0 0.0 0.0
0.0 0.0 0.0 0.0 0.0 0.0
0.0 0.0 0.0 0.0 0.0 0.0

-2.988251 -1.3621229 2.9960823 0.5236744 0.3851144 0.12252888
0.0 0.0 0.0 0.0 0.0 0.0
0.0 0.0 0.0 0.0 0.0 0.0
0.0 0.0 0.0 0.0 0.0 0.0
0.0 0.0 0.0 0.0 0.0 0.0
0.0 0.0 0.0 0.0 0.0 0.0
0.0 0.0 0.0 0.0 0.0 0.0

1.8846225 0.4805893 0.52740294 -0.76324606 0.23028155 0.13602462
-2.2237272 -0.04651745 2.5258932 -0.86233336 0.36737335 0.14263172
1.4284182 -0.53345615 0.2462291 -0.8474066 0.36868975 0.13827002
1.6476102 -0.81489414 0.4059397 -0.82225394 0.096780136 0.111269206
0.0 0.0 0.0 0.0 0.0 0.0
0.0 0.0 0.0 0.0 0.0 0.0
0.0 0.0 0.0 0.0 0.0 0.0

2.6895452 0.8500955 0.33550152 -0.20396188 0.3145484 0.120939165
0.0 0.0 0.0 0.0 0.0 0.0
0.0 0.0 0.0 0.0 0.0 0.0
0.0 0.0 0.0 0.0 0.0 0.0
0.0 0.0 0.0 0.0 0.0 0.0
0.0 0.0 0.0 0.0 0.0 0.0
0.0 0.0 0.0 0.0 0.0 0.0

2.1737282 -0.4086915 2.8140135 -0.49434504 -0.091935664 0.13772021
0.0 0.0 0.0 0.0 0.0 0.0
0.0 0.0 0.0 0.0 0.0 0.0
0.0 0.0 0.0 0.0 0.0 0.0
0.0 0.0 0.0 0.0 0.0 0.0
0.0 0.0 0.0 0.0 0.0 0.0
0.0 0.0 0.0 0.0 0.0 0.0

-1.8198131 -0.11582865 -2.3736756 -0.8271301 -0.2758366 0.14706308
-2.296079 0.3522565 -1.2351472 -0.8922271 0.20018966 0.14545242
0.0 0.0 0.0 0.0 0.0 0.0
0.0 0.0 0.0 0.0 0.0 0.0
0.0 0.0 0.0 0.0 0.0 0.0
0.0 0.0 0.0 0.0 0.0 0.0
0.0 0.0 0.0 0.0 0.0 0.0

2.84582 1.115526 1.0137105 -0.017934036 0.247778 0.11967405
0.0 0.0 0.0 0.0 0.0 0.0
0.0 0.0 0.0 0.0 0.0 0.0
0.0 0.0 0.0 0.0 0.0 0.0
0.0 0.0 0.0 0.0 0.0 0.0
0.0 0.0 0.0 0.0 0.0 0.0
0.0 0.0 0.0 0.0 0.0 0.0

-1.8229225 0.9659577 -1.0234975 -0.6639524 -0.39928436 0.13499382
0.0 0.0 0.0 0.0 0.0 0.0
0.0 0.0 0.0 0.0 0.0 0.0
0.0 0.0 0.0 0.0 0.0 0.0
0.0 0.0 0.0 0.0 0.0 0.0
0.0 0.0 0.0 0.0 0.0 0.0
0.0 0.0 0.0 0.0 0.0 0.0

2.3681908 -0.89258903 -1.6614324 0.9770462 0.36669254 0.12766504
2.5039723 -0.5002428 -1.3839377 0.5500421 0.20143233 0.122638606
1.5662869 -0.3880881 -0.5022213 0.59648603 0.08460404 0.13805747
2.4391687 0.440499 0.36552772 0.9834526 0.40757495 0.12676127
0.0 0.0 0.0 0.0 0.0 0.0
0.0 0.0 0.0 0.0 0.0 0.0
0.0 0.0 0.0 0.0 0.0 0.0

-2.297784 -0.86518896 -2.278809 0.56259096 0.33921677 0.11540527
0.0 0.0 0.0 0.0 0.0 0.0
0.0 0.0 0.0 0.0 0.0 0.0
0.0 0.0 0.0 0.0 0.0 0.0
0.0 0.0 0.0 0.0 0.0 0.0
0.0 0.0 0.0 0.0 0.0 0.0
0.0 0.0 0.0 0.0 0.0 0.0

2.6956718 -1.4629152 1.1460124 -0.81227726 0.22584446 0.12850712
2.843132 1.4023678 2.465372 -0.7075552 -0.0683255 0.13048154
0.0 0.0 0.0 0.0 0.0 0.0
0.0 0.0 0.0 0.0 0.0 0.0
0.0 0.0 0.0 0.0 0.0 0.0
0.0 0.0 0.0 0.0 0.0 0.0
0.0 0.0 0.0 0.0 0.0 0.0

-2.9238985 1.0157156 1.9494874 -0.62920403 0.25347415 0.11679196
0.0 0.0 0.0 0.0 0.0 0.0
0.0 0.0 0.0 0.0 0.0 0.0
0.0 0.0 0.0 0.0 0.0 0.0
0.0 0.0 0.0 0.0 0.0 0.0
0.0 0.0 0.0 0.0 0.0 0.0
0.0 0.0 0.0 0.0 0.0 0.0

1.9792589 0.2322544 0.71616936 0.7694802 0.1561709 0.11699065
0.0 0.0 0.0 0.0 0.0 0.0
0.0 0.0 0.0 0.0 0.0 0.0
0.0 0.0 0.0 0.0 0.0 0.0
0.0 0.0 0.0 0.0 0.0 0.0
0.0 0.0 0.0 0.0 0.0 0.0
0.0 0.0 0.0 0.0 0.0 0.0

2.6148427 -1.1252749 -2.2601368 0.71864843 -0.017922437 0.14051093
-2.6666458 -1.0805414 2.6512148 0.6949741 -0.32377055 0.12866962
0.0 0.0 0.0 0.0 0.0 0.0
0.0 0.0 0.0 0.0 0.0 0.0
0.0 0.0 0.0 0.0 0.0 0.0
0.0 0.0 0.0 0.0 0.0 0.0
0.0 0.0 0.0 0.0 0.0 0.0

2.4935045 -0.779729 -2.7396872 0.85523087 0.0150263 0.11973378
2.3030999 -0.8541314 -2.0687945 0.79067713 0.16963394 0.12230517
0.0 0.0 0.0 0.0 0.0 0.0
0.0 0.0 0.0 0.0 0.0 0.0
0.0 0.0 0.0 0.0 0.0 0.0
0.0 0.0 0.0 0.0 0.0 0.0
0.0 0.0 0.0 0.0 0.0 0.0

