0 0 1.9498395626775888 1.7372641772187032 1.9591142397071168 0
0 0 1.9578655069301085 0.7688904749139647 1.9973572059651445 0
0 0 -2.2816164166687267 0.6330359961645677 0.40813285946986455 0
0 0 -1.9232792290098453 1.3509954650367804 0.4510763459029443 0
0 0 1.7500802867940255 -0.19072485269392336 0.46900131833747494 0
0 0 -3.129672334297201 2.1112448097863843 0.818907756533532 0
0 0 -1.532902188461033 -0.6456137307425025 0.5770392382629521 0
0 0 -1.0520251369482865 2.1357477073185636 0.8904187293538677 0
0 0 -0.3167934542294919 0.0862090835361865 1.9653980658731822 0
0 0 0.27371710748207656 0.23186267966083374 0.41508413557861457 0
0 0 1.650741823957227 -0.3258534258848069 1.959124480623284 0
0 0 1.6958262003919558 2.071868622167495 1.9554514972561896 0
0 0 3.0539480172702316 2.115990432880099 1.9184932762434328 0
0 0 -1.5083709279074984 0.3283299898922216 2.0115279693008503 0
0 0 0.7665337985612468 1.676601913884885 1.9662399377220223 0
0 0 -0.8905179505266245 -0.551153372574873 1.1358488791618977 0
0 0 -0.9712646849974642 -0.5898186315080263 1.5680633622841749 0
0 0 -1.9818621428009258 0.3961632615594032 1.9851300903363205 0
0 0 2.905830447868226 -0.31158845985446293 1.9585226559346214 0
0 0 1.741096506136592 0.9766490181457035 0.4225037831594475 0
0 0 -1.7770172258954264 -0.6064547451400524 0.6792808305394346 0
0 0 2.8272103135880364 -0.6495905100140151 1.1451891713925821 0
0 0 -0.5334049566906174 2.1490963717016434 1.1665044571260996 0
0 0 1.9331305030974884 -0.2794915261311528 0.4380282676384998 0
0 0 2.7135439284382468 1.4002167570068462 0.4526096282754156 0
0 0 -2.3710063659762124 1.4710274318224934 2.044166084017875 0
0 0 0.3914659557365776 2.0830264711228232 1.4056570013212017 0
0 0 1.076112250405238 0.5113278454213501 0.4356787726984497 0
0 0 -1.3428551394382413 0.9649777055449464 0.4575554788374475 0
0 0 -3.0422226202336122 0.8852986656082451 2.01469930791428 0
0 0 -1.6225304578755468 0.11963265518807142 2.0169176243661093 0
0 0 -0.8333775024585242 -0.09140504549926831 0.45813671801179745 0
0 0 -2.0252849746167505 2.126498836843088 1.025599104650917 0
0 0 -0.2607998705577552 0.7074206207921245 0.4598717106696839 0
0 0 1.5965807352894963 -0.5704440714028998 1.1202199825086248 0
0 0 0.7405511830473124 -0.6181882212320771 0.4766614783790205 0
0 0 -1.974299894800734 0.640604462635302 0.42715361277080666 0
0 0 -3.016122879768514 -0.6221815368697079 0.49301832422026914 0
0 0 -1.672131306016277 -0.6032853388848411 0.8167617223494156 0
0 0 2.967085315377723 0.5772861651722576 0.46756924895446206 0
0 0 -1.8893918510483982 -0.3754451936418668 0.41124009221841795 0
0 0 0.8742258717982399 -0.6333588838055604 1.000021542904478 0
0 0 2.054469722705872 -0.6419573618235839 1.7002107703602534 0
0 0 1.7473810598468722 0.3243823107399968 0.4223869441617567 0
0 0 -3.020475245134703 2.122316459628884 1.1767015682398188 0
0 0 -2.4639034677146365 -0.6047513252176893 0.9624118083285795 0
0 0 2.6298619041162468 -0.6457892399312575 1.475533239233615 0
0 0 0.29722892257551026 2.1469541938555787 1.0211245503871162 0
0 0 1.9341690741055393 1.2218389552792426 0.46176103284074144 0
0 0 0.1118557164652807 2.063306313738923 1.6642018088843864 0
0 0 -0.3616246607649827 2.074920866684825 0.4281455866202307 0
0 0 2.0522125734238283 0.7649555800619872 2.0406866889494317 0
0 0 -1.8904660817449488 0.24918869848411973 0.4469571954222552 0
0 0 -2.902133224769433 1.8759280504390625 0.4693194287817979 0
0 0 1.8628391285942323 0.12165009543774041 0.4757710191614226 0
0 0 0.36223136888724206 -0.6126888007218183 0.5665466336809557 0
0 0 -0.8833659051234632 0.9599691816475227 0.4890989387541569 0
0 0 -0.21560555421737648 1.614821398404864 1.9649715707012125 0
0 0 1.7906582460277756 1.2216253102436985 2.0046530755419307 0
0 0 -0.2598088092851727 0.7022211921483232 0.502467858685577 0
0 0 0.8468172040684676 1.914054908863651 0.4438786086630503 0
0 0 0.9210459964366633 1.2928881781065438 1.976606724501679 0
0 0 0.7320217915247857 2.0868002821227964 0.6611196777082172 0
0 0 1.130371068093094 0.4157414130624414 0.4574879683465616 0
0 0 0.7675268978082799 -0.5897607276980592 0.6910044852026866 0
0 0 -0.28528766063885413 2.0837588717734157 1.4001782734401753 0
0 0 -2.7184644362270607 1.180417367000667 0.4568190506871236 0
0 0 2.565882821787145 -0.5845997385965371 1.2693880248105067 0
0 0 1.141103330224885 0.12168851036675565 0.4768353221467816 0
0 0 2.646914404240399 2.008308430387605 1.9689182436567778 0
0 0 0.3386661949706742 0.7790489702211676 0.4896296243534004 0
0 0 -1.153357447381034 0.6784013348085873 0.40502841005012746 0
0 0 -1.6043406557574313 0.8453115672540807 0.490637927959372 0
0 0 -0.8080128353494547 -0.26911813578511845 0.4194745528850172 0
0 0 3.1187962852919355 -0.6115932395054071 0.8698616544544 0
0 0 -2.06740298284868 1.1160934531756823 0.4428731466113608 0
0 0 -2.1692801223294675 -0.2811221895156881 0.5018861275590839 0
0 0 -2.6627466166098928 2.119553704772947 1.5154865372635227 0
0 0 2.1042257973546237 -0.5688017029809296 0.5996604632397539 0
0 0 0.02015159355527718 1.6469679442402196 0.44509091435022907 0
0 0 1.674894890733925 1.6329630232908452 1.9828911417304567 0
0 0 -1.427593359175687 0.47956405319437434 0.5002832287328441 0
0 0 -1.0039149866998045 1.7243131257163975 2.0119608008066714 0
0 0 -1.9053952795128883 -0.10268925923366257 0.45983008240552947 0
0 0 -1.366245001671043 0.15694016699797486 1.9971576558275805 0
0 0 1.131987256683054 0.833227638437599 0.48807362635998597 0
0 0 -0.20052982925572538 0.2621636337115243 2.0397470561204187 0
0 0 -1.949435070133222 0.7191363638589527 1.977706433562748 0
0 0 -1.4210451947738463 1.3420473895381255 0.45128777753429916 0
0 0 2.1290918585182705 0.03919878476605776 1.9635351658597915 0
0 0 1.86282216646595 0.9434746338721935 0.4452645102386146 0
0 0 0.8806075049015414 -0.5231256894451897 2.0196626921461744 0
0 0 1.284581915678129 0.2691813973372241 0.4442628839827365 0
0 0 1.6035049399145755 -0.5533283756514897 0.7258986778848839 0
0 0 0.6396595552560878 -0.6139715171090232 0.9249846959391584 0
0 0 2.554023195389112 -0.607719907105511 1.1806720466348632 0
0 0 -1.9903169254097284 1.946382810629191 1.9635863171703893 0
0 0 -1.5830887830579488 -0.6287290025545622 1.2645343306965895 0
0 0 0.0008320349485724243 0.4055045006597463 1.9838494692978859 0
0 0 1.217046732299166 2.145501257271684 1.4135240906776005 0
0 0 0.3588668581850252 2.1363662979304374 0.6910126587832479 0
0 0 -1.406824573380468 -0.05856231297133485 2.021073382325914 0
0 0 -1.6137646735350792 -0.3487453004952059 2.028922952118486 0
0 0 0.37702747453537233 -0.5592089962808582 1.2144867385393678 0
0 0 -0.934402249597293 -0.4819336645365888 1.9581953878172045 0
0 0 0.2611046850317087 2.091913587191466 0.9309480307175373 0
0 0 1.3371290157451847 2.0513004798220384 0.8768983886308213 0
0 0 3.1106139527836527 2.07671997272622 0.5796717657306877 0
0 0 3.1258687099701365 1.8963985704968145 0.4896174278598353 0
0 0 -0.8137621538817439 0.5459499443630487 0.4497411056387738 0
0 0 -2.304382300826132 0.2787025464046369 1.9888978219301916 0
0 0 -1.3880085192918608 -0.5789412148784698 1.644818460588499 0
0 0 -0.26849082713376937 0.9559137981139114 0.4524870549951283 0
0 0 2.36360169031033 2.0923770469312917 0.8303585417888895 0
0 0 0.4339412216211258 0.861739000544558 1.9613837170757302 0
0 0 2.2405383436566844 -0.5711918073306712 1.2522307946044853 0
0 0 0.7152136209215567 1.3207695494168066 2.0000055308092444 0
0 0 0.4592509325760745 1.146125958479352 0.4976011859012064 0
0 0 -0.1531638497288368 0.20865829060263552 0.4273806699903838 0
0 0 2.7064248318606534 -0.15350660259756332 0.47913321076164295 0
0 0 -1.8513520631145597 -0.49567942175177815 1.961543833185769 0
0 0 -2.163863687410484 0.9721180111602319 0.49185197129649627 0
0 0 2.001125955759356 -0.4651642504133857 0.4771317576950994 0
0 0 0.8308403296233662 -0.056713402237544175 1.9542382163087562 0
0 0 1.1929736680428809 2.1252513616412836 0.561170301657355 0
0 0 1.9796384273361172 1.8408282655794472 0.4589561695702338 0
0 0 -0.9848585296397978 1.6315247353701106 0.435924444115499 0
0 0 1.3453495044228365 2.0068528902131693 2.0364415328308736 0
0 0 -3.0033649446723394 1.127022792116871 0.43598617143911744 0
0 0 -0.45052423461299584 -0.41832712028190944 0.46763693473016466 0
0 0 -1.6261075369819218 0.8717369805922348 2.03225931157497 0
0 0 -1.123900288658858 1.5323194349134235 0.5006575868482299 0
0 0 2.3116389470376513 1.3367025748915007 0.42056606926118467 0
0 0 -2.251942553781321 2.073179398467861 1.527131625070144 0
0 0 -2.17796668177798 -0.2072404897235025 2.0331835138320353 0
0 0 -2.236621031345056 -0.625415244594832 1.8108349897264755 0
0 0 2.3192061418579932 2.0596068821467357 0.855017879287834 0
0 0 3.105727394165963 -0.6438112951262656 1.8914394446519778 0
0 0 1.2830920848280831 2.1084696375437213 1.2542916604004013 0
0 0 -2.762735826008579 -0.5732820793735738 0.5439940944981967 0
0 0 -0.8893532063449752 2.0506469320388385 1.9511002824910286 0
0 0 1.9235415381698031 1.6705082969562792 2.008031668202359 0
0 0 -1.8272873792825859 -0.13381407400315715 0.4884954572401935 0
0 0 1.2863233170834878 0.6970097548976433 1.9550454112186224 0
0 0 -1.85358975054499 -0.6499267175745005 1.265530176713902 0
0 0 -1.6004510769782023 1.9005900612815128 2.038464015665589 0
0 0 -0.5515144392274878 -0.16150002766573546 0.4662450290898069 0
0 0 0.3443393675695128 -0.5965317734472368 0.6462524814100677 0
0 0 1.1271237729763772 0.7530084297303139 2.0110577160026644 0
0 0 3.1330857124893736 0.8259925809561852 0.4388810201871206 0
0 0 -1.63372680112765 0.5482718189115159 2.045593388685895 0
0 0 1.8482413107080138 -0.5211999293739566 2.0335670369061924 0
0 0 -1.2262589495298986 2.069506699344797 1.8828852113378551 0
0 0 -2.8237839392754314 1.1136438715346884 0.48008172307575325 0
0 0 1.3928287889278064 0.5712542022744305 2.008862247850126 0
0 0 -0.2106343598568161 2.056099926736394 1.7095934001161868 0
0 0 -2.0926553305804276 -0.38740444877600666 2.0063731537690077 0
0 0 -0.5714414530003782 1.6317576179872069 0.45796211564677836 0
0 0 0.4764655933241757 2.0512728477387445 0.7937536936250085 0
0 0 2.3404542439785905 0.56150906243876 0.4343224286966536 0
0 0 1.065369188332979 2.1373790447581618 0.9128021100351128 0
0 0 -1.2513840174832345 -0.5569610927238942 1.875364164130122 0
0 0 -0.9927417638507396 -0.5842528738416684 1.9675231225581944 0
0 0 0.3238925193534543 0.8021344575820546 0.43346382841183195 0
0 0 2.871841439890754 1.3415489602474147 2.0367610137644716 0
0 0 -2.4943722537169952 1.2164942620664394 2.020945659916877 0
0 0 -1.2987060132921513 0.487598273574658 0.4218889062140072 0
0 0 -3.132342043534077 2.0969862152233034 1.1445014390897241 0
0 0 -0.7892235460812653 -0.6222125303212558 1.7537322695912176 0
0 0 1.8541060258191662 2.0889260683974378 0.4365614547455533 0
0 0 -1.5791581652150342 0.29398801320066514 2.0159161515774873 0
0 0 -1.628000527877701 -0.6344019557175082 0.7311802955392949 0
0 0 0.655692318873994 0.9156233692108104 1.9863042802632314 0
0 0 -2.932291688260215 0.7282295674510642 0.4352039693901122 0
0 0 2.8108135509469925 1.4920562192068132 2.0423871800903752 0
0 0 3.136848771525141 2.096067307967953 0.6108401524828333 0
0 0 2.469777235460323 1.0569216664722354 0.4757450198055462 0
0 0 1.850998449878917 1.567601811434259 0.41930627334047477 0
0 0 1.6094519418689757 -0.6374804116457276 1.170526918685557 0
0 0 1.4436357503495723 -0.16607406969718197 0.4160244982486201 0
0 0 -2.0324942789094163 1.2342946842741942 2.0123155249425544 0
0 0 2.6663241314750312 0.19126152901747584 2.036563838096608 0
0 0 -1.8683227364775403 1.8808135020089531 0.42233881128909756 0
0 0 -2.785811802734157 2.0508395857377435 0.9022583438288965 0
0 0 -2.79513742682627 1.9843704027430704 0.47139496053676844 0
0 0 -1.7053496668337498 -0.4143316563531996 0.4510098025784254 0
0 0 2.8800991371193634 1.724001685103212 0.469243646108101 0
0 0 0.34807882111834676 2.123313780372442 1.0139779445610548 0
0 0 -1.7862819052326726 -0.6449786249616767 1.5062355981454123 0
0 0 1.1673385750207386 1.3851282649121308 2.0085441169758957 0
0 0 -1.4259703674427686 1.039071168181679 2.0287069593035496 0
0 0 2.9227223068219965 2.0619933662146614 1.9047465753875752 0
0 0 1.365831244852318 -0.6152767080309849 0.6493587274926371 0
0 0 2.568255979311215 2.050588198336677 1.7514280621944036 0
0 0 -1.6687206952817921 -0.6153655758543024 1.8049645909051617 0
0 0 -0.07139671102903611 2.0504151026575363 1.2516947294178231 0
0 0 2.600065554105467 0.2519761042250045 2.032147716541145 0
0 0 -2.1811946739640025 2.1156369594515385 0.5847818564276461 0
0 0 -2.3006835026303403 0.9753788108589272 0.46696343879793545 0
0 0 1.8907837259904143 -0.47980277541219984 2.0436085452097643 0
0 0 -1.2143323438252847 2.0598795341288056 1.8574782421405878 0
0 0 -0.18812190535106765 1.2231820321336175 1.954906665567901 0
0 0 0.38241248846867526 2.1320316013169824 0.6843304447382631 0
0 0 -1.9683954528109782 2.0683800130582455 1.8207112317295628 0
0 0 -1.916595944286995 1.1877462958468121 2.0051263447768526 0
0 0 -0.5356915857549716 -0.08604624912655123 0.4375627141850178 0
0 0 2.5439957303980627 0.8744041742659852 1.9676140472100112 0
0 0 3.0782210030866564 -0.5550686691154083 1.9190204888433806 0
0 0 -2.011906018753225 -0.6287046418057445 1.1339427425299404 0
0 0 -1.0087797435144172 -0.5916503590005013 1.8926951611260188 0
0 0 -0.2851948626209375 -0.6397186563410604 0.8249610219295043 0
0 0 -1.9625819873581314 -0.6320696134796149 1.0553595744966766 0
0 0 0.9998209714783277 2.091602701164651 0.5108849354116344 0
0 0 0.6908500591142435 -0.5940669910463772 1.7954892342819762 0
0 0 1.529892604828409 2.1393104038139796 1.8599318513270917 0
0 0 1.9805895515604215 -0.5605807982805135 1.775756851253775 0
0 0 0.1116284288087761 1.1614086779208674 0.4096239493827538 0
0 0 0.9255330797268844 2.0587122930356525 1.2709941871340467 0
0 0 -0.4785450580295021 1.1519697179943689 1.9808164938865698 0
0 0 0.09841207284027265 0.6387742963270293 2.0195701394519254 0
0 0 -1.5611583789210062 -0.6093660784511685 1.1610472962338008 0
0 0 -2.456523073171712 1.0617064854773544 0.44191703620975653 0
0 0 0.25910389182888016 -0.5767543679586478 0.8271365199517908 0
0 0 -1.9116134239882054 -0.6480122484971615 1.3708042782018355 0
0 0 -1.1580844650299742 1.0413632287522616 0.4879133941387357 0
0 0 -1.2107633152776351 -0.596096408966394 1.022053445865954 0
0 0 -2.0358326325025335 2.0848097797936953 1.4714274058567303 0
0 0 -2.0447727206075283 0.8283119004357622 0.46552614815884985 0
0 0 -2.548329839316156 0.21884167457810255 2.0201571572670476 0
0 0 -1.746736099510066 -0.6045423093869859 1.8449853624548829 0
0 0 -2.2688855294458916 0.5683394952537446 0.45321636474038396 0
0 0 0.8214217658529543 1.695999337048322 1.957133414774165 0
0 0 -1.3149713609794729 1.6484918468221783 0.42274012024686947 0
0 0 1.2292432918123364 -0.1404268114282795 1.979700391150495 0
0 0 -2.0006995246613206 2.131255807284956 0.8384200505770973 0
0 0 1.9102117709585977 2.0573802493473474 0.5324942571936526 0
0 0 2.367319118690129 2.1423340389274435 1.8691473344331708 0
0 0 -1.5056068855041311 0.9698075366439818 1.9744402479859664 0
0 0 -2.6640015515087465 1.8784182380195447 1.9650592763428312 0
0 0 2.4155287428934944 -0.24546482336540043 2.0447424611276808 0
0 0 -0.10631058153350059 1.8991875990834057 1.9954874604843351 0
0 0 2.5585247451578566 0.3415051683567233 2.0181333719851784 0
0 0 -1.4372126759332369 0.5769152912636868 1.992209515140396 0
0 0 0.2534049367299045 -0.5539421017093369 1.1324890149812468 0
0 0 -2.0431802693896266 1.6963095457104 0.4564792603323329 0
0 0 3.0254767903629176 2.082669084936575 1.443363947154957 0
0 0 -1.8153002182532267 -0.17029953469832226 2.023355005598363 0
0 0 -1.2547939528512313 0.6495036257271709 2.0156617756738715 0
0 0 0.44839030002292635 -0.6347791238084093 0.6369726449118936 0
0 0 -3.0554055546491385 -0.5774608620207362 1.2840262786545877 0
0 0 0.8087016325253136 1.9865233734536656 2.0189323563323835 0
0 0 2.2036896140055235 1.7586468243416438 0.43558307854644085 0
0 0 -1.1591508386744716 -0.0816321130421338 1.9760958546420797 0
0 0 0.668684931784365 1.68780463883676 0.42291430330631297 0
0 0 -2.342451127224417 1.32914558166673 1.9721274881335173 0
0 0 -1.707143638626224 1.3453010640248226 0.45705079560354855 0
0 0 0.7160291633559939 -0.5932537223073973 1.2492554837146952 0
0 0 -1.006170769631237 0.019924626607456197 0.4868277136241107 0
0 0 2.7373155496121173 -0.5704488447775753 1.481103258328513 0
0 0 -0.642047256403032 -0.5643143797421668 1.711679940258708 0
0 0 1.5935333496895723 1.8483454556590175 2.033933190872834 0
0 0 -2.227559154359225 -0.4924186555650416 0.49346283457872697 0
0 0 -0.680369879197706 2.1068474527678562 1.9782314782654284 0
0 0 2.797561716154677 -0.14627761208908208 0.4574722353643532 0
0 0 -0.5349815070193542 1.8954247137294995 0.4084881304689536 0
0 0 -2.535370288877882 -0.6365041961504911 0.6844812319584659 0
0 0 2.6641518514366718 0.7573551017744615 0.5028518898870387 0
0 0 -1.4829848701548525 0.5210490779520525 0.4468210606210853 0
0 0 2.1184567222683306 0.37123980651804755 0.4452599900595984 0
0 0 -1.1965582771284802 1.2755524867200896 2.0330320462763143 0
0 0 1.2759296585171924 2.0505656477556884 0.8209929241346658 0
0 0 -1.3287191235073021 2.0981920991821954 0.8565600567266821 0
0 0 -1.6836550552767142 0.5149213574380729 0.44323556383561635 0
0 0 -2.5249787662103422 1.8133033574943986 0.47107474505643576 0
0 0 -2.063393827641792 2.114698355911263 0.8072584281215329 0
0 0 1.7582901884196245 0.8757782856562089 2.01733886589396 0
0 0 -2.6389828153996584 2.069647856969521 1.8298850920243976 0
0 0 1.140488277935762 0.25809112865555683 0.46518077133316316 0
0 0 1.647464407199875 2.0736626857556484 0.8414558006890537 0
0 0 -2.427196036342689 -0.603696014443116 0.4783467213681869 0
0 0 2.027058133922621 -0.4178843460509414 0.5016941094043766 0
0 0 -1.2487635132763568 2.0588405383641715 1.5423284905160959 0
0 0 -3.046064592633844 -0.011763812781832694 1.995219471308498 0
0 0 -0.322707337837167 1.4438491058921255 1.9824006605974505 0
0 0 -1.7888744567396593 0.7217346194832364 0.4339381422727936 0
0 0 0.01453023044852042 2.0851330240610273 1.186356611467156 0
0 0 0.23083338988374003 1.7080579783627787 0.4076021223269919 0
0 0 -2.9277354566556855 -0.5907385676708827 1.715859498067667 0
0 0 1.5353488328596656 -0.5604494992034128 0.41248609627169297 0
0 0 1.3349459026779922 -0.5547876553782294 1.9960348541022126 0
0 0 1.9698618956148932 1.7980016216359844 0.4111324640629993 0
0 0 -2.0273158553272737 2.1230975758090143 0.8211331958912573 0
0 0 0.708342912111724 2.072777941246504 1.1540683107039396 0
0 0 1.9141186832041202 0.9946768591217101 0.4464068271612809 0
0 0 2.781104899379991 1.053928331708495 1.985451815318161 0
0 0 0.6562097043187389 2.137339025262869 1.6914267896271233 0
0 0 -1.826120825207117 0.18878746324237172 2.0223537028445024 0
0 0 3.0619754336625435 -0.35032020430442223 1.9678330862592335 0
0 0 0.9191539829435085 0.609124683145128 0.4508293025148462 0
0 0 2.164644904929558 0.37853013948144554 0.4215232927532713 0
0 0 2.1248849408247414 2.10045446971373 1.253361242141486 0
0 0 2.221487304295339 1.4205733187217566 0.47407023221764355 0
0 0 -1.0116730758926789 -0.18687143633654002 0.49721640318226246 0
0 0 -0.3646576681068221 1.5122122233396682 2.0460380412129666 0
0 0 2.517558122889433 0.6407470950242173 0.48149163847119125 0
0 0 -1.4442459570637054 0.6186230941281317 0.46638539324485195 0
0 0 0.8626712754210084 2.1320428699866127 1.5103682167215198 0
0 0 -0.08630877005319704 1.6030911874384104 0.44574894154615596 0
0 0 -2.2783317364674223 -0.37781356938082733 1.9631792152393444 0
0 0 0.3306137700494136 0.5464347281943713 0.4862860250589369 0
0 0 -0.6364179632540621 1.0653313488409017 0.4658832298885739 0
0 0 1.7858439989504102 2.1495600081737654 1.83698526557972 0
0 0 0.5243904118268414 -0.5601160671226588 1.6597497560042047 0
0 0 -0.29494673053358156 1.1868753989363594 0.44378777998452323 0
0 0 -0.31676018192710487 -0.6319575103327877 0.4667108776973171 0
0 0 -2.2620466003758795 2.146381192699143 0.6590645394354391 0
0 0 0.8920373512644373 1.3131522804095084 0.47699097461712026 0
0 0 2.783743597232082 -0.29820808866531956 0.48099131637373993 0
0 0 -2.2045691933801543 0.5305601611160156 0.4834129732668966 0
0 0 -2.432546078477132 1.9499169668773624 1.9917524277211363 0
0 0 -0.7107760281657147 0.31051725932758667 2.0324370520557657 0
0 0 0.006398252346324185 2.0608018003472837 1.1592282392092914 0
0 0 3.0774773756430855 0.4980981431052709 0.44562216950478795 0
0 0 -2.2185763861441057 0.22490036083382992 1.9551759457631548 0
0 0 2.677120084342926 2.1181187890382374 2.002231737192558 0
0 0 -0.16361814838219546 2.0619051853482375 1.2161839089504114 0
0 0 -2.156689439427306 1.2257828110726883 0.47782613915236416 0
0 0 -2.6749760566907845 1.2301900559105077 1.971621178672653 0
0 0 2.1970936150276765 -0.12648913261833972 1.9725874868782811 0
0 0 -2.1410332314130924 -0.6237322944980115 1.0345218255289912 0
0 0 1.4634345848039443 -0.4561952515936869 0.4510542471022153 0
0 0 -0.7595025485148228 -0.5894820062933313 0.6375175573355608 0
0 0 -0.7111157330423756 1.7499976320074195 1.9715718135669438 0
0 0 2.053405885067102 0.5874933752966891 0.44583802609552314 0
0 0 -1.6164100838441506 -0.6156344723547067 0.988600081000974 0
0 0 2.8074307492304564 0.46277721344104705 0.48901906950299456 0
0 0 0.6709537859736296 -0.594630936383759 0.6143210635551015 0
0 0 1.8262970296971197 -0.5546148418644794 1.6610187324952126 0
0 0 -1.6920003845831402 2.124821444896258 1.457395704981178 0
0 0 2.835717540500645 1.0624061899568205 2.0454602426637396 0
0 0 -1.0284609372748386 2.1369352404948825 1.1632787346829505 0
0 0 -3.1382405013192196 -0.5627719082899063 0.7066267530079067 0
0 0 2.0004867615911017 2.1218686017094726 1.2136880918972386 0
0 0 -2.726993680519472 2.068725985248606 1.2629346183771322 0
0 0 0.17572944679073643 0.9286758634081433 2.0343764787373524 0
0 0 -1.8514745298975395 0.665923184300532 1.989890358079724 0
0 0 2.8892365937089686 0.060003215287325884 0.48221032480099013 0
0 0 1.371499896585778 -0.5935636081939433 0.9244876213217205 0
0 0 -2.0467323514401334 0.6057823701871814 2.034664854346279 0
0 0 -0.10255172209787977 1.4974662859666565 2.0296355403910873 0
0 0 2.044722819689337 1.0026481719290066 0.46472361518321215 0
0 0 1.152495315225127 1.948813723974223 1.9710035678290687 0
0 0 -1.5085285951939045 0.9049306614419177 0.42076419338481674 0
0 0 2.840999219820411 1.2889975936125988 1.9866217388685172 0
0 0 0.6157362675850293 1.0806125342450281 2.026191792417314 0
0 0 0.22360087209019275 -0.4863650508014741 0.4737757418854306 0
0 0 0.6459946806905066 -0.22706756597228228 1.9943377991726865 0
0 0 0.214720530295879 -0.41430267363910955 2.011195428533332 0
0 0 -1.3042108223484812 -0.586974059773061 1.8672205458692126 0
0 0 -0.7571891497530903 2.107679303218398 1.422355645795723 0
0 0 0.8012882736441176 1.8004739699343333 1.9759526132130927 0
0 0 2.5503946037751763 0.19082122876470398 1.9597279349376118 0
0 0 -1.0283950931334673 1.391522097413811 1.9740289941210802 0
0 0 -2.036295635090694 -0.6401583716065447 1.202970413697373 0
0 0 2.682543877314898 1.6276801377120858 1.9679475747093704 0
0 0 -1.996426813504736 0.5583785124996528 0.42812890857276487 0
0 0 2.2789946312591898 0.07747014150372611 0.44885995437583814 0
0 0 -3.1023348625811358 0.037658677828148246 1.9783096308731434 0
0 0 -0.786006064380969 2.0936808511139855 0.531819702492052 0
0 0 -0.431497161487739 -0.5511529070670906 1.2144133297034845 0
0 0 -2.660528447461743 1.40725933637294 0.43152740904309894 0
0 0 0.13793862826146608 1.0080046401022527 1.9588346656581486 0
0 0 2.3326795847482993 1.9350867481127982 0.5027420272896488 0
0 0 -3.1280034322864267 0.04600911431479848 0.47718729525513726 0
0 0 2.408314975665129 -0.6108664155235801 1.5252455653383676 0
0 0 0.13274183549863805 -0.40357493421773016 1.9901952376447203 0
0 0 -1.772635356919336 1.8767502644986156 0.48498118268590007 0
0 0 1.4500180796648214 0.02239432910133643 0.40508422037548697 0
0 0 -0.07159945890617792 2.1462480834957396 0.6793969860444795 0
0 0 2.35553272470779 0.5359764869136174 0.5004800096754695 0
0 0 -0.7640604979980714 2.114842651978787 0.7760505414678083 0
0 0 -0.6670634405975266 -0.6118277220587733 2.0065000025341764 0
0 0 0.9696061663832767 1.4215002787062554 2.0098477710684644 0
0 0 -0.16384303298814196 1.5858327657860618 1.9583357739273484 0
0 0 0.8766711748956668 -0.2025726814529678 1.9653111730125192 0
0 0 -0.06657823600622192 0.4462145260475756 2.0100488815022737 0
0 0 -0.8540751735180905 1.4175229927221042 0.43264365246940983 0
0 0 1.4838162877958725 1.372050550684439 0.4235576890261561 0
0 0 0.9433914437216906 -0.2964000083463967 0.4129130136838237 0
0 0 -0.9013700838764187 2.1471132545064924 0.6203260281913715 0
0 0 -0.6682676853254983 -0.5782591024644987 0.8223249678837106 0
0 0 0.14711074619429265 -0.5233652584597444 1.9564405391767108 0
0 0 -2.809626032460438 -0.6022522253842779 1.6245804591305475 0
0 0 2.989508422390915 1.3449477315565013 1.9610312854622798 0
0 0 0.7114274404146559 0.05519749797146489 0.4378968735088682 0
0 0 -1.7190574745567786 -0.6101554170304584 2.039239194502728 0
0 0 2.4620005173761985 1.4314842051577459 1.9944799415719932 0
0 0 2.2890982552525223 2.0603048770705263 0.4629649519630469 0
0 0 0.6683396222474571 0.293785678770479 0.4483574537771555 0
0 0 0.10571120718140081 2.120572988675198 1.5988503736586848 0
0 0 2.2304273472494236 1.4925035270008673 2.0072705152549633 0
0 0 1.4962496298782773 -0.20343228481358255 0.4581179655691253 0
0 0 2.3894894328182845 -0.2601672661389236 2.0202810693571225 0
0 0 -2.9462533519599723 2.0765277146431638 0.5544189068274229 0
0 0 -2.7390756164814665 1.7381006803598436 2.016704085883215 0
0 0 2.564593384262503 -0.36719666040252696 1.9971523069215489 0
0 0 0.6314338436739089 2.149760975705826 0.5094994362851577 0
0 0 -0.8439173882845195 1.9325999191070526 2.0377272104608597 0
0 0 -2.400581635822869 1.0928539442682665 0.49048934422903556 0
0 0 1.9684058993859006 0.8440282608586795 2.0256949813315686 0
0 0 -0.2119959852572677 0.286509147462206 2.0074021046240036 0
0 0 2.5816385506361144 0.5099109878652537 0.4873184344528235 0
0 0 -1.3552209605021224 -0.6440576150956494 0.9300965078421419 0
0 0 -0.47014919951712253 1.232726547815562 0.4947816959785637 0
0 0 -2.080350883990935 2.1233287119484867 0.5269060814149108 0
0 0 -2.2196009282612437 0.8230489285551346 0.46814957709525096 0
0 0 2.010706970189996 1.2057240688923128 0.4859741028192378 0
0 0 1.0786698022458383 2.0974218290512647 1.9559649904027756 0
0 0 -2.8796983079692224 1.1652216233517927 2.0366828565344157 0
0 0 -2.003651964108925 2.095639139452369 1.5298576408898275 0
0 0 -1.8317907662033388 2.117729677203065 1.5223520375838206 0
0 0 2.209810475390368 -0.6327578108345233 1.2854375729459164 0
0 0 1.1428269946659197 1.7791113918276358 2.031723787998148 0
0 0 0.17821894931169613 -0.6458168376343081 1.2386421357158879 0
0 0 0.829853605201488 2.1391581530174215 1.191210724793183 0
0 0 -0.8894889573178775 1.837040535849103 1.969827200079564 0
0 0 -2.245378913628643 2.1289851557046413 0.7395797900792063 0
0 0 1.4779100647367338 0.8836020385287722 0.4699231524181744 0
0 0 2.6496282563209306 -0.3456338618113104 2.038124672756669 0
0 0 -0.5005825581956769 2.137776805898091 0.6971244779270647 0
0 0 1.8017855592622798 1.297757824568726 0.46954494160785765 0
0 0 1.3347783287105113 2.072010973360457 1.9426831344190236 0
0 0 1.5642291502481802 -0.46440239132371386 0.48550586752200253 0
0 0 -2.663782573816604 -0.06309632454713698 0.4166172612867961 0
0 0 -1.757153420572706 0.5984180411202542 0.44928763332125776 0
0 0 1.7319233721581773 0.17607900801840948 2.026455200767515 0
0 0 2.4027462954013954 1.5584383907907993 1.9936255042773046 0
0 0 -3.101428346394776 -0.5905933318877201 1.8062602676490411 0
0 0 -3.000549411322382 1.819692086735578 2.0135544238451226 0
0 0 -0.8994061887869922 -0.5916965287680584 1.1107501692310537 0
0 0 1.4392499662987053 -0.5743667730900448 1.2396528532854023 0
0 0 1.7009902905694494 2.0349938263050715 1.9855348806529767 0
0 0 1.089550520735676 -0.32793240537218615 2.019609237422592 0
0 0 1.2870859114245334 0.9778050453431211 0.5015378900975261 0
0 0 -2.1349062267896954 -0.5929184574910489 0.4362339696654557 0
0 0 -1.2286762695654982 1.626342467477509 0.4581872406392864 0
0 0 -2.1328980061005547 0.6072233585480054 1.9546228523251539 0
0 0 -2.057248542939617 0.9814666750757273 0.4269597919151463 0
0 0 2.9615876866388255 -0.6461574914150991 0.814867305076369 0
0 0 -1.6998679509521446 -0.11714255026593245 1.9843278309174655 0
0 0 -3.0478349940936043 -0.40368589889483975 0.44586439583292403 0
0 0 1.7921133953323771 0.6219580365125192 2.017754818683391 0
0 0 -2.0246940944529177 1.641629011970134 2.0101381267515603 0
0 0 0.4062878970718944 0.8044500771378378 0.5007288027483474 0
0 0 1.0888498096247634 -0.5834825566014692 0.889122906877111 0
0 0 1.5900571750969759 -0.5955120302850068 1.3601926394475572 0
0 0 0.6829439075657029 1.3199164194245812 0.4498621975730317 0
0 0 -0.17474959828929393 0.8278982233144971 1.983814007591342 0
0 0 1.666390612549482 0.823326135606609 2.05029394697015 0
0 0 -1.0678836880664986 -0.5827713409268898 0.4938302348580631 0
0 0 -1.184497556127543 -0.6293594428873952 1.1198860996328748 0
0 0 0.9689472421459655 1.9381708918673557 2.0220385950367668 0
0 0 -1.743805724167423 2.136291070134276 1.1113210539800864 0
0 0 0.7100739325949479 1.8267845266380294 2.0097073479687646 0
0 0 -0.5521987887396689 0.7093236224079809 2.0365192527934726 0
0 0 0.20996265131247727 -0.33500176984897667 2.0299055710554907 0
0 0 1.4596743693156462 2.126964245969046 1.4672868185966352 0
0 0 -2.589741812789236 0.2450396301137132 0.40799960595595863 0
0 0 2.106433336028047 0.0208010054225386 0.42125096732282596 0
0 0 1.0768164824317408 2.0738072180417975 1.472264182368687 0
0 0 -0.03469510822881228 -0.36200511054848805 2.0118365319392035 0
0 0 2.471249696110915 -0.223131638810794 1.95544393845087 0
0 0 -1.8367325854679968 -0.517332574309231 0.4044581623387784 0
0 0 -1.1549153849718425 1.5410354356610523 2.0136793741031185 0
0 0 0.4283626868825108 2.092807794849732 1.7806757375377285 0
0 0 -0.13435341105602872 0.060055025500865944 0.41074980137728745 0
0 0 -1.1404758254062437 -0.24031010175536127 0.46138292454121343 0
0 0 -0.42558856336815865 0.5563681009254193 0.4768676843482096 0
0 0 2.429271106199831 -0.5553379469835125 1.5590160041792442 0
0 0 0.5046619685565221 2.0892195577096917 2.0505240874911284 0
0 0 1.0398056329960141 0.7267640843887644 0.47669879081997557 0
0 0 -0.47515617334018945 -0.608850540854067 1.3686657406649885 0
0 0 -0.756996221916939 -0.48033890741469065 0.4466830440692344 0
0 0 0.293300801596589 -0.22581185227513423 1.9693424538453166 0
0 0 2.8240192096251304 2.0140730860866984 0.4495184931827937 0
0 0 1.4963920829464152 0.5026973290450971 0.5002678832880929 0
0 0 2.6409668332484726 -0.5702065752033743 1.3011112391797235 0
0 0 -0.22081795012721983 0.48257159033479136 0.49451846787193865 0
0 0 1.0144174714385485 0.4329160951793738 1.96966988933201 0
0 0 -2.31852260384042 2.105470590164914 1.4507639988060501 0
0 0 0.4725439123813384 2.1163134961111485 1.0485718730000735 0
0 0 2.1872714956401973 2.052986500185522 2.0349853235201985 0
0 0 0.6961105374845484 1.5495993346971664 1.9536007806523397 0
0 0 -2.010262938092757 -0.6158111082231144 1.407785410406537 0
0 0 -1.8924553813059686 0.23247503172447825 1.9712458693834893 0
0 0 -1.0518859556786144 1.5213877835065588 0.42192781410873004 0
0 0 2.0981406745899926 -0.5630326368591012 1.5185992711194793 0
0 0 -2.741821461726222 1.8820069748458363 0.404264812499444 0
0 0 2.584352081285606 0.22033764665962208 1.9935890952351043 0
0 0 0.17089289696540533 0.6515863692189625 1.9795332916041524 0
0 0 0.6504315438941215 2.146245841103752 0.7202387506866315 0
0 0 0.5914937844228754 -0.5889086993549808 1.841246729191218 0
0 0 0.2827292399096035 1.9065888692279025 0.5027822535867854 0
0 0 0.38523703588477964 2.1258710338467917 1.9525429452874157 0
0 0 -2.987581101019227 -0.6227175892892198 1.2836869129412505 0
0 0 -3.1278230883149374 1.104352648511341 0.4313556068919713 0
0 0 -0.7084379137625216 0.6709998851296588 1.9612511376765092 0
0 0 -1.8983974307861808 1.2188620818757903 2.0228286208125534 0
0 0 -0.02061307522329514 1.7288163455956764 0.42841169248618227 0
0 0 0.6437669554802108 -0.6420577273494443 1.8267916089297613 0
0 0 -1.2307685270289663 -0.5695702151916306 0.9404403206675974 0
0 0 -0.025104398435486175 0.012717406060696712 1.998794680796812 0
0 0 -2.2586954534538446 -0.23757868732415477 0.40800071542025795 0
0 0 2.1929383065973447 0.9013237744627636 2.0293308606393454 0
0 0 -0.4485205163104329 -0.635816797023453 2.00477540982451 0
0 0 0.39704408553933446 -0.23775688687186092 0.48511175025166964 0
0 0 -2.6213132820811236 -0.6397134762355812 1.2074027302353654 0
0 0 2.179779457676161 0.9111425522560095 2.0197148255528687 0
0 0 -2.6970040840964766 1.0712013745336992 0.4951635480773393 0
0 0 -3.0074389058086437 1.7881805985657853 1.9845186540799933 0
0 0 -2.276840914136483 1.993150805540296 2.041800862455324 0
0 0 -1.5704241379818187 0.8444015113294265 0.4875340276459327 0
0 0 2.8017441170645716 -0.5546625886722538 1.051912120723494 0
0 0 1.984133249907818 1.562576784879017 1.9599928841735856 0
0 0 1.1920449711947239 2.1252726814822123 1.5800343174027704 0
0 0 0.926753487881558 1.7703611653734381 2.049566337804774 0
0 0 2.001367894004595 0.6082450227735328 2.0157314077499917 0
0 0 -0.9429558357257632 1.3159699019195419 0.492798201119816 0
0 0 -1.1741011218947373 0.9760592505743715 1.976538144110772 0
0 0 1.5154186439005102 0.3480665946785261 1.9843055349949181 0
0 0 0.9310603258919139 -0.5643736994729547 1.1969555161059509 0
0 0 -1.2169511668062294 2.1263675159951587 1.1488912492233672 0
0 0 -0.6623147594916023 -0.5913307885986543 1.2289765706168416 0
0 0 -2.132785975178763 0.2934049201594616 0.43148127441117967 0
0 0 -1.4744361463986713 -0.35718666161722945 2.0512117797478764 0
0 0 0.2524120788617683 1.230795293276229 2.043983095894467 0
0 0 -0.24185363306337893 -0.5786319671583198 0.40715784472019934 0
0 0 -2.6983552185354016 -0.001238735683158687 2.0314564533979347 0
0 0 0.9212729591670374 1.9699090190360675 2.041492076665577 0
0 0 3.1002943303971993 2.0958156087447772 1.4111059221299864 0
0 0 -1.741548750024054 1.0213036857393427 0.4605071501368474 0
0 0 0.1260202582109824 2.114310844318764 2.049152859687771 0
0 0 -0.6025371913089157 0.005079534028745281 2.012658497352751 0
0 0 -1.0594779335714533 -0.605668785126005 1.5742995648457387 0
0 0 0.8478401015028632 1.9946764299069624 0.4764621133966239 0
0 0 2.9943378898776603 1.4340993290955872 1.968037395806049 0
0 0 2.7623916612700263 2.0969637331422906 1.6053162597988146 0
0 0 0.7966405286209306 -0.630540752970628 1.120496328938333 0
0 0 -1.6629871471745659 1.1079938499872692 2.016702940988952 0
0 0 0.29057467808465587 -0.6421549641734388 2.016050277169479 0
0 0 1.862247497518843 -0.5537237170558593 1.202119633350567 0
0 0 0.44749286043997527 0.7063612877742713 1.9674470175898138 0
0 0 -1.3630180200762956 0.2667662019883874 2.0490752439882924 0
0 0 -2.285640335296802 -0.17663184707380863 0.46678811204967885 0
0 0 2.9439873426928926 -0.6337734684646543 1.5899547302055634 0
0 0 0.6623837793534637 2.0982484075675876 0.9881476221556714 0
0 0 -2.486329364412351 2.0686802035561316 0.6184219220507035 0
0 0 1.831432086150957 0.21629806019701114 2.048585897439585 0
0 0 -2.307389019523537 0.4994180962706214 1.9755639640791092 0
0 0 -1.4513295898603802 2.141849095974676 0.9759775112244968 0
0 0 2.29369272118484 1.090298403991484 0.47741725750803843 0
0 0 -2.1772562936259803 2.1012704016330614 0.992789599157967 0
0 0 -0.6717280294959695 -0.5706109777045678 1.024634052302856 0
0 0 1.3280064072308502 -0.5146082931289839 1.961801563073494 0
0 0 1.6891240342650091 0.608121717192327 0.4956155003060503 0
0 0 0.8374447508745435 -0.5526540326615901 0.6504188440819065 0
0 0 2.527161450470408 0.3740344744605726 0.4091195571073156 0
0 0 2.36889121700668 -0.35461291559841923 1.9904428247715202 0
0 0 -1.2977760967592415 2.122131197288309 0.6365577073923847 0
0 0 -0.5837257852974207 -0.6346749344582259 0.7505052974526409 0
0 0 0.7779348357185527 0.6813113128135273 2.0223906625873624 0
0 0 0.7402314568993309 0.40424850659703115 2.0019445354385015 0
0 0 -1.1777402086793163 -0.5922051889672713 0.8966116612414321 0
0 0 0.6879759606715141 1.3993302230834856 0.413422861228821 0
0 0 2.1642956189400886 -0.6415606390727258 0.9651301917284908 0
0 0 1.8327977637657797 2.067414483620496 0.9725515179532948 0
0 0 -0.4925054366225545 0.8246877329237334 1.99284059251299 0
0 0 2.534906697083594 -0.5436932242916981 0.4406040444011614 0
0 0 0.8891570556748496 -0.6350696337649868 1.6038134608509986 0
0 0 -0.30887696015085186 1.2928066213310427 2.0446003592870343 0
0 0 1.668040155625671 -0.6155100585905018 0.7355914424319692 0
0 0 0.4290865949881022 2.0895849791460237 0.9763093583664749 0
0 0 -2.7516803711576605 2.1455364775241375 0.9120876297704579 0
0 0 1.575437334186975 -0.057869414753354054 0.49528257144317567 0
0 0 -1.576316975057776 2.1205116494309375 1.6670291428156017 0
0 0 0.024379435298208296 1.8476195613228186 1.9838046843250652 0
0 0 0.9729922520337482 2.1138521819166236 1.676683043442878 0
0 0 -2.62023066871956 1.6546705742553274 2.0437190456523875 0
0 0 -2.5734516311875115 0.32864092291101865 2.0400367783972744 0
0 0 -2.092822905340867 1.030156222799754 0.4973628122728849 0
0 0 -0.08490856656059709 0.6302512782357526 0.47465985132079846 0
0 0 -1.7362062889800527 -0.584298308806509 1.4855822957455496 0
0 0 1.7489766704177212 0.27833090614752365 2.007764771727247 0
0 0 1.088875211624389 -0.6310358915149601 0.9440076615242423 0
0 0 3.0701126513030355 1.5962750069042555 2.0038067282372927 0
0 0 -1.2984192728627404 2.053658322848004 1.979843582082409 0
0 0 -2.518915492963231 1.8873960298905057 1.9901407526804977 0
0 0 2.565581075585879 -0.456917422027999 0.4963204928777468 0
0 0 1.382423751389286 2.1315165898003117 1.040228787607157 0
0 0 1.1359456935227588 2.1416691544748265 1.0302005337428488 0
0 0 -0.043799100399735114 1.4598249393349472 0.44888236286052097 0
0 0 -0.6080032829422284 0.8728183769570612 1.9640104734288322 0
0 0 -0.011515571282172843 1.025304838336119 0.42551053660465055 0
0 0 0.6160134723799011 0.838893761884228 1.9885822320229716 0
0 0 1.091775557189628 1.6612791095769286 1.9755471087149483 0
0 0 -0.5317964475141435 2.112937573444774 2.047517519971466 0
0 0 -0.1847527408673919 2.0711328631787813 0.7421374549559054 0
0 0 -2.506911741188098 0.45952807049602784 1.9958150939802555 0
0 0 -2.9542346974956395 2.1338754021885187 1.0851339233814867 0
0 0 1.9917099446120003 2.11538302179902 0.4874287005708817 0
0 0 -2.7721703585878124 2.0851106239478883 0.5568600841904627 0
0 0 -0.859271097442551 0.54652542724001 0.4355814644463667 0
0 0 -1.2329725346388176 1.6381501105478893 1.9867238536680634 0
0 0 2.9227776128590186 1.1864110823081797 2.013480671357031 0
0 0 0.026509983947376803 -0.1245792395770331 1.9606500323402494 0
0 0 -1.1692974034370145 -0.5578473835950966 1.1350075720284045 0
0 0 -0.26297638388951716 1.5895787015347882 0.42407561486801937 0
0 0 -2.023251734260691 1.5676433849029727 0.4448020257750108 0
0 0 2.9001127823136494 -0.2637996233368056 1.9542386587576381 0
0 0 -2.4404174169020094 0.3309939561646711 1.9982619671063797 0
0 0 -2.8884727267443413 -0.030662673987710054 2.0075273208320956 0
0 0 0.06656248723575331 2.074119912205322 0.4085908306060768 0
0 0 -1.3206801714843421 1.812347096235577 1.992663469910926 0
0 0 -2.551730740342062 2.1300550727949217 0.6114623557938896 0
0 0 0.17517788428444625 0.408316898794701 1.9589969861551613 0
0 0 -1.9305740069427255 -0.6203111758590223 0.7873431976546919 0
0 0 1.1590180960286007 1.2538376946151093 0.4662833508068359 0
0 0 1.1412099896968853 -0.17253242913408895 0.41029754703570753 0
0 0 1.7736830306367874 -0.5610084696334074 0.6505893917158845 0
0 0 2.556040062310423 1.6929564437280813 0.46314822847415205 0
0 0 -0.31042872440801217 0.14130026473279866 1.9758607967121475 0
0 0 0.1525823909342443 -0.6230766226140401 1.1231885693300607 0
0 0 -0.6014167322472512 -0.6228838934415972 1.3604304324142882 0
0 0 -0.6163198248309336 2.096783775197373 0.7680354348176045 0
0 0 1.7824196760836788 -0.5603320331654933 1.954388170945423 0
0 0 0.07001980405844499 0.7967255160315205 0.4821514959711055 0
0 0 2.744703630608048 -0.5512806417037637 0.48001853167592745 0
0 0 -2.857924957458877 1.0254000664552108 2.0359329377950743 0
0 0 2.079815350174947 0.3419893414042605 0.44958195073073826 0
0 0 -2.452682189892153 0.6862301566378592 2.0396589413274016 0
0 0 -0.41354310314237397 0.27240182551775527 1.9802123503192388 0
0 0 -0.9722553608710651 0.08784188135595117 0.41638275245290224 0
0 0 -2.084158508610272 1.0200271011435385 1.9698637178733747 0
0 0 1.920396350103693 1.2813424968149019 2.028800152471784 0
0 0 1.7122074350876417 0.09111952589654537 0.4060441837312816 0
0 0 -1.2246978541761335 2.133834104522059 0.9227362613059978 0
0 0 -2.0715251158384556 -0.6444487726330108 0.9986922035612479 0
0 0 -1.6728317946366755 0.05896884283705073 1.9881298032171688 0
0 0 -1.3043418971827008 1.1073570856336217 2.0308520462024346 0
0 0 2.1811771202716788 1.4513150357890618 2.029691179772467 0
0 0 -1.9401283817084076 -0.07495114817954662 0.4050361433332589 0
0 0 2.9594508113411084 2.078493363527977 1.3607553127072805 0
0 0 0.2615203331566365 2.1337942458704973 1.988659925518379 0
0 0 3.0693858751348664 -0.5916521229415292 1.399073644957511 0
0 0 2.9781844927203407 -0.46204073583255956 0.4593672676445226 0
0 0 2.6163278258609592 -0.31229937162570454 0.43325560305110467 0
0 0 2.9058870738781692 1.952981133788026 1.9969619660717548 0
0 0 -1.0243494053190343 0.6217166454508887 0.4570744044682076 0
0 0 -2.3089458720539593 1.6288951566606917 1.9653928423357225 0
0 0 1.2417903569843105 0.4347975847847225 0.4672079139690737 0
0 0 2.8709507102350633 2.1039195076114092 1.2838716950547604 0
0 0 0.8169991600713646 1.0003870023063341 0.4045741052490417 0
0 0 2.188888550287908 -0.11296584979728719 2.0162448784574765 0
0 0 0.40396588068929074 1.2891705299198948 0.4742919228437663 0
0 0 -2.277151815787063 -0.5365357987797119 1.9587287013232033 0
0 0 0.9179190868583023 1.5194202847667488 0.46560284078446534 0
0 0 -0.70094784939517 0.37735356535975495 2.007190494514356 0
0 0 0.788362868347821 2.0588571801245665 0.6459325821444142 0
0 0 1.8084748128878383 -0.6087162444679521 1.8444508212448416 0
0 0 2.100794998695333 2.064340857160023 1.6060970812408792 0
0 0 0.9137519797242835 -0.6466762948138987 0.5833493601381459 0
0 0 0.782614285234565 -0.6378001337411923 0.9762726786973001 0
0 0 0.682917394032017 -0.39534801166054345 2.0238130999705906 0
0 0 -1.994006647661003 0.46681770250226173 0.4879662808999773 0
0 0 -1.9776690774464067 -0.5906419597067742 1.8624075470751968 0
0 0 1.4511952804663046 0.667875106318264 0.4148786094186081 0
0 0 2.3560582165503448 1.6418757508691446 0.47480839557315335 0
0 0 -0.34279374227762416 2.0867950606006658 1.024422836344278 0
0 0 -3.113263245024373 1.8041247352847096 0.4602597709057372 0
0 0 -2.7422051985445366 0.1594569966934022 1.9546423408438907 0
0 0 -0.6256001213533633 1.5779983976177634 0.45418541153697267 0
0 0 0.6844853011150276 1.913765887335649 0.4948825791440078 0
0 0 1.7989058621488798 1.3667989060499264 2.025765781935207 0
0 0 1.4037256306049946 1.176907443296286 1.994848628779238 0
0 0 1.0657644736500433 0.04682625890664449 1.9857160185062672 0
0 0 0.8995921452677367 1.3612025931209648 2.0264935777482838 0
0 0 -1.202558913314034 -0.6153148213203783 1.9657758385592208 0
0 0 -0.5512811169421181 1.6299710685393387 0.4842910819274904 0
0 0 -0.28196925513870497 1.5111966872347062 0.4820835839382914 0
0 0 -1.6901993781437452 -0.558330867794125 1.5280219430776378 0
0 0 0.2794346249879256 2.121143760372045 1.4788852474691425 0
0 0 0.9172294576653428 2.070168680437174 1.3809942508031776 0
0 0 0.38500356714228445 -0.6321180462784093 0.4714701188452691 0
0 0 2.605151848270091 1.9802471141544056 0.46791423810951827 0
0 0 -1.6532779739480536 1.3102051492182554 1.9890155632820639 0
0 0 -2.959195214350268 0.6017254849475435 0.4783032931654936 0
0 0 2.771006786718221 -0.6262353783505641 1.3791870578051053 0
0 0 2.63337122985257 -0.5753329358291601 0.5240704443127702 0
0 0 -2.8938304021842054 2.139817528356038 1.1240514630103275 0
0 0 -1.4361534702939793 0.2068511298336252 2.0331806518049786 0
0 0 1.8892709846786975 -0.6131298303681236 0.9797989030244164 0
0 0 -1.8869598498687574 0.44664456357708693 0.47722861988124454 0
0 0 -1.8268727033934242 1.3576546278852317 1.9540268917984178 0
0 0 1.5267908696264527 0.7663379229018932 2.015122353571655 0
0 0 -2.9857038069967534 0.8080470379423812 0.45677274513119814 0
0 0 -1.057495476321494 1.5011635431267256 0.43464880966097286 0
0 0 3.0507427743617335 -0.6319427328658276 0.8893179045794147 0
0 0 1.6326152646219017 -0.5585475291315805 0.5850962585342331 0
0 0 2.461811593761153 1.8812881229891436 1.976654268264714 0
0 0 -1.6967326665238718 1.6302436456512879 0.41369353277863863 0
0 0 -2.4977260657736 1.1469138748668217 1.9723805138385506 0
0 0 -2.45630093128423 0.23105688080498465 2.025585427136273 0
0 0 -2.576584759145039 0.46095049105027974 0.4713932494799393 0
0 0 1.0530022513937443 2.084866158256262 0.8543433775253442 0
0 0 3.0144145205245287 2.054353916196461 0.9512367798153687 0
0 0 1.388942076935404 -0.5544362236389759 1.8038668339336217 0
0 0 -0.04890402597049626 2.1412310352173316 1.0433547728773358 0
0 0 -1.501074221053967 -0.32079164917103076 0.46816239397583015 0
0 0 1.8398724949145038 -0.32627291902042854 0.4390179352382979 0
0 0 -1.4463146040450185 -0.5904925790310533 0.5616428949534988 0
0 0 1.5099029658962841 -0.5937442361944503 1.0609986221953083 0
0 0 -3.0094709838338245 0.3035914388978569 0.47997211050457433 0
0 0 0.7532739494189031 1.325510956988027 1.9973357324863472 0
0 0 2.9606120706148076 -0.6407430428692695 0.8238788888928112 0
0 0 -2.622849509437171 1.7334872798679835 2.0161308117791874 0
0 0 1.0968941783430282 2.0967940352812766 1.014142331167394 0
0 0 -2.5199924237607605 1.4403391293115195 0.4067840607694817 0
0 0 -1.1312796986502334 -0.5557740273895999 0.6780302445697798 0
0 0 0.2186940053409563 0.8866127217669524 0.4666227794743354 0
0 0 -2.0504039704659656 -0.5957890754844453 0.5819846888618877 0
0 0 2.388421329566734 0.26801969881279286 1.9542644904677882 0
0 0 -2.829737975859627 2.134632617258302 0.6872938137245062 0
0 0 1.7868929993640457 1.985304792432231 1.9776883288334282 0
0 0 -1.6488440238206417 -0.5671640711886805 2.0420563575766884 0
0 0 1.1697979437611838 1.98669702634937 2.0502841764152304 0
0 0 -2.814150940911456 2.0790386415020032 0.7950396947005971 0
0 0 0.010143607316325465 -0.5514326157621565 1.9823626915470074 0
0 0 0.17602965849803232 0.6855350330265144 0.4442905207476733 0
0 0 -2.524398987251284 0.9973523843371357 1.9781837465236098 0
0 0 0.9832196011468435 -0.5949453097245014 1.7505118311449133 0
0 0 0.13128264206698104 -0.37139274695949354 2.044205740303296 0
0 0 2.011011822028731 2.0646579170204635 1.844329071068144 0
0 0 1.710061613679283 -0.4695630377060409 0.43522076869834025 0
0 0 0.6922962534449235 1.0179895535493673 1.9957640426598364 0
0 0 -1.9034978017253361 -0.5561548989242808 1.0684288634049635 0
0 0 -1.6859704964541673 1.7885608405808402 0.4753098804974061 0
0 0 -0.8947738536904919 2.073343570730117 0.8190563598782843 0
0 0 3.1133795517723453 -0.6335928924022352 1.7955464346671053 0
0 0 -0.72969378580129 1.9081449175589602 1.9625632046012194 0
0 0 2.5599361641419476 2.0724624295824423 1.3486009905587417 0
0 0 2.717806565205912 0.508341080921721 0.4263650358867783 0
0 0 -0.5672093471570685 1.7459398876314973 2.035638769699711 0
0 0 -2.1691663550227522 2.1078325419219968 0.8537774942873069 0
0 0 -2.345823305462276 1.3472999240154584 1.9706042420465986 0
0 0 1.9912891826358257 2.1015203259189352 0.8052928950765665 0
0 0 1.850335122660642 -0.623743696890525 1.7330041486351373 0
0 0 -2.0375968370452844 1.0297585080631069 2.0260736536416855 0
0 0 -1.7294746938483692 1.791983797452273 1.9709742758550042 0
0 0 -0.6863015535450749 0.12418347082087922 1.977246696464581 0
0 0 -2.9528067834545273 0.37129332666953807 0.4230385083225605 0
0 0 1.9864580670046097 0.22675429037620398 0.4584456453240907 0
0 0 2.598875511061406 1.243115223416357 0.4911151843795475 0
0 0 -0.6236824825540981 1.269376916197283 2.0116051377448017 0
0 0 1.4236700746826196 -0.6289247970712499 0.4170479450268203 0
0 0 -2.2181506032542666 2.053060941498918 1.1612723006364556 0
0 0 -1.8674240175673502 1.3570242711299543 0.43527655599187354 0
0 0 -1.417210230814317 0.027873094187313874 2.0233298370062656 0
0 0 -1.110610917420726 -0.04680500749830041 0.48738286277215337 0
0 0 -0.32439686875988416 1.3827333317141624 0.4252629315622689 0
0 0 -1.9829198026209673 1.392557231197414 0.49131849846216635 0
0 0 0.974887956595115 0.88982250872751 2.0380255534379637 0
0 0 -1.491711304506699 -0.6408456289578093 1.7397390464580242 0
0 0 2.3967416066829124 -0.638143932545119 1.1250802029038622 0
0 0 2.4541594624618908 1.040788997346976 1.9959675238212466 0
0 0 -2.841443814520396 -0.5657161516273668 1.7804921363859905 0
0 0 -2.7833407468897793 -0.6476266796494929 1.2068487673560693 0
0 0 -2.3018740722783457 1.6921043815356203 2.0062539847117193 0
0 0 -1.331720441026767 0.5552250132547876 2.027679961666231 0
0 0 0.12909816383539408 -0.1320009509572877 2.032502386458055 0
0 0 0.02773151380709349 -0.1277709541088603 0.4502347171893344 0
0 0 1.0817621075286334 2.143614124507133 0.45601323414365735 0
0 0 0.9327219302606409 1.620056930475848 2.0228991569895696 0
0 0 2.111326087001747 1.2781519811184352 0.43687375030237796 0
0 0 0.5537267396802315 2.145902130160551 0.4117563883416462 0
0 0 -1.4240535331796567 2.051994112258197 1.15311705211217 0
0 0 2.411935321856024 2.1072599323649888 1.7637182033905128 0
0 0 -2.4421426996101205 1.665855809940094 0.40496496881172284 0
0 0 0.40924442412280904 0.5337420027639859 2.028033251084626 0
0 0 0.23133936565867286 1.816476954591751 0.46956709978905575 0
0 0 1.4645286302247316 1.6083762292378354 2.036566612830353 0
0 0 -3.004992641755372 2.051319501715264 0.8459189533738878 0
0 0 -2.577286796755974 2.0513127474944737 1.176581115986857 0
0 0 -0.1288448069113386 0.8209381437589836 0.450987622751994 0
0 0 0.9755828415613896 2.1185898355089634 1.5982302823531747 0
0 0 -1.7674099786989197 -0.40632095761093234 2.0159090260856143 0
0 0 -0.34816771173486805 1.5348061802924102 2.0514548745500663 0
0 0 3.0508535555759035 2.1301302656784245 1.4477023192394036 0
0 0 -0.3254939133319952 2.1410658516920384 1.506600397353836 0
0 0 2.2744899144416832 -0.646797486698723 1.0344808320599372 0
0 0 2.6757410913704023 -0.5595790069954951 0.7851366304128914 0
0 0 -2.067564234069536 -0.6118168550254617 1.4682388048936368 0
0 0 -0.3840248891837055 -0.6477244163377835 0.6263712446896468 0
0 0 -1.2807087237152333 -0.5541227088457141 1.8126669306759895 0
0 0 -0.2517164622963808 -0.49372666524176556 0.49751576187992375 0
0 0 -0.6634758612058227 -0.6236161933766851 1.4532668837397333 0
0 0 -1.4214299750656438 2.052800148643665 1.598461167263069 0
0 0 -2.5300690340064045 -0.47137777667280245 0.49862809686016774 0
0 0 1.2876089384452465 2.135611954797261 1.4967704108290614 0
0 0 2.0439420477797876 -0.6380348680294827 1.7552488034130043 0
0 0 1.3987229050361636 -0.42578596414448544 1.9656965884190623 0
0 0 -1.6666121168663786 -0.5650231915911548 0.7232398201947494 0
0 0 1.0938139224980707 0.5087495212658599 0.45999012300610587 0
0 0 -1.1663063677425707 2.1222385049099586 0.5281685050256535 0
0 0 1.83344257397642 0.5789293827305961 0.499148128998228 0
0 0 -1.7005125334875075 -0.47605031964099 1.9635037251528011 0
0 0 0.4737445328770824 2.0980740271716316 0.5456662737849218 0
0 0 2.6418893330338156 -0.6414649447041325 1.389698326591159 0
0 0 2.833148588422419 -0.21510477247816784 0.4190011824361771 0
0 0 -2.0717857778777145 2.107054313236056 1.2748648546372818 0
0 0 -2.86831376942395 -0.5919934641369142 1.134287811962094 0
0 0 -2.528886481140587 0.4987179372469943 2.046386493919541 0
0 0 1.0868922137408186 1.7214692602071706 2.0163680918033986 0
0 0 -3.139153664154406 2.0737309921889393 2.007773135280053 0
0 0 1.3719639036578606 -0.5852039117284162 0.6880081041624806 0
0 0 1.1137491633536083 1.7186215467658783 0.49020854787770485 0
0 0 -2.8146865075543963 -0.6319743681740866 0.5476517045977232 0
0 0 -1.6322567675634752 0.8396458487786704 1.988949948170605 0
0 0 0.9638832441396357 -0.5936198911171218 0.8098105797407404 0
0 0 -0.5689793689870912 -0.6100373009757942 1.0838798148521502 0
0 0 1.1258002850386148 -0.6333632895240577 1.765342243477247 0
0 0 -1.911047547758631 -0.6132820380965136 1.4628418709377968 0
0 0 -0.5479851315554467 -0.13903348160263262 0.469822523035899 0
0 0 -2.557390131720142 1.6326658516656856 2.029613717263758 0
0 0 -2.4357540799057196 1.6841507844224253 0.4700615247351725 0
0 0 -2.593154755741647 2.1351791606335597 1.847975520391166 0
0 0 -1.6953418205196387 0.736506654918812 1.9702987951670194 0
0 0 -0.6329439887885533 1.1615905275157796 1.957249439406279 0
0 0 -0.36195895472524553 2.123063848639066 2.0457023659836726 0
0 0 -3.04217671854992 0.1032276316128743 0.46636428217766046 0
0 0 -1.7176202928816635 -0.5866475433024019 0.6819872136873804 0
0 0 -2.2557252857380456 2.0608537855805773 0.9581176551438408 0
0 0 -2.9893247976912236 1.7377440266579207 2.037443434107791 0
0 0 0.1360465343898163 -0.583380624893459 1.7334043366017275 0
0 0 -3.079209310650273 1.2416699971616367 1.9817006333510374 0
0 0 2.6662905098199374 2.130147388687324 1.0003618468552375 0
0 0 0.8974985800191533 1.177291009644501 0.4658120378217321 0
0 0 2.19487313613518 0.697712946119341 2.0218862160018602 0
0 0 2.820483803591304 0.4879564509485943 2.0342995475906926 0
0 0 -0.3898840649356896 0.7644561277478366 0.4812435138323956 0
0 0 -0.8663550188471287 -0.5699526891412541 1.1755000664286355 0
0 0 -0.0688586256366821 -0.589523206602393 0.8370324748093394 0
0 0 -2.015791889119833 2.05349329739028 1.1486603355062712 0
0 0 -2.3098135434398053 0.5734472153275554 0.4959080123100974 0
0 0 -2.8967475590948295 2.11218887143471 1.9576848374498814 0
0 0 -0.17072470800882789 -0.1035666820806892 2.0094056212628444 0
0 0 -0.7576086674446851 0.8683540329639414 0.49558268977977404 0
0 0 -3.1319719292842794 2.1458161494078203 1.6190487403469453 0
0 0 -1.471456389703305 2.097261446167366 1.6961557468649724 0
0 0 3.1176568141406618 0.837174526959362 0.473069264937352 0
0 0 3.054096797982548 1.5674737921434503 0.4969015184376522 0
0 0 -0.09336810194273593 0.04885115284111308 1.9535144072237394 0
0 0 2.513209467743007 -0.37052808150339755 0.45190053697625765 0
0 0 -2.3079223358790246 2.0257028301087523 0.4738205140771278 0
0 0 2.469862469236788 2.1297245958336983 0.4418726248977932 0
0 0 1.830232538476655 2.079798828900879 1.7490103351296757 0
0 0 2.4393337983084864 -0.46790553273607527 1.9751988714548239 0
0 0 -0.4039685314168806 0.0267774383588949 2.0069705707661667 0
0 0 0.31485570278519415 0.8998848291566328 0.4340784391397319 0
0 0 0.23814181219045905 1.4956390654488525 1.9856572265788484 0
0 0 -1.8189467744418146 1.3642139105856539 0.4953994148032239 0
0 0 -2.7127520468382067 -0.578179738639852 1.473345283236983 0
0 0 2.48628912892981 2.0607931106352813 1.9045257101470154 0
0 0 2.3399341488221186 0.5470649749542484 0.48714373459270754 0
0 0 -0.7632104566206883 0.35597682588417834 2.0399376361137294 0
0 0 -2.3921189440961084 0.699923028302587 2.025940269636134 0
0 0 -1.5886885545983545 0.018778031923501914 1.9711715048135314 0
0 0 0.7154244760252086 1.491177344871404 0.4785546081423099 0
0 0 2.171238473518195 2.145356284127122 2.033588295404744 0
0 0 -0.6447486536862539 0.7186709578315702 0.4872397801274788 0
0 0 1.1241442001679234 1.7422946417882381 2.0301110476428526 0
0 0 1.6301665170967992 -0.493655484237042 0.4308422045419683 0
0 0 -2.6340317795641295 2.14289102099845 1.5812795545951943 0
0 0 2.4531725054565694 2.0523361938718168 1.5606181416717404 0
0 0 -1.39867984451664 2.064090148006094 2.0515477880877957 0
0 0 1.2225474504541305 -0.474302314013892 2.004038955055389 0
0 0 1.6448422668823364 1.6754280178299295 2.051251296993316 0
0 0 -2.3999460533107553 0.34391791634086477 0.44116101191640766 0
0 0 2.6529785699104185 1.268677599665343 1.9721001428003122 0
0 0 -0.8417826040224208 -0.21244427823342038 2.041695426703593 0
0 0 -2.939135514045762 -0.48343854450468227 0.41885929710401715 0
0 0 0.40878827453615907 -0.17658153215392058 0.41432376244393976 0
0 0 1.7839806972419323 -0.605998210078267 1.5016517107732992 0
0 0 2.7731525846119904 2.1433992076307353 1.7516662441172666 0
0 0 2.6862384439287945 1.8836270348541746 2.0482716491457804 0
0 0 0.597073178560604 2.1298209969588027 0.6722476618293953 0
0 0 -2.648860500388033 -0.5999501414467936 1.393950750907945 0
0 0 -0.11963918567870868 1.3703774538254698 1.9841248554900268 0
0 0 0.7414206019856557 0.2725566211853261 1.9854784022092795 0
0 0 2.5943952772410297 -0.3611779102036632 2.0194436562137748 0
0 0 -2.362339845457188 -0.6251980753682209 1.4106474044470552 0
0 0 1.833116521959024 2.0827925196859836 0.9772574262892548 0
0 0 -1.0487829495571273 0.7212430030720285 1.9673354721917917 0
0 0 -0.17411789434092917 2.1111848410932517 1.725699433270177 0
0 0 2.8881376512747376 1.9196569288560938 1.9956074537293054 0
0 0 0.38929635745291646 -0.5188916340784286 0.4911829071289656 0
0 0 0.571630622238994 2.0502082634511676 1.5881741626248889 0
0 0 1.4163559424814158 2.110880897044674 1.5291442968601017 0
0 0 0.6502985086376656 0.960989044589897 0.42518527777553417 0
0 0 -2.5117259898835873 0.37146065584297006 0.4982249283518627 0
0 0 2.7808893685677667 0.43026483753040745 0.44589892995092983 0
0 0 -1.3157030465366522 -0.6309854945242224 1.2999436212831164 0
0 0 2.6376858006819006 2.08276465896553 1.1964691483503782 0
0 0 -2.4138544179000347 -0.05651211672540346 2.048867105760526 0
0 0 1.2056752537028554 0.5714529863371964 0.4040324251068719 0
0 0 -0.06083013993693198 -0.5556490518932622 1.3629250449575858 0
0 0 -0.9062459517904191 1.3959849816372152 0.41870284217818254 0
0 0 -0.6518494545747422 -0.6436109435572979 1.4108344115616522 0
0 0 -2.708552669059316 -0.6181693594615845 0.4925635565221458 0
0 0 0.716005341550308 1.003153730525242 0.43936789808324905 0
0 0 1.7902757527420015 1.0132836385821842 0.47747687665141225 0
0 0 -2.9329225045876512 0.09301810814009503 0.45756316863722857 0
0 0 2.503182151038998 -0.6113697661985997 1.5049806838148945 0
0 0 2.6104413292133373 1.886771393078566 0.44532767391697237 0
0 0 2.464880226197592 -0.6297787852085648 1.4781483764149033 0
0 0 2.880120071130162 2.106460272044533 0.6751004371600224 0
0 0 1.6411001280501694 2.131843585083498 1.1499515254768746 0
0 0 -0.9558682936846905 2.0608376625861435 0.44001053950836155 0
0 0 -0.18490131595578152 1.1413366627880268 0.4647271776135753 0
0 0 -0.8616345089531312 2.0874814015282035 1.4174686874825067 0
0 0 -1.1499389197111427 -0.3149011419051362 0.4391265284284739 0
0 0 -1.5895364613505878 -0.13289111225170602 0.4689671868699059 0
0 0 3.108025603759139 2.051232303443621 1.6984006612515359 0
0 0 2.908770443501398 0.7183131661475297 0.43496211506443094 0
0 0 -1.0611364818806233 1.605292483809346 1.9763035232158948 0
0 0 -2.3458844523583724 0.8864284958138764 1.9911942286138138 0
0 0 -2.4270876542599993 2.05934559941203 0.412422155010975 0
0 0 -0.6710900419887862 0.4266674912307701 0.4540420103239401 0
0 0 0.04814565814852534 -0.03667998115301074 0.48422625692698185 0
0 0 -2.1019289072545346 -0.6088173937188546 1.4819478434413842 0
0 0 2.565668881615345 2.1026339383532973 0.479290290833991 0
0 0 1.3880519220407121 1.3233945082496121 0.4155533178869638 0
0 0 1.5905024514983515 -0.501403737479182 0.4796993549556181 0
0 0 1.0856727043123922 0.31170345336604266 1.9791706719645128 0
0 0 2.3751224513591795 0.41250117111813445 0.45431842304153647 0
0 0 0.3085424189079875 1.2960331501147446 0.4876494178432873 0
0 0 -1.5985025978180574 0.8977264942477854 0.4318126670284581 0
0 0 2.2767317203934043 1.3682908001349452 0.4135763043336341 0
0 0 -0.9102212644185825 -0.3037828937677154 1.9882658016220307 0
0 0 -2.560372899944034 0.6295631771033288 0.418477283140008 0
0 0 1.719848863164227 -0.5806786980641874 1.8665294643530839 0
0 0 -1.380867024429317 -0.6313643882806033 1.7596850256815244 0
0 0 -1.6866514079634385 2.0573239733041615 1.7494698623583684 0
0 0 1.2503715043530068 0.7919027503543401 2.0485543280418144 0
0 0 -1.4451683832348319 2.117709020549916 0.42390001133187394 0
0 0 1.7278092600673913 1.1953652216640251 0.430950173625564 0
0 0 -0.23355973198324653 1.2298463182048658 2.0394333203948856 0
0 0 2.917836853456472 -0.6061360318110998 1.0855536136595476 0
0 0 0.5324631439805834 1.778972057989032 0.45086371018937144 0
0 0 1.5666207192543196 2.0698442367431915 2.0253725924064767 0
0 0 2.8968997494557414 0.33799114256428753 1.9774288976615502 0
0 0 -0.10410768225973266 -0.38614321878676017 1.987537410385427 0
0 0 1.8448854456065424 0.6551494072778963 0.43167457851271474 0
0 0 -2.8152493203880455 2.0990476833201575 1.5455828842654962 0
0 0 -1.718074626767366 2.1334209148579264 0.7885756142553292 0
0 0 3.0373176333402307 0.6351524106688018 0.45623560950958686 0
0 0 -1.9332039217195294 0.830082525621328 2.011395660115839 0
0 0 -0.5307289159746404 0.905003226433921 2.045041665470504 0
0 0 0.630976269566534 0.6670309308173028 1.9827661946052544 0
0 0 2.0515869092727215 -0.6469920518473387 1.5529486943539463 0
0 0 2.588060632581648 2.1063920059882486 1.8485016000369572 0
0 0 -2.1287745137896525 0.8440742919775459 0.48357366237283217 0
0 0 2.083528819995464 -0.384408529592819 0.4981075113171448 0
0 0 3.0287678697956757 -0.08022388290733629 0.4160939255249464 0
0 0 -1.7453651419340406 2.0970460870984216 0.9053060869864349 0
0 0 -1.7652201610580533 -0.06397005481704299 0.46255072351259907 0
0 0 -1.2146705880797082 -0.5873482887995687 1.9704125058691397 0
0 0 -1.9162108486729812 -0.6313063008141129 0.8301632494047007 0
0 0 -1.7774910058397306 2.1075028308809163 1.1355516551751947 0
0 0 1.5877980910469711 2.1271848067508574 0.7862321362572667 0
0 0 0.08401179392757507 2.126778149185896 1.1256398573047248 0
0 0 -3.0079208211217705 0.4622066034091974 1.9910421277693962 0
0 0 -0.3216682630372061 0.7441543546553788 2.0446336948681134 0
0 0 -2.377646508154101 -0.6325723207633207 1.135341322953983 0
0 0 1.1083394251778778 0.8977591257668338 0.40502201064648835 0
0 0 -1.2270023302826316 -0.5613692095045466 1.604796838536764 0
0 0 2.5616406843074264 0.4879371268716659 2.0215766283297647 0
0 0 -2.515640414211885 -0.5588458053827707 1.1835169007520734 0
0 0 -2.6043443342288564 0.7970460947439602 0.4098924815711529 0
0 0 -0.24601966952425203 0.9710285757922703 1.9733986648559045 0
0 0 -1.0995859486433788 1.7797322718006436 2.0436357304401476 0
0 0 -0.6117776504208488 -0.5692912628207836 1.2395248066190745 0
0 0 1.5175426887206207 0.5118910951356528 2.0090747686093 0
0 0 1.9086230373158841 0.43962495277526126 2.0522623909724533 0
0 0 -2.1424757438827022 -0.552897565328238 0.8606766950549697 0
0 0 -1.2729020149392627 0.7407463845417761 0.41478009594186194 0
0 0 -1.8604969622571117 1.921335817363351 1.9716431897114663 0
0 0 -0.21654749770189863 1.6497716619799696 0.482410791071741 0
0 0 1.051566480328325 0.8308385988606823 0.4647591823973467 0
0 0 2.105328958874865 1.763304705988814 0.4978242121240054 0
0 0 -2.84485057769568 -0.5895463699332202 0.7947728381364431 0

