0 0 0.12783100825360538 1.6852557077885442 2.0187180032284635 0
0 0 -1.1706738833853234 0.8936310446699087 0.4646104595463787 0
0 0 -2.594620793829151 0.4306420397798506 0.4635863472850392 0
0 0 -1.7565415705528722 -0.5500824017270527 0.9663771419966053 0
0 0 -1.4164754971512803 2.103517743913679 0.7141561595040684 0
0 0 -2.0323684142163314 2.1378551983042535 1.6533697629792856 0
0 0 -2.8465407483082337 -0.5992978886272353 1.4782069146123085 0
0 0 0.17833901590001178 1.58919858613054 1.9675263742786295 0
0 0 1.1849700369856704 0.9410463156812905 0.4941318323509728 0
0 0 0.8531475691215582 0.8169767171712938 2.0033438127890157 0
0 0 2.531565161264573 1.9315563653966954 0.4648280614249378 0
0 0 -0.9312349197412977 2.1295982734875127 1.4094242497509029 0
0 0 1.8628544364916353 -0.28277945691242135 0.4508002051406993 0
0 0 -2.1262087958705775 1.3161882277307728 2.0108517180189924 0
0 0 1.5060667410581647 1.3393782960733511 1.9808355317401256 0
0 0 1.0629089209832037 2.045917157837291 2.025786843992451 0
0 0 1.3557872074780146 -0.30060633246161483 1.9853192543240767 0
0 0 2.1292335376458897 1.782524611602576 0.42986355606047844 0
0 0 -2.885647538214217 -0.6219153972939488 0.8964672416678746 0
0 0 -0.8603158428656301 0.15298346787475536 0.4970185587697217 0
0 0 1.3710575597124777 1.3312791529981691 1.9997677106086682 0
0 0 -1.2338819257024463 0.6312334981797139 0.41784314999232586 0
0 0 1.914718402832131 -0.624796067118836 0.8683616273298777 0
0 0 0.3651675656333766 -0.5829915351235462 1.3030816241213783 0
0 0 -2.760492736569334 2.0753100115395196 1.043983051928223 0
0 0 -1.8220090298281255 1.6802107236850932 0.49661517552654666 0
0 0 -0.3114369588883643 -0.027652974084286575 2.0244354974135645 0
0 0 -1.2123279049250466 -0.46279320130406854 1.9561060630863938 0
0 0 1.5405434299591088 -0.597920715656256 0.4439584384334895 0
0 0 2.7260901775491915 1.9219126807807203 2.005548607775703 0
0 0 3.0151783833448773 0.4205664870612946 0.4757369020497788 0
0 0 2.4503951644228854 -0.6275780768085832 0.7322984795289693 0
0 0 -0.49433154581592786 -0.6217734483869024 0.4490787570765943 0
0 0 1.1088745969375813 0.6346140218837781 1.9938570566762546 0
0 0 -1.4911764821813376 0.37960636794234515 1.9982317827921419 0
0 0 2.760592062759738 2.0525257531881893 1.225287022957155 0
0 0 1.4575121043494796 0.363726799977367 0.47606141634489674 0
0 0 2.22688507922196 1.7172979678697409 2.0352801678893027 0
0 0 0.5887216455877788 1.822416262403596 2.0175167772437637 0
0 0 2.1149046858024043 2.0874469094864283 1.6354228889349247 0
0 0 -1.6759951996629756 1.5265458931895968 0.4508465700978761 0
0 0 -2.7799167131365703 0.7356313025986492 2.027481551449413 0
0 0 0.5041520074033299 0.9830462228170576 2.0371505980211513 0
0 0 -2.961905193352179 0.5689538796335065 2.0399823089951132 0
0 0 -2.7576584213601882 -0.5145165288783151 0.4164053800884505 0
0 0 2.800166420024029 0.9419502528339536 1.9961567377943703 0
0 0 -2.6396186945546423 0.8340357612027867 0.4989713886157363 0
0 0 -0.19479135778393042 2.1129456368564066 0.7088069135229097 0
0 0 0.5410565956050517 2.1302062058923186 0.7513817064141138 0
0 0 -3.0280999656913665 1.5400970618097813 0.4809056767830978 0
0 0 -0.8353171312134506 1.4759431195424957 2.0122566727892472 0
0 0 -1.1588544309431006 1.327435184703227 0.49875986022042207 0
0 0 1.7071616368544191 2.064498062512551 1.992478426768415 0
0 0 -0.7032639145126716 -0.6079621750292605 1.8039805350384206 0
0 0 2.5308315366672494 2.065329327234037 0.9765698462236125 0
0 0 0.9812225100806007 -0.5553498988779362 0.6502734447765519 0
0 0 -1.715217972650134 -0.5800760977644701 1.1116770895035986 0
0 0 -2.620090348611577 0.9312807543356159 0.41222972560399074 0
0 0 -1.1536811130152516 -0.5797206142125575 1.529109712511906 0
0 0 2.614139198922385 2.0970528460365307 0.9715846447619878 0
0 0 0.402779702970411 -0.6153430768841017 1.1485392255941744 0
0 0 1.877482521747754 2.0744357870909864 0.6814207438417053 0
0 0 1.4084076808515107 1.6990882538844858 2.0183327405809464 0
0 0 -1.2426942136647303 -0.5851154270324253 1.2295792627247089 0
0 0 -0.1202112489456737 -0.35815591063183194 0.49569216382877823 0
0 0 2.021932034113134 -0.6453984904219909 0.53039650000578 0
0 0 -1.6846084874183505 -0.5747451903521685 1.9657907408310233 0
0 0 -1.891486194330634 2.108932873589719 1.3298534715855201 0
0 0 1.3797958618359027 0.13586487810876313 0.42233177639409414 0
0 0 -2.856071965377438 2.0505356636323615 1.929682563619967 0
0 0 0.5813519678664267 2.1356046664308383 0.6831895961050185 0
0 0 2.140929381557699 -0.6053186365609535 0.4748398782973535 0
0 0 -2.451184870963525 -0.45791272599458077 1.981436625143547 0
0 0 -0.08704998967375444 0.41516812180208484 2.00844094197877 0
0 0 -1.3459838356992828 2.1351070742921516 1.122800613129568 0
0 0 -0.9144011517640047 2.0769779849165864 0.5079376889206472 0
0 0 -0.2538050238373408 1.9617770570748274 0.47682756047688823 0
0 0 2.3030868185088273 0.04308699302574004 0.4508723961637181 0
0 0 2.4688109270838163 1.2173298156595846 0.46604143277491494 0
0 0 1.720044687412483 0.11425973833689207 0.42206910494792793 0
0 0 0.7053659055266936 2.149131984475501 0.5239918329818822 0
0 0 2.8698440311037174 -0.2023954220827806 2.04668946275117 0
0 0 -2.125324037019987 -0.5674589587007184 1.6101391360705166 0
0 0 -2.77245422682737 0.8736680932324337 1.9971633095732906 0
0 0 1.9179438104788753 2.0398657854457083 2.0253474486595797 0
0 0 -0.6806695428399694 0.26538791067432577 0.47759470978624097 0
0 0 -0.8775475624856202 -0.5744691645188968 1.6525409570968657 0
0 0 1.0608334641793782 -0.6307280119104006 1.4963687233434784 0
0 0 -0.7006674981492429 -0.3611879135539311 2.0489474277248316 0
0 0 2.959195619625403 2.068161899640578 1.2832444515658588 0
0 0 0.9817213437984549 -0.4245980068694468 1.9613959420911597 0
0 0 1.6850296780677327 -0.48588964693188363 0.4630186346242182 0
0 0 2.3359159657171515 0.9609939403750418 2.0128212792062823 0
0 0 2.567463684285702 2.1010172178196553 1.626954934637865 0
0 0 0.3371386719483769 2.096087860613529 0.777877320671249 0
0 0 -0.8207873593201915 0.8365896942825817 0.45141235215053466 0
0 0 -0.4904152703236617 0.5073245449459669 1.9540801949820348 0
0 0 -2.7242511398298945 -0.28355188578295176 1.9995031656175355 0
0 0 0.9624610513856 -0.60788873154095 0.8413942363772928 0
0 0 -0.9809834194741152 0.6104319910523537 0.4942961346621316 0
0 0 -2.7675355417810623 -0.586166152778552 1.0651333239470397 0
0 0 3.0257979420978334 0.484660703986187 2.015134402772481 0
0 0 1.2714302362659113 -0.5891796753101197 1.3947884026548398 0
0 0 1.4472740321904807 -0.5799100858518531 1.4584321660293373 0
0 0 -0.2345454553183357 -0.5678635109704149 1.1549800884750638 0
0 0 1.9522240277772127 -0.5629645015115952 1.666851855834675 0
0 0 2.55152763375386 -0.594963347921867 0.9008499572802204 0
0 0 1.7024817110404449 2.10514216355737 1.0510461259298978 0
0 0 2.4635720814138153 1.8318576736051064 1.967612449464685 0
0 0 -2.3285847533030535 0.4650787038520583 1.979771248878172 0
0 0 -2.9766210493927754 0.44071027205741375 2.040603014255419 0
0 0 2.22269503143991 -0.6064650502507636 1.0180228088282355 0
0 0 -2.0231900353101038 1.873084071427258 0.4675159590777437 0
0 0 -0.7417235031868388 -0.414515755413597 0.46352240028744374 0
0 0 -0.5886654771513409 1.6331894072535895 2.0192155107755 0
0 0 1.9539981698875728 2.052121555013692 1.4549911758371066 0
0 0 1.8604936615673253 1.822268919364573 1.9563074488657628 0
0 0 -0.8838874700948574 1.4492084902231577 2.014544281659425 0
0 0 -0.3068396082479583 -0.18043059684722973 2.036431058416504 0
0 0 1.1533124640686383 1.056468056545349 2.0062152299911027 0
0 0 0.2708230211376268 2.064260512147844 1.2103168548376924 0
0 0 2.772740614746752 1.0037941642137793 2.0197219343018107 0
0 0 -2.0444014641586916 2.120074901060246 1.3179990338967307 0
0 0 -0.10148144245401136 0.9007916509260596 0.46906586380613635 0
0 0 0.8146460050136062 2.0548566851795735 1.5321177381089726 0
0 0 0.29759777401114995 -0.6226816474051837 0.4182812394289679 0
0 0 1.8594005296381422 0.5376370158512402 0.45296304540050847 0
0 0 0.07572035571224367 0.0657131649135767 2.0485196707890303 0
0 0 3.0402726961825115 1.7328420614131528 0.451232181936407 0
0 0 2.5807477192719963 2.123164836337538 1.7378174424532695 0
0 0 -2.3101509176369164 0.2005015792069711 0.47096240096331854 0
0 0 -2.6098950920915507 1.822063346764051 2.003705303339752 0
0 0 -3.0178671955056164 -0.578185787970245 0.6051923561384567 0
0 0 0.8986050654309654 1.6762183065706922 1.9772328211037968 0
0 0 -1.4687791070481997 1.2665970637746518 1.9824342002202435 0
0 0 -0.027254581114243503 0.13563932451422145 1.984310013100402 0
0 0 -2.4467541490769884 -0.5962450547372322 1.5329491935831994 0
0 0 1.5416593941010373 0.18210875610069277 0.4229681000136387 0
0 0 -2.966474411239013 1.6027474888396231 1.9748617584557646 0
0 0 -0.9437418904624599 -0.25818074794138357 0.44029171922556576 0
0 0 -3.0498502274098684 -0.5500477442085538 1.2315753883398193 0
0 0 -0.43647536460768643 2.1034108348886384 0.8874567658128454 0
0 0 0.9247463156249562 -0.43962058548327265 1.9749756461415626 0
0 0 2.502849607803177 -0.5774899990776496 0.4443783596952847 0
0 0 2.90972435416883 1.7907243749004202 2.0166066698734673 0
0 0 0.192167576305879 -0.6325683509247539 1.2764770474287759 0
0 0 0.4246261201549917 -0.6078306466041421 0.8868385584046481 0
0 0 0.723192935871424 -0.5969221899786938 0.7302829426982294 0
0 0 3.083885311802743 1.2537574392188264 0.4469713689963114 0
0 0 -0.20261046045579612 -0.5967801860268744 0.9093009498690204 0
0 0 -0.22633750018207 1.6177048209947575 1.9773886795997897 0
0 0 1.1135503868996643 2.148396542406942 0.737189009505455 0
0 0 1.6800756110614614 1.696274727481147 0.4043703597063676 0
0 0 0.8308356959348662 0.6633245378410446 0.439290685578663 0
0 0 -0.29508209842660893 0.826486751733716 0.4846277898704048 0
0 0 -1.8039023370501297 0.07560848377995799 2.029057144187293 0
0 0 -2.3460706272850764 0.1507866887802899 0.4443377265490063 0
0 0 1.9347364546435104 1.4865795356521951 0.4119902476184729 0
0 0 -0.17952180443146748 0.8240143974637049 0.4309213693470558 0
0 0 1.9580116174512474 -0.1835578513806564 1.9838916241710947 0
0 0 0.9685719870244673 0.07018124741316656 1.9778000109453857 0
0 0 -1.7433170782768586 2.145010103004114 1.3684532030592225 0
0 0 2.56290684943136 -0.27769157523044363 0.45662908994202067 0
0 0 -2.2774962878999547 -0.21014955449701822 0.47307362502276196 0
0 0 0.25957110278274875 0.7743990938677623 1.9817584909387793 0
0 0 1.3062975146245757 -0.6271788739349089 1.6631534896727163 0
0 0 -0.05645534368158911 1.8978883444289478 0.4983306789283656 0
0 0 -3.1248354836183427 1.1626695585553284 0.4114841489785257 0
0 0 2.7483690592101766 -0.5525656443813018 1.360742836318061 0
0 0 -2.317312449645139 -0.6443384880929071 1.4535936849198412 0
0 0 2.472363506600951 2.1410416647434047 0.7467742566629999 0
0 0 1.349102414897425 1.4009610382424176 2.0012951143831987 0
0 0 -1.7454139806865334 0.7631019107847319 0.4098331182173226 0
0 0 -0.8611097682066027 -0.5627742591746261 0.9565961562143899 0
0 0 1.8186058915468646 0.4837090681730909 0.4832266312013751 0
0 0 -2.7537368278092096 0.40583668676119544 1.9634334791329415 0
0 0 -1.7833109134720544 -0.6207000620425089 1.9938278863606012 0
0 0 -0.7516262362911932 -0.5832743688414508 1.6564566030862211 0
0 0 -2.826145534376952 0.9079317792748034 0.4072603927751427 0
0 0 -1.3310162765805758 2.0803383621454437 1.9723436322293235 0
0 0 -0.14993558603938784 0.6154323010026941 2.006301695173962 0
0 0 -2.273181586032194 0.32494883247898676 1.9603490455200434 0
0 0 2.764677545821441 -0.5621503839379407 0.6656121509431288 0
0 0 -0.6153519399495395 2.083396603023778 0.5813292081893775 0
0 0 1.0869047757948218 1.8270957977538613 0.46709924776957135 0
0 0 0.948373778953493 -0.13243327400755422 1.9804035553774109 0
0 0 1.9243391254310156 2.1096632508000464 1.6961280861032002 0
0 0 -0.20719801623653344 0.0011783742140388798 0.42295606355329585 0
0 0 1.2023982002015652 -0.6223073784058559 1.6516581824625538 0
0 0 -0.2487420726525409 -0.5982543116290562 1.3136225725521995 0
0 0 2.02506544749244 -0.08194363776560243 0.4168877728687159 0
0 0 2.9632897676721326 1.2573224759134949 1.9862405082114867 0
0 0 -0.9562905014258223 0.9485825074496914 1.987271615168795 0
0 0 -2.7405409694232157 2.0928017460901294 0.8069692614056618 0
0 0 1.7267337832287035 -0.21490878078316356 1.972120793343506 0
0 0 1.940416044485624 -0.6386421264468287 1.7815128290362203 0
0 0 -2.795154935720748 -0.05958050551160232 0.4223011805016409 0
0 0 -0.7539948836824872 0.32718345902865054 0.4767157085724616 0
0 0 -1.321532545491168 2.0870614939187435 1.8444461036273072 0
0 0 0.41955919658510954 1.7987310018325406 0.4419232444761543 0
0 0 -0.7158115682007371 2.0953596920139 0.9242657120850044 0
0 0 1.0238812219874331 1.5837553625769016 1.9849462045957775 0
0 0 1.0365314891771993 0.15639873698121443 0.41291414318890407 0
0 0 0.5850248240104672 2.137131358204041 1.0130014988494611 0
0 0 0.86031336094468 1.2181587868107548 1.9619575810302894 0
0 0 0.3232072711738012 2.1318647956235948 0.8497574273461777 0
0 0 2.9826617922891003 2.0066677259647667 0.4334913146180247 0
0 0 0.8723619442686017 1.838145699262397 1.9530099254822415 0
0 0 1.9045251672685417 -0.06831016466211393 1.9617538408586666 0
0 0 -1.7497721319274369 1.840484635758579 0.40889336782675334 0
0 0 2.6230603584834284 -0.5972483888873885 1.532606606926839 0
0 0 -0.10109351244291975 2.141404552407619 0.9694519686512135 0
0 0 -0.008344196623458533 -0.17732951143981146 0.4252653888599427 0
0 0 1.9785917161885411 1.8037618363929384 1.9699718482737887 0
0 0 -0.2255150236515262 0.8938807861803437 0.49538695470303706 0
0 0 1.8558763230152513 1.8042019869675576 0.4554592950020566 0
0 0 1.645829543404866 1.5440006579745738 0.4997895008592793 0
0 0 2.75444253872005 0.08860191956604102 1.9559292791493172 0
0 0 2.037851856822887 1.811448468661163 2.0388032518150743 0
0 0 0.3777853889351439 2.051017965360768 1.8670062146094315 0
0 0 -0.18648859579147548 -0.6380848571894286 1.0908852822752644 0
0 0 -0.20402061888318368 1.1927804096912602 0.4796238345837798 0
0 0 -0.4772886750906209 1.5480222755217359 0.4937427415076121 0
0 0 1.9563234487078915 -0.571185041273881 1.3570381349667198 0
0 0 1.1706864466217342 -0.5833563351234732 1.899265035979131 0
0 0 -0.3314024266789133 2.0542291721952584 0.44886636317507334 0
0 0 2.7948156605138825 1.9915106751022205 2.004757407135788 0
0 0 2.248069796406309 -0.4363235022277121 2.0153764174088753 0
0 0 0.2188493043895532 2.075087154802685 1.0182330915851017 0
0 0 3.0946518439100315 2.052266030311631 1.2920111837009356 0
0 0 -2.573212606176812 2.097817243963537 2.009780518763057 0
0 0 -1.277544632368745 -0.5869452700845386 1.3051678902180182 0
0 0 2.849210468637348 2.1167815108741683 1.8723730686975057 0
0 0 -1.4655817860884128 0.6013424430780347 1.979958070206182 0
0 0 -3.0839211610390067 2.0836270317148773 1.8226175114172314 0
0 0 0.20874505237603236 0.42072657860554596 2.0374734019469427 0
0 0 1.9121310566509093 -0.3416752756142323 0.4235042810953623 0
0 0 -0.24174839369965184 -0.5730960614356126 0.541692135439153 0
0 0 1.2166275729770435 -0.04399481316405218 2.0316712632373806 0
0 0 0.06042925803008625 1.9282501023213492 0.4765309212188682 0
0 0 0.08057001418953202 0.2688151204997211 2.0369878258239154 0
0 0 -0.8180894111881414 -0.6078343891809963 0.8734380064335185 0
0 0 0.3867118946880743 -0.029136031001762652 1.9550436461448641 0
0 0 -2.9515985888389404 1.1654928193049163 0.4244294006813003 0
0 0 -1.0498267973298905 2.0574968719477074 1.2375890342270477 0
0 0 -2.598158293838 -0.22939179727682313 1.9958863173795296 0
0 0 0.9849423196512639 2.090841385020763 1.8488920320579003 0
0 0 2.445635153584681 -0.5530791422542165 1.03281377072733 0
0 0 -1.8418547094646038 -0.5746502352320053 2.010748962708175 0
0 0 2.9192691816437497 -0.6243361744573332 2.013098369474724 0
0 0 0.6940277830312573 -0.5991807686297785 1.7919311879217539 0
0 0 -0.43590045689002777 0.677305971053562 2.0051523449680264 0
0 0 2.1495968612976677 2.08204876918162 0.5891931702304336 0
0 0 -0.5454212344827574 -0.5556641909916156 1.2285382560040157 0
0 0 -3.090221763240247 -0.5782227019133199 1.5878409105049425 0
0 0 -0.5769608545186165 0.39995030927213504 1.9923683120483267 0
0 0 -0.15214343574011568 -0.059942811471773716 0.4713938619517799 0
0 0 0.37134851388046686 0.5600224094539565 0.4305379147435633 0
0 0 -1.2309794471150755 -0.6264529799492973 0.7731917017391734 0
0 0 0.8389607973114224 2.1035314472179336 1.9399265994659525 0
0 0 -0.7149045398648779 1.563654133606122 0.45553017211244473 0
0 0 -2.200900845278066 1.495540398417689 1.9781530350605567 0
0 0 0.5173664960668605 2.109317579195708 1.9781530985798144 0
0 0 -2.033044359590523 1.0157226126096044 2.0054258880674096 0
0 0 -0.5625910917295305 2.065285882154532 1.5315642336268707 0
0 0 -1.0763298551114118 2.063777930804928 1.4032796654953952 0
0 0 1.1023023849490112 -0.6482531446559316 1.743323286641407 0
0 0 0.34255620918541085 2.0249453122517904 2.040293335630568 0
0 0 -2.33978237652 -0.3959994301798817 2.0216715799008367 0
0 0 2.7580945937257058 0.44457003971736786 1.9582943810614588 0
0 0 -1.7551972762869044 0.29585359014397505 2.005474290433119 0
0 0 1.7433269172415518 -0.6167314825472783 1.3804766336269139 0
0 0 1.9194295463259312 1.7615725297024578 2.015526306773124 0
0 0 1.0929417134900845 2.1280236108634063 1.7920532321323952 0
0 0 -1.6254638374144268 1.3183423177933893 2.0507992241814885 0
0 0 -0.2630270652105926 0.6055616261245187 2.014734203464498 0
0 0 -0.6053019224655785 0.9486491494849207 0.4533479834609685 0
0 0 -0.17479988230429777 -0.5549292715908163 0.6572059751306406 0
0 0 1.203542271955687 -0.5528245589275276 0.9367647186866475 0
0 0 1.019005169231268 0.840643261043954 1.9916246798681305 0
0 0 -0.10977242535677156 -0.6171925336447073 0.4429126479539238 0
0 0 0.737894385966317 1.0622320794497024 0.5021013692876422 0
0 0 0.04369813038536785 1.40887230784153 1.9733626235596793 0
0 0 2.8150427016869823 1.0596873506937678 0.4853412660960127 0
0 0 -0.9159899615016078 -0.10043147739938307 0.41298790488967185 0
0 0 3.0282195097902695 0.962216840105067 2.026152588851323 0
0 0 -1.3422845054789208 2.0507898619174787 1.9295152629880759 0
0 0 0.07730006132810718 2.1226102597616983 1.2117283273420403 0
0 0 -3.06667054745484 2.142786412511798 0.7674277990644198 0
0 0 0.29321345548186306 0.6179201060822852 1.9733873518086267 0
0 0 2.0819042968846473 0.3184054969010416 0.45754026615343235 0
0 0 -0.7777393418472967 0.08963954972054489 0.4085839235422214 0
0 0 -2.901857993947797 2.1075376934609396 0.6660470030668137 0
0 0 1.0892990127237425 1.6748822459632253 0.45753010188212373 0
0 0 1.9693392392289155 2.0859832506634373 1.4920354472189707 0
0 0 1.0111582066185525 1.320498546440162 0.49580631171930156 0
0 0 -2.950919584909724 -0.5618346472126454 1.607187836316357 0
0 0 -1.8713250484552637 1.358361990268538 0.43739759241925413 0
0 0 2.217050358587728 -0.5758268409638561 1.6887673589512082 0
0 0 0.9966169051958218 0.9695046893042429 2.009852651818882 0
0 0 1.4732600496266794 -0.19245042911572363 0.4365595407399948 0
0 0 -3.0271626641683365 0.2989426941469311 2.0110946874532862 0
0 0 -1.662019328103946 -0.3469124761735207 0.4181540835290758 0
0 0 1.7431841740929572 2.1448248203162494 0.5691650410718085 0
0 0 -0.5013609996672357 1.9967734578819878 0.414023539353816 0
0 0 0.25909303936974526 2.1413323766360355 1.6824523061378296 0
0 0 -2.715407042120022 -0.5726139215124677 0.7544725756360333 0
0 0 3.1406321616287993 1.6242729480868288 0.4340501508492476 0
0 0 -2.578365947436686 0.9256799766601649 0.41845480698477333 0
0 0 -0.7245291011668651 -0.008728998989100067 0.48520149740387375 0
0 0 -1.0934899669777676 2.109465741879988 0.5779705920564263 0
0 0 -1.248487430906918 0.07939967087564881 0.4235669486068959 0
0 0 -0.10234850828084197 -0.5763067183409261 1.5124268713360227 0
0 0 1.9490842028266657 0.995596645596045 1.9784553860306853 0
0 0 -0.40239284557521593 0.8632796256166131 2.000611181955132 0
0 0 2.5005163940068886 0.020851271932548654 1.9977452973052292 0
0 0 0.1287381617731671 0.9747755658089001 2.0266162996102097 0
0 0 -3.1042379273279357 1.1112936894367118 1.9808153291344375 0
0 0 -0.49449214146087606 -0.638052517289919 2.0474340187948767 0
0 0 -0.5225841890799621 0.32472022427438463 0.488384533024828 0
0 0 -1.9436031740744242 -0.46161631597509345 1.9799485982921983 0
0 0 0.8004482897003924 -0.5707425585811987 0.6948396364293151 0
0 0 -1.6587536460535912 1.9790723872054155 1.9539477837426853 0
0 0 2.055179835399466 1.5170563774262529 0.4797908286137498 0
0 0 -2.0333886182418244 -0.5543517103406923 1.1784332658799341 0
0 0 3.008859809325248 0.9729834908715307 2.045793854700123 0
0 0 0.1964392880473529 -0.6485764885975618 1.0335078213963957 0
0 0 -1.1910421650926841 1.109246527071211 0.4547272509942728 0
0 0 2.621313636807515 2.078221354547969 1.387074337813238 0
0 0 -0.20410203567541618 1.3576576430501577 2.0421687980197345 0
0 0 2.2220757477923563 -0.5940818757439359 1.3009449609881993 0
0 0 1.4663416846950872 0.6406682008960451 2.022448581076015 0
0 0 -0.720742183233174 -0.5858096610210919 1.7402506299032723 0
0 0 -1.7057568106017145 1.1366068683794246 2.0435210848868097 0
0 0 2.4559340397272713 -0.5889067244594983 1.9071652114266895 0
0 0 0.7689313679431731 1.783091345302075 1.9717715499489459 0
0 0 1.3308849386577926 -0.6096179540510243 1.8836790694680194 0
0 0 2.7245626298819188 0.5544810830534275 0.4268271790072089 0
0 0 2.5724668466587213 1.3567486588744213 1.979169114095408 0
0 0 2.396360443677186 0.5440593610673379 1.9896956866343352 0
0 0 -0.6785036488177507 1.486791058999659 0.4109785402202376 0
0 0 2.0823455860569693 2.1218650113847017 1.2783324910308038 0
0 0 -0.41806173115857437 -0.6112570860162463 0.4875501499233358 0
0 0 2.57807512252747 -0.6493744530584293 1.8495600784968078 0
0 0 -1.0584695731809086 1.2925699670182722 0.4968686175805569 0
0 0 2.5577294811898375 0.35111794269853325 0.4284667784754378 0
0 0 -1.406651056396883 0.4352989359081446 0.4592097609856691 0
0 0 1.684134929206814 -0.6362790219613874 2.015151709179116 0
0 0 -0.0847594730878023 0.9843483819767926 0.4145065214457242 0
0 0 0.748149403517576 0.38485930668632407 0.4226747902165574 0
0 0 -1.0887983987717682 -0.6324603463431302 1.9327914322260242 0
0 0 -0.3111126705400533 -0.5659747875699039 1.7615527872753949 0
0 0 0.6395332611511044 -0.060281366290312444 0.4716574136545433 0
0 0 1.6300708658107341 0.5357680094439723 1.9677007569859293 0
0 0 -0.41375469807285103 1.2937222603240495 0.44476838773610006 0
0 0 2.5036237119287916 0.04733004490474979 2.0009193734502873 0
0 0 2.138639812944233 0.6120820640033267 0.4219686637158334 0
0 0 -0.32921754346386534 1.014084838657093 2.029370864080679 0
0 0 -0.5278783055079468 -0.4140929969202447 1.9972467963826146 0
0 0 -0.8992867274742466 -0.4707079356332038 0.49686518580618766 0
0 0 -2.3156089064649503 0.1798248980153062 1.9592603716312804 0
0 0 -0.24900787498222643 -0.6251678003897021 0.6203403748829769 0
0 0 -0.5256212781017626 0.10504763541005502 1.9794489734084388 0
0 0 2.9448392599747626 -0.6006217096363318 0.46721658402190525 0
0 0 -1.8691234901482001 0.5258656119302341 1.9827753395514822 0
0 0 1.4800913116859578 0.6364897548465616 0.4620049979641879 0
0 0 1.5676397921943126 -0.6460424239177127 0.5785568797433385 0
0 0 -0.2621259065075008 0.3005933123517387 0.41281234826353985 0
0 0 -3.0883681598934367 1.0921539559877702 2.0016137373411125 0
0 0 1.6389763702080256 -0.21004020435971227 0.43253520421839853 0
0 0 -1.7542747183105833 2.0661057442603203 1.4063045588758112 0
0 0 -1.800584838584491 -0.11593419522166948 1.9586415608501007 0
0 0 2.5855740078251612 1.6425069905252208 1.9912249866464702 0
0 0 0.022239934921763904 -0.5599929284852161 0.6881715363920032 0
0 0 0.43585290646134833 -0.5810245388080084 0.4913311155413762 0
0 0 2.1334949231152 1.0687105796759542 0.46205978958105487 0
0 0 2.327719476618679 2.1454558545396543 1.7527114718986365 0
0 0 1.239779896800897 2.126349343344361 0.4079577214595641 0
0 0 0.40824429939948637 0.6306103431449164 0.4123670717767969 0
0 0 -2.9942632854588047 2.11892033457751 0.9657742880576359 0
0 0 -2.875360120936498 1.6152120836497554 0.4392395707877088 0
0 0 -0.6228603656749141 0.4153754114236001 0.4377760447261885 0
0 0 2.792787258436582 -0.6313846218483752 1.1177769880286563 0
0 0 -0.3326066202080913 2.132215055080657 0.5068472865554937 0
0 0 -1.5383771654855656 1.280172061389334 0.4437979838674775 0
0 0 -2.723752310452726 1.1975067520510456 0.416613804503851 0
0 0 -1.6433238381713533 1.4577014133349804 0.451390289360858 0
0 0 1.4877492161759376 -0.5984306720832271 1.327996150907407 0
0 0 -0.01171049367650312 1.7461973534594277 1.9599071681485587 0
0 0 0.683030449419165 1.77812305604696 0.4322548702965471 0
0 0 2.9766052808161243 -0.5640922810435329 1.7867561858516892 0
0 0 -0.10861256871881864 2.0573386179351645 0.7089218651729727 0
0 0 -1.344462308660085 -0.2964593261447015 0.44824583722681854 0
0 0 -1.125624641971589 1.0129665533379955 0.45001456621275393 0
0 0 2.394475953782176 -0.46615921210141176 0.4652933687375178 0
0 0 -1.578833875649293 -0.6089562825165609 1.2263217176388088 0
0 0 -2.9544973613519163 1.9412006240619053 0.5008949196765567 0
0 0 2.9013331218617004 1.3789254105819297 0.40888336922847945 0
0 0 -1.003086484188338 0.9285878311360323 0.43799326335923006 0
0 0 0.6400761139886275 0.45167308793333905 2.049209576841344 0
0 0 2.2384296299375963 -0.37105557656302635 0.4141067691629198 0
0 0 -2.7627262904367695 1.5206676128734904 0.4976571909466281 0
0 0 2.0304732464728197 2.0883936679777717 1.5953184939598961 0
0 0 -2.7046364869156356 -0.4435120349229238 0.46839036385833355 0
0 0 -1.37604929851777 0.08021895737255147 0.47567335272189104 0
0 0 -1.6238873299223073 2.0734147546113224 0.6677498991876247 0
0 0 -0.3099625909277588 0.4269814018550716 1.974813811940989 0
0 0 -0.2962427418482503 0.3655480556377423 2.0055349235752566 0
0 0 -1.4630635388239703 -0.5698860445985319 1.2714314709821217 0
0 0 0.6345432821630181 0.20421071274745617 1.9598952349249257 0
0 0 0.9129444938288991 1.4502351176475214 2.044989558908999 0
0 0 -1.1807834559100345 -0.6048919472539886 1.138833915135422 0
0 0 2.659693307510727 2.144733126313295 1.3495587206719009 0
0 0 1.0621205655420463 2.0661399959088023 1.6186198116531751 0
0 0 2.10663871496173 1.4526997645511124 0.42266991073264515 0
0 0 1.4204602269626596 0.6528773638292993 0.43048806942486273 0
0 0 -2.481746911728268 1.3938856259818184 2.006776316059067 0
0 0 -1.3301527659462264 1.5510728375547023 0.4347533295461433 0
0 0 2.6004941719698076 -0.6053592617143209 0.5273222331606211 0
0 0 -0.8305687358681566 1.7932085375418059 1.9867321107468994 0
0 0 -1.1927821322461132 0.39263187737146643 1.9798053033090368 0
0 0 -0.31579058998467424 2.1138598073996624 1.1097840622003745 0
0 0 -2.696634526782878 2.145501682822486 0.41005432602113856 0
0 0 0.297791769072806 -0.1021477295279053 1.9851014444674633 0
0 0 -0.9953072282808275 2.0652147451446536 0.6046190964392026 0
0 0 -2.8685971635532006 -0.6293397351535963 1.2565952146297783 0
0 0 -3.129448979896212 2.0772017808274965 1.0045513705586249 0
0 0 -0.49837458611440244 -0.5944250072096042 1.0775521998029476 0
0 0 -2.980784384515367 -0.5943623394939963 0.615853978562413 0
0 0 -2.178487055950682 1.0851309081369087 0.44245197289366045 0
0 0 -3.062629233018799 1.1988440658599584 0.4601836079352334 0
0 0 1.273323393176626 1.9339406126440222 0.43297476627510834 0
0 0 -3.0147800184728357 -0.6063828438756782 1.3900571689741592 0
0 0 -2.1159531074115074 1.0866783376897236 0.4988653810914593 0
0 0 -2.654504868378051 2.1353511225793156 1.9089758952570812 0
0 0 1.9733496068500571 0.10742220657633383 2.0144612424433213 0
0 0 1.5950835811825872 1.8245525516309284 0.44477052988357135 0
0 0 -1.90409737147452 1.8560876000812552 1.9972562752839345 0
0 0 -0.5158018579381092 2.1463839097770174 1.5419099343286424 0
0 0 1.3823396852370484 -0.6077880433473282 1.9923340092321722 0
0 0 0.19649614864661524 0.006527313557937675 0.4035367761015576 0
0 0 -0.598329712851764 -0.5802138451838996 0.6524285800510237 0
0 0 2.6445829365794857 -0.5543998598007611 1.3446799221375536 0
0 0 -0.8100309606110474 2.072987660686411 0.9269137912036383 0
0 0 1.5002509496998666 0.8431260729002861 1.9956935022085613 0
0 0 -2.3708163554682615 2.0905647917584753 1.8199310455398148 0
0 0 -1.9043489772799327 -0.5690361825021333 1.58427603866384 0
0 0 -0.37747348937388914 1.5151369695281194 0.40868216353445763 0
0 0 -0.10732085621579301 1.4321253684343918 1.9875506450779907 0
0 0 -2.236608258718324 -0.18115292698114005 0.4170202779500072 0
0 0 -2.329436394215514 1.3051540777449102 0.4482121426354788 0
0 0 1.6826704048610708 2.095185991099953 0.479424986887247 0
0 0 -0.6165405215447772 0.812978762487296 0.49882778920471804 0
0 0 2.3846367362615126 2.070941678522077 0.8589925924608364 0
0 0 -0.7914884921907781 1.7329963486933864 0.4633041199146204 0
0 0 -0.07804564068505915 1.3717444602839337 2.0271843391281537 0
0 0 -3.0487700762228678 0.629290578336597 2.025053899330189 0
0 0 -2.143433784057121 -0.5865010226636569 1.7015130209806415 0
0 0 -1.0243497190216369 0.40520599775533006 0.463062432196927 0
0 0 1.6561036117902166 2.0872031223091034 1.8622087289203204 0
0 0 -0.3308482054441053 2.0599764523470716 0.6369448206112099 0
0 0 0.3534052963993197 0.9869579155089343 0.44290499090108937 0
0 0 -1.4022516797846347 2.048404726764935 2.0129557225847865 0
0 0 -2.6064768473873583 1.952559233646937 0.47660221242656187 0
0 0 -1.0981767413506796 0.5402987144455857 0.4364808228184949 0
0 0 0.7156070730378858 -0.29203391284832536 0.4864170100322306 0
0 0 -2.687424011142172 -0.1740381567344269 1.9730791160915278 0
0 0 1.6213711620439035 0.9578800846717392 1.968668912650669 0
0 0 0.9114565940006276 -0.08731243965607383 1.97559463185554 0
0 0 -0.9040612246595114 -0.3976431772741751 0.4630444546092032 0
0 0 -0.7531484287110657 1.8167273823629893 1.993280469073222 0
0 0 -0.7105133340110807 1.4100385699153264 2.0268864600352234 0
0 0 1.5755238519089207 -0.24386663081686932 2.0224937019470017 0
0 0 -1.7971015344922527 -0.47664028147568227 2.052145888785586 0
0 0 3.0075114779194863 2.132667389197638 1.326437610306922 0
0 0 -0.02687395688548344 -0.2653363990999382 0.42866760382981006 0
0 0 2.3050440707639073 0.6558211727237651 0.49671953086328624 0
0 0 -1.6887256719097907 0.01193373070225534 0.45414590709280844 0
0 0 -0.03082753659273818 1.4686852363445781 0.42298076479825053 0
0 0 0.6835963350121759 2.098892113913179 0.8830322207896807 0
0 0 2.316040192309491 -0.2085697603877834 2.0003076044397856 0
0 0 0.4869139934410911 2.127638791235464 1.0057344491312785 0
0 0 -3.0143392859768072 -0.3061311992988016 0.45808469328277734 0
0 0 2.4696201538308653 -0.2327107772233642 1.9774719619565784 0
0 0 -0.9403613325092106 2.0052492358718244 0.48483172140816855 0
0 0 0.5995509857099828 1.163745191775208 0.4851581887600521 0
0 0 1.70948825682692 1.1253677365115438 2.0434031418802503 0
0 0 0.9961377416493908 -0.5953799961151183 1.869571712997098 0
0 0 -1.0032503321928963 -0.6470085052553431 1.388516914533251 0
0 0 -1.3714309891802368 -0.5666008091799664 0.8214372485655487 0
0 0 2.5124959511374403 0.5223175042796913 1.962750354106071 0
0 0 -3.0713116716974977 2.0805993550517865 0.8211169158325753 0
0 0 2.905072630824673 1.8102202005447727 0.43472405284464033 0
0 0 1.3155837696365964 1.6324738995740316 2.04542043882512 0
0 0 0.9521936887776086 1.4073957471299519 1.989582411455049 0
0 0 -1.1294275262410993 -0.31786907759926475 1.956696201695697 0
0 0 2.8840029920133707 1.4530179163903834 2.015553666543357 0
0 0 1.8717030783836517 0.52018746935295 0.4703187548373835 0
0 0 0.9010380113336787 -0.4628202349439814 2.0358141552607085 0
0 0 1.9922029969128108 0.6281713071575967 0.4045199591688676 0
0 0 1.8223129872867059 -0.5730089857559044 0.8658846235013742 0
0 0 -2.5302901975062855 2.1236921745038435 0.764211323419556 0
0 0 2.2528232904263374 1.3802905527081935 1.99267461307589 0
0 0 2.633024996942627 0.33792625547901245 0.4930579030138087 0
0 0 2.368815036151277 1.723315802215413 0.4517027855777097 0
0 0 2.0932193930278142 -0.570987049375548 1.0413861430151305 0
0 0 -1.298830714418068 -0.6367509510799747 1.3545719327151873 0
0 0 -0.7092531300993463 -0.5670162960749654 1.5596803653755185 0
0 0 2.252590691174049 0.061477536774137365 0.4990589076115427 0
0 0 0.1039441446256184 0.28834427536982943 2.0324822803479035 0
0 0 3.0498591563424036 2.0762276884300768 1.3552694583241292 0
0 0 1.233402424622236 1.7150474375445859 0.47440316914515046 0
0 0 -0.27707151960221665 2.0924205014716803 0.43462833144843704 0
0 0 -0.5038827991952473 -0.04134075292560546 1.9921522865695642 0
0 0 -2.0693976524793607 0.7935136365584534 2.049935340057525 0
0 0 -2.0211575649696516 1.6707211948382523 0.45098357009237866 0
0 0 -1.542659660424021 -0.5795403675520141 0.833624144745623 0
0 0 -1.0686570352865443 1.6991552314694747 0.5023354694072633 0
0 0 -0.1452125074884596 -0.4959655152511335 0.4218552565034309 0
0 0 0.5428601407000508 0.8885162052765294 2.048526742787324 0
0 0 -2.7561181725324357 0.3757885519869699 2.0505433149345214 0
0 0 0.08360336998738882 0.11207128980951264 0.4048362161775383 0
0 0 2.6584455864071934 2.106298231100746 1.66828744839906 0
0 0 2.156802958189032 2.0145374496963946 0.40654941393918975 0
0 0 2.997930644457047 0.5429366718698081 0.49539657926918224 0
0 0 2.1625587801980837 0.5843400957588709 1.9600733027525843 0
0 0 -0.09766063095192257 -0.43783501841698147 2.008529451732272 0
0 0 -1.8055663110914775 1.4967929245492806 0.4711949851410061 0
0 0 -0.38589014141593747 2.0997272585898195 0.8708352865844492 0
0 0 -1.3046646137017037 1.9002560570584384 0.430702290188437 0
0 0 -0.7301141516825473 2.114227471962889 0.4363084741882598 0
0 0 -2.2639907346177672 1.2826070595384023 0.4876028925419241 0
0 0 -1.643606966245201 0.42076200327880997 0.4481933751688161 0
0 0 -0.1965248283281973 2.089308595386946 0.6981741025680888 0
0 0 2.0728710501313516 2.1369469463144233 1.2774603510879992 0
0 0 -0.8704287226256247 2.1080188057812363 1.8434777762586307 0
0 0 2.517520741661648 1.4736445572233883 2.050019419049266 0
0 0 2.8073915344430427 1.7723568014466073 2.0183326042008813 0
0 0 -0.26863570400915915 2.0922314942646114 0.5670505320800312 0
0 0 0.6854881409876561 0.09083203751344782 1.9656489876412029 0
0 0 -2.9126182093619892 -0.5528211179892797 1.9797240446258983 0
0 0 -2.447254439595937 0.04638803016965931 0.462029380059058 0
0 0 -2.05458584700449 1.4457553277275363 0.47586808039573325 0
0 0 -2.8184272629730067 0.5647378106334939 2.0478082038017633 0
0 0 -2.143794327097506 0.19496632620583865 0.43869272025021655 0
0 0 2.9982445286197956 1.2632351991302015 2.018389285142678 0
0 0 0.8546692245580818 -0.6166909521628057 0.6259209527577627 0
0 0 1.657164457726422 2.113259003433297 0.9278832479626562 0
0 0 2.0349894774344763 1.2291627480505647 0.45217573348016993 0
0 0 1.1694846592620003 1.5753375667430107 0.46953852807853536 0
0 0 1.7102123407094298 1.2117563721031044 0.43613590161866633 0
0 0 1.1853257011783098 -0.6242688672486321 1.5124884809748318 0
0 0 -0.28675609698587357 -0.20823468872697293 1.9656593246512657 0
0 0 0.8802118920986342 -0.5923882657523056 1.5656419119337492 0
0 0 1.428103055846603 2.050464507738202 1.1266635216571483 0
0 0 0.6706493263941606 0.12511720126841053 2.009385728975639 0
0 0 3.1289169540419124 2.1260790879021294 0.782549892440305 0
0 0 0.4756515915729449 -0.5740387227531816 0.5676352299821765 0
0 0 -1.7417396823535423 1.7205789722229643 0.4106809393375128 0
0 0 2.840949888517728 1.667093663638411 0.40480519975360607 0
0 0 -2.0220585593740306 -0.5945726692859659 0.6153578328607645 0
0 0 2.551392507744202 -0.6307899141295363 0.47714009408452907 0
0 0 -1.3277435398614428 1.9974988692929452 0.42326601071780856 0
0 0 0.08325595869626268 0.2267518968290616 2.007791594864702 0
0 0 -2.8402137766820146 2.1162807746642516 1.4534059583443861 0
0 0 2.1502462514565233 -0.18343073649924913 0.4176308727760095 0
0 0 -2.573802970756761 -0.2794217017006462 2.036322636564356 0
0 0 -1.8196416849307102 2.1345086568455267 0.6496754086853815 0
0 0 2.567267669991928 -0.5407724762940418 0.4874850586185271 0
0 0 2.878345776124241 -0.019440777177251456 0.4387651365945632 0
0 0 -0.425869558780533 0.2646136611137454 0.48509011476504393 0
0 0 -1.856913243517822 2.062757106482509 1.8071742350477158 0
0 0 -0.9395753995977634 -0.5509562175524447 1.7826667693248555 0
0 0 -0.3382772399199352 -0.056103137796324254 0.41392491025586986 0
0 0 2.5624345329615963 1.289458898047472 1.967914812616871 0
0 0 2.3187969226082172 -0.5827009668387044 0.5881293412947795 0
0 0 1.8491399832049105 -0.6232899543647368 1.1360367010822077 0
0 0 2.792005915818155 0.9512831142456157 0.4372290080727861 0
0 0 -1.946361390419095 2.1157902976551983 0.5020706398285701 0
0 0 0.32704707156139445 -0.6141269530645563 1.9546094019388944 0
0 0 -0.38702930493912735 2.1082247070863134 1.562145690092131 0
0 0 -1.6601839272333623 2.0662018508053266 0.5822549613309445 0
0 0 -2.186396579551544 -0.5643855940682962 1.2070783905500053 0
0 0 -1.8334245193498004 2.142324997459628 1.552828689638058 0
0 0 -1.3662561095963535 -0.4472983197185483 0.41746578618269214 0
0 0 -1.9473132087880354 0.5937641017198096 0.45745810380783825 0
0 0 1.154522818344021 1.0421375962996922 0.4999350274643386 0
0 0 -0.10549421159881822 -0.6033023407039433 1.3509058553943638 0
0 0 -3.0031950503062173 2.1387989371989695 0.7356679625455621 0
0 0 -0.8824618343911275 0.8346866744470272 2.0497038096470273 0
0 0 -0.7845598677088113 2.137323463853247 1.2071475731346628 0
0 0 0.7548875425217911 2.0051624697784103 0.47934689617135184 0
0 0 -2.551843361141593 0.028880783493486217 0.4691450737275751 0
0 0 -1.9926050372872133 2.0532738715128893 1.5480912001872338 0
0 0 -0.08432821106535426 0.5549076944923685 2.0359302662672882 0
0 0 2.488161773789761 -0.6286234016100323 1.958188532541783 0
0 0 -2.8089743047808353 -0.024283109322174146 2.047850158927538 0
0 0 1.62808828352561 0.7055357985552217 2.0428858742600515 0
0 0 -2.8870582168394145 0.03725377878567693 0.47612788867950084 0
0 0 1.4739636582643882 -0.31045929564395336 0.42627073474914523 0
0 0 0.28479935236014287 1.2697668631048862 0.4772584496454395 0
0 0 1.3550085276785184 2.07666356116355 0.4690126296478182 0
0 0 1.209756626326155 0.2574909540455389 2.0015488106787256 0
0 0 1.0360211074142676 1.6613032069904283 2.043298284181547 0
0 0 2.127489670956483 2.1455170566563924 1.1006721109463884 0
0 0 -1.3690616927376904 1.0252432636006097 0.4228395431485851 0
0 0 1.9062193417418047 2.1339745283972418 1.3757855349180979 0
0 0 1.6176858270634806 -0.3461012185392136 0.4437817269006027 0
0 0 -1.028022500054309 -0.570422210981967 1.1907265288132451 0
0 0 -1.7229417276932475 1.5136839467197765 0.49198900430162185 0
0 0 2.609187019081781 -0.6258594758659415 1.3593938424286156 0
0 0 -1.4672656001829063 1.0986490376477602 0.4098245503962745 0
0 0 -0.7364365337281216 -0.5510014826967906 1.8459354530194638 0
0 0 0.6670046862036134 -0.06446217562763723 2.0351853148692878 0
0 0 2.8971835569994333 0.5517196385930578 0.46658672662924316 0
0 0 1.940326499341337 2.091858144055303 0.9631350108501828 0
0 0 0.136277022381047 2.0869011965604254 1.3684988650719347 0
0 0 -1.5763156448487108 0.16653030226423238 2.052622397922857 0
0 0 -1.8585523087954785 2.049735234310737 0.4634221254644959 0
0 0 2.6483327217963115 0.6326518026439936 0.4664175174051539 0
0 0 -2.2362043864211647 0.8370230154539327 0.48264019428633176 0
0 0 -0.7248942391993012 -0.583604041280928 2.029987245899659 0
0 0 1.9559736490203008 -0.5687308179042443 1.3803762311809629 0
0 0 -2.55749820432602 -0.6417360056927117 0.41123212246640817 0
0 0 1.513243340551555 1.9428272475683481 0.48580229273793074 0
0 0 1.6429113543778122 -0.3945911385822489 0.4405789366287054 0
0 0 -1.9385771577325523 0.8957039152407373 0.42377875960613154 0
0 0 -2.8744657695682463 -0.3638978742540053 0.427979089863303 0
0 0 2.302819518535249 1.8293628319830948 0.4734833730729415 0
0 0 -2.7607523690615814 -0.6246083542713465 1.0818636427345325 0
0 0 -1.81947974347719 -0.5723960084181874 1.0741249690880301 0
0 0 1.415991032707434 -0.6029606786721946 1.2983524736123497 0
0 0 -1.933812089798552 2.1287207245997943 1.5734516358772364 0
0 0 2.4495090089426546 1.855801052837655 0.49376288209281494 0
0 0 -0.9573619665389979 0.9684855206218048 2.039889375410275 0
0 0 -1.7968476384381509 1.0962443941769946 2.0358789806848963 0
0 0 -3.0146177291828105 2.1468126941783257 1.4327537266075567 0
0 0 -1.0809384354618263 2.0498393536536925 0.4728111183092061 0
0 0 2.8724080244850985 0.31698610247897163 1.9758308451741216 0
0 0 1.0657486397042062 -0.6261836658398516 2.0086260424287583 0
0 0 -2.715651949666909 1.4576063559342625 0.49255603261241676 0
0 0 2.838203722646816 1.4665229799448392 0.4340220366494695 0
0 0 0.6015001235941817 -0.6151682890212222 0.806335932359445 0
0 0 1.0465101711567106 1.2693436681495212 2.0265378638291196 0
0 0 1.9295679341703567 -0.5997173668817435 0.7529648273426588 0
0 0 -0.5940191449966274 0.5460426031834347 2.0465109643375343 0
0 0 -3.089352357255586 1.8985402269875713 1.9868637377015044 0
0 0 -2.7010915876037283 1.4234224189317866 2.012344048061337 0
0 0 -2.771776412091305 -0.2639696251885044 1.96891204050395 0
0 0 1.5959776169697957 2.1089625468401945 0.5279829690394017 0
0 0 2.183007132963132 1.7905958131092234 0.4063738206446438 0
0 0 -0.10314074722009714 0.06713085554861364 2.0342311096961105 0
0 0 2.5701583210423555 0.1838832122762203 0.48949980534489546 0
0 0 -0.9709689600600102 1.639047067717512 0.409146640417976 0
0 0 -1.877214511695576 2.091592620675856 1.5779757724332544 0
0 0 0.2263395000098285 2.105458650115021 1.5453407437131903 0
0 0 1.3177012682175135 1.5492132689054163 2.0226298888521237 0
0 0 -2.9999911455628534 -0.6479707617615171 1.2482986563141378 0
0 0 0.1748757316945868 0.10255689162735049 0.4197339851519001 0
0 0 -1.4201518337989634 0.19150728110947113 2.0066439304166273 0
0 0 0.8075927603670907 0.4399750113970323 1.989788189632316 0
0 0 1.7931968643828338 -0.23358322914040897 1.9617462791991582 0
0 0 -2.817314641975399 2.072998289236282 1.787364421827395 0
0 0 -1.2232693825683374 -0.3936303687398204 2.0076340836584636 0
0 0 -0.28590624263038267 -0.12882201211150923 2.0422153947592534 0
0 0 -0.5182958465562706 -0.6182069530545189 1.9851242146625294 0
0 0 -1.2304718058609536 0.4767638225116597 0.48257543518953006 0
0 0 1.366829709854052 -0.6076681717289798 0.9381922592356097 0
0 0 -1.26476243553643 1.3584114835516907 1.9624445333473348 0
0 0 1.1594181485142245 2.0500058533545698 1.6664649210996745 0
0 0 1.6889622871669188 1.0710916252089682 1.97156925819578 0
0 0 1.8070216338371496 1.3519295249437302 0.46526234852291704 0
0 0 2.305210106038049 0.5144527510506061 2.0342815845773816 0
0 0 -2.9966476551835997 1.208088345371606 2.0315788967504553 0
0 0 -2.10480452253615 1.7927428366630773 0.4150899716847093 0
0 0 -0.8718564837911482 1.5528213282577112 1.9594843440847578 0
0 0 -2.3621343458739807 -0.5754463914647463 1.2067612522693507 0
0 0 3.006189966356925 -0.6321622899360613 1.5599760132369274 0
0 0 1.3586007227614232 1.3409838174135433 0.4480181943936945 0
0 0 -0.7005316937895687 2.075471479512195 1.1643619980606803 0
0 0 1.0744796792105875 -0.6356181836114869 1.3802953807380458 0
0 0 0.005455701199232887 0.5289398894625263 0.4847596607418626 0
0 0 -0.7451192006200413 -0.4384308669299517 0.44476200210255723 0
0 0 -0.33627721772198216 -0.420788683611099 0.40616814665130363 0
0 0 -0.8520152387718856 1.7285764002528248 0.42712651930426115 0
0 0 1.7330375473100483 -0.5752023970370905 0.460083196277408 0
0 0 -1.0446625158034335 -0.5670890048559176 1.1280834081033875 0
0 0 -1.933323811500761 2.147223282113983 1.0373340581182933 0
0 0 -0.9070768021485502 2.082494970436543 1.6948039337844605 0
0 0 -1.0768453961560622 0.5339759665235404 1.9917051673436457 0
0 0 2.8586644556940275 -0.6383800110319127 1.6198869281086836 0
0 0 2.6826322920589654 1.1435530078420484 1.9622435737602444 0
0 0 -0.6876043918890522 2.116206742872258 1.9356682609064513 0
0 0 2.8023667104259973 0.2532160457813245 0.46614952078982774 0
0 0 2.6162824715836814 1.9860116477006275 1.9651337695560191 0
0 0 1.7204745403460233 2.1399943275541684 1.9913188968421973 0
0 0 0.5172483077544014 1.7871870757849113 1.9783209004266404 0
0 0 -2.413091117887362 1.7122440153663907 1.9702207313800562 0
0 0 -0.4631139162405473 1.239827019089469 1.9846665069827036 0
0 0 -1.727582713724219 -0.5873533123649533 0.8989787400981941 0
0 0 1.3292291038859343 -0.5632630377299725 1.703460271613707 0
0 0 2.529253637072829 -0.006642677098015692 2.040136875103606 0
0 0 -2.697904816601715 2.0902839568694582 0.9712690458194672 0
0 0 1.348175865488484 -0.5914425623982951 0.6433177962007581 0
0 0 -1.147594936007956 0.4980822387089079 2.008211412927876 0
0 0 -1.560917867851066 -0.5718219126720789 1.553041239890196 0
0 0 2.317509807531863 2.114566920349888 1.2844343127025475 0
0 0 0.7406456936072092 -0.26256772518023785 0.4674808646746129 0
0 0 1.1920437505990051 -0.5638155636715905 0.9568988111686039 0
0 0 0.21809880487688593 0.931719369914976 1.9626907198676116 0
0 0 2.020133722962993 1.1336838116417745 1.9867797925932935 0
0 0 2.7480479778946423 2.132419904323186 1.459011511685713 0
0 0 -1.9058617810014513 1.4331259960362464 0.49811519110877844 0
0 0 -2.8282520740584465 0.5400151098723185 1.9659533486779428 0
0 0 1.157278401136777 1.3774951542219374 2.048779614916859 0
0 0 -0.6795036676871566 1.5317506986685843 0.46094722147432277 0
0 0 1.8317265855493545 1.7580038435025565 0.4729505106680877 0
0 0 0.7775112665926049 2.1112087700338287 0.6038425463766933 0
0 0 0.12776176136513984 2.087284551002309 1.4281010823958293 0
0 0 2.5555500883622404 1.6966376770025804 0.463413107074668 0
0 0 -0.8640109406091288 1.3485176949628308 2.017784522747149 0
0 0 0.919778623365187 1.43783936297864 0.4701339471506977 0
0 0 2.3935479244152686 1.569721101652856 0.44944383358401807 0
0 0 0.8585409344070856 0.6998644804779313 0.4464591347882767 0
0 0 -0.5609236961585196 0.5306386510966716 0.44027236345805 0
0 0 -2.104993243032987 0.017856032032275593 2.025844770762928 0
0 0 -2.2755178116967256 1.8341068425366094 2.037270182053065 0
0 0 -0.037382827142595776 1.058912389198681 1.9710632871485254 0
0 0 -0.8850381539193788 -0.6154154694934044 1.7596276269615758 0
0 0 1.3229213003481215 1.5089725958493283 0.4532369315146929 0
0 0 0.6288964098254084 1.3516670209320014 2.0319728888717794 0
0 0 -2.2981363817625935 0.1818985544279621 2.003838003060143 0
0 0 -0.28716210222521 -0.6144067837358 1.5624407397685132 0
0 0 -0.20803110626487964 -0.327623084990315 2.0433324941561755 0
0 0 -1.8539954171587587 -0.5703742616008876 0.75653803945682 0
0 0 -1.1205212521209473 0.6162347758824755 1.971781440729543 0
0 0 -0.0439510978813864 0.830498865890706 2.02234681470045 0
0 0 -0.44427261027944054 1.0173211356069187 0.44763657418690006 0
0 0 -2.1424048407853356 2.0782658239682377 1.7059688096598271 0
0 0 -1.854641608158147 0.2178466241667204 0.4654134857096932 0
0 0 -0.3871554239799777 1.7110252128505363 0.47846765643278855 0
0 0 -1.9451338448292517 2.149327938148209 1.3007279466600987 0
0 0 2.35764495375854 1.460692612225223 0.4259135655667995 0
0 0 1.799765771173261 1.802605582567735 1.9673975326133624 0
0 0 0.7127403125687053 1.5412558197721078 2.010806938786207 0
0 0 2.7539414657293406 1.7548260725657603 0.4065390520679045 0
0 0 -1.5950224141922318 -0.6335231506344068 1.1829422506821698 0
0 0 -2.331841693099917 -0.44308973781226824 1.966390239827748 0
0 0 1.9074586636866409 -0.30058755221690925 0.4107089464004948 0
0 0 0.9139529865210738 2.144521889118777 1.4650137233000462 0
0 0 -3.04026458595798 2.1136755191082335 0.7694826590187103 0
0 0 2.62381729135416 0.8948017024144301 0.4084564175909352 0
0 0 0.28627485569186595 -0.5681952766988008 0.6520810378836913 0
0 0 0.6009416638069895 1.2348656360046057 2.0390701076825004 0
0 0 -0.33005389154588727 0.8462273807518252 2.016651893833175 0
0 0 -3.019798037011921 1.6178914922004874 0.42648426263201555 0
0 0 2.705449874618637 1.0184501058445443 1.9769295188623353 0
0 0 -1.873576335296936 1.751398569003802 0.4053845558230451 0
0 0 -2.5148674359312033 -0.5812970016445131 0.8779988592389302 0
0 0 -1.550970958355919 0.1961327487577761 1.9751139888249867 0
0 0 1.4423215909312228 2.059747519282233 1.3412656247968586 0
0 0 -2.399523226781464 -0.5714889088035193 0.4912431802929327 0
0 0 -1.5838238054210272 1.2662255207220008 1.987836824643721 0
0 0 2.1272801503695993 -0.5804239754336002 0.703667387200517 0
0 0 0.0821468709476183 1.4840209562149258 0.5008434379264198 0
0 0 -2.188538458483631 1.00382402806659 1.987562016822521 0
0 0 1.3691612890652012 -0.6003120755319657 1.4499715236430268 0
0 0 -2.3236070528868114 1.4394252718359497 0.4978941732532587 0
0 0 -1.0417223348253963 -0.6280781855680679 1.3281731884006236 0
0 0 0.14457450695827845 2.1256518848117354 0.5414515379031584 0
0 0 0.00959659835552662 0.5482954284641561 2.030493184534376 0
0 0 2.077349865458454 1.983736937362681 1.9963054632910309 0
0 0 1.6327847896648544 -0.5555843637770026 1.5748701771202667 0
0 0 0.5603944698534198 -0.5847606989997369 0.42932630850641407 0
0 0 2.028103171341571 2.1422526817046044 0.7502982650185348 0
0 0 -1.849443332803795 -0.18567573823790073 2.0215355277967935 0
0 0 2.2852706776751877 1.020903914765869 1.9757728473217866 0
0 0 3.0704545412343265 2.147463060629775 2.045587649753864 0
0 0 -0.630833668885761 1.4911961585473883 0.4340144081186943 0
0 0 0.1499105073500706 0.4375870165684326 1.974004889875864 0
0 0 -1.3572489492918467 0.6505171372171465 2.0380259392343345 0
0 0 -0.09418874729039128 2.119126275248555 0.976029329089756 0
0 0 -0.6086027412685588 0.030127049762159186 0.48697483413890574 0
0 0 -0.00034539647886511204 -0.5655093042307171 0.4101831293915674 0
0 0 -1.1220376211025185 1.193480083430996 2.027322912442623 0
0 0 -1.8050883227813033 1.4787759591870906 1.9775174983943284 0
0 0 -2.7530761891523237 0.32737356198004686 1.9967135704223486 0
0 0 2.3253053774523424 0.38781845397393566 2.0433014558790616 0
0 0 3.121085416310975 0.5985718569450404 0.47916452691665146 0
0 0 -2.7479053102436617 -0.6258387006178556 1.6572885155978743 0
0 0 -3.039029715533338 0.8056664192527461 0.44322733882737664 0
0 0 2.807840090522191 -0.07344470472314457 0.48941051533275703 0
0 0 -2.9707594998289117 -0.6070943558572632 1.625291318771804 0
0 0 0.09930920254050646 2.126121711033002 0.8767852869777566 0
0 0 -2.056141225471625 2.0756659767476773 0.9665996992498386 0
0 0 -0.22305692461590088 -0.5827673589071696 1.1607214984194831 0
0 0 0.2946149433809411 -0.6345918852034469 1.2438157433513979 0
0 0 -3.019348442660011 0.40259096064380995 0.4506236715670535 0
0 0 -0.4544151433538923 0.9037295698430041 0.4649402989610568 0
0 0 -1.5531790326174688 1.3399899899039256 0.4979263278736302 0
0 0 -1.3727415664412514 -0.6196982524539729 2.0107718969939685 0
0 0 -2.061686754007563 2.089084515420973 0.9156079896694902 0
0 0 -1.9040226252755252 -0.5838593489795398 0.6064356301059266 0
0 0 -0.5555524486434913 -0.6343129510806382 1.4289986112491024 0
0 0 0.28537739848027854 2.004229043469204 0.4358665705793673 0
0 0 0.678793417560787 2.126709761791097 0.4049398428004045 0
0 0 -1.9553493355326588 -0.2993849399605204 0.460893073256075 0
0 0 2.163387787161427 2.051619328190913 1.9346718880258358 0
0 0 1.946865017315428 -0.5629176069640607 1.7647865492966173 0
0 0 0.5816059051525508 1.5335379053407958 0.42513128318267634 0
0 0 -0.4355663368070126 -0.4762908540776054 1.9996206835443342 0
0 0 0.36039886634430607 0.29014321896235584 2.04755717199093 0
0 0 -0.0895381666055326 0.715131508812159 2.0008977998093993 0
0 0 -2.950017438937162 0.33198829233600435 0.49008527429910254 0
0 0 2.033361917201863 1.2801207910831025 2.01642682788426 0
0 0 0.7887947341292301 -0.04087703993211256 2.0353201843343083 0
0 0 -2.8587171695867646 0.15436267020182237 2.048759323326638 0
0 0 -0.08908650414700725 2.070449741746182 1.5973026552300889 0
0 0 2.493288568053231 -0.6346944102888725 1.6425255309401412 0
0 0 1.3912210482544687 2.1242702891829977 1.3667612845521178 0
0 0 1.533481063152487 0.513193349634302 2.00642186132506 0
0 0 1.311049032032586 -0.55253952290322 1.4868393821511712 0
0 0 -1.7688979517428889 -0.4538965069566365 1.9640421666887762 0
0 0 -0.6735464753872318 2.1009848459875493 1.748084747922806 0
0 0 -0.3830799758173429 1.2142907651732633 1.9829463337875584 0
0 0 0.4475467103901849 2.139318326902181 1.6539341281278583 0
0 0 1.4225691031711483 -0.6315517895101468 1.2832191475945138 0
0 0 -2.927303264468884 -0.6042948511177479 1.7103023715094106 0
0 0 -2.2133280201063505 2.080939026626631 0.9451890048370686 0
0 0 -0.7919848572247745 2.0285472207153576 1.969185683381124 0
0 0 -0.8502739436093365 1.3347970089201981 0.4456528071176543 0
0 0 -2.4505687432449412 0.13623711872551714 0.4878551301757962 0
0 0 -2.578347231391758 1.5577993925826836 1.9980267230411237 0
0 0 0.804199578063026 2.062198301567566 1.531938822827041 0
0 0 1.3541972613542974 -0.31951196877650223 0.4035781246186455 0
0 0 2.8630854371223586 2.1496663660927724 1.4838140259476242 0
0 0 3.0397195643067656 -0.41380387216501036 1.9710945746925859 0
0 0 0.8788348273888307 2.1050026047666197 0.6380723139203712 0
0 0 1.7724980977506624 2.0514200359932886 1.1206321834703559 0
0 0 0.7901239606756341 1.54937773321582 0.47177861245228814 0
0 0 -2.5575683808007095 1.9434340440222344 2.006822220475242 0
0 0 0.0004963307898107061 1.8949619235542532 2.002016843128026 0
0 0 0.4550802055876031 2.132860247507481 0.8001108137667552 0
0 0 0.6694182848787174 -0.21514457848305713 0.4275904890760389 0
0 0 1.9174190938873643 -0.5838496862554428 0.899529558638932 0
0 0 2.744149523482113 -0.4545499206265362 1.996139420129429 0
0 0 -2.721088322898698 1.7309955630702631 2.047933456395442 0
0 0 1.8161416159448898 0.0541084501046637 2.034474238399311 0
0 0 -0.17693522930417238 -0.6402839053915681 1.3831560712872086 0
0 0 2.358322611813769 -0.5901252562278776 1.1664178544990096 0
0 0 -0.4036215462431736 2.118512941315129 1.4343266180857357 0
0 0 -0.8592923571825954 2.111879776254475 0.4042393138727014 0
0 0 1.2344528633940524 -0.4614527178922805 0.47267444129396874 0
0 0 -1.7707216289894194 1.6347622721843884 1.9597043931531062 0
0 0 2.8001785046695806 -0.5687135207795795 2.008178565040947 0
0 0 1.885989892195477 -0.08249444516289617 0.4216392658706086 0
0 0 0.9198848642359092 -0.21118136925354003 1.9775962026680667 0
0 0 2.8371862481123253 1.096219739842801 1.9844560334251633 0
0 0 1.5436702801189588 1.4429073973530726 2.0153853797604797 0
0 0 -1.4307260439720846 -0.5893295467320561 0.5424596665904293 0
0 0 -2.9594684016763253 0.18230184503470115 2.0169926683599 0
0 0 -1.932425751217497 -0.6490878489427025 1.6027977677925154 0
0 0 1.5317032230708136 1.0056265079843394 1.995345730659428 0
0 0 -0.5177069263328562 1.4180477634843254 0.44751065311964866 0
0 0 -2.7532704918780615 2.1220917912004147 1.0379454997663489 0
0 0 -0.5736149764150986 1.7082265074669676 1.9777380748598947 0
0 0 0.9525029487768295 1.3121583443108225 0.5004087081599881 0
0 0 0.1014401565965648 0.9848021008847239 0.5028121974564599 0
0 0 -2.8458682784574316 -0.1174079862267996 2.0254249011851324 0
0 0 -1.6428461480690226 0.6122371971350005 0.4313944892914271 0
0 0 -2.4778773344730984 2.092894516701047 1.9953370666256627 0
0 0 -1.9850201518930202 2.1249261916190045 1.2685648291573317 0
0 0 -2.9577907129777827 -0.6347825883131712 1.9695575377815973 0
0 0 1.1063903109491555 1.0284976446724543 0.43486541534960843 0
0 0 -3.130770505892504 -0.3608743159676828 2.0108665973622353 0
0 0 -0.8967812010613452 -0.33800737875918085 1.9942978961992814 0
0 0 1.952073277479749 2.0671286256534342 1.491760188498605 0
0 0 3.0709895700671224 1.9990185510260605 2.0474939078001375 0
0 0 0.8217254141490722 2.133887955416217 1.094923489920209 0
0 0 -2.8911599131870505 1.2365134403895934 1.9861489829118208 0
0 0 2.3552779410287314 -0.1943692660030849 1.9571686565143063 0
0 0 2.16594181286818 1.9411742445913285 1.9949784071216947 0
0 0 -1.312340661891887 1.5645392956808248 2.031421774364591 0
0 0 -1.7921228662718995 1.0908746650159193 1.9796184297493267 0
0 0 0.05816222506187385 2.063525240697147 0.9993469910363247 0
0 0 -2.7328389314590575 2.124196770479777 1.9220513941117514 0
0 0 -1.9896285515401968 2.1495936060352676 1.1470027998103953 0
0 0 1.4244108513201112 2.0735884167981133 0.7069705331672755 0
0 0 -3.015231062697599 0.7769417952726876 0.46286443799114485 0
0 0 1.9152553662847467 1.906460025584053 1.9657428272884303 0
0 0 0.5327317593867149 -0.6086855154230653 1.3094256219070206 0
0 0 -2.4555873837160753 -0.240834398793502 0.47251050247852056 0
0 0 -2.2751739667046675 0.7077723804584746 2.021476701141033 0
0 0 -0.7802673700457281 2.1199786174843274 1.4797171008754284 0
0 0 2.345552071666919 0.5543012949302137 0.420545108603562 0
0 0 1.6262633152038495 0.6758611216308275 0.4255971748512761 0
0 0 2.4116904731303697 1.269174604332883 2.0101014371280175 0
0 0 -0.059773664847913466 2.0823359204990766 1.9621608664104433 0
0 0 -2.8059187353774666 2.1366278022758127 1.469645145663564 0
0 0 1.5839369254143545 -0.607045503489984 1.353928859375732 0
0 0 2.377239849971975 1.0615683788954884 2.0380824322564686 0
0 0 1.0323470476250787 2.019170598561942 1.9683142713744768 0
0 0 -3.017513382757982 -0.5894234076255112 1.8013424458895573 0
0 0 -2.2883780039578325 0.2977287095677641 2.047011198593614 0
0 0 -1.8664416969942157 1.478957128139865 2.0501243715315014 0
0 0 0.2200355073517244 1.5437273614253348 0.4276102587328333 0
0 0 0.8618543059431012 -0.3783081936353654 1.972474897461385 0
0 0 -0.24093502077308004 1.031284004061301 1.9859595394946106 0
0 0 -2.943210893804391 1.2548916911879038 0.4345016241838129 0
0 0 3.0407830979247557 0.3560499667283128 1.9989648241363298 0
0 0 -2.24416167813467 0.5549632052784297 0.4695879834950387 0
0 0 1.8890974987712381 -0.3662597384179227 0.4040828045023852 0
0 0 1.0247508866896737 1.2329740999612568 1.9721935939564923 0
0 0 -0.2725155232785923 0.1692520451647287 0.42676745739968003 0
0 0 -1.9906977173002576 2.09150114124576 0.7373042679559046 0
0 0 2.6964461109607365 1.1757249293057785 2.0355246372313287 0
0 0 -0.2459558088360878 -0.5815735288461727 1.2577808219299231 0
0 0 1.4969578295328274 2.1158785370662136 1.1030424079343 0
0 0 0.40475812733752203 2.121007996370218 1.6172097717570366 0
0 0 -0.9910128283109483 2.1001668934170024 1.8576693183903275 0
0 0 1.1018394536166545 -0.5736294399169932 0.9664631133792868 0
0 0 0.010546068994941038 2.088624505417115 0.4056775575480853 0
0 0 0.12026569457774672 2.114998296436667 1.551159236528172 0
0 0 -0.8585981775479703 2.1120247880068557 0.5836435937319753 0
0 0 -2.93811530842758 0.7098896308106144 0.4431956325486769 0
0 0 -1.4357955001090108 2.094577772784584 1.508612224969836 0
0 0 -0.6673029904839756 1.7157935461862983 0.46043050751313186 0
0 0 1.5367674050038245 -0.5538939646497931 1.974399238478271 0
0 0 -0.372386799153654 2.0748669769525523 1.5204033047930918 0
0 0 -2.1765926805224263 0.4237445373536667 0.4283415470123564 0
0 0 -2.0184577109338253 -0.2805903166027035 0.4455517820415441 0
0 0 1.5579944376968689 -0.10960889368147608 0.421112321830142 0
0 0 1.7347138951349104 -0.5753646521895672 1.282605456014799 0
0 0 -0.07769579275978478 -0.5795880643651345 0.926503134366124 0
0 0 -0.5296568838837263 2.1099042657748206 0.7912423415407736 0
0 0 1.9473946794992685 0.6431405205099539 0.40577282845040796 0
0 0 -3.036703598623615 0.6227961410652341 0.44776374241365524 0
0 0 0.8303747465088795 2.064851494714734 1.8339308593677333 0
0 0 -2.1308896562363913 1.187246826918356 0.4607896937044125 0
0 0 0.7714023934169436 2.0698534557894153 0.974342880493023 0
0 0 0.9884185122886793 -0.18766623712193298 2.029654330335779 0
0 0 0.48613502033512646 -0.5707326747675459 1.9146204235242172 0
0 0 -1.5052598670586284 2.055654808807874 0.7932353047542058 0
0 0 -0.39337525288083386 2.1177268423014173 1.2359267167036625 0
0 0 1.423132525826654 2.118035614962772 0.4243106200004928 0
0 0 -2.657029181386481 1.6358737510982004 1.9761565975328468 0
0 0 1.052225270690407 0.22267046356490938 0.4453328134836382 0
0 0 -2.611816387681144 1.320400936779783 1.9821576818226232 0
0 0 -3.085623253188073 0.14631795001683257 2.030719581548793 0
0 0 1.3348685082318639 0.4487756011712065 0.4254442280746553 0
0 0 1.9074136605382686 0.994745773593958 2.035657979110742 0
0 0 0.2719857979716487 1.6800401165033125 0.48488716026805223 0
0 0 -0.5705745528625341 -0.5847357061337057 1.8944941213738122 0
0 0 0.4126720569044795 2.05540776342682 1.5383368182645565 0
0 0 -2.5871614019617843 -0.6048164247316345 1.7441734843553574 0
0 0 2.5399759628339362 2.1003843914711595 1.9710376037963786 0
0 0 2.13597640613495 2.1457746510628155 1.3574191201422554 0
0 0 1.8992852546324803 0.10748863082076876 0.4550207516054462 0
0 0 -2.778648779590349 -0.5759604546203025 1.455941737571269 0
0 0 1.1660202608835295 1.9518628242068614 2.032358817214095 0
0 0 -2.2213293981721978 0.8694958443346514 0.4227712930566607 0
0 0 -1.3164032866290671 1.401306592146316 0.42362606836528793 0
0 0 3.0056012406155235 -0.48890512661828733 0.4781374128498561 0
0 0 -2.9608039795427534 0.42788430055536386 2.0196708180722274 0
0 0 -2.145943402162573 -0.6227121480079332 2.045692315296564 0
0 0 1.2179308732236196 1.9957439342865306 0.47692092135481534 0
0 0 -0.6999201458743878 1.4982489007179212 1.9619276841639874 0
0 0 -0.4395441914669149 2.0790151118301887 1.1117744397167661 0
0 0 1.212836985804599 0.7613951495213933 1.977094938641483 0
0 0 -1.2828939393377825 -0.5788843784063997 1.7480523918664193 0
0 0 1.50734302607703 -0.575991338666209 0.6173429483124481 0
0 0 -1.9103567174916565 1.7361259582742299 2.0506031562485383 0
0 0 -0.3592728221079935 2.065934874070164 1.61136537712235 0
0 0 -1.0117399055218916 0.5606734037332404 0.43128761856154674 0
0 0 0.7146875562335411 -0.37120042815367493 2.0122876688628004 0
0 0 1.6856263665526 2.1364585213155993 1.514087096461252 0
0 0 -0.5430662933949546 1.128635134196944 0.4284351774472148 0
0 0 1.658399456837099 1.7836521197806487 0.4485104273450088 0
0 0 1.3493870505169863 2.074162339409739 1.507919330248812 0
0 0 1.8016546652097478 2.069806924444869 0.5056778912668795 0
0 0 -1.4312037156015929 -0.6215203844252895 0.5479083860968782 0
0 0 -0.4210985046690401 0.09134730245379363 0.46182909465612965 0
0 0 2.4686683680434287 2.062688480664069 1.1439527522805144 0
0 0 -0.3529660936776282 -0.05940137113006694 0.4094840041451956 0
0 0 1.7812962559960823 2.0788623154198036 1.0243689560972418 0
0 0 -2.6206685051038767 0.31779995202338673 1.9910410463163948 0
0 0 -2.5526291281969 0.5764097337360128 2.0143143257089187 0
0 0 -1.5407028529265474 2.135023850001642 1.49843624414658 0
0 0 1.588330423209925 0.3608204856867624 1.9664484350914788 0
0 0 -1.5114219949448269 0.02420357799327777 0.4768295794552935 0
0 0 0.3789159836057272 0.7831760859776533 0.43289370259843296 0
0 0 -0.4807943565012116 1.0729866715433003 0.44834676160150055 0
0 0 -0.7703845544279049 -0.5009326082532666 0.41779820602852435 0
0 0 -0.04909586549682077 1.9971039951690301 1.9817342692148103 0
0 0 -3.0868074318235053 2.0193345362690973 0.5028362659878789 0
0 0 1.5238900927232262 1.7916993850004748 1.9857773247854902 0
0 0 -2.639229682478601 -0.524346440823136 2.0464276923247295 0
0 0 -0.23739220428048435 1.9283506342843564 0.48085697586637144 0
0 0 2.6385477965182798 1.1274808574213022 2.0431660898342097 0
0 0 -2.594938695880691 1.6468503769104343 0.42788908541499815 0

