0 0 0.26602801937373366 -0.16487264675724933 1.9626270139616553 0
0 0 -0.900979128252859 -0.6213955576510264 0.42661382096944167 0
0 0 0.16980606670144516 0.5410408325995881 1.9629773344503962 0
0 0 1.0578562400869713 -0.43507596474639487 1.9745989876369086 0
0 0 -0.23496787306114242 1.9298718362083533 0.5013521965416092 0
0 0 1.4315021184521521 -0.2089971939918137 0.4889871609660391 0
0 0 0.7085286440685894 -0.6064294190453892 1.6434783887371802 0
0 0 1.4369422143625528 -0.3744112508316384 1.985862839394106 0
0 0 -0.0026890945268158717 -0.5742970893729145 1.1661000363101492 0
0 0 -0.9439903111846097 0.6936088145922779 1.994971890174197 0
0 0 -0.07358675305913254 -0.2419060935134829 2.0029307949675923 0
0 0 -0.35786483859974805 0.6721775573858813 0.41128954393350237 0
0 0 -0.32518757715745883 -0.44329097812993523 0.4369396470465584 0
0 0 -0.5440469534920898 -0.07178220439563898 0.44005640583516725 0
0 0 -0.18319767344014082 0.9893030141526808 2.0204011769885257 0
0 0 0.8425314769926677 -0.28121383326079274 2.0469641597080597 0
0 0 -0.14378171195584 -0.6058850064714458 0.6123816165490309 0
0 0 -0.7615951226079687 -0.23861930584520874 0.42550826379382745 0
0 0 -1.1847421857012077 -0.06914167981196995 0.48685004147623057 0
0 0 1.1280701859136806 1.8639327325008048 2.0279309175252154 0
0 0 1.4043873273906606 -0.4432132486127123 0.4722950242612731 0
0 0 1.3585605273000079 -0.44379888933241474 0.464651939228509 0
0 0 -0.6900568544991352 -0.08737017281005 2.0497305951570755 0
0 0 0.8595905803643205 -0.5863197986093815 1.8702142432202344 0
0 0 -1.1762352804750416 0.058806331865787986 0.4874954175046873 0
0 0 -0.16119846158676254 0.5642370794749727 0.4434575953356643 0
0 0 0.13244067214374167 -0.5986205892782428 1.8067377951741586 0
0 0 -1.4149955547428152 2.051829798999662 0.5217871133532781 0
0 0 -0.4335673093405592 -0.3048905210014674 2.0074085926138694 0
0 0 0.4898767038667651 1.3791251350440437 0.4203797833955166 0
0 0 1.373666770512465 -0.6409577323499014 1.1044231184792848 0
0 0 1.2113272563775732 -0.5985979705376445 1.4845287778702634 0
0 0 -1.2324824174721851 -0.5647264938789001 1.8132780622196543 0
0 0 0.6143035105307422 2.096763964102472 0.8932345486554784 0
0 0 -1.1482850875047146 2.0933614920397305 0.6346907040890981 0
0 0 -1.3941615455227683 0.07262277220464675 0.43495723575798784 0
0 0 -0.8851796674302927 1.1423301649483963 0.4898358126055229 0
0 0 -1.2906499297212264 2.1301244183824695 1.388824070595062 0
0 0 1.4661600163611919 2.1394408209614566 0.6163726566565829 0
0 0 0.8734934021671616 2.135358828824738 1.8033896497847184 0
0 0 0.9399775368254182 -0.5780579917940789 0.6052348658277057 0
0 0 -1.078668119767531 0.15416725564429834 1.9699277276576375 0
0 0 0.7746179247993887 -0.6442215717227717 0.5332343195136613 0
0 0 -0.35398936206475407 1.0668805725921957 0.4217766199540478 0
0 0 1.354204461257341 0.9506033070224449 0.4920420255852044 0
0 0 -0.5762798440709125 -0.37433169214295536 0.4104007524780655 0
0 0 -1.3423800243627309 0.9236346415627488 0.40460427968935553 0
0 0 -1.2273035586873 2.107018714809806 2.0003088785261887 0
0 0 0.7749673714252077 1.5524550132431603 1.963131797918565 0
0 0 -0.5014623472547453 -0.43538228585240857 0.47837011558726494 0
0 0 0.12324969525384266 1.115461517354356 0.47272189731585934 0
0 0 1.5288744360475488 2.050862065844341 0.5463734287881674 0
0 0 -0.47611525122682785 0.03524287811602389 0.44193401540638866 0
0 0 -0.10212868661013252 1.6145617220672712 1.9633232613821505 0
0 0 0.7650630397783056 1.6943236203077905 0.45522727898854654 0
0 0 0.30476363366432313 0.40232065251597016 1.9631523117454621 0
0 0 -1.0032622135257867 -0.5603941399307948 1.7406349997805006 0
0 0 0.3427091672748963 -0.24704296428310313 0.429784175473535 0
0 0 -0.6988665549499615 2.077176481104894 0.6748684387202228 0
0 0 -0.4868152122563416 0.9866394426395895 0.4980795325671794 0
0 0 0.6217672520341964 1.8742995336257227 2.041960840186804 0
0 0 -1.2715910231587835 0.7057716854276657 1.9534581578582135 0
0 0 0.2339105984904848 -0.35340320888663657 0.4629492571232985 0
0 0 1.4339978128503308 2.0141473594317816 2.0055201318908726 0
0 0 1.3550864258812583 1.6742616857060566 1.9640975754204615 0
0 0 -0.08592203244522967 0.26712794261495687 0.4676701823238937 0
0 0 -1.231119807540446 0.9825239135169346 0.47559687025388264 0
0 0 -0.10916198590299708 0.30011021025684137 0.4287673366010475 0
0 0 1.1182965752243454 2.1219001351105904 1.6752214601071966 0
0 0 1.0209061714773875 -0.46766979360633165 2.051347697535225 0
0 0 -0.0006371357161356617 1.7287222741543518 0.49445649895255694 0
0 0 1.3068900932949568 0.5937750503970802 2.0120515764994704 0
0 0 0.9908178925378563 0.6928492430392763 1.977674808861307 0
0 0 0.7312861975142986 1.472826151651186 0.43990585400024274 0
0 0 -0.5012983538987441 -0.5742361224596779 1.1215590073636559 0
0 0 -1.0329238073313554 -0.20086712264623108 0.46921704717478396 0
0 0 1.434367020661965 1.9359427942223382 0.44525313516389997 0
0 0 1.4108051830058623 0.09740038237266435 1.990856401999285 0
0 0 1.1067503727650405 0.13802371377927236 2.049237325820336 0
0 0 -1.1943884482452143 0.8616195712047006 2.0131122204257563 0
0 0 1.290643645444272 2.0558785262971746 1.4021222414222363 0
0 0 -1.3921064474587137 -0.39037703071023033 0.43905744742007524 0
0 0 -0.0930151622845965 0.9780841909997771 1.9641864213554163 0
0 0 0.06155549304697061 -0.5618315385986434 1.0670294512687664 0
0 0 0.1661570937183241 0.4524193060535755 1.9969536150049811 0
0 0 -1.407954852092148 -0.5889517731419152 0.605492859920131 0
0 0 -1.2666588109301973 0.576993366726142 0.46115377829786475 0
0 0 0.9364228391571485 -0.5870692547664478 1.143021039634347 0
0 0 -0.5405593622036999 -0.17702454454337224 0.4644160467803454 0
0 0 -0.11813174276216842 1.577495113086851 0.4731137035557642 0
0 0 0.9312064115888381 1.5613910688517636 0.4978630840403787 0
0 0 -0.274438760018753 2.106010577558097 1.1783647921253522 0
0 0 1.554910585765751 1.6008760839218679 1.9605829809734145 0
0 0 -0.8128980214455653 -0.5993077234946147 1.4196792192236085 0
0 0 -0.5663676554676869 1.560517801089934 0.4142250029376865 0
0 0 0.5104941172660271 1.469918480404859 1.9990750404113622 0
0 0 0.8090570658543768 -0.04019663298039189 1.9869306601029995 0
0 0 0.8988140248352057 -0.5605843120840204 1.41196766924214 0
0 0 0.19161708160174018 -0.12433773945392979 2.019765148649437 0
0 0 0.9111160754012007 1.513851502204105 0.443559537036071 0
0 0 -1.2374515684152665 -0.6099532101631573 1.263687751155584 0
0 0 -0.6635551847412532 2.149034798047061 0.5403104932356922 0
0 0 -1.47218652333915 -0.6213093186044742 1.6724810085913575 0
0 0 1.0442074814570712 1.6625578249217068 0.4809156822991202 0
0 0 -1.0926570307555572 1.216609976707031 0.4117253111168542 0
0 0 -1.43598630792283 2.0486398631702434 2.0178771468816894 0
0 0 -0.7564951317348007 -0.48265336825484617 0.43783859501866795 0
0 0 1.4230489041249825 -0.10165108691574765 0.4970544572993837 0
0 0 -1.3106074489104789 -0.4283572482557818 1.9704836067358826 0
0 0 1.1487421604043706 0.4808262242592478 2.0280531997693285 0
0 0 1.2163785204603141 0.8451982267552951 2.0188565597981256 0
0 0 -0.9809473921907721 1.2780248649457233 1.9591410080944116 0
0 0 1.2722264802320473 0.04182317533667801 0.462048348193002 0
0 0 -0.07530944207242762 1.775258180046466 2.052127257273351 0
0 0 -0.6692580102693968 0.9258537626804029 1.9942107046224236 0
0 0 -0.5965408210944605 0.5515312554345095 1.9851856000516752 0
0 0 0.846883449111695 -0.6283250909815663 1.691240200183961 0
0 0 1.2007134990824753 0.8617899263751478 0.46104741839383734 0
0 0 -0.1640960372909508 -0.5832965443708182 0.6736686918402792 0
0 0 -0.39606991571425687 -0.5996903744951763 1.7356026473944588 0
0 0 -0.34771179975085653 1.7075126007437518 0.4370270955801452 0
0 0 0.7978787997423855 0.984030664495547 0.41492599609076697 0
0 0 -1.0105225012194547 -0.21116298433555225 0.48660555229111535 0
0 0 0.8731365207147035 2.055505322505965 0.6302375880528687 0
0 0 1.2925188844769706 -0.37801958249398426 1.978396043259628 0
0 0 1.2204554968939174 -0.129235024571832 1.9729618237523723 0
0 0 0.8882920185743592 -0.44230587914456665 1.9610886649260828 0
0 0 -0.06878773149100326 1.8370703541070614 2.043103701564818 0
0 0 1.360283557444447 -0.3380290988862018 1.9647660998092937 0
0 0 -1.3320462643197786 -0.2837129642303724 0.4610765445393371 0
0 0 -1.123137854687903 0.9272905016954207 2.0325266386186676 0
0 0 1.0921515373620405 2.1401845737187264 1.62841909895396 0
0 0 1.2883566931709551 2.125011195829707 0.8207798112209279 0
0 0 -1.3707547530178898 1.8546269511821067 2.0127402490757818 0
0 0 -1.4261162277575392 1.9869110512207395 1.9567752346939158 0
0 0 0.9885873767877067 -0.04748765584848802 0.4734618939079872 0
0 0 0.9312173673557269 -0.5952551320700754 1.9531096752971522 0
0 0 -0.2027048875594728 0.5975502349979944 0.5019651495930548 0
0 0 -1.0333426623370399 -0.4181581316448493 2.01292192522906 0
0 0 -1.5162223452131927 1.6106934219455786 0.4043774823308699 0
0 0 -1.1823650532952914 1.6670453900197935 2.0338552722914622 0
0 0 0.6710602810362127 1.7377647005893266 1.9819263376668117 0
0 0 -0.14056612584261874 -0.6278290962367077 1.1444039766285283 0
0 0 -1.4138168359903422 -0.5884460364448474 0.9832080422265755 0
0 0 1.121524761504833 1.690406599893161 0.42783072616722473 0
0 0 0.4234025164353086 0.37068039683013 0.47451391292668943 0
0 0 -1.097377635756676 1.387277109464057 1.9916427830674182 0
0 0 0.6952692763208783 2.0874596560456298 1.761263963622405 0
0 0 0.47254405679382305 -0.21618632759059864 0.47827085564304994 0
0 0 0.623926040208596 -0.03214731051748121 0.4271177691656407 0
0 0 0.4060159645387236 1.0657257471524808 2.0294010749553832 0
0 0 -0.6251022100044834 2.068468952401501 0.666216791359133 0
0 0 -1.2839259456682912 1.100819380151104 2.0195510371929193 0
0 0 0.32848832164025477 -0.642348157663051 1.66814823738702 0
0 0 1.4634844513485015 -0.576732209836269 1.157118586943977 0
0 0 1.4753083799384394 2.124853397111885 1.8844095276400088 0
0 0 -0.5609448216051991 -0.5646771325905835 0.8792276585085063 0
0 0 -1.1406787956886815 -0.6458397896219408 0.4633973491273141 0
0 0 -0.07686051693188678 1.6750145728281394 0.46234843395728886 0
0 0 -1.069004673213195 -0.08544677657702082 0.47187563127596543 0
0 0 1.4817784001420944 0.9198466298618675 2.032716815760987 0
0 0 0.7650750477843227 -0.5910689577047827 0.6064799198938864 0
0 0 1.1170400395124993 0.5414263251717364 1.9625418035346684 0
0 0 0.8981173905597317 2.0739343194348883 1.7555094013132224 0
0 0 -1.0623890997477377 -0.6350831033540354 0.42467108413320853 0
0 0 -0.8277524945393318 2.0669001055112384 1.3337913923620082 0
0 0 -0.6464618575788973 1.5099257697805755 1.9747937738423333 0
0 0 0.7941094090600971 1.8433165632885966 1.9725899038701284 0
0 0 -0.7984775657074616 -0.6025635560931248 1.4289057481520855 0
0 0 0.5094791954705138 2.1397393799849094 1.8251610080174485 0
0 0 0.6241700339467751 2.116120800824021 1.8588752591859958 0
0 0 1.3944517639236018 0.1258762069952689 1.9943924897720477 0
0 0 0.5588799638274033 0.02034147286830401 2.0428878453086274 0
0 0 -1.1108917129284746 -0.5680097919152578 1.6956622184810968 0
0 0 1.2727849871856791 0.9727858215171461 1.9565880547645091 0
0 0 0.9623951247145186 1.0025309498278483 2.0180333116746523 0
0 0 -0.5986293436838783 2.0782514292441805 2.0151312197999065 0
0 0 1.184772018448586 2.132938715698223 1.687694131047388 0
0 0 -0.9793548711598679 1.8976159282850873 2.0331383034578616 0
0 0 1.041026110337592 -0.6475353788299194 1.9139383866815345 0
0 0 0.5631728326080041 -0.6029313659232791 0.4441351967921633 0
0 0 -1.45607657862876 1.0436385238284822 2.052322038982503 0
0 0 0.8355238072099187 -0.43998325737827404 0.49413400883706693 0
0 0 -0.0976063856677103 0.600266374962545 2.0330959675442766 0
0 0 0.4667511855198372 0.8012229668370738 0.4575345028604262 0
0 0 0.9239280369762888 0.25108490609293166 2.00486036475675 0
0 0 1.0814792288419253 -0.46992064148231383 0.4300315017585803 0
0 0 0.8818046400338448 2.097586223406271 1.7252721560971653 0
0 0 -0.6572184765639884 2.0526174062538898 0.837822501861371 0
0 0 -0.6740181907888002 2.1205780291817113 0.6024426745899722 0
0 0 -1.4565769625163694 -0.6319917572402183 1.2303341355849078 0
0 0 -0.11221921897604137 -0.612380423931534 1.6661584626301653 0
0 0 -0.8159343464161722 1.461770421813364 2.0484650507511324 0
0 0 -0.46102528803032006 0.42495249935198165 1.9925402044619969 0
0 0 -1.4319118225184397 -0.15988858575222353 0.4845341984471866 0
0 0 -0.6485932222502415 1.6516872399695 0.40665981677001706 0
0 0 0.7004601160040287 2.1223154718152424 1.7490906598177867 0
0 0 0.1325907364572243 2.09999068019925 0.7051482809879936 0
0 0 0.7052551353610088 2.10910323930684 0.6116794337477123 0
0 0 1.4798435391394045 0.0706631835439997 2.006257651054999 0
0 0 -1.1995260681384183 0.40320279794570235 1.958792865399786 0
0 0 -0.441706549896683 1.169245927042976 1.9671757079709977 0
0 0 0.8945120327339322 2.1243094724658285 1.860141046977999 0
0 0 0.6832300491362728 1.4313810288872515 0.49498663218020156 0
0 0 -0.5141948336658231 2.122735708942566 1.668560489481345 0
0 0 -0.06325480253779037 2.1341012207378673 1.812715639840279 0
0 0 0.48599915511391734 -0.6068409938757315 1.7048907821327997 0
0 0 -0.7828346246941793 1.900259801770521 0.5020277130305946 0
0 0 1.2133818776913814 2.050933582821966 0.424161457696571 0
0 0 -0.6396737743689991 1.0131878649937098 1.997330586824166 0
0 0 0.4270788290232326 -0.6235659535756715 1.7906324044594353 0
0 0 0.4558859141451581 0.9075114017453312 0.44155335399958395 0
0 0 -0.5046405503573113 -0.6197890431896205 2.0166348519224 0
0 0 -0.2171946355865333 -0.5515630530604609 1.0259691175318115 0
0 0 -0.6854642461192271 1.1250936518719437 1.9865238962890959 0
0 0 0.23530596767044054 0.39297764972283034 2.044378389227325 0
0 0 1.4812240631034879 2.0792241125781903 1.7177855676899885 0
0 0 -0.28648217799737674 0.26599113616380654 2.038660065609183 0
0 0 -0.897218258290941 -0.32507604643825605 1.999874745866347 0
0 0 0.22845645712867824 -0.617883933332191 1.8525324575708237 0
0 0 0.06408490572533188 0.916758008844736 1.9783416293495553 0
0 0 -0.010673905760092639 0.8193581509187433 1.9731727208738288 0
0 0 -1.3137485376070615 0.31669310526530814 0.4469964521018772 0
0 0 -0.19801556509872786 1.5149755993723166 0.4777629486910746 0
0 0 -0.05419054086546793 2.139005589896623 0.4851781576046085 0
0 0 -0.5828023952765479 2.0859614637523576 1.7346787108303654 0
0 0 1.3533617053280653 0.8970558068397139 1.9711626396440347 0
0 0 -1.3184852697406677 0.6343405859715563 1.9996394886534272 0
0 0 -1.3384142975753948 2.0390250164977193 0.4809219002347026 0
0 0 -0.5672699859656971 1.744524487437068 0.4456831480602397 0
0 0 0.27240626428026826 2.044953370720772 1.9555171381418908 0
0 0 1.4695549849666474 0.10778467523478108 0.41287328186448424 0
0 0 -0.8488619985043782 0.22070094461079182 0.44934420054508406 0
0 0 0.08497382999492542 0.10528216814094504 0.46283607374370317 0
0 0 1.0405601530974802 -0.6240661978233843 0.4348011774721139 0
0 0 0.9373137668397904 1.917611339460968 0.4322129329455302 0
0 0 -0.5022038025998361 -0.5708175577634345 2.027819937685566 0
0 0 1.4381614400954015 -0.6160339764903884 0.6339598478899345 0
0 0 0.6925721816166615 0.31597668043427696 2.02106895230841 0
0 0 0.5716221045297374 1.2820829759033965 1.9924417315115461 0
0 0 0.26918344057804444 1.762630696750281 0.40883039112436015 0
0 0 0.6643454252449983 -0.614463694175486 1.3654464045398216 0
0 0 0.004960933103813847 1.1610520762747498 1.9954666035005224 0
0 0 -0.8784406573077411 1.1241399135449823 2.0018179353215624 0
0 0 1.1744714264863543 -0.010102596301976297 0.4250054182005242 0
0 0 -0.33295548007171427 -0.031597889074856944 2.006479865496253 0
0 0 0.16789709437617928 0.40632427874214627 0.4311258196109118 0
0 0 1.559858726706378 -0.5639945933076116 1.5354166421670228 0
0 0 -1.5357239737365527 1.5615004421359135 0.4033781346765649 0
0 0 0.7207405209736688 2.073464676021152 1.8112997825143526 0
0 0 0.3067246174138485 1.225714072673505 0.4967681242835057 0
0 0 -0.5799436317031597 2.1452048952324687 1.767606068682046 0
0 0 0.7268664230950121 2.038711631239659 0.44695967918709256 0
0 0 0.4952649969427956 1.5394665777302243 2.013379352904207 0
0 0 -0.6832065706062318 -0.6112656534512648 1.1895489552640277 0
0 0 -0.8884785533412217 0.3076735305502354 2.022667292100752 0
0 0 -0.46551210584659386 2.050194651436043 1.4516390553775071 0
0 0 -0.49061415308084366 -0.6161592945079168 1.1306720415868403 0
0 0 0.4672890732287791 2.1141420249979745 1.0771477014650994 0
0 0 0.6227277339966921 2.084850584132986 0.9475666744508113 0
0 0 0.9607392558029919 -0.3106666385629804 0.42147783504773995 0
0 0 0.8175447659989721 1.05373890159435 1.989204089942261 0
0 0 -1.5090966695276486 2.1437078329301364 1.7276635217803886 0
0 0 -0.2642125408801368 0.48653717194802426 1.9663397539225405 0
0 0 -1.364782577291063 -0.6169633662779095 1.1565262012936248 0
0 0 0.35169430004253877 2.0528257386902293 0.7624317955081197 0
0 0 0.7443601519234968 1.239078957101145 0.44534226579230896 0
0 0 1.549789140978889 1.8022118641951967 0.47912918344627686 0
0 0 1.3984261731755696 2.143343627147539 0.9321945342935843 0
0 0 -1.4483691270611114 -0.1753528859879443 1.976950613677576 0
0 0 -1.2507030886738582 -0.6011187230553596 1.2505694588357201 0
0 0 -1.4606296977410198 1.4373820512512028 2.030671364813192 0
0 0 -0.693464614129669 0.7030503908540497 1.9617537220355428 0
0 0 -0.8386758994552984 0.5126721161821002 1.9786886107900128 0
0 0 -1.414182028650885 2.088514019462731 1.063939216533222 0
0 0 0.72749502227061 1.4834991129701407 0.47427198638487045 0
0 0 -1.259799386224244 -0.6310733900126182 0.9639247172734905 0
0 0 -1.4575339008680717 1.011159123756597 0.48074086600783195 0
0 0 0.6829787485847509 0.20158652585325243 1.986472830220615 0
0 0 -1.5119637024298482 -0.5713549594502232 0.8410492868657461 0
0 0 0.5421652123755503 2.0993355106379994 1.3949900518811607 0
0 0 -0.7899977481981404 -0.40186830940173857 1.956586847074438 0
0 0 -1.4227153859693122 0.7059003405378002 0.4843553425688625 0
0 0 0.3099948500893066 0.5636903528232124 0.471138346111315 0
0 0 0.5047028274532814 0.8966692929722619 1.9852191178175138 0
0 0 0.7652539575159438 -0.6058397386573731 1.3922656793087809 0
0 0 -1.1740046838445193 2.0786327663659248 1.8072788136525788 0
0 0 -0.22891071137014984 1.374425026034032 0.469316739585966 0
0 0 0.5178359515017803 1.206331062269863 2.038006408563634 0
0 0 -1.2132228750100231 2.091264975437002 1.2494300710108814 0
0 0 1.2893722174975144 0.25026803001811804 0.4138575987267148 0
0 0 -1.234399955102873 -0.38743502216902326 0.4566035635875083 0
0 0 1.0175933025437325 1.6282274306897595 0.4757316363249028 0
0 0 -1.563953665596101 -0.03612283713263853 0.47468129117049385 0
0 0 -0.13089177634198035 1.2326977455431842 0.4353628039449765 0
0 0 0.9832628099791907 -0.6064116108441295 2.0093927558364464 0
0 0 -0.24143904266559946 -0.4043833106560828 2.0287622225840396 0
0 0 1.1779723404129485 1.0858271029192779 1.9699065829600855 0
0 0 0.14132267291921696 2.118412310443522 1.7467319557170284 0
0 0 0.5236103979579605 1.5049367760214334 1.9690068255241486 0
0 0 -0.15681240373990413 2.11749506575278 1.0523318247130773 0
0 0 -0.4250279109868629 -0.20406876488871162 0.40439361207047275 0
0 0 0.20550016034277885 0.1954571465253978 0.4092693132553289 0
0 0 0.3925839532868993 -0.1545855819373989 2.0036830747344085 0
0 0 0.6625244979153244 2.1383299517487444 2.0128736357870274 0
0 0 -0.34457130389268853 1.3184706849984846 2.0235077096502443 0
0 0 1.1757535594979323 1.6429761964412173 0.40316367880841086 0
0 0 0.3330784446882895 -0.6438058447171726 0.9281294614391911 0
0 0 1.4521003029162944 2.1288513653165344 1.6751381213155874 0
0 0 -1.408316922011381 1.7457846420699827 0.4402674528978483 0
0 0 1.391300330928542 1.3479055731277783 2.0420701837878945 0
0 0 1.512777058539029 -0.443310874164891 1.9901243389973704 0
0 0 1.156199218983569 0.4441604353260721 0.4946593719668815 0
0 0 0.8385136368270509 2.115009889270138 1.5103193468505174 0
0 0 0.43145222204941636 0.49830526809557685 2.025104619087026 0
0 0 -0.18004679215951258 2.082227670968754 0.7710088147618984 0
0 0 -0.6248213893449055 0.3157618326584517 0.41505983587647355 0
0 0 1.1623069534468358 -0.6102251667131116 0.4743493491375791 0
0 0 -0.4627292894829953 1.3082950106161046 2.0215482662587436 0
0 0 1.5627429886954354 -0.5618982404874224 0.6489950108995565 0
0 0 1.5550224933851116 1.210264113275273 2.001784262184792 0
0 0 1.456094700474687 1.0321989439007568 1.9920092901355335 0
0 0 -1.1213701514649526 -0.41636727519285777 1.9883618892242843 0
0 0 -0.6340656443663254 2.124740350283554 0.8992484942014207 0
0 0 -0.1438146171220398 1.7276180315127105 2.047183915005042 0
0 0 0.6623161993139375 1.0648768747071964 0.45584749598428076 0
0 0 0.11508988763469308 -0.633186872083523 0.5641221082365234 0
0 0 0.06141706106909828 2.1463028208220223 1.5729806093433167 0
0 0 0.42049457504986787 -0.5521354669108223 1.7210305502765944 0
0 0 0.5662356056985383 0.26617093428526495 1.9557717224424533 0
0 0 -1.3459363830402837 1.427985470473712 2.0444913863443754 0
0 0 -0.4531438422932341 2.0806091836498215 1.2407994791161574 0
0 0 -0.3022794709889747 0.1738652321255697 2.002473607453937 0
0 0 -0.6718117653293142 -0.5431113839724038 2.0462475452386704 0
0 0 -0.5845012065839905 1.7594661281347619 0.47206747523189185 0
0 0 0.4703511825390474 1.420433315639216 2.0441675241565855 0
0 0 -0.5719312342201534 0.8054846900054489 1.9681206329822163 0
0 0 1.292982189991707 1.8738951407420912 1.9742036280269804 0
0 0 1.3291863397619652 0.4930781264482693 0.4448886198130021 0
0 0 -0.6709340775940354 2.0995083704971025 1.2940123554849867 0
0 0 0.8901741802857943 0.002259474298735631 0.485656379988639 0
0 0 -0.664116377789766 2.084856818598414 0.7641299412706182 0
0 0 0.9730430989039305 0.14346246797171136 2.00814186150639 0
0 0 -0.08287504890542308 2.0943284598381844 1.6723421640109606 0
0 0 0.6932228961732982 -0.6294885288450538 1.3126861537526415 0
0 0 1.545350833130946 0.14925205495714466 1.98933058385895 0
0 0 0.4847603856239182 -0.6217030646091428 0.6111898418902897 0
0 0 -0.7484159540684 -0.6172485198097168 1.0742290374617833 0
0 0 0.013446140998007339 2.0015248040216633 1.9883954733477676 0
0 0 0.6668513864047036 1.846873584018207 0.43402416805624533 0
0 0 -0.05671060567555819 0.787483634471194 2.0050692499742846 0
0 0 -1.1061287299256926 2.1242821908296707 2.0100046731125873 0
0 0 -0.9568425811555775 -0.635327378746465 0.6374431559114181 0
0 0 0.14527967959329802 1.6016998128753281 0.4039695862809045 0
0 0 -0.230254285495461 -0.594301366614562 1.8228236059685814 0
0 0 0.8319465282135439 2.0372734600626368 0.4063554998449127 0
0 0 1.4068184497972176 0.1452820064358188 1.9934360522594712 0
0 0 1.0649655423273705 1.6777354928623678 0.4425240713166152 0
0 0 1.4613726810738337 -0.644613903777433 0.4527640643321693 0
0 0 -0.012917709903084607 1.9499733482360606 1.9623136290174514 0
0 0 0.7314257035701428 -0.6004788215823607 1.1592752695914303 0
0 0 0.15685846381819468 1.9472790445204031 1.968264392627861 0
0 0 -1.3950305212940748 0.6205235824197137 0.49881226365905373 0
0 0 1.2727275995280523 1.4067510897490378 2.048741030866238 0
0 0 1.143658157490957 0.6523436305315757 2.050548176265181 0
0 0 0.1449150301653679 2.127935927589105 1.9730971672389115 0
0 0 0.5664861713448959 0.3640448509743962 1.9594458061601143 0
0 0 -1.3015907581609403 1.9623156309137053 0.4528011282420582 0
0 0 0.6797183496949506 -0.5804694268399395 1.9277077878582216 0
0 0 0.22045767534060356 1.0077988039276378 1.9570697895685272 0
0 0 0.26512056264181183 2.053139040007218 1.756333421639968 0
0 0 1.4136829615738677 2.145703483432481 0.47521252737320363 0
0 0 -0.6194876721439707 2.1047526230197207 0.8141698765581105 0
0 0 1.1924897701915538 0.32351101936847204 0.44506000246602595 0
0 0 1.5354559339616163 -0.3573754266304545 2.048226329538113 0
0 0 1.4854152071271614 -0.5773494336912253 0.7997616514056988 0
0 0 -0.9598751405812929 0.6156799496286873 2.0210908697809966 0
0 0 -1.413545487171977 -0.6035836565793047 1.743237249827038 0
0 0 -0.5743375516825874 0.5531513117878657 2.0367394223300836 0
0 0 -0.5008653903245619 -0.6404601284125331 1.1925727479473611 0
0 0 1.312384876816695 0.47131754884977073 2.04053646052753 0
0 0 0.178270798132653 2.025486029644629 0.48275756019682003 0
0 0 -0.45911955784666114 1.217947391826132 0.4597548482100815 0
0 0 -0.07569007480282819 0.8716663972676131 2.036019398733782 0
0 0 -1.5574569115744374 -0.3753638308932987 0.41726770733316254 0
0 0 0.7094955501578086 2.112761202908707 1.7805063709361098 0
0 0 1.5452324770624588 -0.591480086424879 0.8598074464734216 0
0 0 -0.16588856004902008 2.127148102257501 1.2353660118954766 0
0 0 -1.041016740994017 1.9000224277538462 1.960281065185573 0
0 0 1.1754028088258064 0.9619353904812069 1.964565669376276 0
0 0 0.33634378357039507 -0.5911665686335228 1.3456517422820786 0
0 0 -0.19948809334327722 1.7860776747508347 0.4838036415713406 0
0 0 -1.1522479598043023 0.13084600540160407 2.0077424315983903 0
0 0 -1.0426774206947105 0.8740140029716392 0.4729325807451853 0
0 0 -0.43568750789546495 -0.6429985282503365 0.8005220395359995 0
0 0 0.660095877582755 2.089089827745884 1.6149444281210505 0
0 0 0.1762689817699552 2.065750220576292 1.6221942651753034 0
0 0 -0.9987524638857609 2.1262371360878367 1.4406479590597914 0
0 0 -0.27665832728043216 2.1031413498088662 0.6962411364772207 0
0 0 1.263891519536747 1.5064598889694099 2.0249560824381794 0
0 0 0.6865000264361849 0.9775892794073808 0.4306195858986427 0
0 0 1.1288284842014278 -0.6083409445597023 1.411530469594106 0
0 0 -0.6516791600695664 -0.5791121476496326 0.856207817841268 0
0 0 0.8984975371078652 -0.45304614342294247 2.024400721801481 0
0 0 -1.3585959521186495 1.6302480329503826 2.0162476330571475 0
0 0 -0.5705379076126251 1.1241007831871028 1.9999553968771877 0
0 0 -0.22634858783551337 1.5388761451839772 0.4412650160015541 0
0 0 1.448608057989039 1.5788874792996566 1.9914277415552277 0
0 0 0.19154226520279538 -0.5712190891027169 1.4725357920818096 0
0 0 -1.1338475762635607 2.0574293474819387 1.130890444058752 0
0 0 -1.5633677148095437 1.0711934440173025 0.49065954914641474 0
0 0 -0.7395795824594678 0.2531929389010604 0.45402724163892916 0
0 0 1.3946412334436582 2.065245528575117 1.3752404039552517 0
0 0 -1.0714774473886264 1.140075183981594 0.46900855578501655 0
0 0 -1.180048817822757 1.1007977704512049 2.018222836990268 0
0 0 -0.9179860817016817 -0.5912595298386452 1.4280829716922632 0
0 0 -0.2074153318478602 0.3309836507073859 2.0032603279138637 0
0 0 1.302962486718088 -0.33807500999541884 1.9904612770562107 0
0 0 -0.28972159916754703 -0.6071985934086144 1.9267047353443885 0
0 0 -0.5815003484003287 1.8609036425374053 0.4072631264640366 0
0 0 0.05513315618786807 2.091345285472785 1.2616548272886483 0
0 0 0.4147213437419688 -0.559422834757207 0.6434649953170772 0
0 0 1.3404579273320483 1.6469160244824919 0.40705752806272466 0
0 0 -0.1906397918008882 1.957512243077322 0.45312888348619806 0
0 0 0.13205596577413492 -0.39013368327391196 0.4778077811954011 0
0 0 -0.7355370145125881 0.20738622013186636 1.9894850463565326 0
0 0 1.2801840747516127 1.6913964820466527 1.9596911461618556 0
0 0 -1.2179043013103945 0.8929307842416319 2.0236423130212513 0
0 0 -0.2093049940157743 -0.5839039935928607 1.9532559664232485 0
0 0 1.2557327371384157 -0.39665498295223234 0.4070549952913147 0
0 0 -1.0026249574600747 2.1332974464555683 1.9445927485511596 0
0 0 1.1798212230055531 0.5383399305828251 0.43383580522512233 0
0 0 1.0999263736157268 0.665101142391116 0.49690014951393247 0
0 0 -0.19117608055139423 1.4372903739179124 0.455145696865246 0
0 0 1.154126227340249 0.9900507738112705 0.44443277704424466 0
0 0 -0.9857835011326176 0.4362026196433548 1.9768073063284903 0
0 0 0.5593449174737155 0.08514617620981424 2.048120084067877 0
0 0 -1.0979642335954314 0.7457123671014043 2.001206902038003 0
0 0 -0.05354342224278841 -0.553121924766476 1.08554590255175 0
0 0 0.28011022420943665 1.368831482017288 1.983421619453093 0
0 0 -0.20720316287745089 1.3013473591035516 0.48762742248269364 0
0 0 -0.7785580508176073 2.0690954192019 1.9045030652223427 0
0 0 -1.479337319822757 1.9121606821383568 2.0480379747671753 0
0 0 -0.25869451673310917 -0.1860638625045915 0.46576202083907614 0
0 0 -1.249234186824098 1.6615068979570606 2.0343576216969015 0
0 0 0.3573520165392381 2.1227927651967167 0.9113892432350134 0
0 0 1.1616014149303178 2.0927982879576303 1.0343280913649098 0
0 0 0.65968147948043 1.7488199541778118 2.0408194589860944 0
0 0 1.1443146797436246 2.0816342857526147 1.6367420476394088 0
0 0 0.76558941435691 1.8888017183496772 2.0277820267721514 0
0 0 0.5273919593636056 1.3630808673355732 1.9656445877761417 0
0 0 0.4117090716890619 -0.346434699734278 0.4345091658124084 0
0 0 0.6676818845380925 -0.5977051203133468 1.2665691965742365 0
0 0 0.8134974891610356 -0.6056984214545953 1.3727247426699853 0
0 0 -1.3779880120143033 1.8992472564526544 2.02767142438744 0
0 0 -1.3457221070878185 1.3218089762987886 2.0329734991968187 0
0 0 0.17257127998314203 -0.44096745662577796 2.0339729312229977 0
0 0 -0.006324625368000492 -0.6318033495143596 2.0140922216418695 0
0 0 -0.6003989321730737 1.4011534747438594 2.0445259577399333 0
0 0 0.7187793580019699 0.2481470649406472 0.40877450881307065 0
0 0 -1.5419301316029643 -0.5838007398461609 1.599624955352322 0
0 0 0.7741440376838771 0.040871705892699506 1.9749504720681648 0
0 0 -0.3909874916779861 1.955990285734363 0.4812857609633022 0
0 0 -0.15557943960351905 2.122008807581535 0.4230717036053916 0
0 0 1.2425620019349637 0.3385412370566242 0.41327996681946266 0
0 0 -0.5480989986116664 0.8753894624725267 2.0171045372260825 0
0 0 -1.064315583068843 -0.2293499829481438 1.962129954572649 0
0 0 -0.1300184778233513 2.0523687475064003 0.9034435323145588 0
0 0 -1.1574426931546502 2.058728956390378 1.994116463972906 0
0 0 -0.5901287588049224 2.149812566033137 1.4167809431238534 0
0 0 1.3380509023631122 1.094715091677891 0.41947036111754266 0
0 0 1.542447248791745 1.6287019701063727 0.4576400310530465 0
0 0 1.0685060231424934 2.1391119890795687 1.7273367785534355 0
0 0 -0.666291502296362 2.093183420297549 1.2040017841888655 0
0 0 0.582864913448061 0.47247957906777627 2.0111435189345253 0
0 0 -1.258067329656495 -0.4222962455765473 0.45737756715517686 0
0 0 1.207716973860523 -0.6411735002353827 0.7427530127468495 0
0 0 -1.3140045914862104 -0.6145968868147864 1.5028388448518275 0
0 0 -0.402589999149672 2.115073489926025 1.767360582496548 0
0 0 1.1101990434035116 0.7091392086399795 2.0405157653909485 0
0 0 -1.1950631837577868 1.492473911267245 0.48342174418192274 0
0 0 -1.5398459397890467 -0.2439246044952612 0.43224501545267446 0
0 0 0.7730351507260664 -0.5768158791692171 0.8934437362704643 0
0 0 -1.3401124846937833 -0.6045301893938853 1.188235304797046 0
0 0 -1.0087800376185507 2.123154415875665 1.0194055758409832 0
0 0 -0.3214496134805147 -0.5747002733119291 0.4085275844801346 0
0 0 1.4881085299227101 2.041700303989254 1.9537005303173376 0
0 0 0.15444450441462343 -0.5536961210118949 0.7915968635301928 0
0 0 0.46376536251730194 0.16195056156241427 2.0017966120447284 0
0 0 1.5137291541353948 -0.6099383688873947 1.2581169057306223 0
0 0 -1.252904354042889 0.5414103314601211 0.4409301352428875 0
0 0 -0.3090307452633998 2.0724325578449756 0.6161741319618544 0
0 0 1.3312792117840972 -0.17657098116214187 1.961928202256432 0
0 0 -1.4999574662331037 1.7973655402351445 0.5017464660146164 0
0 0 0.16754595694785057 1.5979942686944029 0.43804498386967317 0
0 0 0.9276988193217206 0.8144880393648191 0.4644938671293647 0
0 0 1.4680063080847408 -0.6041941669283717 1.2416073625481183 0
0 0 -0.38118022983685607 -0.6250112848699614 1.6945740784384065 0
0 0 1.0871916786475038 -0.16810618196991556 2.0523688240125226 0
0 0 -0.3665889858484239 0.37772319581792857 2.0285908272918434 0
0 0 -0.731150897678506 2.106167982686848 1.9355826564907872 0
0 0 -1.331586576704103 2.057052611682002 1.6545740841296366 0
0 0 -1.1719041342695564 -0.6296777001905731 1.9378379850814986 0
0 0 1.4926261256881919 0.5579963736242297 0.40870605948067584 0
0 0 0.8920489917797552 1.7248805493504433 0.45045854170696065 0
0 0 -0.8016021501315438 -0.3807823264464787 0.45589774990780874 0
0 0 -1.4320667243040095 -0.4734423951017064 0.481288168557898 0
0 0 -0.7033307557128989 -0.5774854721634546 1.4005870728331251 0
0 0 1.3807654925077442 0.36190149024069196 1.9941375392948453 0
0 0 0.9755067654219949 -0.6245340001827455 0.9485834378705447 0
0 0 -1.2529389291673996 -0.6053888756514492 1.044975861061991 0
0 0 -1.5557941303744238 0.4080909321951778 0.4721061255659391 0
0 0 -1.1443111178099867 -0.6108898420297122 0.4084466144077412 0
0 0 1.534273676000014 -0.6153786135598645 1.0756210986020496 0
0 0 0.6228848718598932 1.3222664458975624 0.45582087429063334 0
0 0 1.349809021469909 0.5750489143753432 2.0332913333857707 0
0 0 -0.6021141617260861 0.6214529854290007 2.0250335614125508 0
0 0 -1.3180299717205484 -0.28261252753413557 0.4737921647824551 0
0 0 -1.013857141229702 0.25124514262634445 2.0395938156979554 0
0 0 0.18262029619161635 -0.20150797961397704 1.9649272845803643 0
0 0 0.3943093035570773 2.0768573349807253 1.7965469038136048 0
0 0 1.0827541918367847 1.926491677625134 0.4616017447975562 0
0 0 -0.47879593022357336 1.7767530683654875 0.482277838233926 0
0 0 0.6597130971354717 -0.31403634093394883 2.0428045910948747 0
0 0 0.3734622990096623 0.33579449688051255 0.4744177707713635 0
0 0 -0.8631508376038394 1.7195815638784746 0.4486159935390336 0
0 0 -0.10032887348893293 -0.361010595722588 1.9531384860285659 0
0 0 -0.7949686237423572 1.145207941168811 0.46804246474480893 0
0 0 1.5354832847073685 -0.6037423801751436 1.8874566595767608 0
0 0 1.5628889561983619 1.0796147434556278 2.0051144039752 0
0 0 1.3254554377683045 1.8012366751446203 1.9593622834691455 0
0 0 -0.15481915999672013 -0.6248895141729394 0.4882222014699774 0
0 0 1.4342880903887902 -0.16811558166003882 0.428884540747697 0
0 0 -0.36841764696984947 -0.5731250706510611 1.0872594077590993 0
0 0 1.2964880132633043 0.7040855041011689 1.9865043496913242 0
0 0 -0.6371736623467368 -0.6458104329270127 0.8415561001760858 0
0 0 -1.2195490141302534 1.2672834501788843 1.9953139417956551 0
0 0 1.2270480002495399 0.6014750467900596 0.4798618255669308 0
0 0 1.4250879115367798 2.0613746075253547 0.9255971562506007 0
0 0 -1.0946377924356896 2.074127464062698 1.4330167427610383 0
0 0 -1.1714489261241403 1.6632055800716812 2.004402451333849 0
0 0 -0.4815617510280916 2.0457329491647984 0.4306285700135346 0
0 0 -1.5672989544213485 -0.22093933767649965 2.0357510810412283 0
0 0 -0.8470555171061044 -0.5955720398534265 0.7958614128302461 0
0 0 1.073787303424787 -0.36988832345342204 0.4642158904113981 0
0 0 1.4011956111247867 2.0455636211843835 0.4077609056195185 0
0 0 -0.25898202275228543 0.7426730020018659 0.42379546270066093 0
0 0 1.2273784090049475 2.096946222742054 1.0851853718584805 0
0 0 -0.7789350359294044 2.0585423876777633 1.308936919569902 0
0 0 0.7401362837989591 2.135808140054494 1.7331192785395197 0
0 0 -1.5428187265003257 -0.5645002063255731 1.8821054039362834 0
0 0 1.2136778055790094 1.2398209302557304 1.9590424191607574 0
0 0 1.073252450756367 2.09600597426431 1.7901526991724694 0
0 0 1.3617167750451076 -0.642586231011997 1.9334553577290428 0
0 0 -0.039104297128020216 -0.01796267416408237 2.0040104636421163 0
0 0 -0.5681910372214367 -0.5840232781676846 1.8789904103239168 0
0 0 0.2384920225059841 -0.04378430766872732 0.4132893998563647 0
0 0 1.187196400552589 0.9824738755547164 0.44221544677292257 0
0 0 -0.18766403023639278 1.322159683020093 0.4041043907392826 0
0 0 1.0882088736583908 1.5994855874667444 2.0429169405397163 0
0 0 0.516480254090284 -0.635906030530808 0.543183115419374 0
0 0 0.26104829962877396 1.2899426026279157 1.984098697946524 0
0 0 0.25132604147839 2.124055604238147 0.66677038096791 0
0 0 0.1948089864911584 -0.5557569678634635 1.1160567284876128 0
0 0 0.2797926067011305 0.5233759727140774 1.954523193254616 0
0 0 -0.1409973838458214 1.059227255789532 0.45788455733479483 0
0 0 1.3483323542538592 2.0909264093875315 1.8158516009951655 0
0 0 1.3208710154207997 0.5327597324962805 1.9702263384092131 0
0 0 1.2482974374704905 1.9489165936441137 0.409804948084441 0
0 0 -1.4345329871275294 -0.33856126271128884 0.45992552420183497 0
0 0 -1.484122558583976 0.2971152685272239 1.987320810345524 0
0 0 -0.8108965566217121 1.6102101994265976 0.4827754092204005 0
0 0 -0.7592166953449855 2.1415060765540743 0.9640759470566868 0
0 0 1.537390830659651 1.3095533600711269 0.4224093640243528 0
0 0 -0.19661397171490447 0.4948523981997346 0.48647691176428465 0
0 0 0.9599739384649966 0.753817247170437 0.42702155604957015 0
0 0 0.6342118330902333 -0.44801421814275 2.0255115360405007 0
0 0 0.9664686132683817 0.09391213291922762 2.047829351865591 0
0 0 0.6848412706253555 2.088095057928248 0.7709115885566267 0
0 0 -0.3769718789399241 -0.09443039429215316 0.47234758246294206 0
0 0 0.8127155990029218 -0.6485179360009126 1.293078330850078 0
0 0 -0.20104816171481965 -0.17738362887793913 0.4265129675013364 0
0 0 -0.17137348929850993 2.052217498466116 0.7339591584654825 0
0 0 -0.1747466995718996 0.522534932161097 2.012100594391739 0
0 0 0.9549771777574603 2.061528946637309 1.8191197563681116 0
0 0 -0.6167823889852765 1.0978060192563794 0.4377468124241407 0
0 0 -0.9459315354643304 1.2154772970108785 2.0139444371955246 0
0 0 -0.2758210732000048 1.1929862178008666 2.025424536324501 0
0 0 0.6534096880156137 2.0973044198285997 0.4619867667701706 0
0 0 0.1896889462478466 0.0790170580537426 0.44384849973457774 0
0 0 -0.5954603284656144 -0.5653435098462047 0.7776827360750252 0
0 0 -1.141200486659713 -0.6061244962531696 0.6881674964588602 0
0 0 0.9234799236988742 0.5551137427173449 1.9638072197853758 0
0 0 -0.08385307917385187 2.141728839935928 1.4557287070527392 0
0 0 -0.7453254828730255 -0.34076333199230247 1.973409918507484 0
0 0 1.1517032081210838 2.0535111585739045 0.497262617777233 0
0 0 0.8361091536818517 1.1117788044227677 1.9793899619513982 0
0 0 1.305448933073627 -0.6054164929230319 0.46172763547413065 0
0 0 0.651714945141979 0.039975584934679564 2.051955936449459 0
0 0 1.4372169373388766 1.8173447330800203 0.4432907677412078 0
0 0 1.1670041202443042 1.2991883825334356 0.5026081626840581 0
0 0 0.6049889326398752 1.6127269581923869 0.4330844833622428 0
0 0 -0.6325590676864823 2.13310066180055 0.4910133738900082 0
0 0 1.2517461764903692 2.079934325683423 1.937856743803017 0
0 0 0.2241410894281164 2.06586362762995 0.9605123748079264 0
0 0 -1.0926723621194427 2.053743698965264 1.575766058328737 0
0 0 1.4610236026930088 0.653505680133178 2.0092994401623363 0
0 0 0.9957405454065174 1.801617705936285 0.49949773066265246 0
0 0 0.785379459644056 2.1241957742735735 1.1333982494340895 0
0 0 0.37494973497267314 2.001401003580103 1.9882108591711967 0
0 0 -1.09502088249906 1.8406007517094232 1.9621399798993142 0
0 0 -1.0492818181783155 -0.6032905115107665 0.45611336471088104 0
0 0 -0.3018487453113523 -0.6427772619149899 1.9868917005482936 0
0 0 -1.2842671194337154 1.9884079361243179 1.9665738476493813 0
0 0 0.9470903406214304 1.7693114143400857 0.42492299207428075 0
0 0 0.2518802468206993 2.021131416542296 0.4215673413454031 0
0 0 -1.549685748580667 2.109603436038069 1.8158418422945324 0
0 0 -1.2341258983096204 2.128252738043088 1.4220962036624774 0
0 0 1.5454075208750258 -0.6481088275776206 0.6886773878791257 0
0 0 -0.8056685831886841 1.439656045643772 0.4397165393027146 0
0 0 -0.45443633726662 2.0762743426401373 1.9190520352379878 0
0 0 0.3399571071572782 -0.26611888073099954 2.0082001614354703 0
0 0 1.4444257232139073 -0.6083000189217429 1.2882445707838932 0
0 0 0.5192902638358134 1.555594666892928 0.49890885726580814 0
0 0 -0.8694409485745882 1.7400349799839472 0.5004501752566922 0
0 0 0.5975969229520826 1.7671938907963647 1.9710063466551557 0
0 0 1.2509662073842196 -0.2346371542571024 2.0456134279252236 0
0 0 0.9698665361457235 1.84650996688811 2.026882505662915 0
0 0 -0.18060326523176706 0.47554874021431126 0.47644428105911507 0
0 0 0.831850350592656 0.4732473835354081 0.4281182819409174 0
0 0 1.0232573183542928 0.2531885757282417 0.48974231010525104 0
0 0 -0.5575497209119515 1.1049759839672497 2.0057127640985932 0
0 0 -0.2220885367169072 1.0712799243440978 2.028588983876506 0
0 0 1.5017051839766324 0.11965231028924395 2.036194690439007 0
0 0 -0.8219981803668899 2.0509711200239904 1.154691716513232 0
0 0 -0.20188482668377605 -0.6454098305859861 1.3501211858584532 0
0 0 1.544742966926913 2.1374815018188977 0.8071605587864736 0
0 0 1.0022616708855838 0.6347631546633645 0.4090297753888005 0
0 0 1.0058193326490268 1.8096423595776427 0.44637477131085856 0
0 0 0.35818904194125434 2.073434880361078 0.42985198665408664 0
0 0 0.3852336477112177 -0.618639425168152 1.4333248466532793 0
0 0 1.4833442885160237 -0.5637805773594868 0.5704580942475158 0
0 0 -0.921769272893192 0.154054944808664 0.4906202924139742 0
0 0 0.4734875730453014 -0.6468090992823543 1.74359425530574 0
0 0 1.1146334712852974 -0.6016863076332823 1.6224641985836505 0
0 0 1.4477219250516882 2.1458546791837385 0.5619781027916296 0
0 0 -0.2860667044430829 -0.2856172435037072 0.48957554886704613 0
0 0 0.9201543766249842 -0.26414072103728525 0.4617562402839893 0
0 0 0.08346378036660673 -0.5881194796721365 0.5834205743399601 0
0 0 0.8716383826615823 -0.266422767001842 0.49504816198828006 0
0 0 -0.6318417023315931 0.23477058274602536 0.4472174435806403 0
0 0 -0.2758965488282319 -0.03133257117206467 2.0389517727593853 0
0 0 0.8336129904908631 -0.583517360965887 0.9023791844919109 0
0 0 0.08547063174250069 0.6053521106857502 0.4759969229079749 0
0 0 -0.7725921040168019 0.9299634064098576 0.48114587290766475 0
0 0 -0.9908537976813574 1.925304402184161 2.038922492686472 0
0 0 0.8542628154786849 1.240763465553321 0.4691511901631139 0
0 0 0.9867424483213938 1.4803613184549016 0.45839044566581255 0
0 0 0.7096781124172868 1.2623637368519818 2.0172273824996543 0
0 0 0.48233801062822357 0.18250466250302277 2.018308078635257 0
0 0 1.0893815460800145 0.6605913977810078 2.0176826978441285 0
0 0 1.2902826303735435 0.09334593401539337 1.9663302259066229 0
0 0 -0.7010103935431532 -0.5650669453456805 1.3097503545202245 0
0 0 0.5078480041448734 2.0882178632389365 1.434906464512743 0
0 0 1.0290116318365805 2.06990966354436 0.6430070930314966 0
0 0 -0.9265516297852506 0.9257073441055963 0.4913832613222082 0
0 0 1.5037133228806159 2.094598299953394 0.6213588227617289 0
0 0 0.4679256049046452 0.7929444690829008 2.043431128594265 0
0 0 1.4081825245743067 2.0528606731306933 1.0475336643919273 0
0 0 -0.5888332324855322 1.1318170586653171 0.4451259860380795 0
0 0 -0.9272548978154133 0.30512687299802466 1.9601506262811346 0
0 0 0.09275544251860879 -0.6491248908186116 1.2398285552076573 0
0 0 -0.8359827054335078 -0.6117431133697573 1.4316998390504319 0
0 0 0.41802285953070495 2.0821285934096365 1.919824023858151 0
0 0 0.6215208318451011 1.9142418350378467 2.0059165259806893 0
0 0 1.4450767731751144 1.142912031623309 1.9862732665484872 0
0 0 0.21863619319907857 2.0711635680111784 0.6754660045909754 0
0 0 1.2441709060988213 1.1647760564679237 0.48304429556920536 0
0 0 1.0489861793488875 2.074311488238065 1.3935276062339863 0
0 0 0.94667983821319 2.0594973170281143 0.49398549764674415 0
0 0 -0.5331590797684449 2.1098278626437827 1.0700719309308795 0
0 0 -1.159506739180432 0.890909974302885 2.031935894900024 0
0 0 0.03935008954047814 2.111527416865256 1.3172633518804202 0
0 0 -0.1178932921467859 -0.05419826652944182 0.42698466486754594 0
0 0 1.0762441734036354 0.5493287194593091 1.970754183684726 0
0 0 0.3374708762848957 -0.5754756731012216 1.8123671186503314 0
0 0 1.326386700667053 2.0798348734192755 0.6257432793154666 0
0 0 1.3628979909099015 0.40771121329657345 0.4600441793441994 0
0 0 -1.4575654551236357 1.0308083632925076 0.47690375433946297 0
0 0 -0.017870137667688413 -0.5656222655328895 1.3488141276349563 0
0 0 -0.03761028181741466 1.8148635920994687 1.9749410489659573 0
0 0 -0.4201236003526656 -0.5384835186566574 0.4232561090622372 0
0 0 -0.19149031593299015 2.134305313810531 1.6250307145415812 0
0 0 -0.9304858782822697 2.1255663087141357 0.7449651769326525 0
0 0 0.30147812660530304 0.8727225998686041 2.0447581259326424 0
0 0 -0.7222065586831923 1.6718797327488202 0.4222075473262089 0
0 0 -1.0416199474409997 -0.6334619697035277 1.9433608623748968 0
0 0 0.4673054981828053 -0.6059916517513437 0.41879861042244426 0
0 0 -0.6205988147739777 -0.6079473548546421 0.7333032352231998 0
0 0 0.40295370299087807 2.141479110386904 1.8285259252208164 0
0 0 -0.6952982135162477 0.4054664889268237 1.9637134312855957 0
0 0 -1.3593775215468993 -0.5926537466245014 1.2226652718207225 0
0 0 0.9321031303024356 -0.6098863650283228 1.7238828511495572 0
0 0 -1.4857467779364817 1.5253766210701107 1.9771163916179806 0
0 0 0.7366734354824165 -0.6127806304201215 0.9242528743507966 0
0 0 -0.045560588570748184 -0.02882145491008803 0.47940763029403066 0
0 0 0.4213017833853321 0.06555377785074235 0.49282942709574606 0
0 0 -0.7393759061199301 -0.6064443454074433 0.8081676458950414 0
0 0 1.088658998282686 2.106268170088634 1.4716866152861015 0
0 0 0.5568344882325995 2.1484434384447613 1.3569102598046472 0
0 0 0.13401987401106297 2.13551488178438 0.8651476215263547 0
0 0 -0.6812137717505629 1.593339325626758 0.4815794301105969 0
0 0 -0.7107192858537392 2.115976942723865 0.8191428558061812 0
0 0 -0.7308596687920422 -0.017419893174004608 0.40739953557292263 0
0 0 -0.164888788606802 -0.6433850785958579 0.8284734545178584 0
0 0 1.163771825889321 2.0817677979541878 1.4865755837199788 0
0 0 1.1822733056431076 1.3975736136125452 2.0173817259995337 0
0 0 -0.6054104260684303 1.6809338678644308 2.0116156298400236 0
0 0 0.4537305212853959 2.020366673936959 1.9677393079402643 0
0 0 1.145267024030689 1.2782015873183519 2.003441042394668 0
0 0 0.7806537859387945 2.113526314638563 1.8908245007090356 0
0 0 0.6961428151465117 -0.6286205900344193 0.6997529776507514 0
0 0 1.2937592712332568 0.11554980295993067 2.0135963103893015 0
0 0 0.2943203165927526 0.1067312297788593 0.44955107662781446 0
0 0 -0.828344967392641 1.348232157055691 1.977519294563478 0
0 0 -0.9737276817793182 1.158451929022933 0.4981491765682785 0
0 0 -1.559965288891532 -0.41057904300700887 1.9580991961170169 0
0 0 0.5196661863548635 -0.6046938005669114 0.8692497181026906 0
0 0 1.4792037448451518 2.0273398167735364 0.4137446904063856 0
0 0 -0.9410068936799751 0.40293799983501977 0.48743828852627746 0
0 0 -0.7019285291092667 1.651358339470993 2.0402620634901516 0
0 0 -0.3083673948119432 -0.486775227921765 0.4781789861715017 0
0 0 -1.4188346465337154 2.0623725271876765 0.6628837295994114 0
0 0 0.0931371093849429 1.1960323807144944 0.4802312220677749 0
0 0 -0.3227213918470726 0.1500043843123816 0.4730871095966277 0
0 0 0.43787717086973066 -0.5532660041338346 1.6085752960296986 0
0 0 -1.0506763617526609 0.8384707167804839 0.4830145075659661 0
0 0 0.40920312616720467 -0.22363160406558968 0.47335727345234546 0
0 0 0.7675726110488603 -0.5953510757205875 0.5222678722072318 0
0 0 0.5694219063764212 1.7847718333032534 1.9602923886650419 0
0 0 1.2890182740986083 -0.24079153838856793 0.4605423286253849 0
0 0 -0.8130298012940145 -0.24724911834868468 0.4845677574338896 0
0 0 1.298552315947009 -0.15100066881247387 0.47823588597137523 0
0 0 -0.8492669410007945 0.06188050767384112 0.4799054715680262 0
0 0 -0.6642270733852619 2.0828228119166097 1.8104397592796169 0
0 0 -0.45025829973678566 2.1077012225458494 1.3534662353470859 0
0 0 0.20380551245668133 2.0922839780776803 1.2742171480062736 0
0 0 -0.4613239961199398 0.1339509609411076 0.42930892065278725 0
0 0 1.1082274380357897 2.1100944001234883 1.7506893732374256 0
0 0 0.5233118153536491 1.2075190930727484 2.048207133742559 0
0 0 -0.7187433859146102 2.0988071635908283 1.7035225737644555 0
0 0 0.2923734261421733 2.057704188279159 0.7847995147469022 0
0 0 0.9695745965916913 0.1359637005260843 2.018426937517621 0
0 0 1.2867193423916365 0.060003277650438 0.45589951829076836 0
0 0 0.3496154033186756 2.006876945320296 1.956174856561355 0
0 0 -0.1400877154150293 2.1176592216010977 1.7613159628805017 0
0 0 0.5607139323384565 2.147790228942431 1.6456912027015431 0
0 0 -0.6140394054442928 2.1189315118434138 0.571663930162403 0
0 0 1.011829991097276 -0.10846115906280407 0.4564064577775272 0
0 0 -1.0142589692087483 -0.04981399246312379 1.9723945663265907 0
0 0 0.2498626414755889 -0.6110424331336948 1.7258550662539118 0
0 0 -1.1434550815230604 0.20261403756571061 0.4861972877795131 0
0 0 -0.4700377360382062 0.3326822004347394 1.9871491991537495 0
0 0 1.5255072523575488 1.2194264906441705 1.9861703604858625 0
0 0 0.8919781310230381 -0.24722941572382107 1.9647213055542885 0
0 0 1.265846950112623 1.352266463525849 0.49510229194897337 0
0 0 -0.3233448098808991 -0.5727830751017358 1.9672823005899138 0
0 0 -0.9452343302915951 2.0600662403215724 0.9449334184134075 0
0 0 -0.04154361108904481 -0.6085129570481711 0.8677534473316002 0
0 0 1.3288569607156409 1.2215335220118415 1.9751201523743114 0
0 0 -1.2904662866943375 2.076876889404166 0.7918306319117782 0
0 0 -1.146243730774526 0.040465690455330994 1.9990339003169968 0
0 0 -1.4291108804307384 -0.0849945767607847 0.41899231082325716 0
0 0 -0.602157761831675 2.1231970850786737 0.7048039230730807 0
0 0 -1.1824704118889997 -0.5848595283463924 0.8702212484017346 0
0 0 1.3971462247328499 1.3235229394693944 0.42288007753598555 0
0 0 1.1247582033256407 1.3939926846704953 0.4109565080139468 0
0 0 1.2025647430819335 -0.145384218447959 2.029976419811462 0
0 0 0.8726293893741244 0.30702773484471935 2.0368592236317724 0
0 0 0.3515111459409388 2.1203660156154873 0.5777735451728055 0
0 0 0.23998841244572966 0.20375430175907439 2.039379569257364 0
0 0 1.0237020661226195 1.8625248100358387 1.9995790418586465 0
0 0 -0.8741450228582005 2.0727964181148684 1.9710609027052424 0
0 0 1.4772307902544344 -0.02735706471517707 0.4302396068889216 0
0 0 -1.1666331226468474 2.112373702789588 1.3260689122208311 0
0 0 0.8249493531470451 -0.3788876226011073 1.9946546978361117 0
0 0 1.3153717544235168 1.6886917456229573 0.41308869646254376 0
0 0 -0.6152840216966623 1.6099076862528656 0.49294181600920906 0
0 0 1.557881424156069 0.18770385971482495 1.984488447082307 0
0 0 0.8677953934490263 -0.08710656176308706 0.49923432070661733 0
0 0 0.41230353683511 0.44384546423074245 0.42125741840894293 0
0 0 1.3789495077657228 -0.4085717839495471 0.43368955277635235 0
0 0 0.8144984693036816 1.2031829809432892 0.4561187442169704 0
0 0 -0.5476848111677088 0.14110520040694985 0.4489172402996283 0
0 0 -0.8534593948027515 2.085329609737927 1.0180356650657258 0
0 0 0.8215036298089093 -0.5870907630223359 1.7650879201069793 0
0 0 0.21432644844160076 -0.3381611693713693 0.4798472093828803 0
0 0 1.345634292041637 2.0950874322416904 0.7642635005278204 0
0 0 0.23393931974990934 0.453740921742702 0.4601761615734793 0
0 0 -0.8913152679077401 1.9260005346065603 0.41059037930302733 0
0 0 -0.6564523508603547 -0.6493297227941877 0.5290950234318281 0
0 0 0.8505102868460845 2.129716594864966 1.1849344793259826 0
0 0 -1.0566516178006709 -0.5963527909142912 2.0328779596051643 0
0 0 -0.661080174534736 -0.6269794063204377 1.576431128469552 0
0 0 1.048992992675979 -0.6021230657456333 0.5449663838047702 0
0 0 0.26557009643507 -0.6360530740613377 2.0091615081263097 0
0 0 0.21998439322460905 -0.6409417540571121 1.1654080640381603 0
0 0 -0.5161942395961943 -0.6019826413342328 1.9060420197518118 0
0 0 -0.9398290566237146 1.9387329223410343 1.9679157106116958 0
0 0 -0.7412284335092232 1.4407249513099856 0.42663047599005033 0
0 0 -0.00997146626785117 1.3446221298427 0.4324268934000475 0
0 0 -0.7017012318723612 -0.5562519716619476 0.8854174422055135 0
0 0 0.2169157642813504 -0.6030088931286368 0.5201090813379016 0
0 0 -0.33365138830901175 2.0765549687775477 1.5522148814914942 0
0 0 -0.3728771290646846 1.909854754151848 0.42592977447563607 0
0 0 0.3582421355029939 0.5430881387623319 2.0254920980800453 0
0 0 -0.39158736950930306 1.0459395184049933 1.9788092582307102 0
0 0 -1.1240264909102495 -0.29965710558210956 0.45243976784805473 0
0 0 -0.21748071965531057 -0.5701902318625502 1.016541102106881 0
0 0 -0.8541500668025953 2.0746550215317168 1.3125586202190611 0
0 0 -0.8774470350027247 -0.26647424112022366 2.006180365478129 0
0 0 -0.021896098904432337 1.6456482985886056 0.4713517549003261 0
0 0 -1.0961330816428956 1.2905427931235762 0.40714591570935255 0
0 0 1.1085238400656818 0.6293239585608839 1.9818194668153977 0
0 0 -0.5280346277075432 1.2872169849174573 2.0243221789291086 0
0 0 -0.15020406215404125 -0.5810479243719 1.6983812339005564 0
0 0 -0.10644334984957737 2.102168932248671 1.0814925232971577 0
0 0 0.8105006286027465 1.9173968608879794 2.025127196497464 0
0 0 -0.4898863147569461 -0.5610814783318117 1.1628481928749657 0
0 0 0.0023875408303251078 1.7771115577630778 0.43674368579421374 0
0 0 -0.7271350183900528 0.25668384713920145 0.42620956413446864 0
0 0 0.19922901453425168 -0.5808467502224861 0.8895488406397432 0
0 0 0.9646085475037163 0.445620977155751 2.0490999548529185 0
0 0 1.1861055360336588 2.1376699404659325 1.0453713183178421 0
0 0 -0.762116024117226 -0.5285891330304788 0.45432260843118244 0
0 0 -0.10393797599782828 1.5922355319287929 0.43618336835152394 0
0 0 0.946982791849484 2.0855568211647073 2.0034108352056648 0
0 0 -0.23598064459452872 -0.6116164727432716 1.7207462180713162 0
0 0 0.287900553209145 1.6370090674905018 1.977196842522373 0
0 0 0.8867537228735074 2.0789644918974526 1.0300736471947833 0
0 0 1.0080620696994438 0.6832314889195199 0.5009385949815927 0
0 0 0.15640521341061087 -0.38210879272548115 2.0151065385929785 0
0 0 1.2888579566206926 1.445077267782651 0.42498873414870086 0
0 0 -1.4628022912011334 0.8180293245592993 0.42088832736171866 0
0 0 -0.22353099606193494 -0.5326988209758952 0.4874857248000952 0
0 0 -1.4310336314839187 1.5592755306698793 0.4569039660575257 0
0 0 1.4208171930804392 -0.5789111431614169 0.7476154193082385 0
0 0 0.2553290946120952 2.1076494120283416 0.7788071854787613 0
0 0 1.4160333228876452 -0.5518244482917865 1.1344711166199164 0
0 0 -0.6915571745619 2.1412065265321214 1.3294569173919577 0
0 0 -0.7347940234007758 1.7589071740674351 1.9951472921723543 0
0 0 0.7061993025815498 1.9314673412346284 2.050558965414803 0
0 0 0.5612071607507114 2.107859315470611 1.3439477764038545 0
0 0 -0.7787874988938406 -0.4434143761375755 0.4659000787963945 0
0 0 -0.12683015390242636 -0.15097274537020933 2.0263926345014176 0
0 0 -1.4142975758010154 -0.6452501838060425 0.8267317169950863 0
0 0 1.358371028529695 -0.6406422277446082 1.7699153852925646 0
0 0 -0.5809491675666062 -0.5609788561800211 1.9142116008278751 0
0 0 0.9320581723544121 0.5165678099061521 0.45681528728403353 0
0 0 -0.6052543435353293 2.07864858304607 2.0359479556312623 0
0 0 -0.3757633023590523 0.5082371261526724 1.9543689366792387 0
0 0 -1.4668646083379868 1.3848042777674878 0.49804364669003054 0
0 0 0.9251172656110125 0.5066804592811371 2.0394816027553233 0
0 0 0.9361109822139504 2.0170661862380532 0.4547662540598717 0
0 0 0.7881363762482625 0.8338163540933237 1.9955872076005632 0
0 0 -0.42214167590166407 0.5421897550779495 1.9865260341097177 0
0 0 -1.0101301209765103 -0.5821767364246868 1.3214025214686569 0
0 0 0.40570276810852857 0.35491472936655366 0.4096558624243294 0
0 0 -0.8614996697420992 1.1227787162139984 0.41915811382897805 0
0 0 -0.12440056415533651 0.8347757999106404 2.0008460264640955 0
0 0 1.0341220100862887 -0.6013248743679815 1.0784223684595746 0
0 0 0.46357644102431994 0.13588755502630434 0.40842189993538225 0
0 0 -1.101800267097015 2.1369049981541934 1.333825513227469 0
0 0 0.3449795488150964 1.0757518719489825 0.45018697880179115 0
0 0 -0.212735638048126 1.3782080417838036 1.9692628293620138 0
0 0 1.0875784130326283 -0.6455767218882777 0.8014757525940449 0
0 0 -1.1547104013045255 2.0826630827081996 0.9403995272581436 0
0 0 1.3991638852347918 1.6719444294112085 1.9710209616824592 0
0 0 -1.1610288785570653 1.7875914274581273 0.46658073836786107 0
0 0 0.8520434190986688 2.0720192375112303 1.927804070465482 0
0 0 -1.1661446206189723 2.1358416753222866 1.3060706802701785 0
0 0 1.3317507009489855 2.1462118976145095 1.808251608175397 0
0 0 0.46314005515965473 2.0222095168913317 1.9929762635408454 0
0 0 -0.9323932066625727 0.25970149793028274 1.9915878456865777 0
0 0 0.9346095199221027 2.113983879354295 1.2589778231680935 0
0 0 -1.035908206237608 0.2012990984599754 0.4560041830986149 0
0 0 -0.18465332680295288 -0.4350925874755518 2.0251523798697186 0
0 0 1.4981290001779772 2.1388866967653444 0.6880425992210282 0
0 0 -1.0152101414647294 2.112453938974424 1.5426254100350993 0
0 0 -0.40448076618239437 -0.20484043834366605 1.9902443560714906 0
0 0 -1.116657398117991 1.285695320670857 1.9834011106108878 0
0 0 -0.014060414703293 0.9855534355737097 1.9646666459062017 0
0 0 0.684670098460106 -0.5876977350580421 0.5950860337979739 0
0 0 -1.066199234252554 -0.5685225817829858 0.5755290863655622 0
0 0 0.3452689535976978 1.3647135504590353 2.020147184239679 0
0 0 -0.8166968750226925 2.064341713392272 1.5779992658782847 0
0 0 1.5357255724482348 2.0585766298439347 0.6642530338024701 0
0 0 0.2139413543118447 2.149115956143955 1.1006234747931691 0
0 0 -0.300514733438324 2.089724872063236 1.7249219373323135 0
0 0 -0.21686792249450249 -0.047623985906400046 0.43200827234920314 0
0 0 1.2450413042766986 1.6794551482799693 0.44319664988250085 0
0 0 0.28355113886622196 1.296286572204598 1.9583989791332872 0
0 0 0.7949111883012678 -0.647111428003718 1.3593672151928557 0
0 0 0.7334632867742394 -0.6137017615172238 1.9910982252512195 0
0 0 -1.0502563995803549 0.7312363590732003 2.0357547681526755 0
0 0 1.194426831995377 0.4015662707612183 1.973563283183697 0
0 0 -1.0185706787806446 1.7282027687326933 0.450901442598743 0
0 0 -0.7159945717618783 0.4430315319277043 2.0511154528437574 0
0 0 -0.16441621775896542 1.9847534553285737 0.42478839003626223 0
0 0 -1.4036801256641864 -0.5976350428858959 0.45575379192701404 0
0 0 0.36026284731515634 -0.2779835170077085 2.051714790187968 0
0 0 0.712385608333991 -0.6223014254643706 1.8844965070844761 0
0 0 1.3922565977934602 -0.08804658522223774 2.021390018978561 0
0 0 0.09411376075450262 -0.09430524755421499 1.9674151458130396 0
0 0 -0.24260987912855692 2.0904757256473996 0.9074363281251541 0
0 0 0.27895071197353505 0.7235635536828808 1.9650247779376344 0
0 0 0.41865582015218616 0.08904806898563389 0.4741659634877514 0
0 0 0.6751158805650106 0.35287600282150833 0.4886587545112524 0
0 0 1.0824953581987855 1.7873830089212641 2.048830398511658 0
0 0 -0.660604506264317 -0.633535407305579 1.600844045167169 0
0 0 -0.6538592835003793 -0.6214239292390809 0.8221248047980474 0
0 0 -0.7205993927936905 0.1364252694189222 0.4146879568693228 0
0 0 0.4266131970131104 0.6397286994082343 0.4141637496200622 0
0 0 -1.3149574606462047 -0.5895421212974177 0.8323035314825142 0
0 0 1.2616371626593499 -0.5820918992009196 0.9577182882780798 0
0 0 -0.2548309969825031 2.0539341936749445 1.657773348627472 0
0 0 0.3691717031558852 -0.5977945858893428 2.020767168548517 0
0 0 0.3228207095545692 2.0697211076473074 1.0270301375278756 0
0 0 -1.109441220726251 2.1032166250085558 0.9940990506588534 0
0 0 -1.1377644788972001 -0.5549582414962695 1.5368308547467708 0
0 0 -0.11157388758585829 -0.6187042993499801 0.5191981026032966 0
0 0 -1.2017547995231215 0.9210329801097248 0.4070618342035587 0
0 0 0.3788033654835894 -0.5550013095580033 1.8075698124611383 0
0 0 -1.219839542020222 2.0371088067275522 0.4119877919657784 0
0 0 -0.4154209865157088 0.708511871663108 1.9770661892449297 0
0 0 0.7534322878968087 2.1336996547476463 1.5172665077756866 0
0 0 -0.48366567134308536 -0.6173610975598178 1.3700515955464798 0
0 0 -0.21280458298022498 1.4831133046913625 0.4330324556567312 0
0 0 -1.0062889884916177 2.104373471537164 1.2949904695534873 0
0 0 0.03556926645388514 0.004018361221758138 2.039759683976982 0
0 0 0.05209607993952958 -0.624900710275079 1.35490321951649 0
0 0 -0.9729049883061854 -0.023846847551145856 0.4183601032247789 0
0 0 1.4294387819311747 2.1132767900234954 1.7815437507707217 0
0 0 1.3969461400234802 2.1133495343351187 1.3393689775768545 0
0 0 1.0610154953754773 -0.4008026812038836 2.0456150558673087 0
0 0 -0.6577533591188169 2.108376141369659 1.3451950309600567 0
0 0 0.11911035926543945 -0.482491163639611 0.46915494702327754 0
0 0 -0.7569179721862207 -0.6228100034174775 0.9820115475523743 0
0 0 -1.0618591202991736 2.1462602776676345 1.9157067678855926 0
0 0 -0.3388628795532582 0.3950685855155245 1.9634123285671703 0
0 0 -1.4383867077318322 0.8661298499567474 2.0066224718267858 0
0 0 -0.9818972907910284 1.043676600997023 0.41804519043378074 0
0 0 1.3341079182894529 -0.55516196447377 1.6474106901997065 0
0 0 -0.11766674928158172 -0.588117240355768 1.6486761804001422 0
0 0 1.0993046642568651 -0.12181592039932765 0.4905252109515005 0
0 0 0.614866077615988 0.7855965894799761 0.44860382135825194 0
0 0 0.31616146212012475 -0.5622751403314941 1.1968118490706268 0
0 0 -0.39079265682972086 1.206255372070772 0.4612329158796148 0
0 0 -0.817206397536064 2.143063268723248 1.268052013505129 0
0 0 0.9837955303408878 0.7568307564818235 0.4997623524925394 0
0 0 -1.0052948635771495 1.0537631654080457 0.4110297540001373 0
0 0 -1.273148388746369 1.909794320045471 0.4310721074035877 0
0 0 -1.1280110032375736 0.6251158116355529 2.029714260449424 0
0 0 1.4547207358896714 1.0003698024695982 0.44065420931089005 0
0 0 -0.2789882356098048 -0.6338872163372575 0.9404899034355589 0
0 0 1.1348286547985107 1.5372641044222652 0.5020432782752918 0
0 0 -0.02428494736112974 0.9601522884330487 2.0279813905020014 0
0 0 0.7718612747678075 0.5368685762994778 0.5017199357614202 0
0 0 -0.9685395287358426 2.134578344910805 1.5134419143643703 0
0 0 -0.2955624036424882 1.6641419825799615 0.42073633156416135 0
0 0 1.4458353363253917 1.5200498460478886 1.9803344449829068 0
0 0 0.3475907621525516 0.5812929059494321 1.9716163345260096 0
0 0 -0.14107037479298845 1.5069252023512527 0.48903794735496087 0
0 0 1.1172749543393161 1.4899029303694549 0.44820247552367987 0
0 0 -0.4659141340169388 0.84113427735573 1.9592576168782445 0
0 0 -0.8240495128753252 0.5810473770312121 2.010417630467235 0
0 0 -0.5310972124998157 2.1059905770455005 1.0138202508772358 0
0 0 -0.7113328317938072 -0.5905491725447956 0.4231440411577023 0
0 0 1.4975253400430306 -0.5728417065816518 1.4644096034943095 0
0 0 0.9123465132763586 -0.5786982106834087 1.1700495437833442 0
0 0 1.4101754359813472 0.8349373709178138 0.4964302586835013 0
0 0 0.147844453250499 1.2296246877531762 0.46055779473540714 0
0 0 0.5812117717589693 2.0694197800080656 1.8856100622797651 0
0 0 -1.5386167941998543 0.1718795563046942 1.9556470230659118 0
0 0 0.4122947937139767 2.0789139612472662 1.5753621510882039 0
0 0 -0.4719439453461556 1.0638140654567267 0.4486357727665583 0
0 0 -0.6643761123263008 -0.5898575833238413 0.6292929167748726 0
0 0 -0.13036006849674275 2.1420270373366312 1.9787714940319279 0
0 0 0.6506491541209378 -0.5584636073259239 0.7176786261515921 0
0 0 0.7588112287507771 0.5832254946154252 0.4821655713817482 0
0 0 -1.4931509897769935 -0.6396909399436312 0.5554898959102779 0
0 0 0.9901956508168492 -0.5514983831168065 1.694500991402631 0
0 0 1.379738903234251 1.4833376171317718 0.4723167877286776 0
0 0 0.5929808228325304 1.4081777201954946 1.9638519862369122 0
0 0 -0.7479933750592865 2.082788682858543 0.7936726309900213 0
0 0 1.0704210255256816 -0.5559706894818357 1.6905825718204917 0
0 0 0.8103406606834636 2.1118930064542116 0.6412579007422059 0
0 0 -0.8012353074957338 2.090392787124726 0.7690445022083071 0
0 0 -0.069071098298918 0.31511812831729213 0.43831324275662453 0
0 0 1.1731104363300853 -0.5216359148156788 2.0227044618367804 0

