0 0 0.23857986022101785 0.98837732668763 1.9350944039913296 0
0 0 -1.1120458821510846 0.5857353653988926 0.43912431243440686 0
0 0 -0.995519765729803 0.29112379357948204 0.5554969462250655 0
0 0 1.1678729699486432 0.04846948549328389 0.8751285420713562 0
0 0 -0.099682479704303 1.2312770495644934 0.5475050520037296 0
0 0 -0.4691961849552504 1.2862915727004909 1.7948317278013959 0
0 0 -0.2327487106461814 0.4527157023398433 0.4758632999008072 0
0 0 -0.6145387510354496 0.03472273917466051 0.9656578080114842 0
0 0 -0.9153709829418836 1.4797554233392511 1.0703492956899945 0
0 0 1.3602800460232065 0.5565417743730109 0.5122620502427745 0
0 0 -1.1745768412259585 0.7423611979435171 0.3891363510710213 0
0 0 -0.2865264141001038 1.2436942937100575 0.5773592028827785 0
0 0 1.0440343379012247 0.008118537283496319 1.191665318267328 0
0 0 -0.03156766052216886 -0.03755616740448675 1.2871840139086865 0
0 0 -1.0251820788316213 0.24515194587042322 0.573928576625168 0
0 0 -0.21855129445671784 1.3961905099593923 0.8492945613078915 0
0 0 -1.3765420477452308 0.8013475893722433 0.424460960627391 0
0 0 -1.2532691198755983 0.11538506753721112 1.6557431348927485 0
0 0 -0.2761871042409578 1.3032215104231595 0.6415877040342085 0
0 0 0.36711006269879265 1.3292509909484251 1.7843009660829163 0
0 0 0.39797858247053264 -0.054099207385887915 1.0994430596422993 0
0 0 1.425147395207742 1.352392756254753 0.7590668353341189 0
0 0 0.3139209864107062 0.55082285067012 0.43922180645418896 0
0 0 -1.0667901469190224 0.9848529330523661 2.023644358375182 0
0 0 -0.32043278266405606 0.2317086539032548 0.6246443799064825 0
0 0 0.057693586663294605 0.11372295839569913 0.8029918300569314 0
0 0 -1.1410790500187502 0.4192479587660863 1.9641044451936147 0
0 0 0.9740877460474215 0.7474250421214338 0.47909735922056873 0
0 0 -1.1926098160160736 0.7326279133289003 2.048613760135065 0
0 0 0.5033955608496394 0.12885436768196434 1.733914429162978 0
0 0 -0.9792309045711322 -0.050867439711743456 1.2598934749722084 0
0 0 0.33847361792412367 0.6950741494872776 2.0171792271543376 0
0 0 0.130581261961481 0.46026010954619945 0.501161355506363 0
0 0 0.7946192094264899 -0.029034901548051106 1.4933359323470456 0
0 0 0.24449372559731875 0.199038795617973 0.6332674782239005 0
0 0 0.7288369958423013 0.28228231491691774 1.9174045633214623 0
0 0 -1.2880223649333187 1.5329262079454005 1.0284113748389596 0
0 0 0.12098098999521456 1.5686978756810748 1.2640054981439226 0
0 0 -0.6242037044993848 1.2494337355640193 1.881879816627031 0
0 0 -0.5632736645228826 0.8197666794278271 0.4245030808831717 0
0 0 -1.5323504417208926 1.351934490428795 0.6892583984333946 0
0 0 0.1519159549483693 1.562205437685294 1.185458688434758 0
0 0 -0.46410835477750534 -0.04795391535516702 1.3104375291883181 0
0 0 -1.489406830959984 1.4994986111104383 1.5728490603020453 0
0 0 -0.16414005961090705 0.6607940784126837 0.3995299452794745 0
0 0 -0.29961116347072303 -0.023894800962636964 1.0565909199885302 0
0 0 1.3638737894695243 0.10230390717476978 0.7486190755370346 0
0 0 -0.5685890914150475 0.4196782794005655 0.563426851190418 0
0 0 -0.5433629835348035 0.2778531569266484 0.6533775287708641 0
0 0 -0.9322237290888195 1.5287511766698694 1.2278682256606477 0
0 0 1.4340530009428751 1.1529595913662853 0.5526114021815429 0
0 0 1.328500775575293 1.477379573693474 1.0418630725946458 0
0 0 0.24636431675276338 1.3482630338209072 0.7701404759001271 0
0 0 -0.11140932675551696 0.1784549066168406 0.7132398256068763 0
0 0 -0.07166735658077994 1.5309258809576833 1.3418560179479413 0
0 0 -1.2158387116881042 -0.011589242922251275 0.8792790485613846 0
0 0 -1.1032858605408493 0.007505078591795389 1.0228219621882697 0
0 0 -1.1922370341989983 1.4013911206706444 0.8289105771154144 0
0 0 -0.003103785007162907 1.3044184934187162 1.8521186941927703 0
0 0 0.8641199573490885 1.2758472530777156 1.7970139634705649 0
0 0 1.2186962250117843 0.5952322606268055 2.0316763224194503 0
0 0 0.34336163512643414 -0.058168853703674084 1.234238504303585 0
0 0 0.46702374982874906 0.5546002405985967 0.4981489208086144 0
0 0 1.4567371523452595 0.790637446976681 0.47382141718962 0
0 0 0.8742710242508966 1.5163923079868655 1.0735745874488118 0
0 0 0.6739422244374893 1.0532613291242177 0.47468079473595914 0
0 0 -1.0478654381279204 1.062883082557879 0.4526475519241209 0
0 0 -1.1938152217572053 0.1252380367765531 0.7466412822392519 0
0 0 -1.3905944863326303 0.7694551674194923 2.0674451747484457 0
0 0 0.37884465290112956 1.0037708669607757 1.9529750166130544 0
0 0 -0.984856506690333 1.530797564383914 1.1586129800715683 0
0 0 -0.19179636259403599 0.661972010622411 0.4792175080738523 0
0 0 -1.0005439151640965 0.03455155065623894 1.4187014351556573 0
0 0 -0.42630456458792376 1.0828521502102513 1.9255905911145974 0
0 0 -0.4724956265752249 0.6744021362197756 2.0587074023653638 0
0 0 0.06765236875689218 1.2703809411722538 1.8470664249855477 0
0 0 1.1900352778450163 1.0057662035201431 0.43705204691721145 0
0 0 0.8348226953963538 0.07367449113127444 1.5787479376659708 0
0 0 -1.3021815540015298 0.9837220013188183 1.9420906648496121 0
0 0 1.427321488384258 1.3347143704937956 1.7206423132236963 0
0 0 -1.3889729169321106 1.2165537949226188 1.8395549908803253 0
0 0 1.1879038845916998 1.2210271906115227 1.9219765955957828 0
0 0 0.0900856410487958 0.20066944774617723 1.7925276983833685 0
0 0 0.9213861989841106 0.6053105413599116 0.47090831171661074 0
0 0 0.3624903359739271 1.458422765060431 1.5179302074079772 0
0 0 -1.0661902522337794 0.18413438323849685 1.8188148289684178 0
0 0 -0.09874864349138379 1.4016863624957878 0.8333126613600352 0
0 0 -0.6354251079641163 1.4631692614311558 1.655332413019246 0
0 0 0.3978732285205455 0.6895854064647263 0.4528962546173423 0
0 0 1.286033655453065 1.2010342090262751 1.8621264305385052 0
0 0 -0.9712256725319002 1.1136532461421889 0.5530994269313245 0
0 0 -0.12558070493458984 0.6110370020127311 2.0074299524086645 0
0 0 0.19261393407608396 0.4432482688707652 0.5465312985351226 0
0 0 0.39260936516569167 0.7206508970242888 2.029848334508415 0
0 0 -1.1129194588866695 1.531102578510673 1.3848723417276083 0
0 0 1.3397034007713513 1.066082937076977 0.5449081309270978 0
0 0 -0.9862280794717443 -0.01859302967587484 1.275229046303007 0
0 0 -0.30607899134973615 1.502736618415799 1.0982412180558434 0
0 0 0.3789646219076792 0.5501902515083221 0.4398552297013899 0
0 0 -0.11090056871270515 1.4878766220522386 0.9991132228827583 0

