-1.2321666876475537 -0.6997572870669339 2.617686245055869 0.8173087337091245 1.5058727657465565 0.14807930814547993
-1.2321666876475537 -0.6997572870669339 2.617686245055869 0.8173087337091245 1.5058727657465565 0.14807930814547993
-1.2321666876475537 -0.6997572870669339 2.617686245055869 0.8173087337091245 1.5058727657465565 0.14807930814547993
-1.2321666876475537 -0.6997572870669339 2.617686245055869 0.8173087337091245 1.5058727657465565 0.14807930814547993
-1.2321666876475537 -0.6997572870669339 2.617686245055869 0.8173087337091245 1.5058727657465565 0.14807930814547993
-1.2321666876475537 -0.6997572870669339 2.617686245055869 0.8173087337091245 1.5058727657465565 0.14807930814547993
-1.2321666876475537 -0.6997572870669339 2.617686245055869 0.8173087337091245 1.5058727657465565 0.14807930814547993

2.106865125359539 0.2650628752865291 2.5745305906066536 0.8861877953415368 0.8723363690576451 0.13646443914252976
2.106865125359539 0.2650628752865291 2.5745305906066536 0.8861877953415368 0.8723363690576451 0.13646443914252976
2.106865125359539 0.2650628752865291 2.5745305906066536 0.8861877953415368 0.8723363690576451 0.13646443914252976
2.106865125359539 0.2650628752865291 2.5745305906066536 0.8861877953415368 0.8723363690576451 0.13646443914252976
2.106865125359539 0.2650628752865291 2.5745305906066536 0.8861877953415368 0.8723363690576451 0.13646443914252976
2.106865125359539 0.2650628752865291 2.5745305906066536 0.8861877953415368 0.8723363690576451 0.13646443914252976
2.106865125359539 0.2650628752865291 2.5745305906066536 0.8861877953415368 0.8723363690576451 0.13646443914252976

-2.1550347181977307 1.044598815078846 -0.5264815434294382 0.37076007537097055 1.2731282968233093 0.14602403702234343
-2.1550347181977307 1.044598815078846 -0.5264815434294382 0.37076007537097055 1.2731282968233093 0.14602403702234343
-2.1550347181977307 1.044598815078846 -0.5264815434294382 0.37076007537097055 1.2731282968233093 0.14602403702234343
-2.1550347181977307 1.044598815078846 -0.5264815434294382 0.37076007537097055 1.2731282968233093 0.14602403702234343
-2.1550347181977307 1.044598815078846 -0.5264815434294382 0.37076007537097055 1.2731282968233093 0.14602403702234343
-2.1550347181977307 1.044598815078846 -0.5264815434294382 0.37076007537097055 1.2731282968233093 0.14602403702234343
-2.1550347181977307 1.044598815078846 -0.5264815434294382 0.37076007537097055 1.2731282968233093 0.14602403702234343

1.8581319363845934 -0.2857875654417569 1.215631504059107 0.4434324864358191 0.9313561493222426 0.1405632054605754
1.8581319363845934 -0.2857875654417569 1.215631504059107 0.4434324864358191 0.9313561493222426 0.1405632054605754
1.8581319363845934 -0.2857875654417569 1.215631504059107 0.4434324864358191 0.9313561493222426 0.1405632054605754
1.8581319363845934 -0.2857875654417569 1.215631504059107 0.4434324864358191 0.9313561493222426 0.1405632054605754
1.8581319363845934 -0.2857875654417569 1.215631504059107 0.4434324864358191 0.9313561493222426 0.1405632054605754
1.8581319363845934 -0.2857875654417569 1.215631504059107 0.4434324864358191 0.9313561493222426 0.1405632054605754
1.8581319363845934 -0.2857875654417569 1.215631504059107 0.4434324864358191 0.9313561493222426 0.1405632054605754

-2.8369286432578376 -1.379350597270942 1.5442404162965564 1.0728427927993682 1.1388415807769237 0.1368154685914948
-2.8369286432578376 -1.379350597270942 1.5442404162965564 1.0728427927993682 1.1388415807769237 0.1368154685914948
-2.8369286432578376 -1.379350597270942 1.5442404162965564 1.0728427927993682 1.1388415807769237 0.1368154685914948
-2.8369286432578376 -1.379350597270942 1.5442404162965564 1.0728427927993682 1.1388415807769237 0.1368154685914948
-2.8369286432578376 -1.379350597270942 1.5442404162965564 1.0728427927993682 1.1388415807769237 0.1368154685914948
-2.8369286432578376 -1.379350597270942 1.5442404162965564 1.0728427927993682 1.1388415807769237 0.1368154685914948
-2.8369286432578376 -1.379350597270942 1.5442404162965564 1.0728427927993682 1.1388415807769237 0.1368154685914948

1.7665725114440727 0.9052549639134727 -1.2697572634308434 0.7311056983087116 1.566517209842317 0.14080311854581262
1.7665725114440727 0.9052549639134727 -1.2697572634308434 0.7311056983087116 1.566517209842317 0.14080311854581262
1.7665725114440727 0.9052549639134727 -1.2697572634308434 0.7311056983087116 1.566517209842317 0.14080311854581262
1.7665725114440727 0.9052549639134727 -1.2697572634308434 0.7311056983087116 1.566517209842317 0.14080311854581262
1.7665725114440727 0.9052549639134727 -1.2697572634308434 0.7311056983087116 1.566517209842317 0.14080311854581262
1.7665725114440727 0.9052549639134727 -1.2697572634308434 0.7311056983087116 1.566517209842317 0.14080311854581262
1.7665725114440727 0.9052549639134727 -1.2697572634308434 0.7311056983087116 1.566517209842317 0.14080311854581262

2.573383340531388 0.40681945235116895 -2.2365846498395427 0.5473919905948216 0.9780901262137423 0.13992331179428347
2.573383340531388 0.40681945235116895 -2.2365846498395427 0.5473919905948216 0.9780901262137423 0.13992331179428347
2.573383340531388 0.40681945235116895 -2.2365846498395427 0.5473919905948216 0.9780901262137423 0.13992331179428347
2.573383340531388 0.40681945235116895 -2.2365846498395427 0.5473919905948216 0.9780901262137423 0.13992331179428347
2.573383340531388 0.40681945235116895 -2.2365846498395427 0.5473919905948216 0.9780901262137423 0.13992331179428347
2.573383340531388 0.40681945235116895 -2.2365846498395427 0.5473919905948216 0.9780901262137423 0.13992331179428347
2.573383340531388 0.40681945235116895 -2.2365846498395427 0.5473919905948216 0.9780901262137423 0.13992331179428347

3.074918954049905 0.8696019425859499 2.9936476838560577 0.545299602287834 0.9181854058503447 0.13855239245392698
3.074918954049905 0.8696019425859499 2.9936476838560577 0.545299602287834 0.9181854058503447 0.13855239245392698
3.074918954049905 0.8696019425859499 2.9936476838560577 0.545299602287834 0.9181854058503447 0.13855239245392698
3.074918954049905 0.8696019425859499 2.9936476838560577 0.545299602287834 0.9181854058503447 0.13855239245392698
3.074918954049905 0.8696019425859499 2.9936476838560577 0.545299602287834 0.9181854058503447 0.13855239245392698
3.074918954049905 0.8696019425859499 2.9936476838560577 0.545299602287834 0.9181854058503447 0.13855239245392698
3.074918954049905 0.8696019425859499 2.9936476838560577 0.545299602287834 0.9181854058503447 0.13855239245392698

2.6048361310408876 -1.134331554879958 -2.171298821695418 0.8321451908325748 0.7981785889480317 0.1352294894320566
2.6048361310408876 -1.134331554879958 -2.171298821695418 0.8321451908325748 0.7981785889480317 0.1352294894320566
2.6048361310408876 -1.134331554879958 -2.171298821695418 0.8321451908325748 0.7981785889480317 0.1352294894320566
2.6048361310408876 -1.134331554879958 -2.171298821695418 0.8321451908325748 0.7981785889480317 0.1352294894320566
2.6048361310408876 -1.134331554879958 -2.171298821695418 0.8321451908325748 0.7981785889480317 0.1352294894320566
2.6048361310408876 -1.134331554879958 -2.171298821695418 0.8321451908325748 0.7981785889480317 0.1352294894320566
2.6048361310408876 -1.134331554879958 -2.171298821695418 0.8321451908325748 0.7981785889480317 0.1352294894320566

1.1985682122565413 0.0823438137446222 2.7048673000266463 0.6696554526040335 1.1562691341306448 0.1486471552106701
1.1985682122565413 0.0823438137446222 2.7048673000266463 0.6696554526040335 1.1562691341306448 0.1486471552106701
1.1985682122565413 0.0823438137446222 2.7048673000266463 0.6696554526040335 1.1562691341306448 0.1486471552106701
1.1985682122565413 0.0823438137446222 2.7048673000266463 0.6696554526040335 1.1562691341306448 0.1486471552106701
1.1985682122565413 0.0823438137446222 2.7048673000266463 0.6696554526040335 1.1562691341306448 0.1486471552106701
1.1985682122565413 0.0823438137446222 2.7048673000266463 0.6696554526040335 1.1562691341306448 0.1486471552106701
1.1985682122565413 0.0823438137446222 2.7048673000266463 0.6696554526040335 1.1562691341306448 0.1486471552106701

2.567321466126169 -0.3039705325728039 1.841414296348814 0.8559108683444429 0.8386498300114296 0.14828329628990422
2.567321466126169 -0.3039705325728039 1.841414296348814 0.8559108683444429 0.8386498300114296 0.14828329628990422
2.567321466126169 -0.3039705325728039 1.841414296348814 0.8559108683444429 0.8386498300114296 0.14828329628990422
2.567321466126169 -0.3039705325728039 1.841414296348814 0.8559108683444429 0.8386498300114296 0.14828329628990422
2.567321466126169 -0.3039705325728039 1.841414296348814 0.8559108683444429 0.8386498300114296 0.14828329628990422
2.567321466126169 -0.3039705325728039 1.841414296348814 0.8559108683444429 0.8386498300114296 0.14828329628990422
2.567321466126169 -0.3039705325728039 1.841414296348814 0.8559108683444429 0.8386498300114296 0.14828329628990422

1.8413474090676822 0.35487853421416954 -2.118521858337704 0.5987260684549591 0.8352253374730603 0.13019519255120074
1.8413474090676822 0.35487853421416954 -2.118521858337704 0.5987260684549591 0.8352253374730603 0.13019519255120074
1.8413474090676822 0.35487853421416954 -2.118521858337704 0.5987260684549591 0.8352253374730603 0.13019519255120074
1.8413474090676822 0.35487853421416954 -2.118521858337704 0.5987260684549591 0.8352253374730603 0.13019519255120074
1.8413474090676822 0.35487853421416954 -2.118521858337704 0.5987260684549591 0.8352253374730603 0.13019519255120074
1.8413474090676822 0.35487853421416954 -2.118521858337704 0.5987260684549591 0.8352253374730603 0.13019519255120074
1.8413474090676822 0.35487853421416954 -2.118521858337704 0.5987260684549591 0.8352253374730603 0.13019519255120074

1.4674905513480405 -0.5823414800410754 2.4389585308073727 0.37624520894691316 1.4504706668907223 0.138993935020083
1.4674905513480405 -0.5823414800410754 2.4389585308073727 0.37624520894691316 1.4504706668907223 0.138993935020083
1.4674905513480405 -0.5823414800410754 2.4389585308073727 0.37624520894691316 1.4504706668907223 0.138993935020083
1.4674905513480405 -0.5823414800410754 2.4389585308073727 0.37624520894691316 1.4504706668907223 0.138993935020083
1.4674905513480405 -0.5823414800410754 2.4389585308073727 0.37624520894691316 1.4504706668907223 0.138993935020083
1.4674905513480405 -0.5823414800410754 2.4389585308073727 0.37624520894691316 1.4504706668907223 0.138993935020083
1.4674905513480405 -0.5823414800410754 2.4389585308073727 0.37624520894691316 1.4504706668907223 0.138993935020083

-2.31534597205623 -0.24049001980786888 -1.417743148135461 0.3458060413731544 1.2415348460070612 0.1483595328299578
-2.31534597205623 -0.24049001980786888 -1.417743148135461 0.3458060413731544 1.2415348460070612 0.1483595328299578
-2.31534597205623 -0.24049001980786888 -1.417743148135461 0.3458060413731544 1.2415348460070612 0.1483595328299578
-2.31534597205623 -0.24049001980786888 -1.417743148135461 0.3458060413731544 1.2415348460070612 0.1483595328299578
-2.31534597205623 -0.24049001980786888 -1.417743148135461 0.3458060413731544 1.2415348460070612 0.1483595328299578
-2.31534597205623 -0.24049001980786888 -1.417743148135461 0.3458060413731544 1.2415348460070612 0.1483595328299578
-2.31534597205623 -0.24049001980786888 -1.417743148135461 0.3458060413731544 1.2415348460070612 0.1483595328299578

1.2330669468784543 -1.1490697519925213 2.5671663766855364 0.8531010633784235 0.9407715247718847 0.1336796271342943
1.2330669468784543 -1.1490697519925213 2.5671663766855364 0.8531010633784235 0.9407715247718847 0.1336796271342943
1.2330669468784543 -1.1490697519925213 2.5671663766855364 0.8531010633784235 0.9407715247718847 0.1336796271342943
1.2330669468784543 -1.1490697519925213 2.5671663766855364 0.8531010633784235 0.9407715247718847 0.1336796271342943
1.2330669468784543 -1.1490697519925213 2.5671663766855364 0.8531010633784235 0.9407715247718847 0.1336796271342943
1.2330669468784543 -1.1490697519925213 2.5671663766855364 0.8531010633784235 0.9407715247718847 0.1336796271342943
1.2330669468784543 -1.1490697519925213 2.5671663766855364 0.8531010633784235 0.9407715247718847 0.1336796271342943

-1.8382159593267688 0.2566773883330016 0.4748262201427151 1.0830265876478444 1.3062055685464165 0.14271190214897006
-1.8382159593267688 0.2566773883330016 0.4748262201427151 1.0830265876478444 1.3062055685464165 0.14271190214897006
-1.8382159593267688 0.2566773883330016 0.4748262201427151 1.0830265876478444 1.3062055685464165 0.14271190214897006
-1.8382159593267688 0.2566773883330016 0.4748262201427151 1.0830265876478444 1.3062055685464165 0.14271190214897006
-1.8382159593267688 0.2566773883330016 0.4748262201427151 1.0830265876478444 1.3062055685464165 0.14271190214897006
-1.8382159593267688 0.2566773883330016 0.4748262201427151 1.0830265876478444 1.3062055685464165 0.14271190214897006
-1.8382159593267688 0.2566773883330016 0.4748262201427151 1.0830265876478444 1.3062055685464165 0.14271190214897006

1.9153445945506213 0.033120819027943185 -2.0102144824503423 0.566890676218027 0.8881832567970556 0.13247398131660088
1.9153445945506213 0.033120819027943185 -2.0102144824503423 0.566890676218027 0.8881832567970556 0.13247398131660088
1.9153445945506213 0.033120819027943185 -2.0102144824503423 0.566890676218027 0.8881832567970556 0.13247398131660088
1.9153445945506213 0.033120819027943185 -2.0102144824503423 0.566890676218027 0.8881832567970556 0.13247398131660088
1.9153445945506213 0.033120819027943185 -2.0102144824503423 0.566890676218027 0.8881832567970556 0.13247398131660088
1.9153445945506213 0.033120819027943185 -2.0102144824503423 0.566890676218027 0.8881832567970556 0.13247398131660088
1.9153445945506213 0.033120819027943185 -2.0102144824503423 0.566890676218027 0.8881832567970556 0.13247398131660088

-2.5811476649106377 0.7779527131993762 -3.008314072212846 0.7025587645545417 1.3365432990830621 0.14472759591850318
-2.5811476649106377 0.7779527131993762 -3.008314072212846 0.7025587645545417 1.3365432990830621 0.14472759591850318
-2.5811476649106377 0.7779527131993762 -3.008314072212846 0.7025587645545417 1.3365432990830621 0.14472759591850318
-2.5811476649106377 0.7779527131993762 -3.008314072212846 0.7025587645545417 1.3365432990830621 0.14472759591850318
-2.5811476649106377 0.7779527131993762 -3.008314072212846 0.7025587645545417 1.3365432990830621 0.14472759591850318
-2.5811476649106377 0.7779527131993762 -3.008314072212846 0.7025587645545417 1.3365432990830621 0.14472759591850318
-2.5811476649106377 0.7779527131993762 -3.008314072212846 0.7025587645545417 1.3365432990830621 0.14472759591850318

-1.7583353759596179 0.7528420905585407 0.9740209926224932 0.6267437126824342 0.9214819126158427 0.14205039916544138
-1.7583353759596179 0.7528420905585407 0.9740209926224932 0.6267437126824342 0.9214819126158427 0.14205039916544138
-1.7583353759596179 0.7528420905585407 0.9740209926224932 0.6267437126824342 0.9214819126158427 0.14205039916544138
-1.7583353759596179 0.7528420905585407 0.9740209926224932 0.6267437126824342 0.9214819126158427 0.14205039916544138
-1.7583353759596179 0.7528420905585407 0.9740209926224932 0.6267437126824342 0.9214819126158427 0.14205039916544138
-1.7583353759596179 0.7528420905585407 0.9740209926224932 0.6267437126824342 0.9214819126158427 0.14205039916544138
-1.7583353759596179 0.7528420905585407 0.9740209926224932 0.6267437126824342 0.9214819126158427 0.14205039916544138

-2.1546482225945836 -1.079588371700615 -2.8676008496597762 1.093738890042785 1.1244604990480864 0.13935584034091747
-2.1546482225945836 -1.079588371700615 -2.8676008496597762 1.093738890042785 1.1244604990480864 0.13935584034091747
-2.1546482225945836 -1.079588371700615 -2.8676008496597762 1.093738890042785 1.1244604990480864 0.13935584034091747
-2.1546482225945836 -1.079588371700615 -2.8676008496597762 1.093738890042785 1.1244604990480864 0.13935584034091747
-2.1546482225945836 -1.079588371700615 -2.8676008496597762 1.093738890042785 1.1244604990480864 0.13935584034091747
-2.1546482225945836 -1.079588371700615 -2.8676008496597762 1.093738890042785 1.1244604990480864 0.13935584034091747
-2.1546482225945836 -1.079588371700615 -2.8676008496597762 1.093738890042785 1.1244604990480864 0.13935584034091747

-1.4238017941871421 1.0626616041818142 -1.4058164307640617 0.6455352575038118 1.1450330063578205 0.13678139329471675
-1.4238017941871421 1.0626616041818142 -1.4058164307640617 0.6455352575038118 1.1450330063578205 0.13678139329471675
-1.4238017941871421 1.0626616041818142 -1.4058164307640617 0.6455352575038118 1.1450330063578205 0.13678139329471675
-1.4238017941871421 1.0626616041818142 -1.4058164307640617 0.6455352575038118 1.1450330063578205 0.13678139329471675
-1.4238017941871421 1.0626616041818142 -1.4058164307640617 0.6455352575038118 1.1450330063578205 0.13678139329471675
-1.4238017941871421 1.0626616041818142 -1.4058164307640617 0.6455352575038118 1.1450330063578205 0.13678139329471675
-1.4238017941871421 1.0626616041818142 -1.4058164307640617 0.6455352575038118 1.1450330063578205 0.13678139329471675

2.5615733736069406 -0.3304128385788322 -2.703496231103943 1.061924208238893 0.965672831170754 0.134066971436982
2.5615733736069406 -0.3304128385788322 -2.703496231103943 1.061924208238893 0.965672831170754 0.134066971436982
2.5615733736069406 -0.3304128385788322 -2.703496231103943 1.061924208238893 0.965672831170754 0.134066971436982
2.5615733736069406 -0.3304128385788322 -2.703496231103943 1.061924208238893 0.965672831170754 0.134066971436982
2.5615733736069406 -0.3304128385788322 -2.703496231103943 1.061924208238893 0.965672831170754 0.134066971436982
2.5615733736069406 -0.3304128385788322 -2.703496231103943 1.061924208238893 0.965672831170754 0.134066971436982
2.5615733736069406 -0.3304128385788322 -2.703496231103943 1.061924208238893 0.965672831170754 0.134066971436982

2.208019588048169 0.4604798456513606 3.056445650763165 0.749055014011197 1.07626094254295 0.14721992368756115
2.208019588048169 0.4604798456513606 3.056445650763165 0.749055014011197 1.07626094254295 0.14721992368756115
2.208019588048169 0.4604798456513606 3.056445650763165 0.749055014011197 1.07626094254295 0.14721992368756115
2.208019588048169 0.4604798456513606 3.056445650763165 0.749055014011197 1.07626094254295 0.14721992368756115
2.208019588048169 0.4604798456513606 3.056445650763165 0.749055014011197 1.07626094254295 0.14721992368756115
2.208019588048169 0.4604798456513606 3.056445650763165 0.749055014011197 1.07626094254295 0.14721992368756115
2.208019588048169 0.4604798456513606 3.056445650763165 0.749055014011197 1.07626094254295 0.14721992368756115

2.4536079935129917 -0.18977606779293654 -0.3380309612622606 0.9745592346449211 1.5300790872310526 0.1398866887071245
2.4536079935129917 -0.18977606779293654 -0.3380309612622606 0.9745592346449211 1.5300790872310526 0.1398866887071245
2.4536079935129917 -0.18977606779293654 -0.3380309612622606 0.9745592346449211 1.5300790872310526 0.1398866887071245
2.4536079935129917 -0.18977606779293654 -0.3380309612622606 0.9745592346449211 1.5300790872310526 0.1398866887071245
2.4536079935129917 -0.18977606779293654 -0.3380309612622606 0.9745592346449211 1.5300790872310526 0.1398866887071245
2.4536079935129917 -0.18977606779293654 -0.3380309612622606 0.9745592346449211 1.5300790872310526 0.1398866887071245
2.4536079935129917 -0.18977606779293654 -0.3380309612622606 0.9745592346449211 1.5300790872310526 0.1398866887071245

-2.4209589619015524 -0.9193856919720633 -0.08291049020288947 0.6314259090798378 1.0659029168778174 0.1414891067681628
-2.4209589619015524 -0.9193856919720633 -0.08291049020288947 0.6314259090798378 1.0659029168778174 0.1414891067681628
-2.4209589619015524 -0.9193856919720633 -0.08291049020288947 0.6314259090798378 1.0659029168778174 0.1414891067681628
-2.4209589619015524 -0.9193856919720633 -0.08291049020288947 0.6314259090798378 1.0659029168778174 0.1414891067681628
-2.4209589619015524 -0.9193856919720633 -0.08291049020288947 0.6314259090798378 1.0659029168778174 0.1414891067681628
-2.4209589619015524 -0.9193856919720633 -0.08291049020288947 0.6314259090798378 1.0659029168778174 0.1414891067681628
-2.4209589619015524 -0.9193856919720633 -0.08291049020288947 0.6314259090798378 1.0659029168778174 0.1414891067681628

1.699957194265512 -0.06806170355296988 1.640571380973474 0.5148091938210873 1.24986396654238 0.14151786957957996
1.699957194265512 -0.06806170355296988 1.640571380973474 0.5148091938210873 1.24986396654238 0.14151786957957996
1.699957194265512 -0.06806170355296988 1.640571380973474 0.5148091938210873 1.24986396654238 0.14151786957957996
1.699957194265512 -0.06806170355296988 1.640571380973474 0.5148091938210873 1.24986396654238 0.14151786957957996
1.699957194265512 -0.06806170355296988 1.640571380973474 0.5148091938210873 1.24986396654238 0.14151786957957996
1.699957194265512 -0.06806170355296988 1.640571380973474 0.5148091938210873 1.24986396654238 0.14151786957957996
1.699957194265512 -0.06806170355296988 1.640571380973474 0.5148091938210873 1.24986396654238 0.14151786957957996

-1.994307726142235 -1.143233376513682 -2.7751335053747 0.38298893702571163 1.25713159745585 0.13761454664499004
-1.994307726142235 -1.143233376513682 -2.7751335053747 0.38298893702571163 1.25713159745585 0.13761454664499004
-1.994307726142235 -1.143233376513682 -2.7751335053747 0.38298893702571163 1.25713159745585 0.13761454664499004
-1.994307726142235 -1.143233376513682 -2.7751335053747 0.38298893702571163 1.25713159745585 0.13761454664499004
-1.994307726142235 -1.143233376513682 -2.7751335053747 0.38298893702571163 1.25713159745585 0.13761454664499004
-1.994307726142235 -1.143233376513682 -2.7751335053747 0.38298893702571163 1.25713159745585 0.13761454664499004
-1.994307726142235 -1.143233376513682 -2.7751335053747 0.38298893702571163 1.25713159745585 0.13761454664499004

2.031038452148456 0.6007350820883657 -2.795310124128556 0.7106952546274541 1.1713770162638708 0.14283002005522516
2.031038452148456 0.6007350820883657 -2.795310124128556 0.7106952546274541 1.1713770162638708 0.14283002005522516
2.031038452148456 0.6007350820883657 -2.795310124128556 0.7106952546274541 1.1713770162638708 0.14283002005522516
2.031038452148456 0.6007350820883657 -2.795310124128556 0.7106952546274541 1.1713770162638708 0.14283002005522516
2.031038452148456 0.6007350820883657 -2.795310124128556 0.7106952546274541 1.1713770162638708 0.14283002005522516
2.031038452148456 0.6007350820883657 -2.795310124128556 0.7106952546274541 1.1713770162638708 0.14283002005522516
2.031038452148456 0.6007350820883657 -2.795310124128556 0.7106952546274541 1.1713770162638708 0.14283002005522516

2.355656103760407 0.9955793381514122 1.1368859145902162 1.0092032097286951 1.4176647447794997 0.14345402435986573
2.355656103760407 0.9955793381514122 1.1368859145902162 1.0092032097286951 1.4176647447794997 0.14345402435986573
2.355656103760407 0.9955793381514122 1.1368859145902162 1.0092032097286951 1.4176647447794997 0.14345402435986573
2.355656103760407 0.9955793381514122 1.1368859145902162 1.0092032097286951 1.4176647447794997 0.14345402435986573
2.355656103760407 0.9955793381514122 1.1368859145902162 1.0092032097286951 1.4176647447794997 0.14345402435986573
2.355656103760407 0.9955793381514122 1.1368859145902162 1.0092032097286951 1.4176647447794997 0.14345402435986573
2.355656103760407 0.9955793381514122 1.1368859145902162 1.0092032097286951 1.4176647447794997 0.14345402435986573

-1.8027020102575133 0.5046909299756567 -2.1845969369171674 0.6970561422909628 1.3794867923164817 0.13659274863170687
-1.8027020102575133 0.5046909299756567 -2.1845969369171674 0.6970561422909628 1.3794867923164817 0.13659274863170687
-1.8027020102575133 0.5046909299756567 -2.1845969369171674 0.6970561422909628 1.3794867923164817 0.13659274863170687
-1.8027020102575133 0.5046909299756567 -2.1845969369171674 0.6970561422909628 1.3794867923164817 0.13659274863170687
-1.8027020102575133 0.5046909299756567 -2.1845969369171674 0.6970561422909628 1.3794867923164817 0.13659274863170687
-1.8027020102575133 0.5046909299756567 -2.1845969369171674 0.6970561422909628 1.3794867923164817 0.13659274863170687
-1.8027020102575133 0.5046909299756567 -2.1845969369171674 0.6970561422909628 1.3794867923164817 0.13659274863170687

1.109411785399383 -0.11706956213426024 2.160282128888938 0.41035712383417666 1.4216573520506122 0.1369252015951729
1.109411785399383 -0.11706956213426024 2.160282128888938 0.41035712383417666 1.4216573520506122 0.1369252015951729
1.109411785399383 -0.11706956213426024 2.160282128888938 0.41035712383417666 1.4216573520506122 0.1369252015951729
1.109411785399383 -0.11706956213426024 2.160282128888938 0.41035712383417666 1.4216573520506122 0.1369252015951729
1.109411785399383 -0.11706956213426024 2.160282128888938 0.41035712383417666 1.4216573520506122 0.1369252015951729
1.109411785399383 -0.11706956213426024 2.160282128888938 0.41035712383417666 1.4216573520506122 0.1369252015951729
1.109411785399383 -0.11706956213426024 2.160282128888938 0.41035712383417666 1.4216573520506122 0.1369252015951729

-1.0967614878232308 -0.9427892490019675 -3.1012594774001836 0.8211014452894289 1.4549280244959073 0.14404498493951864
-1.0967614878232308 -0.9427892490019675 -3.1012594774001836 0.8211014452894289 1.4549280244959073 0.14404498493951864
-1.0967614878232308 -0.9427892490019675 -3.1012594774001836 0.8211014452894289 1.4549280244959073 0.14404498493951864
-1.0967614878232308 -0.9427892490019675 -3.1012594774001836 0.8211014452894289 1.4549280244959073 0.14404498493951864
-1.0967614878232308 -0.9427892490019675 -3.1012594774001836 0.8211014452894289 1.4549280244959073 0.14404498493951864
-1.0967614878232308 -0.9427892490019675 -3.1012594774001836 0.8211014452894289 1.4549280244959073 0.14404498493951864
-1.0967614878232308 -0.9427892490019675 -3.1012594774001836 0.8211014452894289 1.4549280244959073 0.14404498493951864

-1.7955235548358461 -0.8600581462993127 0.13125639914730458 0.4867794730898525 1.227811955183939 0.14650148588299428
-1.7955235548358461 -0.8600581462993127 0.13125639914730458 0.4867794730898525 1.227811955183939 0.14650148588299428
-1.7955235548358461 -0.8600581462993127 0.13125639914730458 0.4867794730898525 1.227811955183939 0.14650148588299428
-1.7955235548358461 -0.8600581462993127 0.13125639914730458 0.4867794730898525 1.227811955183939 0.14650148588299428
-1.7955235548358461 -0.8600581462993127 0.13125639914730458 0.4867794730898525 1.227811955183939 0.14650148588299428
-1.7955235548358461 -0.8600581462993127 0.13125639914730458 0.4867794730898525 1.227811955183939 0.14650148588299428
-1.7955235548358461 -0.8600581462993127 0.13125639914730458 0.4867794730898525 1.227811955183939 0.14650148588299428

2.4212460138164045 1.0551142484143723 2.3521059975257255 0.6821780070241329 1.5658097834047084 0.1306865692036265
2.4212460138164045 1.0551142484143723 2.3521059975257255 0.6821780070241329 1.5658097834047084 0.1306865692036265
2.4212460138164045 1.0551142484143723 2.3521059975257255 0.6821780070241329 1.5658097834047084 0.1306865692036265
2.4212460138164045 1.0551142484143723 2.3521059975257255 0.6821780070241329 1.5658097834047084 0.1306865692036265
2.4212460138164045 1.0551142484143723 2.3521059975257255 0.6821780070241329 1.5658097834047084 0.1306865692036265
2.4212460138164045 1.0551142484143723 2.3521059975257255 0.6821780070241329 1.5658097834047084 0.1306865692036265
2.4212460138164045 1.0551142484143723 2.3521059975257255 0.6821780070241329 1.5658097834047084 0.1306865692036265

2.2445696216502076 -0.1222794491248724 1.188386972408907 0.6883573670973275 0.9045231459804393 0.1453481812505419
2.2445696216502076 -0.1222794491248724 1.188386972408907 0.6883573670973275 0.9045231459804393 0.1453481812505419
2.2445696216502076 -0.1222794491248724 1.188386972408907 0.6883573670973275 0.9045231459804393 0.1453481812505419
2.2445696216502076 -0.1222794491248724 1.188386972408907 0.6883573670973275 0.9045231459804393 0.1453481812505419
2.2445696216502076 -0.1222794491248724 1.188386972408907 0.6883573670973275 0.9045231459804393 0.1453481812505419
2.2445696216502076 -0.1222794491248724 1.188386972408907 0.6883573670973275 0.9045231459804393 0.1453481812505419
2.2445696216502076 -0.1222794491248724 1.188386972408907 0.6883573670973275 0.9045231459804393 0.1453481812505419

1.6865851108203809 -1.1870099016090552 0.8242591230926996 0.8790429006814027 1.5035985095923659 0.138559669968867
1.6865851108203809 -1.1870099016090552 0.8242591230926996 0.8790429006814027 1.5035985095923659 0.138559669968867
1.6865851108203809 -1.1870099016090552 0.8242591230926996 0.8790429006814027 1.5035985095923659 0.138559669968867
1.6865851108203809 -1.1870099016090552 0.8242591230926996 0.8790429006814027 1.5035985095923659 0.138559669968867
1.6865851108203809 -1.1870099016090552 0.8242591230926996 0.8790429006814027 1.5035985095923659 0.138559669968867
1.6865851108203809 -1.1870099016090552 0.8242591230926996 0.8790429006814027 1.5035985095923659 0.138559669968867
1.6865851108203809 -1.1870099016090552 0.8242591230926996 0.8790429006814027 1.5035985095923659 0.138559669968867

1.4084909552579434 -0.22188106952378828 -1.5445829025217837 1.0913972128970841 1.1677399997772016 0.14231946394376638
1.4084909552579434 -0.22188106952378828 -1.5445829025217837 1.0913972128970841 1.1677399997772016 0.14231946394376638
1.4084909552579434 -0.22188106952378828 -1.5445829025217837 1.0913972128970841 1.1677399997772016 0.14231946394376638
1.4084909552579434 -0.22188106952378828 -1.5445829025217837 1.0913972128970841 1.1677399997772016 0.14231946394376638
1.4084909552579434 -0.22188106952378828 -1.5445829025217837 1.0913972128970841 1.1677399997772016 0.14231946394376638
1.4084909552579434 -0.22188106952378828 -1.5445829025217837 1.0913972128970841 1.1677399997772016 0.14231946394376638
1.4084909552579434 -0.22188106952378828 -1.5445829025217837 1.0913972128970841 1.1677399997772016 0.14231946394376638

2.9621204988489436 -0.7724800902618552 -3.0227734447771617 1.1692366794314601 1.3160233680564488 0.14745288855613084
2.9621204988489436 -0.7724800902618552 -3.0227734447771617 1.1692366794314601 1.3160233680564488 0.14745288855613084
2.9621204988489436 -0.7724800902618552 -3.0227734447771617 1.1692366794314601 1.3160233680564488 0.14745288855613084
2.9621204988489436 -0.7724800902618552 -3.0227734447771617 1.1692366794314601 1.3160233680564488 0.14745288855613084
2.9621204988489436 -0.7724800902618552 -3.0227734447771617 1.1692366794314601 1.3160233680564488 0.14745288855613084
2.9621204988489436 -0.7724800902618552 -3.0227734447771617 1.1692366794314601 1.3160233680564488 0.14745288855613084
2.9621204988489436 -0.7724800902618552 -3.0227734447771617 1.1692366794314601 1.3160233680564488 0.14745288855613084

1.575331797437674 -0.8670728816131155 -0.10217926074579972 1.15415978147607 1.1637127481612635 0.14240325486324842
1.575331797437674 -0.8670728816131155 -0.10217926074579972 1.15415978147607 1.1637127481612635 0.14240325486324842
1.575331797437674 -0.8670728816131155 -0.10217926074579972 1.15415978147607 1.1637127481612635 0.14240325486324842
1.575331797437674 -0.8670728816131155 -0.10217926074579972 1.15415978147607 1.1637127481612635 0.14240325486324842
1.575331797437674 -0.8670728816131155 -0.10217926074579972 1.15415978147607 1.1637127481612635 0.14240325486324842
1.575331797437674 -0.8670728816131155 -0.10217926074579972 1.15415978147607 1.1637127481612635 0.14240325486324842
1.575331797437674 -0.8670728816131155 -0.10217926074579972 1.15415978147607 1.1637127481612635 0.14240325486324842

-2.0774477463400456 -1.1654858990885466 0.189995111019091 1.095571207031977 0.9851454165430741 0.13454974988661053
-2.0774477463400456 -1.1654858990885466 0.189995111019091 1.095571207031977 0.9851454165430741 0.13454974988661053
-2.0774477463400456 -1.1654858990885466 0.189995111019091 1.095571207031977 0.9851454165430741 0.13454974988661053
-2.0774477463400456 -1.1654858990885466 0.189995111019091 1.095571207031977 0.9851454165430741 0.13454974988661053
-2.0774477463400456 -1.1654858990885466 0.189995111019091 1.095571207031977 0.9851454165430741 0.13454974988661053
-2.0774477463400456 -1.1654858990885466 0.189995111019091 1.095571207031977 0.9851454165430741 0.13454974988661053
-2.0774477463400456 -1.1654858990885466 0.189995111019091 1.095571207031977 0.9851454165430741 0.13454974988661053

1.8210852872528982 -1.1502594680793121 -2.121241577344805 0.8805243483908287 0.9241435411407043 0.13631530299370398
1.8210852872528982 -1.1502594680793121 -2.121241577344805 0.8805243483908287 0.9241435411407043 0.13631530299370398
1.8210852872528982 -1.1502594680793121 -2.121241577344805 0.8805243483908287 0.9241435411407043 0.13631530299370398
1.8210852872528982 -1.1502594680793121 -2.121241577344805 0.8805243483908287 0.9241435411407043 0.13631530299370398
1.8210852872528982 -1.1502594680793121 -2.121241577344805 0.8805243483908287 0.9241435411407043 0.13631530299370398
1.8210852872528982 -1.1502594680793121 -2.121241577344805 0.8805243483908287 0.9241435411407043 0.13631530299370398
1.8210852872528982 -1.1502594680793121 -2.121241577344805 0.8805243483908287 0.9241435411407043 0.13631530299370398

2.4658582228753 -0.5304302786318148 -2.3402597301898505 1.1590564048541028 1.1570068706252652 0.136892021907936
2.4658582228753 -0.5304302786318148 -2.3402597301898505 1.1590564048541028 1.1570068706252652 0.136892021907936
2.4658582228753 -0.5304302786318148 -2.3402597301898505 1.1590564048541028 1.1570068706252652 0.136892021907936
2.4658582228753 -0.5304302786318148 -2.3402597301898505 1.1590564048541028 1.1570068706252652 0.136892021907936
2.4658582228753 -0.5304302786318148 -2.3402597301898505 1.1590564048541028 1.1570068706252652 0.136892021907936
2.4658582228753 -0.5304302786318148 -2.3402597301898505 1.1590564048541028 1.1570068706252652 0.136892021907936
2.4658582228753 -0.5304302786318148 -2.3402597301898505 1.1590564048541028 1.1570068706252652 0.136892021907936

2.8011169785728542 0.6869687034316956 2.502593557145917 0.4471429751694416 1.1578162980372673 0.13604914588268058
2.8011169785728542 0.6869687034316956 2.502593557145917 0.4471429751694416 1.1578162980372673 0.13604914588268058
2.8011169785728542 0.6869687034316956 2.502593557145917 0.4471429751694416 1.1578162980372673 0.13604914588268058
2.8011169785728542 0.6869687034316956 2.502593557145917 0.4471429751694416 1.1578162980372673 0.13604914588268058
2.8011169785728542 0.6869687034316956 2.502593557145917 0.4471429751694416 1.1578162980372673 0.13604914588268058
2.8011169785728542 0.6869687034316956 2.502593557145917 0.4471429751694416 1.1578162980372673 0.13604914588268058
2.8011169785728542 0.6869687034316956 2.502593557145917 0.4471429751694416 1.1578162980372673 0.13604914588268058

2.3644438805936576 0.10775590469315793 -1.1137659400927116 1.0942364765862145 1.4386388332547198 0.1483298802684197
2.3644438805936576 0.10775590469315793 -1.1137659400927116 1.0942364765862145 1.4386388332547198 0.1483298802684197
2.3644438805936576 0.10775590469315793 -1.1137659400927116 1.0942364765862145 1.4386388332547198 0.1483298802684197
2.3644438805936576 0.10775590469315793 -1.1137659400927116 1.0942364765862145 1.4386388332547198 0.1483298802684197
2.3644438805936576 0.10775590469315793 -1.1137659400927116 1.0942364765862145 1.4386388332547198 0.1483298802684197
2.3644438805936576 0.10775590469315793 -1.1137659400927116 1.0942364765862145 1.4386388332547198 0.1483298802684197
2.3644438805936576 0.10775590469315793 -1.1137659400927116 1.0942364765862145 1.4386388332547198 0.1483298802684197

2.4399854514342745 0.1310439302341345 -2.8763199642265076 0.7458641047820589 1.0134990523823932 0.13676395123711446
2.4399854514342745 0.1310439302341345 -2.8763199642265076 0.7458641047820589 1.0134990523823932 0.13676395123711446
2.4399854514342745 0.1310439302341345 -2.8763199642265076 0.7458641047820589 1.0134990523823932 0.13676395123711446
2.4399854514342745 0.1310439302341345 -2.8763199642265076 0.7458641047820589 1.0134990523823932 0.13676395123711446
2.4399854514342745 0.1310439302341345 -2.8763199642265076 0.7458641047820589 1.0134990523823932 0.13676395123711446
2.4399854514342745 0.1310439302341345 -2.8763199642265076 0.7458641047820589 1.0134990523823932 0.13676395123711446
2.4399854514342745 0.1310439302341345 -2.8763199642265076 0.7458641047820589 1.0134990523823932 0.13676395123711446

2.157786969703988 -0.019369357898955917 1.181766431305833 0.6179403694367823 0.9220250111636574 0.14375058017897435
2.157786969703988 -0.019369357898955917 1.181766431305833 0.6179403694367823 0.9220250111636574 0.14375058017897435
2.157786969703988 -0.019369357898955917 1.181766431305833 0.6179403694367823 0.9220250111636574 0.14375058017897435
2.157786969703988 -0.019369357898955917 1.181766431305833 0.6179403694367823 0.9220250111636574 0.14375058017897435
2.157786969703988 -0.019369357898955917 1.181766431305833 0.6179403694367823 0.9220250111636574 0.14375058017897435
2.157786969703988 -0.019369357898955917 1.181766431305833 0.6179403694367823 0.9220250111636574 0.14375058017897435
2.157786969703988 -0.019369357898955917 1.181766431305833 0.6179403694367823 0.9220250111636574 0.14375058017897435

1.7480772026969003 -0.7110740780420166 2.3509677296088616 0.6611818983462422 1.183868886332703 0.14149157232405904
1.7480772026969003 -0.7110740780420166 2.3509677296088616 0.6611818983462422 1.183868886332703 0.14149157232405904
1.7480772026969003 -0.7110740780420166 2.3509677296088616 0.6611818983462422 1.183868886332703 0.14149157232405904
1.7480772026969003 -0.7110740780420166 2.3509677296088616 0.6611818983462422 1.183868886332703 0.14149157232405904
1.7480772026969003 -0.7110740780420166 2.3509677296088616 0.6611818983462422 1.183868886332703 0.14149157232405904
1.7480772026969003 -0.7110740780420166 2.3509677296088616 0.6611818983462422 1.183868886332703 0.14149157232405904
1.7480772026969003 -0.7110740780420166 2.3509677296088616 0.6611818983462422 1.183868886332703 0.14149157232405904

-2.550470125268436 0.6618407553856174 -0.9753538848166436 0.48528736656138294 1.0365727539511265 0.13025209977516305
-2.550470125268436 0.6618407553856174 -0.9753538848166436 0.48528736656138294 1.0365727539511265 0.13025209977516305
-2.550470125268436 0.6618407553856174 -0.9753538848166436 0.48528736656138294 1.0365727539511265 0.13025209977516305
-2.550470125268436 0.6618407553856174 -0.9753538848166436 0.48528736656138294 1.0365727539511265 0.13025209977516305
-2.550470125268436 0.6618407553856174 -0.9753538848166436 0.48528736656138294 1.0365727539511265 0.13025209977516305
-2.550470125268436 0.6618407553856174 -0.9753538848166436 0.48528736656138294 1.0365727539511265 0.13025209977516305
-2.550470125268436 0.6618407553856174 -0.9753538848166436 0.48528736656138294 1.0365727539511265 0.13025209977516305

2.3845379537055877 0.4026860565074485 2.9392163344309035 0.8309971012163893 0.9504956122637996 0.13078071397310206
2.3845379537055877 0.4026860565074485 2.9392163344309035 0.8309971012163893 0.9504956122637996 0.13078071397310206
2.3845379537055877 0.4026860565074485 2.9392163344309035 0.8309971012163893 0.9504956122637996 0.13078071397310206
2.3845379537055877 0.4026860565074485 2.9392163344309035 0.8309971012163893 0.9504956122637996 0.13078071397310206
2.3845379537055877 0.4026860565074485 2.9392163344309035 0.8309971012163893 0.9504956122637996 0.13078071397310206
2.3845379537055877 0.4026860565074485 2.9392163344309035 0.8309971012163893 0.9504956122637996 0.13078071397310206
2.3845379537055877 0.4026860565074485 2.9392163344309035 0.8309971012163893 0.9504956122637996 0.13078071397310206

-2.0921578762463753 1.0548645214875851 0.7962133486380408 0.8985449145203712 1.5741279473467755 0.1444515099327556
-2.0921578762463753 1.0548645214875851 0.7962133486380408 0.8985449145203712 1.5741279473467755 0.1444515099327556
-2.0921578762463753 1.0548645214875851 0.7962133486380408 0.8985449145203712 1.5741279473467755 0.1444515099327556
-2.0921578762463753 1.0548645214875851 0.7962133486380408 0.8985449145203712 1.5741279473467755 0.1444515099327556
-2.0921578762463753 1.0548645214875851 0.7962133486380408 0.8985449145203712 1.5741279473467755 0.1444515099327556
-2.0921578762463753 1.0548645214875851 0.7962133486380408 0.8985449145203712 1.5741279473467755 0.1444515099327556
-2.0921578762463753 1.0548645214875851 0.7962133486380408 0.8985449145203712 1.5741279473467755 0.1444515099327556

2.170105093807117 -0.07329593306202353 -2.6700988487671586 0.7542213403389288 0.8334836053289036 0.13593280205812897
2.170105093807117 -0.07329593306202353 -2.6700988487671586 0.7542213403389288 0.8334836053289036 0.13593280205812897
2.170105093807117 -0.07329593306202353 -2.6700988487671586 0.7542213403389288 0.8334836053289036 0.13593280205812897
2.170105093807117 -0.07329593306202353 -2.6700988487671586 0.7542213403389288 0.8334836053289036 0.13593280205812897
2.170105093807117 -0.07329593306202353 -2.6700988487671586 0.7542213403389288 0.8334836053289036 0.13593280205812897
2.170105093807117 -0.07329593306202353 -2.6700988487671586 0.7542213403389288 0.8334836053289036 0.13593280205812897
2.170105093807117 -0.07329593306202353 -2.6700988487671586 0.7542213403389288 0.8334836053289036 0.13593280205812897

-2.2618887577803113 -0.23269998542831685 1.7956858883440538 0.9632611636459895 1.018606505852917 0.13005274273011042
-2.2618887577803113 -0.23269998542831685 1.7956858883440538 0.9632611636459895 1.018606505852917 0.13005274273011042
-2.2618887577803113 -0.23269998542831685 1.7956858883440538 0.9632611636459895 1.018606505852917 0.13005274273011042
-2.2618887577803113 -0.23269998542831685 1.7956858883440538 0.9632611636459895 1.018606505852917 0.13005274273011042
-2.2618887577803113 -0.23269998542831685 1.7956858883440538 0.9632611636459895 1.018606505852917 0.13005274273011042
-2.2618887577803113 -0.23269998542831685 1.7956858883440538 0.9632611636459895 1.018606505852917 0.13005274273011042
-2.2618887577803113 -0.23269998542831685 1.7956858883440538 0.9632611636459895 1.018606505852917 0.13005274273011042

1.5552092991655488 0.022765188851544063 -0.9657433383064047 1.1111317090989363 1.0651236199208083 0.13324599119487907
1.5552092991655488 0.022765188851544063 -0.9657433383064047 1.1111317090989363 1.0651236199208083 0.13324599119487907
1.5552092991655488 0.022765188851544063 -0.9657433383064047 1.1111317090989363 1.0651236199208083 0.13324599119487907
1.5552092991655488 0.022765188851544063 -0.9657433383064047 1.1111317090989363 1.0651236199208083 0.13324599119487907
1.5552092991655488 0.022765188851544063 -0.9657433383064047 1.1111317090989363 1.0651236199208083 0.13324599119487907
1.5552092991655488 0.022765188851544063 -0.9657433383064047 1.1111317090989363 1.0651236199208083 0.13324599119487907
1.5552092991655488 0.022765188851544063 -0.9657433383064047 1.1111317090989363 1.0651236199208083 0.13324599119487907

0.8251853389274563 0.10610086099909465 1.5495342382682924 0.4194704134129148 1.0839879107048915 0.1471337909254699
0.8251853389274563 0.10610086099909465 1.5495342382682924 0.4194704134129148 1.0839879107048915 0.1471337909254699
0.8251853389274563 0.10610086099909465 1.5495342382682924 0.4194704134129148 1.0839879107048915 0.1471337909254699
0.8251853389274563 0.10610086099909465 1.5495342382682924 0.4194704134129148 1.0839879107048915 0.1471337909254699
0.8251853389274563 0.10610086099909465 1.5495342382682924 0.4194704134129148 1.0839879107048915 0.1471337909254699
0.8251853389274563 0.10610086099909465 1.5495342382682924 0.4194704134129148 1.0839879107048915 0.1471337909254699
0.8251853389274563 0.10610086099909465 1.5495342382682924 0.4194704134129148 1.0839879107048915 0.1471337909254699

-2.3690980170570386 0.7537168556012152 1.5384480309800423 0.885234827790142 1.1223106750600587 0.14264900348820195
-2.3690980170570386 0.7537168556012152 1.5384480309800423 0.885234827790142 1.1223106750600587 0.14264900348820195
-2.3690980170570386 0.7537168556012152 1.5384480309800423 0.885234827790142 1.1223106750600587 0.14264900348820195
-2.3690980170570386 0.7537168556012152 1.5384480309800423 0.885234827790142 1.1223106750600587 0.14264900348820195
-2.3690980170570386 0.7537168556012152 1.5384480309800423 0.885234827790142 1.1223106750600587 0.14264900348820195
-2.3690980170570386 0.7537168556012152 1.5384480309800423 0.885234827790142 1.1223106750600587 0.14264900348820195
-2.3690980170570386 0.7537168556012152 1.5384480309800423 0.885234827790142 1.1223106750600587 0.14264900348820195

2.5505899477569356 -0.47028989079548605 1.5835403708125821 0.37795909538368344 1.3110460169580833 0.1384820966399612
2.5505899477569356 -0.47028989079548605 1.5835403708125821 0.37795909538368344 1.3110460169580833 0.1384820966399612
2.5505899477569356 -0.47028989079548605 1.5835403708125821 0.37795909538368344 1.3110460169580833 0.1384820966399612
2.5505899477569356 -0.47028989079548605 1.5835403708125821 0.37795909538368344 1.3110460169580833 0.1384820966399612
2.5505899477569356 -0.47028989079548605 1.5835403708125821 0.37795909538368344 1.3110460169580833 0.1384820966399612
2.5505899477569356 -0.47028989079548605 1.5835403708125821 0.37795909538368344 1.3110460169580833 0.1384820966399612
2.5505899477569356 -0.47028989079548605 1.5835403708125821 0.37795909538368344 1.3110460169580833 0.1384820966399612

-2.30846673130549 -0.5774607021512627 -0.900539615445742 0.6841183437034873 1.0034770261942703 0.14766076664755368
-2.30846673130549 -0.5774607021512627 -0.900539615445742 0.6841183437034873 1.0034770261942703 0.14766076664755368
-2.30846673130549 -0.5774607021512627 -0.900539615445742 0.6841183437034873 1.0034770261942703 0.14766076664755368
-2.30846673130549 -0.5774607021512627 -0.900539615445742 0.6841183437034873 1.0034770261942703 0.14766076664755368
-2.30846673130549 -0.5774607021512627 -0.900539615445742 0.6841183437034873 1.0034770261942703 0.14766076664755368
-2.30846673130549 -0.5774607021512627 -0.900539615445742 0.6841183437034873 1.0034770261942703 0.14766076664755368
-2.30846673130549 -0.5774607021512627 -0.900539615445742 0.6841183437034873 1.0034770261942703 0.14766076664755368

-2.0075081753168287 -0.4281893621869012 0.792417700984157 1.0288452035100009 1.4008674402334227 0.1444379485904138
-2.0075081753168287 -0.4281893621869012 0.792417700984157 1.0288452035100009 1.4008674402334227 0.1444379485904138
-2.0075081753168287 -0.4281893621869012 0.792417700984157 1.0288452035100009 1.4008674402334227 0.1444379485904138
-2.0075081753168287 -0.4281893621869012 0.792417700984157 1.0288452035100009 1.4008674402334227 0.1444379485904138
-2.0075081753168287 -0.4281893621869012 0.792417700984157 1.0288452035100009 1.4008674402334227 0.1444379485904138
-2.0075081753168287 -0.4281893621869012 0.792417700984157 1.0288452035100009 1.4008674402334227 0.1444379485904138
-2.0075081753168287 -0.4281893621869012 0.792417700984157 1.0288452035100009 1.4008674402334227 0.1444379485904138

1.9644258560256116 0.07769982927892041 0.11409616334555414 0.973891106061854 1.3442265104948818 0.14896189052112252
1.9644258560256116 0.07769982927892041 0.11409616334555414 0.973891106061854 1.3442265104948818 0.14896189052112252
1.9644258560256116 0.07769982927892041 0.11409616334555414 0.973891106061854 1.3442265104948818 0.14896189052112252
1.9644258560256116 0.07769982927892041 0.11409616334555414 0.973891106061854 1.3442265104948818 0.14896189052112252
1.9644258560256116 0.07769982927892041 0.11409616334555414 0.973891106061854 1.3442265104948818 0.14896189052112252
1.9644258560256116 0.07769982927892041 0.11409616334555414 0.973891106061854 1.3442265104948818 0.14896189052112252
1.9644258560256116 0.07769982927892041 0.11409616334555414 0.973891106061854 1.3442265104948818 0.14896189052112252

1.1250076301891572 0.6378777998632165 -1.8847897349901424 0.6452695537397596 1.609723190478803 0.13861502493273728
1.1250076301891572 0.6378777998632165 -1.8847897349901424 0.6452695537397596 1.609723190478803 0.13861502493273728
1.1250076301891572 0.6378777998632165 -1.8847897349901424 0.6452695537397596 1.609723190478803 0.13861502493273728
1.1250076301891572 0.6378777998632165 -1.8847897349901424 0.6452695537397596 1.609723190478803 0.13861502493273728
1.1250076301891572 0.6378777998632165 -1.8847897349901424 0.6452695537397596 1.609723190478803 0.13861502493273728
1.1250076301891572 0.6378777998632165 -1.8847897349901424 0.6452695537397596 1.609723190478803 0.13861502493273728
1.1250076301891572 0.6378777998632165 -1.8847897349901424 0.6452695537397596 1.609723190478803 0.13861502493273728

-2.2450126922976694 -0.3849489955074493 3.097471108854287 0.45448526153554475 1.5151210796105898 0.14557415072695806
-2.2450126922976694 -0.3849489955074493 3.097471108854287 0.45448526153554475 1.5151210796105898 0.14557415072695806
-2.2450126922976694 -0.3849489955074493 3.097471108854287 0.45448526153554475 1.5151210796105898 0.14557415072695806
-2.2450126922976694 -0.3849489955074493 3.097471108854287 0.45448526153554475 1.5151210796105898 0.14557415072695806
-2.2450126922976694 -0.3849489955074493 3.097471108854287 0.45448526153554475 1.5151210796105898 0.14557415072695806
-2.2450126922976694 -0.3849489955074493 3.097471108854287 0.45448526153554475 1.5151210796105898 0.14557415072695806
-2.2450126922976694 -0.3849489955074493 3.097471108854287 0.45448526153554475 1.5151210796105898 0.14557415072695806

-1.5180970546490922 0.21366885568170618 -1.0532743267181937 0.5727659437553112 1.5619662903740443 0.1478105611971672
-1.5180970546490922 0.21366885568170618 -1.0532743267181937 0.5727659437553112 1.5619662903740443 0.1478105611971672
-1.5180970546490922 0.21366885568170618 -1.0532743267181937 0.5727659437553112 1.5619662903740443 0.1478105611971672
-1.5180970546490922 0.21366885568170618 -1.0532743267181937 0.5727659437553112 1.5619662903740443 0.1478105611971672
-1.5180970546490922 0.21366885568170618 -1.0532743267181937 0.5727659437553112 1.5619662903740443 0.1478105611971672
-1.5180970546490922 0.21366885568170618 -1.0532743267181937 0.5727659437553112 1.5619662903740443 0.1478105611971672
-1.5180970546490922 0.21366885568170618 -1.0532743267181937 0.5727659437553112 1.5619662903740443 0.1478105611971672

1.1900781020086861 -1.1608489793128676 -2.820065739518423 0.6580889075458968 1.2030695204546853 0.14436514486475643
1.1900781020086861 -1.1608489793128676 -2.820065739518423 0.6580889075458968 1.2030695204546853 0.14436514486475643
1.1900781020086861 -1.1608489793128676 -2.820065739518423 0.6580889075458968 1.2030695204546853 0.14436514486475643
1.1900781020086861 -1.1608489793128676 -2.820065739518423 0.6580889075458968 1.2030695204546853 0.14436514486475643
1.1900781020086861 -1.1608489793128676 -2.820065739518423 0.6580889075458968 1.2030695204546853 0.14436514486475643
1.1900781020086861 -1.1608489793128676 -2.820065739518423 0.6580889075458968 1.2030695204546853 0.14436514486475643
1.1900781020086861 -1.1608489793128676 -2.820065739518423 0.6580889075458968 1.2030695204546853 0.14436514486475643

-2.435946728704928 -0.6929147318240071 0.5694426366514788 0.7620417086561805 1.0212590551362866 0.14971666802163053
-2.435946728704928 -0.6929147318240071 0.5694426366514788 0.7620417086561805 1.0212590551362866 0.14971666802163053
-2.435946728704928 -0.6929147318240071 0.5694426366514788 0.7620417086561805 1.0212590551362866 0.14971666802163053
-2.435946728704928 -0.6929147318240071 0.5694426366514788 0.7620417086561805 1.0212590551362866 0.14971666802163053
-2.435946728704928 -0.6929147318240071 0.5694426366514788 0.7620417086561805 1.0212590551362866 0.14971666802163053
-2.435946728704928 -0.6929147318240071 0.5694426366514788 0.7620417086561805 1.0212590551362866 0.14971666802163053
-2.435946728704928 -0.6929147318240071 0.5694426366514788 0.7620417086561805 1.0212590551362866 0.14971666802163053

2.0257144418082533 0.25672903684694115 -0.947105309814175 0.9318889842827158 0.8577359797784969 0.136539705501104
2.0257144418082533 0.25672903684694115 -0.947105309814175 0.9318889842827158 0.8577359797784969 0.136539705501104
2.0257144418082533 0.25672903684694115 -0.947105309814175 0.9318889842827158 0.8577359797784969 0.136539705501104
2.0257144418082533 0.25672903684694115 -0.947105309814175 0.9318889842827158 0.8577359797784969 0.136539705501104
2.0257144418082533 0.25672903684694115 -0.947105309814175 0.9318889842827158 0.8577359797784969 0.136539705501104
2.0257144418082533 0.25672903684694115 -0.947105309814175 0.9318889842827158 0.8577359797784969 0.136539705501104
2.0257144418082533 0.25672903684694115 -0.947105309814175 0.9318889842827158 0.8577359797784969 0.136539705501104

1.5460409415968488 0.8069064432275288 -2.777510812613848 0.6957072732883243 1.0962377575858395 0.13280178141503474
1.5460409415968488 0.8069064432275288 -2.777510812613848 0.6957072732883243 1.0962377575858395 0.13280178141503474
1.5460409415968488 0.8069064432275288 -2.777510812613848 0.6957072732883243 1.0962377575858395 0.13280178141503474
1.5460409415968488 0.8069064432275288 -2.777510812613848 0.6957072732883243 1.0962377575858395 0.13280178141503474
1.5460409415968488 0.8069064432275288 -2.777510812613848 0.6957072732883243 1.0962377575858395 0.13280178141503474
1.5460409415968488 0.8069064432275288 -2.777510812613848 0.6957072732883243 1.0962377575858395 0.13280178141503474
1.5460409415968488 0.8069064432275288 -2.777510812613848 0.6957072732883243 1.0962377575858395 0.13280178141503474

2.008829380321463 -0.519102298205713 2.863969347075809 1.0726493169460392 1.1724105242359046 0.1449321653890033
2.008829380321463 -0.519102298205713 2.863969347075809 1.0726493169460392 1.1724105242359046 0.1449321653890033
2.008829380321463 -0.519102298205713 2.863969347075809 1.0726493169460392 1.1724105242359046 0.1449321653890033
2.008829380321463 -0.519102298205713 2.863969347075809 1.0726493169460392 1.1724105242359046 0.1449321653890033
2.008829380321463 -0.519102298205713 2.863969347075809 1.0726493169460392 1.1724105242359046 0.1449321653890033
2.008829380321463 -0.519102298205713 2.863969347075809 1.0726493169460392 1.1724105242359046 0.1449321653890033
2.008829380321463 -0.519102298205713 2.863969347075809 1.0726493169460392 1.1724105242359046 0.1449321653890033

2.321417228457379 0.8465046353843765 -2.8786207266490242 0.3360082509917536 1.2520484240905363 0.14571711957537709
2.321417228457379 0.8465046353843765 -2.8786207266490242 0.3360082509917536 1.2520484240905363 0.14571711957537709
2.321417228457379 0.8465046353843765 -2.8786207266490242 0.3360082509917536 1.2520484240905363 0.14571711957537709
2.321417228457379 0.8465046353843765 -2.8786207266490242 0.3360082509917536 1.2520484240905363 0.14571711957537709
2.321417228457379 0.8465046353843765 -2.8786207266490242 0.3360082509917536 1.2520484240905363 0.14571711957537709
2.321417228457379 0.8465046353843765 -2.8786207266490242 0.3360082509917536 1.2520484240905363 0.14571711957537709
2.321417228457379 0.8465046353843765 -2.8786207266490242 0.3360082509917536 1.2520484240905363 0.14571711957537709

1.0748453290984676 0.2904775903844968 -0.43077604511935863 0.8683520469703571 1.642819628284587 0.13988496295737324
1.0748453290984676 0.2904775903844968 -0.43077604511935863 0.8683520469703571 1.642819628284587 0.13988496295737324
1.0748453290984676 0.2904775903844968 -0.43077604511935863 0.8683520469703571 1.642819628284587 0.13988496295737324
1.0748453290984676 0.2904775903844968 -0.43077604511935863 0.8683520469703571 1.642819628284587 0.13988496295737324
1.0748453290984676 0.2904775903844968 -0.43077604511935863 0.8683520469703571 1.642819628284587 0.13988496295737324
1.0748453290984676 0.2904775903844968 -0.43077604511935863 0.8683520469703571 1.642819628284587 0.13988496295737324
1.0748453290984676 0.2904775903844968 -0.43077604511935863 0.8683520469703571 1.642819628284587 0.13988496295737324

2.1291268298898505 -0.26261717558866116 -0.6878227646883676 0.8548863585045392 1.2886356986926304 0.13168408484122307
2.1291268298898505 -0.26261717558866116 -0.6878227646883676 0.8548863585045392 1.2886356986926304 0.13168408484122307
2.1291268298898505 -0.26261717558866116 -0.6878227646883676 0.8548863585045392 1.2886356986926304 0.13168408484122307
2.1291268298898505 -0.26261717558866116 -0.6878227646883676 0.8548863585045392 1.2886356986926304 0.13168408484122307
2.1291268298898505 -0.26261717558866116 -0.6878227646883676 0.8548863585045392 1.2886356986926304 0.13168408484122307
2.1291268298898505 -0.26261717558866116 -0.6878227646883676 0.8548863585045392 1.2886356986926304 0.13168408484122307
2.1291268298898505 -0.26261717558866116 -0.6878227646883676 0.8548863585045392 1.2886356986926304 0.13168408484122307

1.042391774635272 0.15378136138432336 -2.6296422794835244 1.0427973346329147 1.5349961705697568 0.13319558551824107
1.042391774635272 0.15378136138432336 -2.6296422794835244 1.0427973346329147 1.5349961705697568 0.13319558551824107
1.042391774635272 0.15378136138432336 -2.6296422794835244 1.0427973346329147 1.5349961705697568 0.13319558551824107
1.042391774635272 0.15378136138432336 -2.6296422794835244 1.0427973346329147 1.5349961705697568 0.13319558551824107
1.042391774635272 0.15378136138432336 -2.6296422794835244 1.0427973346329147 1.5349961705697568 0.13319558551824107
1.042391774635272 0.15378136138432336 -2.6296422794835244 1.0427973346329147 1.5349961705697568 0.13319558551824107
1.042391774635272 0.15378136138432336 -2.6296422794835244 1.0427973346329147 1.5349961705697568 0.13319558551824107

2.3521095028366115 -1.240189510252943 2.4270402067659282 0.5305659667754825 1.1871848010607104 0.14328054447850613
2.3521095028366115 -1.240189510252943 2.4270402067659282 0.5305659667754825 1.1871848010607104 0.14328054447850613
2.3521095028366115 -1.240189510252943 2.4270402067659282 0.5305659667754825 1.1871848010607104 0.14328054447850613
2.3521095028366115 -1.240189510252943 2.4270402067659282 0.5305659667754825 1.1871848010607104 0.14328054447850613
2.3521095028366115 -1.240189510252943 2.4270402067659282 0.5305659667754825 1.1871848010607104 0.14328054447850613
2.3521095028366115 -1.240189510252943 2.4270402067659282 0.5305659667754825 1.1871848010607104 0.14328054447850613
2.3521095028366115 -1.240189510252943 2.4270402067659282 0.5305659667754825 1.1871848010607104 0.14328054447850613

-1.912519657797923 0.39216220363452536 -1.6102207409352443 0.7254783615518987 1.429810877734127 0.14254074593870952
-1.912519657797923 0.39216220363452536 -1.6102207409352443 0.7254783615518987 1.429810877734127 0.14254074593870952
-1.912519657797923 0.39216220363452536 -1.6102207409352443 0.7254783615518987 1.429810877734127 0.14254074593870952
-1.912519657797923 0.39216220363452536 -1.6102207409352443 0.7254783615518987 1.429810877734127 0.14254074593870952
-1.912519657797923 0.39216220363452536 -1.6102207409352443 0.7254783615518987 1.429810877734127 0.14254074593870952
-1.912519657797923 0.39216220363452536 -1.6102207409352443 0.7254783615518987 1.429810877734127 0.14254074593870952
-1.912519657797923 0.39216220363452536 -1.6102207409352443 0.7254783615518987 1.429810877734127 0.14254074593870952

-1.1774974497795838 0.6624345285547474 -2.9962169511398096 1.1072236134169366 1.3653008664734676 0.13068452238581074
-1.1774974497795838 0.6624345285547474 -2.9962169511398096 1.1072236134169366 1.3653008664734676 0.13068452238581074
-1.1774974497795838 0.6624345285547474 -2.9962169511398096 1.1072236134169366 1.3653008664734676 0.13068452238581074
-1.1774974497795838 0.6624345285547474 -2.9962169511398096 1.1072236134169366 1.3653008664734676 0.13068452238581074
-1.1774974497795838 0.6624345285547474 -2.9962169511398096 1.1072236134169366 1.3653008664734676 0.13068452238581074
-1.1774974497795838 0.6624345285547474 -2.9962169511398096 1.1072236134169366 1.3653008664734676 0.13068452238581074
-1.1774974497795838 0.6624345285547474 -2.9962169511398096 1.1072236134169366 1.3653008664734676 0.13068452238581074

1.7273852988565335 -0.7806429615924498 -0.24802621918130768 0.5658460726981336 1.382798108165689 0.1395271926588861
1.7273852988565335 -0.7806429615924498 -0.24802621918130768 0.5658460726981336 1.382798108165689 0.1395271926588861
1.7273852988565335 -0.7806429615924498 -0.24802621918130768 0.5658460726981336 1.382798108165689 0.1395271926588861
1.7273852988565335 -0.7806429615924498 -0.24802621918130768 0.5658460726981336 1.382798108165689 0.1395271926588861
1.7273852988565335 -0.7806429615924498 -0.24802621918130768 0.5658460726981336 1.382798108165689 0.1395271926588861
1.7273852988565335 -0.7806429615924498 -0.24802621918130768 0.5658460726981336 1.382798108165689 0.1395271926588861
1.7273852988565335 -0.7806429615924498 -0.24802621918130768 0.5658460726981336 1.382798108165689 0.1395271926588861

-1.5924365267859042 -0.19042526267903204 2.3411242199822655 0.8027387217233819 1.3434874460822719 0.13128864120818426
-1.5924365267859042 -0.19042526267903204 2.3411242199822655 0.8027387217233819 1.3434874460822719 0.13128864120818426
-1.5924365267859042 -0.19042526267903204 2.3411242199822655 0.8027387217233819 1.3434874460822719 0.13128864120818426
-1.5924365267859042 -0.19042526267903204 2.3411242199822655 0.8027387217233819 1.3434874460822719 0.13128864120818426
-1.5924365267859042 -0.19042526267903204 2.3411242199822655 0.8027387217233819 1.3434874460822719 0.13128864120818426
-1.5924365267859042 -0.19042526267903204 2.3411242199822655 0.8027387217233819 1.3434874460822719 0.13128864120818426
-1.5924365267859042 -0.19042526267903204 2.3411242199822655 0.8027387217233819 1.3434874460822719 0.13128864120818426

-1.932528698457946 0.4620864875469432 0.46611868091778713 0.6414768493051621 0.8492751252961586 0.14256588965738504
-1.932528698457946 0.4620864875469432 0.46611868091778713 0.6414768493051621 0.8492751252961586 0.14256588965738504
-1.932528698457946 0.4620864875469432 0.46611868091778713 0.6414768493051621 0.8492751252961586 0.14256588965738504
-1.932528698457946 0.4620864875469432 0.46611868091778713 0.6414768493051621 0.8492751252961586 0.14256588965738504
-1.932528698457946 0.4620864875469432 0.46611868091778713 0.6414768493051621 0.8492751252961586 0.14256588965738504
-1.932528698457946 0.4620864875469432 0.46611868091778713 0.6414768493051621 0.8492751252961586 0.14256588965738504
-1.932528698457946 0.4620864875469432 0.46611868091778713 0.6414768493051621 0.8492751252961586 0.14256588965738504

2.3948123286767635 0.2848128807970001 2.050717003776359 0.6803365825283876 1.5688066983684916 0.1479983652543111
2.3948123286767635 0.2848128807970001 2.050717003776359 0.6803365825283876 1.5688066983684916 0.1479983652543111
2.3948123286767635 0.2848128807970001 2.050717003776359 0.6803365825283876 1.5688066983684916 0.1479983652543111
2.3948123286767635 0.2848128807970001 2.050717003776359 0.6803365825283876 1.5688066983684916 0.1479983652543111
2.3948123286767635 0.2848128807970001 2.050717003776359 0.6803365825283876 1.5688066983684916 0.1479983652543111
2.3948123286767635 0.2848128807970001 2.050717003776359 0.6803365825283876 1.5688066983684916 0.1479983652543111
2.3948123286767635 0.2848128807970001 2.050717003776359 0.6803365825283876 1.5688066983684916 0.1479983652543111

2.6446757929844873 0.8794046251017396 0.33560025849029385 0.6302766790804348 1.5492669944740878 0.1476025174762347
2.6446757929844873 0.8794046251017396 0.33560025849029385 0.6302766790804348 1.5492669944740878 0.1476025174762347
2.6446757929844873 0.8794046251017396 0.33560025849029385 0.6302766790804348 1.5492669944740878 0.1476025174762347
2.6446757929844873 0.8794046251017396 0.33560025849029385 0.6302766790804348 1.5492669944740878 0.1476025174762347
2.6446757929844873 0.8794046251017396 0.33560025849029385 0.6302766790804348 1.5492669944740878 0.1476025174762347
2.6446757929844873 0.8794046251017396 0.33560025849029385 0.6302766790804348 1.5492669944740878 0.1476025174762347
2.6446757929844873 0.8794046251017396 0.33560025849029385 0.6302766790804348 1.5492669944740878 0.1476025174762347

1.7725185871463347 -0.9958881875050442 -1.3734914421944573 0.6560882472857312 1.4452326958855686 0.1390650153456127
1.7725185871463347 -0.9958881875050442 -1.3734914421944573 0.6560882472857312 1.4452326958855686 0.1390650153456127
1.7725185871463347 -0.9958881875050442 -1.3734914421944573 0.6560882472857312 1.4452326958855686 0.1390650153456127
1.7725185871463347 -0.9958881875050442 -1.3734914421944573 0.6560882472857312 1.4452326958855686 0.1390650153456127
1.7725185871463347 -0.9958881875050442 -1.3734914421944573 0.6560882472857312 1.4452326958855686 0.1390650153456127
1.7725185871463347 -0.9958881875050442 -1.3734914421944573 0.6560882472857312 1.4452326958855686 0.1390650153456127
1.7725185871463347 -0.9958881875050442 -1.3734914421944573 0.6560882472857312 1.4452326958855686 0.1390650153456127

1.6350977324018547 -0.7331145710115737 -0.6208491161513938 0.6919368019634804 1.3566946020066908 0.136158796848233
1.6350977324018547 -0.7331145710115737 -0.6208491161513938 0.6919368019634804 1.3566946020066908 0.136158796848233
1.6350977324018547 -0.7331145710115737 -0.6208491161513938 0.6919368019634804 1.3566946020066908 0.136158796848233
1.6350977324018547 -0.7331145710115737 -0.6208491161513938 0.6919368019634804 1.3566946020066908 0.136158796848233
1.6350977324018547 -0.7331145710115737 -0.6208491161513938 0.6919368019634804 1.3566946020066908 0.136158796848233
1.6350977324018547 -0.7331145710115737 -0.6208491161513938 0.6919368019634804 1.3566946020066908 0.136158796848233
1.6350977324018547 -0.7331145710115737 -0.6208491161513938 0.6919368019634804 1.3566946020066908 0.136158796848233

1.62123577361521 0.02249930268459722 -0.2363081711086011 0.734364032986589 1.5231566184077117 0.14528683299240583
1.62123577361521 0.02249930268459722 -0.2363081711086011 0.734364032986589 1.5231566184077117 0.14528683299240583
1.62123577361521 0.02249930268459722 -0.2363081711086011 0.734364032986589 1.5231566184077117 0.14528683299240583
1.62123577361521 0.02249930268459722 -0.2363081711086011 0.734364032986589 1.5231566184077117 0.14528683299240583
1.62123577361521 0.02249930268459722 -0.2363081711086011 0.734364032986589 1.5231566184077117 0.14528683299240583
1.62123577361521 0.02249930268459722 -0.2363081711086011 0.734364032986589 1.5231566184077117 0.14528683299240583
1.62123577361521 0.02249930268459722 -0.2363081711086011 0.734364032986589 1.5231566184077117 0.14528683299240583

1.9413877063969212 0.40995659848200006 0.5092742559984512 0.4528367458442143 1.1260725668324374 0.1321038453472997
1.9413877063969212 0.40995659848200006 0.5092742559984512 0.4528367458442143 1.1260725668324374 0.1321038453472997
1.9413877063969212 0.40995659848200006 0.5092742559984512 0.4528367458442143 1.1260725668324374 0.1321038453472997
1.9413877063969212 0.40995659848200006 0.5092742559984512 0.4528367458442143 1.1260725668324374 0.1321038453472997
1.9413877063969212 0.40995659848200006 0.5092742559984512 0.4528367458442143 1.1260725668324374 0.1321038453472997
1.9413877063969212 0.40995659848200006 0.5092742559984512 0.4528367458442143 1.1260725668324374 0.1321038453472997
1.9413877063969212 0.40995659848200006 0.5092742559984512 0.4528367458442143 1.1260725668324374 0.1321038453472997

-1.9783587728879295 -0.7736187399201211 -0.1926865509206529 0.9321525414840525 1.0381532101303894 0.14142755550974645
-1.9783587728879295 -0.7736187399201211 -0.1926865509206529 0.9321525414840525 1.0381532101303894 0.14142755550974645
-1.9783587728879295 -0.7736187399201211 -0.1926865509206529 0.9321525414840525 1.0381532101303894 0.14142755550974645
-1.9783587728879295 -0.7736187399201211 -0.1926865509206529 0.9321525414840525 1.0381532101303894 0.14142755550974645
-1.9783587728879295 -0.7736187399201211 -0.1926865509206529 0.9321525414840525 1.0381532101303894 0.14142755550974645
-1.9783587728879295 -0.7736187399201211 -0.1926865509206529 0.9321525414840525 1.0381532101303894 0.14142755550974645
-1.9783587728879295 -0.7736187399201211 -0.1926865509206529 0.9321525414840525 1.0381532101303894 0.14142755550974645

1.5811743349830962 -1.0142728984315967 -1.5063544154774358 0.7634506652731838 1.4659097136477555 0.14780355414023022
1.5811743349830962 -1.0142728984315967 -1.5063544154774358 0.7634506652731838 1.4659097136477555 0.14780355414023022
1.5811743349830962 -1.0142728984315967 -1.5063544154774358 0.7634506652731838 1.4659097136477555 0.14780355414023022
1.5811743349830962 -1.0142728984315967 -1.5063544154774358 0.7634506652731838 1.4659097136477555 0.14780355414023022
1.5811743349830962 -1.0142728984315967 -1.5063544154774358 0.7634506652731838 1.4659097136477555 0.14780355414023022
1.5811743349830962 -1.0142728984315967 -1.5063544154774358 0.7634506652731838 1.4659097136477555 0.14780355414023022
1.5811743349830962 -1.0142728984315967 -1.5063544154774358 0.7634506652731838 1.4659097136477555 0.14780355414023022

1.5058380005654712 0.154952153605086 0.7881903629812487 0.6559473891541792 1.3034928827183505 0.13590886204383645
1.5058380005654712 0.154952153605086 0.7881903629812487 0.6559473891541792 1.3034928827183505 0.13590886204383645
1.5058380005654712 0.154952153605086 0.7881903629812487 0.6559473891541792 1.3034928827183505 0.13590886204383645
1.5058380005654712 0.154952153605086 0.7881903629812487 0.6559473891541792 1.3034928827183505 0.13590886204383645
1.5058380005654712 0.154952153605086 0.7881903629812487 0.6559473891541792 1.3034928827183505 0.13590886204383645
1.5058380005654712 0.154952153605086 0.7881903629812487 0.6559473891541792 1.3034928827183505 0.13590886204383645
1.5058380005654712 0.154952153605086 0.7881903629812487 0.6559473891541792 1.3034928827183505 0.13590886204383645

-1.6918985878364088 -0.5580904139141979 0.7931733329881829 0.9974403059467043 1.342682493839623 0.13546238531497745
-1.6918985878364088 -0.5580904139141979 0.7931733329881829 0.9974403059467043 1.342682493839623 0.13546238531497745
-1.6918985878364088 -0.5580904139141979 0.7931733329881829 0.9974403059467043 1.342682493839623 0.13546238531497745
-1.6918985878364088 -0.5580904139141979 0.7931733329881829 0.9974403059467043 1.342682493839623 0.13546238531497745
-1.6918985878364088 -0.5580904139141979 0.7931733329881829 0.9974403059467043 1.342682493839623 0.13546238531497745
-1.6918985878364088 -0.5580904139141979 0.7931733329881829 0.9974403059467043 1.342682493839623 0.13546238531497745
-1.6918985878364088 -0.5580904139141979 0.7931733329881829 0.9974403059467043 1.342682493839623 0.13546238531497745

2.345027236504289 -0.33982354416724814 -1.48019529736846 1.0042316740097825 1.4582538732207424 0.13856833307020314
2.345027236504289 -0.33982354416724814 -1.48019529736846 1.0042316740097825 1.4582538732207424 0.13856833307020314
2.345027236504289 -0.33982354416724814 -1.48019529736846 1.0042316740097825 1.4582538732207424 0.13856833307020314
2.345027236504289 -0.33982354416724814 -1.48019529736846 1.0042316740097825 1.4582538732207424 0.13856833307020314
2.345027236504289 -0.33982354416724814 -1.48019529736846 1.0042316740097825 1.4582538732207424 0.13856833307020314
2.345027236504289 -0.33982354416724814 -1.48019529736846 1.0042316740097825 1.4582538732207424 0.13856833307020314
2.345027236504289 -0.33982354416724814 -1.48019529736846 1.0042316740097825 1.4582538732207424 0.13856833307020314

0.9614511752740642 -0.8136801785196733 -2.6597510181401343 0.7755199150248157 0.9252302496855437 0.13846207465172455
0.9614511752740642 -0.8136801785196733 -2.6597510181401343 0.7755199150248157 0.9252302496855437 0.13846207465172455
0.9614511752740642 -0.8136801785196733 -2.6597510181401343 0.7755199150248157 0.9252302496855437 0.13846207465172455
0.9614511752740642 -0.8136801785196733 -2.6597510181401343 0.7755199150248157 0.9252302496855437 0.13846207465172455
0.9614511752740642 -0.8136801785196733 -2.6597510181401343 0.7755199150248157 0.9252302496855437 0.13846207465172455
0.9614511752740642 -0.8136801785196733 -2.6597510181401343 0.7755199150248157 0.9252302496855437 0.13846207465172455
0.9614511752740642 -0.8136801785196733 -2.6597510181401343 0.7755199150248157 0.9252302496855437 0.13846207465172455

2.5113800215629456 -0.7018089554655762 -1.8208912024448005 0.7923762509579846 1.4799311120027203 0.13907327547636544
2.5113800215629456 -0.7018089554655762 -1.8208912024448005 0.7923762509579846 1.4799311120027203 0.13907327547636544
2.5113800215629456 -0.7018089554655762 -1.8208912024448005 0.7923762509579846 1.4799311120027203 0.13907327547636544
2.5113800215629456 -0.7018089554655762 -1.8208912024448005 0.7923762509579846 1.4799311120027203 0.13907327547636544
2.5113800215629456 -0.7018089554655762 -1.8208912024448005 0.7923762509579846 1.4799311120027203 0.13907327547636544
2.5113800215629456 -0.7018089554655762 -1.8208912024448005 0.7923762509579846 1.4799311120027203 0.13907327547636544
2.5113800215629456 -0.7018089554655762 -1.8208912024448005 0.7923762509579846 1.4799311120027203 0.13907327547636544

1.9461394162528436 0.3361463287921008 -2.695465898490852 0.8740989994906081 1.051904938812405 0.14520713524835957
1.9461394162528436 0.3361463287921008 -2.695465898490852 0.8740989994906081 1.051904938812405 0.14520713524835957
1.9461394162528436 0.3361463287921008 -2.695465898490852 0.8740989994906081 1.051904938812405 0.14520713524835957
1.9461394162528436 0.3361463287921008 -2.695465898490852 0.8740989994906081 1.051904938812405 0.14520713524835957
1.9461394162528436 0.3361463287921008 -2.695465898490852 0.8740989994906081 1.051904938812405 0.14520713524835957
1.9461394162528436 0.3361463287921008 -2.695465898490852 0.8740989994906081 1.051904938812405 0.14520713524835957
1.9461394162528436 0.3361463287921008 -2.695465898490852 0.8740989994906081 1.051904938812405 0.14520713524835957

2.286224026179159 -0.0048158532723738615 -0.06082352986912432 0.7785955882982484 1.3859528405486952 0.1378118414448168
2.286224026179159 -0.0048158532723738615 -0.06082352986912432 0.7785955882982484 1.3859528405486952 0.1378118414448168
2.286224026179159 -0.0048158532723738615 -0.06082352986912432 0.7785955882982484 1.3859528405486952 0.1378118414448168
2.286224026179159 -0.0048158532723738615 -0.06082352986912432 0.7785955882982484 1.3859528405486952 0.1378118414448168
2.286224026179159 -0.0048158532723738615 -0.06082352986912432 0.7785955882982484 1.3859528405486952 0.1378118414448168
2.286224026179159 -0.0048158532723738615 -0.06082352986912432 0.7785955882982484 1.3859528405486952 0.1378118414448168
2.286224026179159 -0.0048158532723738615 -0.06082352986912432 0.7785955882982484 1.3859528405486952 0.1378118414448168

2.338099643429976 0.619895779133486 -2.6443509951107496 0.35804733036897657 1.0631817233048073 0.13742953669573924
2.338099643429976 0.619895779133486 -2.6443509951107496 0.35804733036897657 1.0631817233048073 0.13742953669573924
2.338099643429976 0.619895779133486 -2.6443509951107496 0.35804733036897657 1.0631817233048073 0.13742953669573924
2.338099643429976 0.619895779133486 -2.6443509951107496 0.35804733036897657 1.0631817233048073 0.13742953669573924
2.338099643429976 0.619895779133486 -2.6443509951107496 0.35804733036897657 1.0631817233048073 0.13742953669573924
2.338099643429976 0.619895779133486 -2.6443509951107496 0.35804733036897657 1.0631817233048073 0.13742953669573924
2.338099643429976 0.619895779133486 -2.6443509951107496 0.35804733036897657 1.0631817233048073 0.13742953669573924

2.0131558715703486 0.09302174093296635 -0.21323335490340492 0.5621110906784246 1.6249196392818548 0.14609109105460147
2.0131558715703486 0.09302174093296635 -0.21323335490340492 0.5621110906784246 1.6249196392818548 0.14609109105460147
2.0131558715703486 0.09302174093296635 -0.21323335490340492 0.5621110906784246 1.6249196392818548 0.14609109105460147
2.0131558715703486 0.09302174093296635 -0.21323335490340492 0.5621110906784246 1.6249196392818548 0.14609109105460147
2.0131558715703486 0.09302174093296635 -0.21323335490340492 0.5621110906784246 1.6249196392818548 0.14609109105460147
2.0131558715703486 0.09302174093296635 -0.21323335490340492 0.5621110906784246 1.6249196392818548 0.14609109105460147
2.0131558715703486 0.09302174093296635 -0.21323335490340492 0.5621110906784246 1.6249196392818548 0.14609109105460147

1.4565263456020094 0.06740453991676654 -1.4420394133736723 0.8559357314265466 1.2624192926819613 0.14594838495006712
1.4565263456020094 0.06740453991676654 -1.4420394133736723 0.8559357314265466 1.2624192926819613 0.14594838495006712
1.4565263456020094 0.06740453991676654 -1.4420394133736723 0.8559357314265466 1.2624192926819613 0.14594838495006712
1.4565263456020094 0.06740453991676654 -1.4420394133736723 0.8559357314265466 1.2624192926819613 0.14594838495006712
1.4565263456020094 0.06740453991676654 -1.4420394133736723 0.8559357314265466 1.2624192926819613 0.14594838495006712
1.4565263456020094 0.06740453991676654 -1.4420394133736723 0.8559357314265466 1.2624192926819613 0.14594838495006712
1.4565263456020094 0.06740453991676654 -1.4420394133736723 0.8559357314265466 1.2624192926819613 0.14594838495006712

1.2363902726178424 0.22647074113216303 -2.88240377604318 0.5584616732858305 0.8517576820958033 0.14804986287545802
1.2363902726178424 0.22647074113216303 -2.88240377604318 0.5584616732858305 0.8517576820958033 0.14804986287545802
1.2363902726178424 0.22647074113216303 -2.88240377604318 0.5584616732858305 0.8517576820958033 0.14804986287545802
1.2363902726178424 0.22647074113216303 -2.88240377604318 0.5584616732858305 0.8517576820958033 0.14804986287545802
1.2363902726178424 0.22647074113216303 -2.88240377604318 0.5584616732858305 0.8517576820958033 0.14804986287545802
1.2363902726178424 0.22647074113216303 -2.88240377604318 0.5584616732858305 0.8517576820958033 0.14804986287545802
1.2363902726178424 0.22647074113216303 -2.88240377604318 0.5584616732858305 0.8517576820958033 0.14804986287545802

2.0716438818770153 0.957482627999262 1.4816492336266571 0.6097957012639706 0.9491045025396472 0.14814697739873087
2.0716438818770153 0.957482627999262 1.4816492336266571 0.6097957012639706 0.9491045025396472 0.14814697739873087
2.0716438818770153 0.957482627999262 1.4816492336266571 0.6097957012639706 0.9491045025396472 0.14814697739873087
2.0716438818770153 0.957482627999262 1.4816492336266571 0.6097957012639706 0.9491045025396472 0.14814697739873087
2.0716438818770153 0.957482627999262 1.4816492336266571 0.6097957012639706 0.9491045025396472 0.14814697739873087
2.0716438818770153 0.957482627999262 1.4816492336266571 0.6097957012639706 0.9491045025396472 0.14814697739873087
2.0716438818770153 0.957482627999262 1.4816492336266571 0.6097957012639706 0.9491045025396472 0.14814697739873087

1.6730295734298883 -0.23617703061964998 -1.3004305317748004 0.8007514063612696 1.0453399935107162 0.13571616851704815
1.6730295734298883 -0.23617703061964998 -1.3004305317748004 0.8007514063612696 1.0453399935107162 0.13571616851704815
1.6730295734298883 -0.23617703061964998 -1.3004305317748004 0.8007514063612696 1.0453399935107162 0.13571616851704815
1.6730295734298883 -0.23617703061964998 -1.3004305317748004 0.8007514063612696 1.0453399935107162 0.13571616851704815
1.6730295734298883 -0.23617703061964998 -1.3004305317748004 0.8007514063612696 1.0453399935107162 0.13571616851704815
1.6730295734298883 -0.23617703061964998 -1.3004305317748004 0.8007514063612696 1.0453399935107162 0.13571616851704815
1.6730295734298883 -0.23617703061964998 -1.3004305317748004 0.8007514063612696 1.0453399935107162 0.13571616851704815

-1.6267567995067673 -0.7021346707206833 -0.4708829846107642 0.6839437546008973 1.0752224864752669 0.14775776725327655
-1.6267567995067673 -0.7021346707206833 -0.4708829846107642 0.6839437546008973 1.0752224864752669 0.14775776725327655
-1.6267567995067673 -0.7021346707206833 -0.4708829846107642 0.6839437546008973 1.0752224864752669 0.14775776725327655
-1.6267567995067673 -0.7021346707206833 -0.4708829846107642 0.6839437546008973 1.0752224864752669 0.14775776725327655
-1.6267567995067673 -0.7021346707206833 -0.4708829846107642 0.6839437546008973 1.0752224864752669 0.14775776725327655
-1.6267567995067673 -0.7021346707206833 -0.4708829846107642 0.6839437546008973 1.0752224864752669 0.14775776725327655
-1.6267567995067673 -0.7021346707206833 -0.4708829846107642 0.6839437546008973 1.0752224864752669 0.14775776725327655

-2.077331976880493 -0.9786267689139329 1.5266742196241885 0.9460839324064708 1.4324593105459693 0.141114638081635
-2.077331976880493 -0.9786267689139329 1.5266742196241885 0.9460839324064708 1.4324593105459693 0.141114638081635
-2.077331976880493 -0.9786267689139329 1.5266742196241885 0.9460839324064708 1.4324593105459693 0.141114638081635
-2.077331976880493 -0.9786267689139329 1.5266742196241885 0.9460839324064708 1.4324593105459693 0.141114638081635
-2.077331976880493 -0.9786267689139329 1.5266742196241885 0.9460839324064708 1.4324593105459693 0.141114638081635
-2.077331976880493 -0.9786267689139329 1.5266742196241885 0.9460839324064708 1.4324593105459693 0.141114638081635
-2.077331976880493 -0.9786267689139329 1.5266742196241885 0.9460839324064708 1.4324593105459693 0.141114638081635

