0 0 -1.419565578436683 0.23408116669113568 -0.7506611361328008 0
0 0 -0.4107112152805896 -0.6126496539846665 0.5049530037379543 0
0 0 -0.8160613751748278 0.3565822042398736 0.6941741857356171 0
0 0 -0.517223742977241 -0.7758177919174514 0.2622161778548023 0
0 0 -0.004125496916753013 -0.6912692896608057 -0.4316863538167124 0
0 0 0.941917428527935 0.7213807783687676 -0.4191600374910431 0
0 0 1.0300773287327343 0.7323290652180112 -0.13121022875908792 0
0 0 0.5765232469436787 0.5254250536211619 -0.612150030387999 0
0 0 0.16159783722381627 -0.4031177044663985 -0.7223274970534603 0
0 0 -0.09413785441623479 -0.004091681425143924 0.7777448318246412 0
0 0 -1.1913465534191934 0.5648620637895071 -0.4858955213430632 0
0 0 -0.6707741029194332 0.1577824494172464 0.7907909142368131 0
0 0 0.150920455933929 -0.3371234518388953 0.7258207981438928 0
0 0 -0.9539303091847616 0.04170611294044564 0.7861939194768915 0
0 0 -0.23526842458714858 -0.822454847322108 0.09533337968356323 0
0 0 -1.3671982998346823 0.3340153390392507 -0.6947693282755532 0
0 0 1.3677954217181427 -0.7330623913021622 0.34087282074286623 0
0 0 0.9202959193962092 0.2580901577742548 0.7687158092514665 0
0 0 -1.054658035920852 -0.6421937882540033 -0.4874734488576477 0
0 0 -1.0821002202749006 -0.8082615233420254 0.08602128606332571 0
0 0 0.236595174248458 0.3609760646715 -0.731580017289961 0
0 0 0.6681304842493483 -0.058989824384426424 0.7454197857688113 0
0 0 -0.8097245377698661 -0.49037615267899215 -0.6083277941175255 0
0 0 -0.29647922297250195 0.1746462319207698 0.7463827142951036 0
0 0 -0.11723758966503328 -0.5543644018739782 0.5873090400127172 0
0 0 -0.31166151318865865 -0.826526411827559 -0.03717901548773656 0
0 0 1.251275985439431 -0.6299179182108724 -0.5300552408504605 0
0 0 -0.6304987882347385 0.7572436796459342 -0.2632872254420496 0
0 0 0.10176637220600826 0.461426786477288 -0.6858155144522929 0
0 0 -0.5526922973114365 0.17778899496514303 0.7870879032678053 0
0 0 -0.8337765717281926 -0.17571918855490032 -0.7880513292059562 0
0 0 -0.9400640197324915 -0.8103301708135511 -0.2186785977716454 0
0 0 -0.8036595833092709 -0.7885577571644898 0.06293454981368388 0
0 0 1.4253103575715236 0.5847258959540842 -0.5866311663754429 0
0 0 0.28067139483594317 -0.7340445815688968 -0.3965612147664133 0
0 0 0.35512894514497373 -0.16497884244187647 0.7302538219278313 0
0 0 -1.0874623379616395 0.8168754223334326 0.13218983757768127 0
0 0 1.1927872164544198 0.6419850631587907 0.43843330116820245 0
0 0 0.7719798166152296 0.7304685259434838 0.29176588755249083 0
0 0 0.7777297753478742 -0.7424900791743985 -0.24239043672323743 0
0 0 0.15289750138257485 0.6848475108587435 -0.28304355273934034 0
0 0 -0.5981394868944284 0.7732633267923603 -0.29471034295054066 0
0 0 -0.5351689892674405 -0.7908245773601092 0.13849735084178183 0
0 0 1.302543664554194 -0.1968583700872268 -0.7463825846107189 0
0 0 -0.35868432610792356 -0.11186149443544804 0.7786009840369945 0
0 0 -0.28233883008028227 -0.7889188377077789 -0.1861211588504363 0
0 0 1.3598289590981256 -0.4387763099330872 -0.6613742431003643 0
0 0 1.2321708632903436 -0.3271263349761946 -0.6999081282395577 0
0 0 0.27275504437993026 -0.7904091567987244 0.09603804114418663 0
0 0 0.014934058483573986 -0.743007979957031 0.20536702448542865 0
0 0 -1.2107090056033885 0.06471841355781506 -0.7819312893212931 0
0 0 -1.3232891401393274 0.6204350360112925 -0.41799734719119996 0
0 0 1.0308488382895424 -0.8029426406730102 -0.20031358981105782 0
0 0 0.3011704458919455 -0.46916056400892675 -0.6931712293513231 0
0 0 0.780842326870542 0.8131356526567979 0.13264399041314429 0
0 0 -1.20454228937614 0.4443400605267665 -0.6297728257618962 0
0 0 0.6736763953632456 -0.4577983802701552 0.6948317498043262 0
0 0 0.5624899247193276 -0.7846166717241626 0.10666801298744874 0
0 0 -0.7071167207737146 0.4335405819385641 0.6832907771409753 0
0 0 -1.317600846863093 -0.4943395251089281 0.5743090625299518 0
0 0 1.4358071218045563 0.6250115133529074 0.5381798859357493 0
0 0 -0.4704839669430614 0.7807652230869371 0.09141184789520851 0
0 0 -0.4189893772889699 0.6509801462080905 -0.3831662945318752 0
0 0 1.0949057717163808 0.6085066572542592 -0.5708489718990833 0
0 0 -0.4684792214265685 -0.46795762306555766 0.6051143680741201 0
0 0 -1.316716207886741 -0.21735409008491854 -0.730770847140297 0
0 0 -0.037356967673488395 0.05940563632517708 0.7820175329171494 0
0 0 -0.2238325362459448 0.8121292812703895 0.20294105208929364 0
0 0 0.8209847084029409 0.19927112697688862 0.7272919655350475 0
0 0 -1.3959051568290375 0.5621610309663025 0.562678723226293 0
0 0 -1.1453573214700645 -0.12464764177582868 0.7577077353498843 0
0 0 -1.3928247000346925 0.7353274721445243 0.3776399279962375 0
0 0 -0.18021584453143658 0.6605228983093082 -0.3664220875488314 0
0 0 1.1063997743897258 -0.31007075812676005 0.6797977349032324 0
0 0 0.0591587365696673 0.24683060156395883 0.7121325611088712 0
0 0 -1.2020815293690619 -0.18927860252286693 -0.7671903972072741 0
0 0 -0.2226863271874957 -0.37257454625249165 0.6977512206470552 0
0 0 0.6111915282395977 -0.8338374164571002 0.0058933283710135625 0
0 0 -0.9784475675507737 0.2831296103103111 -0.7361168984625326 0
0 0 -0.9167627906255581 0.7144455266777007 -0.33060682291191085 0
0 0 0.5000123714948526 0.5520409216806282 0.6186763753398413 0
0 0 -1.0889403041780477 -0.7401525200551635 -0.2375036158700556 0
0 0 -0.197067188265305 0.5732770217144397 0.5006347117312152 0
0 0 0.2201238880930918 -0.7768071396984355 -0.07430679667221844 0
0 0 -0.39773192090443854 0.6626044224057867 -0.46867718840196504 0
0 0 0.22049695249150836 0.8200902988631461 -0.16718507987230097 0
0 0 -0.19441771306102296 -0.7938521704205472 -0.051228321999086994 0
0 0 1.063651712283979 -0.7322930839255788 -0.21544969354037322 0
0 0 1.512611843350201 -0.021301859053435276 0.8012560806977437 0
0 0 0.015177183073181721 0.7116501795978525 -0.35155822527236924 0
0 0 0.5711599535369456 -0.7476568360269003 -0.183712088436608 0
0 0 0.2954783207398659 -0.7478625620496621 0.08190498405463063 0
0 0 0.36177452866283355 -0.7599927511508691 -0.3234778223403133 0
0 0 1.2109335707420312 -0.7232811290904397 0.39711576439576207 0
0 0 -0.907492989461294 0.7588930845741296 -0.2845031976331937 0
0 0 -0.9551882513852502 0.6538880833034176 -0.4581528471357633 0
0 0 -0.7084258912683536 0.7411224538169977 -0.1855061159360718 0
0 0 -0.38572179502833004 0.2674672997107694 0.7383623362724341 0
0 0 -1.1204672752409517 0.7252258213162748 -0.3115191498534812 0
0 0 0.7979203551959273 0.37463969922506113 -0.6890291834424855 0
0 0 -0.3818631648959474 -0.8388562334914491 0.025436070662258947 0
0 0 0.46660629790094843 0.28931460370455103 -0.7739469009821943 0
0 0 0.8873682892148351 -0.764363143688966 -0.213672583920848 0
0 0 -0.9928206581993352 0.744490144475887 0.33825049879671487 0
0 0 -0.5932249844314048 0.3285670837195495 -0.7004669208305804 0
0 0 1.3325528831343223 -0.6832021420344019 -0.3271471420154816 0
0 0 1.2291429907182292 0.694863828472458 -0.39933532276686257 0
0 0 1.3635822077092676 -0.47903640435897465 -0.6240703922035701 0
0 0 1.4318298417078972 0.2585940534865288 0.7945465485030655 0
0 0 1.5421632477756315 -0.6166941942546782 0.42641343243655855 0
0 0 0.4090050333874684 -0.10958241253553831 -0.8218610583185623 0
0 0 -0.1211985379401519 -0.04477937026422292 0.7654885939245734 0
0 0 -0.2396209142911616 -0.5894198968907933 -0.5804253738795241 0
0 0 1.3252127571989032 0.17631096113282682 0.7677310845649455 0
0 0 -1.5069546858248364 0.033902866419354055 0.7869581836301479 0
0 0 -1.1628859357914345 -0.19462964924731088 -0.7819972534286947 0
0 0 -0.8349303437226411 0.6391983026013082 0.4306885734679965 0
0 0 -0.5746012880663279 0.33453987496040777 0.7472388246321877 0
0 0 -0.24817476950943562 -0.6923565364597732 0.33258870943331875 0
0 0 -0.11801218712996131 -0.05722454489825284 -0.809148564072161 0
0 0 -0.47704267578550064 -0.43752268497120733 0.6755019053053842 0
0 0 0.21065149664989402 0.2846446833537053 -0.7649858138464647 0
0 0 0.0788468387899417 0.3856386510739295 -0.6738112531561077 0
0 0 -1.255872107659855 0.7082602843280645 0.25770748698690427 0
0 0 -0.00298074574686491 0.1798619488519062 -0.746952975351696 0
0 0 -1.1463959131661183 0.4882840768232689 -0.6226725077888021 0
0 0 0.24958960986299572 -0.06363253236558096 0.8081617821612763 0
0 0 -0.34056611886301535 -0.057064464135033396 -0.8031401325375053 0
0 0 -0.8665249052746361 -0.5902556454189226 0.5404477217427643 0
0 0 0.9355585451941426 -0.429791852668394 0.649774063973954 0
0 0 0.7401426154522213 -0.2019692054684322 -0.7208851619752249 0
0 0 -0.3293003468447262 -0.7430762630036128 0.3151600133409574 0
0 0 0.16787082824905286 0.6728066670288348 -0.45794856739676826 0
0 0 0.10673732073651898 0.18356560205314934 -0.7385686865740811 0
0 0 1.060487249114141 -0.7743695513485451 -0.316513643779498 0
0 0 -0.9186874554069521 0.791572698601707 -0.150589703634644 0
0 0 -0.5939172805255212 0.2247459313148358 -0.7725317188735514 0
0 0 -0.6626771437524865 0.7444749464388366 -0.08216490163125005 0
0 0 0.37391248598782645 -0.10482532050347483 0.7767940295666297 0
0 0 -0.9139605247987755 -0.7035058275182122 0.39041646349668874 0
0 0 -1.3690000833445075 0.8315086337899601 0.10322160678505805 0
0 0 1.0689750051315707 -0.35055965761997243 -0.7024353195955703 0
0 0 -0.389810886093386 0.6865945254125808 0.398487092872171 0
0 0 -0.0829333711907485 0.020757364272637104 0.8051179451041547 0
0 0 -0.3536389005082554 -0.6914740336896121 -0.27547293539194545 0
0 0 -1.0386962774427846 0.7063870275161946 -0.3253141384071632 0
0 0 1.1109439377257186 0.7713295827754256 0.07808749044465324 0
0 0 1.3177528372239822 -0.6776567038565178 0.3684540837408352 0
0 0 -0.7817634973415851 0.5190053070113955 -0.6512980066827542 0
0 0 -0.4184171056150823 0.5290207202993151 0.5306570440404484 0
0 0 -1.3891577117966418 0.48143294049429197 -0.6874587794681126 0
0 0 -1.5566113519102385 -0.4411460549375199 0.595382780340601 0
0 0 -0.5231993228544356 0.6752229251069437 -0.31799140560720757 0
0 0 -0.8933225910346162 0.732681756450259 -0.12518349768111178 0
0 0 1.1513283508355272 -0.4947075240707945 -0.6036733189454903 0
0 0 -1.3372716956947968 0.7722649403154466 0.11904260027192343 0
0 0 -1.424239718219552 0.23743938550451862 0.7126804945523625 0
0 0 -1.3009839429620553 -0.06841058540203217 -0.7856023913868211 0
0 0 -1.2238252174950537 0.4299252815131914 0.6474048469957709 0
0 0 1.3850572195805158 0.6651428415930332 -0.3836566356750852 0
0 0 1.278077117101874 -0.5584640106553327 -0.5164004145396318 0
0 0 0.5289551435497648 -0.6441151657998885 0.4900289712405994 0
0 0 1.3362462427394135 -0.7216830771396453 -0.3122462941159667 0
0 0 0.7360076714872048 -0.7790101841065088 -0.2941159342120492 0
0 0 -0.7507984775068192 -0.7484474943162123 0.3535854514412743 0
0 0 -0.8236304789730914 -0.7006075050944316 0.32715753542994586 0
0 0 -0.04144978064773275 0.5762447552817013 -0.5085162980551261 0
0 0 1.0309114697114539 -0.739446957763038 0.052631674209780974 0
0 0 -0.9446459453182727 0.8190624837911691 -0.10970848813541133 0
0 0 0.9555542555441483 0.8103011111133019 -0.12683275945114536 0
0 0 -1.5195824746418147 0.6980664199029141 0.36597556964229966 0
0 0 -1.4808709472535346 -0.7337300515312705 0.3348354194817345 0
0 0 0.7952532885754655 0.7247289615910071 0.3261333481685288 0
0 0 1.4866148685090717 0.7758503044214294 0.14686435841748763 0
0 0 0.3165464456814173 0.7567095899288442 0.33084358200153086 0
0 0 -1.050021115737443 -0.7020475969394471 -0.3649819533169666 0
0 0 0.007412952363122782 -0.7002651819584879 0.3584500955326533 0
0 0 0.24618944188262581 0.33317234062249484 -0.7701603496361338 0
0 0 -1.4585603890413703 -0.7560512349605483 -0.04381598599756205 0
0 0 1.3948153179769727 -0.4303759151119332 -0.6138617842666604 0
0 0 -1.0173397835288034 -0.7647980488432069 0.019648150356892786 0
0 0 1.5328800352238368 0.811010931777679 -0.18927030867112404 0
0 0 1.071126115303239 0.723793896395877 -0.19120086504660405 0
0 0 -0.07563283111961461 -0.7646489088106164 -0.01854122698321443 0
0 0 -0.5237116877101504 0.766803383446725 -0.32269833285504357 0
0 0 -0.10783975296572335 0.10903639992134768 0.7745807223502643 0
0 0 -0.03131813159340502 0.5886002508720235 -0.5811308518704285 0
0 0 0.7752958825567218 0.4498970424132505 -0.7063673414062207 0
0 0 -0.12452589882868192 0.5587972885380607 -0.5847529526198536 0
0 0 -1.5365000649445395 0.7726935582550588 -0.2552493938530732 0
0 0 1.464140431238198 -0.6878580367265927 0.40639979239199486 0
0 0 0.8095748135235814 0.14255772027706076 -0.7276415354107387 0
0 0 0.16621078668380918 0.5784880227382642 -0.4944722751558626 0
0 0 -1.5238378558901462 0.7966168437344461 0.11917759163974216 0
0 0 -0.6439924466059888 0.3744320618161629 0.6554518432135298 0
0 0 -1.5041740767912832 0.3384418234029826 -0.6877677210315107 0
0 0 0.041409132415899164 0.5686221327242179 -0.510555829929668 0
0 0 -0.964744383019264 0.6808937491551862 -0.4306689178577349 0
0 0 -0.17599738504846352 -0.7558500258886303 0.262303873415596 0
0 0 -0.36889941409908356 0.1989297588197128 0.7265303032221078 0
0 0 0.2998161382403284 0.6757096906185173 -0.3737396022973862 0
0 0 -0.6085936160712708 0.6153762722081073 -0.4500329999028022 0
0 0 0.18386189399633857 -0.42418934191089464 -0.6946411344957033 0
0 0 -1.12236783331127 0.14574546985932074 -0.7774693810032909 0
0 0 -0.5155123755869848 0.17396344260675173 -0.7676953391440994 0
0 0 -1.1960464468804164 -0.6640608542759369 0.40769533405138414 0
0 0 -0.16656145872137373 -0.6723076348714625 -0.4113800067359252 0
0 0 -0.7735048403608855 0.13657253790436086 0.7543456436522198 0
0 0 1.377879325871941 -0.7740819598910618 -0.2004265920824518 0
0 0 -0.8713064233504527 0.5501561600660996 -0.5407092904127236 0
0 0 1.1108504970554907 0.1893562826770716 -0.7864342648677534 0
0 0 1.3042430441084858 0.7608989228235179 0.16949248366704195 0
0 0 -1.2123731933745119 0.0006130461338311829 -0.830511063729162 0
0 0 0.948405289690804 -0.2638451345644701 -0.7529924738139437 0
0 0 1.4978834381457249 0.13794091782476844 0.7450608947374449 0
0 0 0.8789554693783148 0.708321016421215 0.2170422501196981 0
0 0 -0.229908009083732 -0.2556392419018128 0.7710335332604993 0
0 0 1.0334211508566797 0.7558973372794402 0.17448854572172637 0
0 0 0.7587576016718787 -0.5317219872687577 0.5488836564526137 0
0 0 0.12303687315467093 0.26927944285584776 0.7377370662196278 0
0 0 0.5906515957607921 0.32297141046901623 0.6815689669549015 0
0 0 0.4217215977157942 0.7803423144822792 -0.08668037389750974 0
0 0 -0.47213502088194925 0.6409808681012013 -0.44610462825461294 0
0 0 -0.3699668541354404 0.27272358199847213 0.7637484439159081 0
0 0 -1.3239453627681232 0.7543788375724467 0.14733910303262007 0
0 0 -1.2201723882789324 -0.5442310175469298 -0.5499158750065284 0
0 0 0.07009823851547825 -0.01959651337034382 0.7758697007622208 0
0 0 0.05270264684586734 -0.6521505613482116 0.4082853299064371 0
0 0 0.7408364992878895 -0.26522525278538184 0.7368761669188902 0
0 0 0.6731292614938784 -0.7364973860180337 0.1651120556031193 0
0 0 -0.7848411307726768 -0.18438860279944824 0.7724859393673285 0
0 0 -1.0425186541289093 -0.28981181635867476 0.7066320187279348 0
0 0 -0.06282019141354489 0.6570869092643887 0.5199685291150755 0
0 0 -0.45078711234080093 -0.731639430976416 0.16251517257647566 0
0 0 -0.24984874923658174 0.22101184473907995 -0.731072994853584 0
0 0 -1.5374586946967297 -0.0644243583495322 0.8230263938837403 0
0 0 -0.37689772668651056 0.5906870898064986 0.542528955815692 0
0 0 -1.4509162587491664 -0.32688859482501487 0.6902676581601749 0
0 0 1.4927486814095339 0.7448623143800601 0.10282562083086208 0
0 0 -0.6163423168219822 0.1428299342141031 0.8186737469149487 0
0 0 1.3604475293347642 -0.35558910876914 -0.7242739892716493 0
0 0 0.2042466718251592 -0.6814161071857596 0.4001063452810949 0
0 0 -0.01936713231064635 -0.761207236293121 -0.23322474084977685 0
0 0 -1.218944137364625 0.7631893042360028 -0.14094684709882446 0
0 0 1.5488630400839285 0.6878647401747134 -0.4138329605894531 0
0 0 1.40865371841701 -0.6549723715537562 -0.4818753739576243 0
0 0 -1.2114753112447216 0.009685173921834355 -0.7505179572655893 0
0 0 -1.2124763738547428 0.1411025125539286 0.7382862407074551 0
0 0 1.2561567223901875 0.7576546284706737 -0.3123942497414806 0
0 0 -1.3838119561838753 -0.7891057849730985 -0.06962026647602067 0
0 0 1.4097543409122686 -0.042310840769677935 -0.7684972608303825 0
0 0 0.5885210487280639 -0.5214313740255315 -0.6378785916321275 0
0 0 0.6484011932663609 -0.3254424683274438 0.6894812360766461 0
0 0 -1.5028213089447362 -0.45350677198956935 0.6644803926390475 0
0 0 0.7789243593204538 -0.7482463068914114 0.14190300567772063 0
0 0 -1.2200241474023645 0.6561911186742555 0.4542390484928523 0
0 0 -1.5599655519513123 0.5775207988938887 0.4918582398974885 0
0 0 0.4218206872629373 0.760790259151677 0.04779865308734445 0
0 0 -0.6663915394281995 -0.7111121593061421 -0.36407612209749907 0
0 0 -0.6948213411089165 0.6737579671690019 0.4402051449460732 0
0 0 -0.9750268242992297 0.031314798002015545 -0.7637639934800582 0
0 0 -1.428359200975243 0.7694121146777017 0.08093971176138717 0
0 0 0.7789115361727017 -0.4636310689394477 -0.598451585504839 0
0 0 1.4284485049920157 -0.607981586470111 0.5654640826564424 0
0 0 -1.0933886195056783 -0.6931859624255139 -0.30677250185356025 0
0 0 0.37013554564870965 -0.2595605644065066 -0.7850869228731576 0
0 0 -0.3006749538205997 0.35667412913851615 -0.7230726812834816 0
0 0 -1.2195735766139535 0.716148229306794 0.2709627176665493 0
0 0 -1.1493706828106702 0.8094991398510412 -0.11792432137465621 0
0 0 1.1988556659556053 -0.6914542057146696 0.33113409300954466 0
0 0 0.33256080426398427 0.6408921405790863 -0.3827946117172495 0
0 0 0.7010990870333216 0.30607280261724723 0.6776046870118158 0
0 0 -0.25196743143554823 0.32441075112404577 -0.7383793860620661 0
0 0 -0.32755853973408056 0.4625183992097895 0.6144618120117529 0
0 0 1.5363075633826488 0.5946131900047243 0.5757444103841748 0
0 0 -0.5255196494971737 0.7233609264978155 0.18806471954046686 0
0 0 0.8281680779003633 -0.006473014880351874 -0.8278934255060023 0
0 0 -0.5548839815317506 -0.6588693806066273 0.5074116506591921 0
0 0 1.2628983549875068 0.0454483326078477 -0.7703731867745593 0
0 0 -1.3245988289983097 0.7900130776684505 0.057343321700330296 0
0 0 -0.19244543052882457 0.15795126263289586 -0.7430761798503248 0
0 0 -1.050053172220943 0.15252124004068351 -0.7257790504961177 0
0 0 -1.1598180025351248 -0.7749143284264363 0.24101709915292596 0
0 0 0.7084712493551599 0.708021726735924 -0.4318831170189437 0
0 0 1.4981283153439566 -0.7611867715087384 0.25086546042489455 0
0 0 0.052395820841817375 -0.2887651071201874 -0.7757738893474124 0
0 0 -0.8033909686708561 -0.746161239144339 -0.16150003747123748 0
0 0 -1.2674969862975396 -0.7110413833739084 0.22502238137403108 0
0 0 0.6074004420093608 -0.671210118774498 0.42478006542213864 0
0 0 0.7788042765880903 -0.04031267317346543 0.7543690344996682 0
0 0 -0.36763684794250806 -0.6525495731866209 -0.5252817377721396 0
0 0 -0.5095217566279953 -0.54911544981166 0.5211945626459741 0
0 0 -1.3575589234442076 0.1579408451284581 -0.7731031077397986 0
0 0 -0.0011611352933749153 0.3465137463165675 -0.6991504735840424 0
0 0 -0.32008823654750995 -0.6846400020589425 0.4005875293380569 0
0 0 -0.5483174389541334 0.5277546803616933 -0.6384336460448092 0
0 0 -0.32293452316434657 0.5861977635407538 0.5981564917081187 0
0 0 -1.4549682975685188 0.6727756905611485 -0.39582473457481543 0
0 0 1.4760540576088315 0.3922524559085746 0.6331397443444021 0
0 0 0.4731499811983402 -0.2702333309368797 0.7866186870121519 0
0 0 1.3753273629977607 0.07672741137515378 -0.796565332651935 0
0 0 0.1611745796772781 -0.7408357936893851 -0.22795520928140314 0
0 0 0.20561385891482598 -0.5349633645493259 0.5965453803399434 0
0 0 0.08682129550335582 -0.8116094499046268 0.062082911865760405 0
0 0 1.3448587299308383 -0.03975907758874505 -0.7729892709919156 0
0 0 1.4927397928419515 -0.5596429703331093 0.6252155233392863 0
0 0 -1.1465495156933532 0.0007291050160694337 0.7763019497058752 0
0 0 0.12941495236912215 0.637770132897683 0.5255788299184243 0
0 0 0.06243545404677575 -0.7813441638951062 0.030637245178962005 0
0 0 -0.16057478061169128 -0.23492306280972886 0.7275365034959873 0
0 0 -0.7270343766737776 -0.6431504430300846 0.4823156991873331 0
0 0 -0.373788167827771 -0.7488750566086178 -0.37609020292863404 0
0 0 0.13597630465931587 0.7376244328019965 0.15425833578571965 0
0 0 -0.4355044084583293 -0.46177216126055903 -0.5934721006679994 0
0 0 0.2918544316080567 0.28617674597334375 -0.7386192721860837 0
0 0 -1.3610304177550603 -0.4942347863695539 -0.6777131662433357 0
0 0 1.001465764513422 0.5599977749488315 -0.4939914492042938 0
0 0 0.9300295148346951 0.4814652174055573 0.5836030104585787 0
0 0 -1.4188035647612607 0.6283925210959209 0.4815273051095895 0
0 0 0.32345503780124685 0.28384135987973425 0.7125701594603708 0
0 0 1.3616314401305556 0.6082196216973706 0.5480268007489587 0
0 0 0.9834683242320237 -0.4409233653010428 -0.661409847643888 0
0 0 1.4361053988769266 0.19039630284617298 -0.7385626050514474 0
0 0 -0.025611323994138235 0.03879076524258657 -0.7714654252712035 0
0 0 -0.9142350312014961 0.5916376695534048 -0.5371695333484979 0
0 0 0.08801320758398079 -0.5953795642691246 -0.514687811765697 0
0 0 0.9502666430616622 0.7317695491343595 0.19338233018189865 0
0 0 -0.47944096699373917 0.2920345336015154 0.6918031881052655 0
0 0 0.634136291581747 -0.7628084166039164 0.13367250170328254 0
0 0 -1.1416443003865442 -0.8107384870833589 -0.06302845635357772 0
0 0 0.4013667511506185 -0.22646166507624707 0.7441761285362629 0
0 0 -0.7390450325893472 0.45696285813001525 -0.629833464649569 0
0 0 1.3514616566031976 -0.18683364961386548 0.7871061865166727 0
0 0 0.8056979895679617 0.742968528343028 -0.14329502866055183 0
0 0 0.7092851353281069 -0.6007872078989515 -0.43401211592513406 0
0 0 0.34829692168590465 0.7744288451473086 -0.1563072409431106 0
0 0 1.2722584498575658 0.7600392711143741 -0.18043148818826124 0
0 0 0.5901367779871447 0.7480730910483785 0.12405377720919256 0
0 0 -1.133570637769147 0.3586462460984168 -0.653358304355622 0
0 0 1.363610230497343 0.6074502031072748 -0.5547018975648784 0
0 0 0.918839795736277 -0.61867266296973 -0.5560341302569662 0
0 0 0.2140412101094078 0.3585259371846497 0.682342179808109 0
0 0 -0.7557482645419644 0.07751666381512928 -0.746928544703041 0
0 0 -1.5065171955768515 0.23011960394083786 -0.7635034224734575 0
0 0 -0.1509989148762516 0.6188891937921973 -0.4879969554314732 0
0 0 0.6210495004447552 0.0664649733828703 -0.7547904971742264 0
0 0 -0.48415557293987876 -0.6776458919204943 0.4045400588301375 0
0 0 -1.0982586561796084 -0.30653701195447514 -0.7739545533377105 0
0 0 0.726829760031142 0.7237944242266192 0.2977469366912467 0
0 0 0.2567677937807542 0.12483871666011039 0.829735104994004 0
0 0 -0.09731926916669886 0.7182996586585514 -0.2884949900313314 0
0 0 1.0061638643678323 0.03945877665972609 0.7436617118679721 0
0 0 0.2839806355998029 -0.6985267445863586 -0.2568428011348754 0
0 0 1.0326988471152005 0.34994437789013544 -0.6857735976965256 0
0 0 -0.9013694729199092 -0.7838183149678036 -0.09634807983619043 0
0 0 0.0002362711630503611 0.25914510131375573 -0.7404059690001268 0
0 0 0.055324536349347087 0.4747684458628923 -0.5872167396506832 0
0 0 0.7203152358412059 0.7002325593664971 -0.35296700028762534 0
0 0 -1.1680241172474455 -0.3173062160727643 -0.7146870044399385 0
0 0 0.2056333047833785 -0.11651706627560736 -0.8142590826238865 0
0 0 0.4837311923128733 0.4631400920752157 -0.6156081708336698 0
0 0 0.24681459978079978 -0.5065716461940426 -0.6255841242329245 0
0 0 0.49035978074817566 -0.16199645723398717 -0.7753128400421514 0
0 0 -0.666627993148538 0.6983396816047124 -0.3549720453551237 0
0 0 0.9642430751193563 -0.5772983121218894 -0.5839510256432053 0
0 0 -0.5423340172541475 -0.7825140697399781 0.08800560599264377 0
0 0 -0.2602720068881339 0.19374559451745932 -0.7746943585062184 0
0 0 0.010830395783889779 0.6727771669554149 -0.38181019466396443 0
0 0 -0.3950466999646467 -0.8020904223136978 0.19713017172909608 0
0 0 0.7071772707223856 -0.033675079463859864 -0.7577376629076552 0
0 0 -0.9532698422854712 0.6919267735319138 -0.3875121904369735 0
0 0 0.6255686345618798 0.8031599162838109 -0.20465594306235643 0
0 0 -1.1946967280656264 -0.43651475362795483 -0.6176683490957303 0
0 0 0.19552086904885413 -0.24322356616044877 -0.7326453741007131 0
0 0 -0.5681144403560638 0.1799635868043727 0.7470877481972893 0
0 0 1.535298859929004 0.023304640820357506 -0.8201970341067006 0
0 0 -0.5607023374807114 -0.5613736084513145 -0.5169290813535325 0
0 0 1.421841289009274 0.19802272035044646 -0.8144968766554369 0
0 0 1.1031168865565477 -0.43285595058436016 -0.6470268870635892 0
0 0 1.2310080965920278 -0.6809439035914294 -0.31465809416556295 0
0 0 -1.0071272742113346 0.08303227920202452 0.7444428895046512 0
0 0 -1.2101634673244115 -0.7191089144256978 0.2003290213759384 0
0 0 -1.4577481231921494 -0.6621691948170196 -0.49337308090307563 0
0 0 0.23940961252705795 0.6071181917529235 0.4880122729836485 0
0 0 0.24288600511698522 0.7423163083566884 0.05205223821899602 0
0 0 0.6052021850193898 -0.4484551319215337 0.6691433871137077 0
0 0 0.17236116740415075 -0.6274838773013977 0.3931215223311693 0
0 0 -0.26070699249246077 -0.7575330294330931 0.2839651923160078 0
0 0 1.3907962024079903 -0.19821310847502915 -0.8000555107028443 0
0 0 -1.1652630382750226 0.7665015705656353 0.2647621743934316 0
0 0 0.3874984276890514 -0.42487017250396086 -0.7077976859646692 0
0 0 -1.2828091564028272 0.602783574229271 0.5256186170014076 0
0 0 0.703957489940886 0.11026762585715545 -0.7404423981629679 0
0 0 -0.5246926347962739 0.2767787392678165 0.7784408057102171 0
0 0 -0.2146298150176258 -0.7221985273947188 -0.31742824705985206 0
0 0 1.165749716397293 -0.7263185974235183 0.22605692562165675 0
0 0 -0.6974770222959694 0.11129916049482773 0.7398885332780404 0
0 0 -0.9969791314516001 -0.5441716602951148 0.5155264458820645 0
0 0 0.2706037891771538 0.1906097697489313 0.7423260641714279 0
0 0 0.8372275220736558 -0.48420947675950704 -0.643894908166589 0
0 0 -0.0396128574006096 -0.6980709463879615 -0.26153791455812697 0
0 0 -0.1607153509932695 0.5344947509141112 0.5763523431315759 0
0 0 -0.22289188789571224 0.73295662979566 -0.39550894233539746 0
0 0 -0.3403551549601245 0.7348564786148734 -0.29411173723525275 0
0 0 1.5317315313602209 0.6022001153654982 -0.5518499428864473 0
0 0 1.2705340313311804 0.6982078083823856 -0.44694818675447334 0
0 0 -0.04212968932931793 -0.7961424347549911 -0.040963859358133424 0
0 0 1.0553884139661323 -0.6847744233651976 -0.4381821646006178 0
0 0 0.9411005734171365 0.7466922255406958 -0.1826108863837609 0
0 0 -0.5439464029892029 0.6657911389879004 -0.4865683117513583 0
0 0 0.6230532449674717 -0.6934485031096965 0.4403536551482315 0
0 0 0.8323374580616765 -0.5766855042537269 -0.4640360662914031 0
0 0 0.6233800914202718 -0.3985353189532276 -0.6692708814776194 0
0 0 -0.8055015067836077 -0.8065167074033952 -0.025276105576454527 0
0 0 0.15598650707286454 0.49078366370878546 -0.6000113884624501 0
0 0 -0.2473453074232752 -0.7268552171267426 -0.21654355842005682 0
0 0 0.7240993146800871 -0.7789257816492129 0.03229492283042704 0
0 0 -1.314176713356558 0.4938506272763135 0.586396268067554 0
0 0 -1.5155527702221532 -0.14792039924583486 0.7351231707570137 0
0 0 -0.5142416613237502 0.6666723115720732 -0.4213577488274839 0
0 0 1.1494655977371666 0.6020285934182175 0.4844284761140503 0
0 0 -0.8678592285933626 0.776676089708519 0.26173276626245645 0
0 0 -1.3332997401897222 -0.5284402376710867 0.5280913742078146 0
0 0 0.08639727813212739 0.30151577755277414 -0.7604857548089429 0
0 0 -1.3005521706855012 -0.2090672522861087 0.7909316366163802 0
0 0 -1.3272108654915296 0.503821981296487 0.6253999754723255 0
0 0 0.52835340266728 0.6235167430733031 -0.453054138530013 0
0 0 0.41851580790542475 -0.3928775646071615 0.6456105657174007 0
0 0 -1.0943453950200608 0.4242574797394304 0.7172120213928869 0
0 0 0.6738539680996487 0.7810327510815952 0.18845491516084048 0
0 0 0.48969313396187175 -0.5191248302788107 0.5424951523829581 0
0 0 0.6508960659688499 -0.46402303492416763 -0.5883409314060767 0
0 0 0.2138441630356771 -0.768189372269185 -0.15266465534182058 0
0 0 0.5819074173448344 0.6739483546348747 0.3177185789227947 0
0 0 0.5846442211632059 -0.5925662346003384 -0.5240408860885986 0
0 0 -0.994412029830141 0.016974776540222614 0.7457497532245819 0
0 0 1.1094220814719615 -0.49874026666748095 -0.5919344656555694 0
0 0 -0.894558257091229 -0.2600410552302982 0.7061775455327844 0
0 0 0.5091059950236501 0.8035493973518917 -0.08566920329425376 0
0 0 -0.026635292915346387 0.5666081590158178 -0.5621879903252489 0
0 0 -0.8709917307898696 -0.1910921244658394 -0.7978134462235897 0
0 0 -0.09891799493397446 0.7388640448676885 0.38279324360188083 0
0 0 0.9562059707232655 0.3566456734393134 -0.7503401850762114 0
0 0 0.1236488257995505 0.4576343974931791 -0.5829500242642872 0
0 0 -1.1091172098613176 0.7365679953459378 -0.09090950289727727 0
0 0 -0.6132630056269505 -0.7955057970604918 0.010320514818788764 0
0 0 1.137912538472488 -0.5759735573675103 -0.5284548985160369 0
0 0 -0.5458156517087203 0.5722911156799534 0.5506249060715591 0
0 0 0.40368903539146306 0.7177875549183623 0.40998684959125226 0
0 0 -0.8091735659715767 -0.16854566457851167 0.7763233657190589 0
0 0 -1.2591700455141577 -0.09151350393912853 -0.7343662771903521 0
0 0 0.2685905784947751 0.5193882262564296 -0.6565771658409543 0
0 0 -0.7023824163081644 -0.814758408643349 -0.10476177860617916 0
0 0 -1.243048637273839 0.356886956127725 0.6575012343901573 0
0 0 0.46664007278164865 0.38150958759014114 -0.708436252867906 0
0 0 -1.2897058124057637 -0.4178662570909351 0.6124641430298705 0
0 0 -0.23507233853236453 0.7840223853625153 -0.007570799840455205 0
0 0 -1.2050529197350797 -0.8380764459322279 0.013034735795040218 0
0 0 -0.2682298238392813 0.45855176965352434 0.6747849507762474 0
0 0 -0.9643892507933733 0.7298983895220293 0.3463124998809935 0
0 0 1.4278906673298022 -0.5646457218374225 -0.48588534214280255 0
0 0 -0.4649238607759001 0.6283034606651888 -0.535663740367722 0
0 0 1.2999702603169485 0.1577619312064164 -0.7478083374871983 0
0 0 1.3672368168393754 0.737741980608473 -0.23310699144766855 0
0 0 1.4211797971213707 0.33491914183506555 -0.7251473222306685 0
0 0 -1.1150320766757853 0.035635020751367645 -0.7769596175636714 0
0 0 -1.4206997148784106 0.47128496270716685 0.6412434118343834 0
0 0 -0.06566278139953008 -0.0760032514616377 -0.7587995850222059 0
0 0 -0.3649412573407387 0.755186040933284 0.2688712453649354 0
0 0 0.2521592341997203 -0.09651550924356214 -0.8291367188226556 0
0 0 0.1711749320798126 0.5132912711303548 -0.591313523230181 0
0 0 -0.39008916594167475 0.7218647631258077 0.33409357782571963 0
0 0 0.5717678982770082 0.3645288143335338 -0.7536022375844106 0
0 0 0.1440153104836972 0.6547524441405261 0.46860245755674246 0
0 0 -1.3809096322989123 -0.7766703126514163 -0.19425130659708437 0
0 0 -0.19325092948696931 -0.7810464782940162 0.11980662108651045 0
0 0 0.04442626789386983 -0.47810924780355774 0.6392697941994027 0
0 0 -0.4002308225283999 3.3801411099033284e-05 -0.7611807263696877 0
0 0 0.5226808945201764 0.47224135251413785 -0.6684391738874659 0
0 0 -1.2978407579741142 -0.11067499568322263 -0.788880324439609 0
0 0 -1.5495058262508146 0.2914643396424722 -0.6925410240473335 0
0 0 -0.09629054179263696 0.12987060789190566 0.7550994963029408 0
0 0 1.1569699573799812 -0.6376304041631483 -0.40007915418448686 0
0 0 -0.8359225074663111 0.4259959160468326 -0.6412274797887231 0
0 0 1.4075042148609733 -0.4112194562591392 0.7122304684122266 0
0 0 -1.5047558233657834 0.7336384650184135 -0.3012991612321992 0
0 0 0.8343426070119477 0.19953399940497027 0.7613296681069984 0
0 0 0.7792676355897141 0.586383527991524 0.5235795735419296 0
0 0 -0.5310333851390598 -0.6363979687089062 -0.40146564433519766 0
0 0 0.2908714247470654 0.7290634499112592 0.3790727125978434 0
0 0 0.6666628618920734 -0.11780069025690551 -0.7959089991086415 0
0 0 -0.510672194365811 -0.7362652474011284 0.22988250433077073 0
0 0 0.10534207753571545 -0.8128889616379539 0.04736458771946536 0
0 0 -1.0852402475542324 -0.731218721896307 0.29252317130782823 0
0 0 0.7172950173594064 0.7290081426615768 0.1877008943353107 0
0 0 -1.0677266189925771 0.26066399565851744 0.7316862226506157 0
0 0 1.3365266102031623 -0.5294773791588623 0.536047488183653 0
0 0 -0.03927917141821746 0.2605832641419749 0.7160436330342319 0
0 0 -1.498419103478532 -0.5884382807689337 -0.5167775476301778 0
0 0 0.10983159276385113 0.4158114281538845 0.7200970985258088 0
0 0 0.8430465778483112 -0.6128434112455409 0.44504201485460426 0
0 0 1.4558402398989796 -0.38899808460237706 -0.6723281674080974 0
0 0 0.2718206433478414 0.536643058240937 -0.6402136933522047 0
0 0 -0.6702104852561688 -0.39971816289339684 0.6955559991988272 0
0 0 1.2250016145195914 -0.32105618024088767 -0.7193676144417505 0
0 0 -0.823523294753495 0.024595849359123644 -0.8225154657211532 0
0 0 -1.4314420619670565 -0.633155518117935 -0.41855331809249263 0
0 0 -0.6616004994436353 -0.30946851726017416 0.7398973782033517 0
0 0 -1.2230939824613543 -0.09618809023002008 0.7353046126646215 0
0 0 0.6131747903729474 0.35010106081738135 -0.7488280059578583 0
0 0 -0.6670972451377458 -0.6975159510068225 -0.3451098556205715 0
0 0 -0.7861131654546994 -0.692940890302046 -0.30599491207505636 0
0 0 -0.580421137038342 0.4174851720881471 0.7120608651802244 0
0 0 1.5174192823112826 0.7036601269940109 0.2796049475610572 0
0 0 0.15303301037333705 -0.7879796652277595 -0.26734756821689065 0
0 0 0.9004914671784223 -0.6970405889857915 0.26970335706060616 0
0 0 0.37967206232146156 -0.717234812320046 -0.2581945886756488 0
0 0 -1.458546101895375 -0.5732349012598901 -0.4818294402947558 0
0 0 -0.7298503161616355 0.7552479750441468 -0.2790615898959004 0
0 0 1.3477628816440461 0.30623819722910606 0.7110728850674042 0
0 0 1.1180177413626846 0.7013972417206266 0.3940140335581833 0
0 0 -0.5739992777305584 0.670308403768924 0.40693392821367597 0
0 0 -0.43643814688318017 -0.2731078043959775 -0.7283564684709968 0
0 0 -1.3019421206446136 0.7565449577400293 0.01907854790613477 0
0 0 -0.09743568937323421 -0.8278796722616485 -0.03455557316453346 0
0 0 -0.7777983305113108 -0.2748853887446832 0.7425448704918336 0
0 0 -0.4840769460144325 0.24482149198329403 0.7423892065173054 0
0 0 -0.22353908524205757 0.6854431417639567 0.2792539286462971 0
0 0 -0.24054556539623362 0.08424829818035708 -0.8333072848816924 0
0 0 1.2329353012059032 0.1731220265733377 -0.7978906020464499 0
0 0 -1.4986712467885774 -0.7392169157457892 -0.23637954612656625 0
0 0 -0.9959394973025709 0.7502670920816095 0.07895062128053033 0
0 0 -0.45666441797391943 -0.30482339429855254 0.6910659760204374 0
0 0 -1.1674721866545728 -0.5555611172481155 0.5595715439610027 0
0 0 0.16136738415523166 0.16047297052877824 0.7814416393423712 0
0 0 -0.060174554790813684 0.7012152827680684 -0.33824112247321714 0
0 0 0.009665303137925685 0.22126342078072703 -0.8059950382605846 0
0 0 1.4783952660643074 -0.7702197266095927 0.13563859721079172 0
0 0 -0.7711181896452153 0.6543156460399078 -0.46256157893774874 0
0 0 -1.507769377694173 -0.8138797026425112 0.17992006073432026 0
0 0 -0.2552481447505448 0.776572078106662 -0.16716882246745976 0
0 0 0.7222390764312192 0.45079240538788573 -0.621210885224978 0
0 0 1.0709463158542545 -0.47159819294311306 -0.6317271415525776 0
0 0 1.4875204413470988 -0.7494986704405867 -0.3394595555046795 0
0 0 -1.284983020206202 0.03908518403005098 0.8274307342487213 0
0 0 -0.010695405273816627 -0.7118953419688706 0.21613148810499078 0
0 0 0.09800921306538246 -0.03966416996882838 0.7950945204149593 0
0 0 1.2081879386310779 -0.7550168794712709 0.08505498893625894 0
0 0 -0.6934064273799853 0.7855574575126313 -0.14254723486680834 0
0 0 -1.0314183186452 0.65725482077961 -0.3485656300808465 0
0 0 0.18053764741698575 0.7904270800762139 0.2562539563347136 0
0 0 -0.4024209654019595 -0.6935615844957129 0.2993926226375734 0
0 0 -0.8230680712303492 -0.5158954454808753 -0.5678121563075966 0
0 0 1.3661936441101532 0.708156619254963 -0.43666664930139315 0
0 0 -0.22112166436779845 0.7475246706308528 -0.16231878610077577 0
0 0 -0.73190030328337 0.26129234342223423 -0.746834058781143 0
0 0 -0.0496998021490731 0.7752724674246678 0.02642029692479251 0
0 0 0.1834765012926085 0.7561798724863333 -0.34749766958773326 0
0 0 -0.8709475191357948 0.5875964451147531 0.5609213421820858 0
0 0 0.9923443798404601 0.03727018131085761 0.7588621760990195 0
0 0 -1.492031398422768 0.801293717091285 0.1655202525761737 0
0 0 -0.09297726184896216 -0.25793186431733645 0.7968399065134676 0
0 0 -1.1795861465620474 0.6616183019315867 -0.34662988240012443 0
0 0 -1.3537719573212 -0.5139593214829529 0.6040889067822696 0
0 0 -1.1976270109059772 0.6713963237049745 0.3373181421978297 0
0 0 -1.446933972856121 0.4623151079058958 -0.6971913218955786 0
0 0 -0.9335303793223823 -0.13168741284606156 -0.7420558034964433 0
0 0 0.6183586228754936 0.5358329448309409 0.5437882222008581 0
0 0 -0.3628523754244748 0.42160904968430646 0.6274075488596499 0
0 0 -1.323150044898293 0.6623008662943338 -0.48168602394304494 0
0 0 1.3637409756725223 0.7067076139839058 0.4218269624776225 0
0 0 -0.6615465577863038 0.6329779279769115 0.45168489391282746 0
0 0 -0.9447606508253211 0.11046345448716087 0.777152694144164 0
0 0 -0.6002190268390029 -0.5786854980213506 0.5235590332419038 0
0 0 0.045234658186116716 0.6852289307611673 0.3139201447545912 0
0 0 -0.6159402874967106 0.6395185939411977 0.4526844920724509 0
0 0 0.010312400015116019 0.5907425137276283 -0.5428714827129155 0
0 0 -1.1800523606460875 -0.48030332319960745 0.5666771253853383 0
0 0 -0.352030425192954 0.7364041482382838 -0.2618271307607526 0
0 0 0.8079880705163545 -0.7437744798706409 0.08906265898156919 0
0 0 1.1473940284859139 -0.6704736210275257 0.40317510085660985 0
0 0 -0.46315590605840207 0.6662123604220687 0.330506296296742 0
0 0 -1.1100873590671212 0.7805100864278646 0.07842613032332504 0
0 0 -0.4417098250810052 0.7151804128546035 0.43557955667708154 0
0 0 1.1465476879717866 -0.06907354861411288 -0.7570716524590081 0
0 0 -0.9732684725575423 0.7249041307424878 0.1975545156489264 0
0 0 0.4877520543689351 -0.7486024345240787 0.15617604331612853 0
0 0 -0.6564961769749104 -0.16296772994403252 -0.7907688660999426 0
0 0 0.787913033370061 0.10124879774155146 -0.8282982442891537 0
0 0 -1.4827134257277605 0.09978590542376058 0.8172323717852921 0
0 0 -0.3524927284979844 0.2030317956871753 -0.7407573829364824 0
0 0 -1.2709187886437145 -0.47326664326572865 -0.6670160609587878 0
0 0 0.17099653285502492 -0.23908440438396728 -0.7071603953648052 0
0 0 0.5209118694349164 0.2591554959935892 -0.7891382306262374 0
0 0 -0.5703421720849879 0.6075521299200467 -0.4697971966622812 0
0 0 1.1554002807213806 0.7198858140448129 -0.34958075744583084 0
0 0 0.9730741404415251 -0.38645819436409534 0.6343878269286642 0
0 0 -0.6472990564787432 0.6626363094758482 0.4936747231836545 0
0 0 -1.4421404469542056 0.023328636004207707 0.7727388050359112 0
0 0 -0.8300618655512518 0.07917464759712813 -0.8030721049011338 0
0 0 -1.3914594734521541 -0.8314593412317748 0.061182514772807964 0
0 0 1.218756232231871 0.7160593156219996 0.3229035741839679 0
0 0 -1.0555142440442538 -0.2863651226893951 -0.6829084298320814 0
0 0 -0.6847182228810155 -0.6851761056701452 -0.29050806389784767 0
0 0 -0.00922107670515282 -0.5723458306013893 -0.48346974444055574 0
0 0 -1.0222162197888127 0.05872867828081666 0.816474484049203 0
0 0 -0.33472068290951196 -0.7779426779230239 -0.23728114808065737 0
0 0 1.206452713881597 0.6368945658984105 0.46212396619546714 0
0 0 0.6203893038749668 -0.49360917274653093 -0.6350310845218745 0
0 0 -1.0355664163137468 -0.49988604228675204 0.5658540350477915 0
0 0 -1.0729477893856325 0.7473729508311219 -0.16865154532222373 0
0 0 0.41697489419775247 0.4121385287293366 0.6733944212416435 0
0 0 -1.3427545846731297 0.1185254438928437 0.7635595475132829 0
0 0 1.5618180975407499 0.7769005848798385 0.1625719971598617 0
0 0 0.2186834373644193 0.7915697884264562 0.2248488497449579 0
0 0 -0.9790024342141893 -0.010103590656726925 0.7993293959913719 0
0 0 0.7054720987997825 0.5055003120859158 -0.602782891421184 0
0 0 0.38097207004493594 -0.7554488032244692 -0.0886385457231716 0
0 0 -1.4343345589620875 -0.15752547011902654 0.7239319399714261 0
0 0 -1.2623931802167578 -0.18577300362591548 0.742845442178316 0
0 0 -1.0379028236195553 0.2046189112977004 0.7769217378541488 0
0 0 -1.3439559102390177 -0.7687709964383221 0.10093239514583019 0
0 0 0.8647751205374887 0.45906724180500613 -0.6105502083266475 0
0 0 0.6740597814011253 -0.5118726710232828 0.5646976134838827 0
0 0 1.2830592594056265 -0.02689476751823457 0.7883778150946046 0
0 0 -0.24539882330049 0.6470812900768853 0.5026123846398753 0
0 0 0.5634006135433798 0.7769451794547095 -0.11327983589254707 0
0 0 -0.08012267511512006 -0.6460745735396656 0.5196103751660103 0
0 0 -0.7736441249543823 -0.10083050723642942 -0.7811491362908227 0
0 0 -0.2735780447020151 -0.19554072466247144 -0.8078704871849087 0
0 0 -0.9247018981315536 0.6407992952525768 0.41369875763650443 0
0 0 1.3677270659274816 -0.18589082400496762 -0.7497190829599121 0
0 0 0.953224130263977 -0.3897175749892581 0.7313369454727047 0
0 0 -0.7619866321315287 -0.5903645606992126 -0.5814856006215854 0
0 0 0.18281533895147906 -0.7902596082327924 -0.10015768972298637 0
0 0 -0.15277073776224825 0.44391053946950626 -0.6932905232497772 0
0 0 -1.423016786652041 -0.23432899929131898 0.7808479696979532 0
0 0 -0.5280119764463629 0.701273176217016 0.33644408161106815 0
0 0 -0.5425015099322086 -0.6832855636608938 0.315916105894694 0
0 0 1.476325943652022 0.8143633818930753 0.18367484753233732 0
0 0 -0.3231116203764841 0.28846137582744086 0.7131142337617539 0
0 0 -1.2685388773972148 -0.7574006599170443 0.19814167683076067 0
0 0 -1.5451762937871274 0.4965553924262249 0.5551138046460049 0
0 0 1.5567402104112356 -0.48933350022915706 -0.6372084194822064 0
0 0 -0.8010645132552013 0.8194456880314902 0.017170122426153518 0
0 0 -0.9768721008057354 0.674370130647729 -0.4908119432242564 0
0 0 -1.0510552798046524 0.7028956380714817 0.3544482637260647 0
0 0 1.5073457747830115 0.37515818162672515 -0.7218798406263823 0
0 0 -1.1971763671074573 -0.5635084594359556 -0.5521457691019847 0
0 0 -1.0251234449478117 0.2831979531803013 -0.6910421913894169 0
0 0 1.3122532898373191 -0.12213849642895917 -0.742797868052645 0
0 0 -1.415607356305163 0.014335867480772157 -0.8112829485885864 0
0 0 -0.5124264655113142 0.7939315705264333 -0.00038387339874855025 0
0 0 -1.14328315245029 -0.696637649104547 -0.27925384565528616 0
0 0 -0.14067942842798975 0.6369556541115412 0.42017326514826653 0
0 0 1.0455974962708217 -0.74252813582174 0.34259724062315255 0
0 0 0.7061585407029987 -0.37463243974749244 0.7180052716505246 0
0 0 0.08761628762344054 0.3382326414460039 -0.7357294578424636 0
0 0 -0.7884660198311125 -0.47335554408352176 0.6512440944233177 0
0 0 0.03404634112258442 0.7123200214998212 0.3944941169974477 0
0 0 1.5621550305558114 0.5208778090941429 0.5884550995094875 0
0 0 0.8739816423254543 -0.7493723066309688 0.32596571736430335 0
0 0 1.2754597231755618 0.7640378212416554 -0.2991999635481942 0
0 0 -0.06662337331586587 -0.5208703323755042 0.6132659956316682 0
0 0 1.027867329414684 0.4771866239724444 0.6778696533033229 0
0 0 -0.18158562492700514 -0.3386238102614186 0.7564309616127852 0
0 0 -1.2444763272764394 0.7657935842807636 0.29838945226942115 0
0 0 1.0942962090556874 -0.8047517174956447 -0.09031374889696162 0
0 0 -0.32803970446876285 0.41732714479221134 0.7277813797514793 0
0 0 1.287730132666975 0.1609480016847426 -0.7633694972601831 0
0 0 -1.2658258500137909 0.5374277418564916 -0.6138028105223227 0
0 0 0.1396803863973315 0.7672170121109007 -0.1875666327733319 0
0 0 0.08206535204011312 -0.3689603975310253 -0.6864781280825668 0
0 0 -0.7925538264361501 0.0233307010485891 0.7525436673990428 0
0 0 -0.9704444611507259 -0.7435090426284681 0.2016942333905997 0
0 0 1.184684617477139 0.7521908636711795 0.06965884501516481 0
0 0 0.7899318514523719 -0.5724809789508991 -0.5629779734146659 0
0 0 1.543871262521268 -0.05590999991019397 -0.7891673586009857 0
0 0 -1.353981230925059 0.41255683268236815 0.6709372916017852 0
0 0 -0.7935246709747399 -0.6764947385577587 0.4253239434982536 0
0 0 0.5024731782780698 -0.7629283762032946 0.26329015776046455 0
0 0 1.461195635696758 0.6816072409189762 0.31186121056369603 0
0 0 -0.30207075045094944 -0.6674385876622091 0.40460331108910225 0
0 0 -0.5682761322886287 -0.5911729441868998 0.5949474583561967 0
0 0 0.29402645889423096 0.0010038731419905137 0.8311795858209408 0
0 0 -1.2663813426720685 -0.7533514962000927 0.2706022224341398 0
0 0 0.9107595994452109 -0.6952657234967249 -0.3043754047097152 0
0 0 1.2122982525577886 0.28587792468324047 -0.778677184320366 0
0 0 -1.17032686814901 -0.22421828649038233 0.757155614212631 0
0 0 1.2373681489253823 0.704518965200114 0.2500480681765024 0
0 0 -0.8717556801870635 0.7058634064892715 -0.3424373283304765 0
0 0 0.8534482871437836 -0.7002839415989666 -0.3954068468948658 0
0 0 -0.8931659993801075 0.7040057860734306 0.3127741118692921 0
0 0 -1.280359477745066 0.741384456590168 0.09642505178735777 0
0 0 -0.8066907224832014 0.7738385274220844 0.01806593609481289 0
0 0 1.463568316229634 0.5371710459993252 0.6015151095316306 0
0 0 -0.33698473410764307 0.6897292426930303 0.3702489154669649 0
0 0 -1.37079677489952 0.24998077035422905 0.801870128330741 0
0 0 1.0298133692234912 -0.5172241746467557 -0.6221516003981871 0
0 0 0.6880877168678157 -0.37648420823031187 -0.7203709073011361 0
0 0 -0.2633967687983423 -0.7206398968229557 -0.24215548224997546 0
0 0 0.5636014668853444 -0.05476928497824754 0.7708349881987655 0
0 0 1.481702727529902 0.27408784864580704 0.7665773266723812 0
0 0 -0.7821746112898101 0.44193537723295895 0.645358991945028 0
0 0 0.14090799799930998 0.7450872942673848 -0.32033460580139167 0
0 0 -1.2565797816402537 0.22012462799631768 -0.7933067004852307 0
0 0 0.6379459342106699 0.750025659050006 0.32448594556012345 0
0 0 0.4399738788936163 0.2838594017298101 0.7384736832940687 0
0 0 -0.42336540855564087 0.36247116657322725 -0.6571076656200185 0
0 0 1.242660725722113 0.5075853294896546 0.6492998443830319 0
0 0 0.11471886569869705 -0.3222894002871008 -0.6858304515699778 0
0 0 1.0020938248989255 0.6568357454730344 -0.40398896043054017 0
0 0 -0.9777128550193325 0.12256175690145622 0.7693689945451032 0
0 0 -1.3057080456267545 -0.3334741931204577 -0.6824669504762303 0
0 0 0.1465591670100952 0.582060216152959 0.46694827142207035 0
0 0 1.275407877887067 -0.4956982909079476 -0.6616666041920541 0
0 0 0.37869676544730013 -0.8102837044873297 0.1715470143387489 0
0 0 0.1251241171356572 -0.24062673567309342 -0.7884009907370773 0
0 0 -1.5509709249282073 -0.33466295866392687 -0.7556268260389686 0
0 0 -0.8725644092653616 0.490957447548471 -0.5807770938679473 0
0 0 -1.0880851285051691 -0.19725343778276114 0.7237963409435163 0
0 0 0.7250168383233393 0.07952858367729307 0.7366129982321354 0
0 0 -1.5375325143925591 0.7726291320857069 0.07654294841092404 0
0 0 -0.9879614201498236 0.7694719432120976 0.06303979370512955 0
0 0 1.0494527169444057 0.5288140834424185 -0.5627722083243805 0
0 0 0.5936546595013197 -0.054642519952145745 -0.8022588515341057 0
0 0 0.35885605726661773 -0.7192014059691266 -0.1811255675026767 0
0 0 -0.20597397946470863 0.5282257129387259 0.644006804037721 0
0 0 1.2839388015491409 -0.6049997837165014 -0.5661274420537687 0
0 0 0.6963059943149554 0.3043823894150253 0.692273766373376 0
0 0 0.03177817705773456 0.751786210590881 -0.0196287335227198 0
0 0 0.3026407846569166 0.4314069744928978 -0.6758295312433208 0
0 0 -0.7058607943599661 0.43362815669333304 -0.6938771272106693 0
0 0 -0.2534629606792036 -0.7018163790068482 -0.2637824576106117 0
0 0 0.9100490669683747 0.4788211361677028 -0.579941175186592 0
0 0 0.5846106191235845 0.8085686646049144 -0.017991959327307894 0
0 0 -1.3764296980965145 -0.4981271592317432 0.6001157126131181 0
0 0 0.48066789594669546 -0.058426626171535025 0.8237924271069383 0
0 0 -0.04942472918460217 0.01899812742880926 -0.8377371272827832 0
0 0 0.2803326683777536 0.7750291173807718 0.01900306562337126 0
0 0 -1.1156547999422033 -0.038319129708007535 -0.816129571962806 0
0 0 1.3103538557304604 -0.7056174219733737 0.3984974175954736 0
0 0 0.004869368135819618 0.6322931195984204 0.5155832432820615 0
0 0 0.7828243172273104 -0.07981338163189237 0.8052896210561604 0
0 0 1.4460502964350188 -0.5484550543153802 -0.5189327019474372 0
0 0 -0.09726368321187384 0.25642204029065546 -0.7821942477028069 0
0 0 -0.07640013717260108 0.7636335840167938 0.2582731250805881 0
0 0 0.3443432652262297 0.07944329655667012 0.7647905809739872 0
0 0 1.2567573609093814 -0.2751672657016813 -0.7375341849903806 0
0 0 -0.04272400028053602 -0.043199875550416426 0.7685265161256027 0
0 0 -0.8370638215242661 0.5917113952126727 0.46534129237898525 0
0 0 -1.4272467460261777 -0.010410122982061301 -0.8386842357266366 0
0 0 -1.0187631202147784 -0.2530643915728431 0.7762522511860491 0
0 0 -0.6002233198685938 -0.4621188556069279 -0.6722187423607614 0
0 0 -0.22382658571793246 0.2769877397201048 -0.7829488929907741 0
0 0 0.8266384631343455 -0.6301439738062149 0.39973866321524254 0
0 0 1.013344830869844 0.20818449935874245 0.7376989006195586 0
0 0 -0.3840913247833413 0.40181147521661276 0.6782933998837413 0
0 0 -0.7817401595950195 -0.8295726019787981 -0.05089707172278698 0
0 0 0.605290803648181 0.6543884351920847 0.4062235148503504 0
0 0 -0.11037398619221372 0.7918902836646806 -0.13370489880851047 0
0 0 -1.4574680807177247 -0.6319741684658466 0.4516269323837146 0
0 0 1.465566378390721 0.5437867197029077 -0.5406119679573587 0
0 0 1.4261591382084835 0.24733606440739983 -0.717583789955409 0
0 0 0.6017846585358884 0.5840970561227236 0.4696799265995004 0
0 0 0.2899787265175622 0.7067524496626595 -0.34885863615812357 0
0 0 -0.10557021777582354 -0.3157292206855545 -0.7744121194362148 0
0 0 -0.5361617150058375 0.5366588691453966 0.5496061492974724 0
0 0 1.1277154415299249 0.7188573983003199 -0.3445130538450559 0
0 0 -0.36259037249587145 -0.7912278160425821 0.2622775199115489 0
0 0 -0.2928864368021198 -0.5534121173008454 -0.586620229322147 0
0 0 -0.15394414686778224 -0.6364119262523751 -0.39575205972387023 0
0 0 -0.40442923051306323 0.4236247443501942 -0.6629554134173528 0
0 0 -0.750847364077492 -0.3594352829327199 -0.7176018950917155 0
0 0 -1.3235547909993688 -0.7662504522878582 -0.11355590863554244 0
0 0 0.09435670677505881 0.42400562581139684 0.7062205898637339 0
0 0 -1.1516441448856805 -0.740647926916688 -0.14312573630685743 0
0 0 -0.8138086040263007 -0.00022499913324773593 -0.7991019463535273 0
0 0 0.9598409619390269 -0.28551436560683363 -0.7584634612348126 0
0 0 1.0463429253716812 -0.6329967100948817 -0.4096483809038358 0
0 0 -0.9170649673933342 0.21376583564766607 0.727378637623396 0
0 0 -0.8196744744209362 -0.1496971577912791 -0.7483176520799203 0
0 0 -1.3121021280757752 0.8033530493207518 -0.03620087778342902 0
0 0 0.1376552201340706 -0.5730639404771769 0.5922480164826758 0
0 0 -0.45040210032704975 -0.6414540453982417 0.3706757943417051 0
0 0 0.2112308260023199 0.8140329056622911 0.10981209229262537 0
0 0 -1.2284550620194612 -0.32977274329550416 -0.7722279875297052 0
0 0 -0.615898560741274 0.46493427342994875 0.6653411139884154 0
0 0 -0.8663104369089483 0.1481426167037867 -0.7688057694962422 0
0 0 -0.6661643658543103 -0.6576636270339471 -0.35582062906868767 0
0 0 0.7656602265717467 0.1630647027544077 -0.7889335484175946 0
0 0 -0.8124947438578201 0.70469791319462 0.24129681404512227 0
0 0 0.05374701235575974 0.7872735228295643 0.04113913395037135 0
0 0 0.27153409105690507 0.6422824803122766 -0.5169100284397773 0
0 0 0.8265132402859297 0.23859016073406572 0.7138564891596219 0
0 0 -0.24079835886815082 0.45680776369977755 -0.6016125906619866 0
0 0 -1.4573206983974876 -0.7543636870588013 -0.34903009515305894 0
0 0 -1.4458726724637672 -0.35427302959426726 0.7256889993065696 0
0 0 1.4800458109278942 -0.5955280549141253 0.5412957025761155 0
0 0 0.03923044794228003 -0.7102919193965928 -0.2204193504626373 0
0 0 1.421038185248527 -0.6684357318349851 0.334090520959621 0
0 0 1.0033931393010405 -0.7960046441688176 0.02288801916162843 0
0 0 1.3989308650098762 -0.5526999709040208 -0.6242080094557819 0
0 0 0.5007735624528213 -0.38687192946797955 -0.7110627338322931 0
0 0 -0.24522418326444928 0.748059750118286 0.2747424585280614 0
0 0 0.05975050145103644 0.7549005612048382 -0.32725419724744853 0
0 0 -1.4894371874952446 -0.1721932797793081 -0.7640409852666132 0
0 0 -0.4398004370318409 0.4285629083699889 0.651929809939052 0
0 0 0.3369989771665698 0.7353352235218806 0.16867788971017167 0
0 0 -0.595645656503492 -0.5008005989334019 -0.6729654704150022 0
0 0 0.3426850692687169 -0.5110952181133536 0.551244551320809 0
0 0 1.140443610432965 -0.2036859381646796 0.7588785462661508 0
0 0 -0.38696419233080626 -0.8248162433271559 -0.1240559222443113 0
0 0 0.1769205028726859 -0.14073985107863127 -0.8098134793053879 0
0 0 1.1661368850032567 0.04421895653739137 -0.7584674337029715 0
0 0 1.4333887332061277 0.7245880054376389 -0.39686749962349555 0
0 0 -0.5659590752109944 0.41882985864689637 0.6954243403134327 0
0 0 -0.4666756835171706 0.7029092869490478 -0.3128604311348541 0
0 0 -1.4932399274560444 -0.7460580376874145 0.20214559225402748 0
0 0 -1.1576405871554911 0.7431684167474082 -0.007085792543408919 0
0 0 1.2035684862880296 -0.64008169068717 -0.4227483997461798 0
0 0 -1.137793071141946 -0.7370657110272012 0.25687538715289054 0
0 0 1.0189593910287549 0.7576514271016148 -0.022906287743752078 0
0 0 0.42528467224903155 0.042255704450270735 -0.7734467346454965 0
0 0 0.1299626546365098 0.350818415564578 -0.720651734903113 0
0 0 -1.1979715838658462 0.41216948740408155 -0.6277542652057686 0
0 0 -0.020923778950401317 -0.7611358823030697 -0.2617210906377773 0
0 0 -0.29453422644924654 -0.3559169712471612 0.6573144808038628 0
0 0 -1.477951145657152 0.22509070472505974 0.746604822734483 0
0 0 -0.8217432513583894 0.5528265664475938 -0.5031183238000402 0
0 0 -0.7123806939642457 -0.6313103942181966 0.4119447991992147 0
0 0 -0.03423732752079789 -0.27793714741221226 0.7367277136952267 0
0 0 0.9675082422582206 0.009809766404335273 -0.8235962559153002 0
0 0 0.5282847949647569 -0.0041637348351699155 -0.7754877896921246 0
0 0 0.3847053450280975 0.15455893751815758 -0.7465101104413245 0
0 0 -0.016290443455262427 -0.6893811328989934 -0.3026209939084169 0
0 0 0.8578614415708716 -0.6666963016897599 -0.5078790606728151 0
0 0 0.9452534962748942 0.26099336613997104 0.7684778541049551 0
0 0 -0.02347281379106181 0.242327277813311 0.7413848912704443 0
0 0 -1.53514286809246 0.8059458486108885 -0.18605996342764 0
0 0 1.0892505080457693 0.05259279589330205 -0.756588647689952 0
0 0 0.8707664483589932 -0.7632533528383834 -0.008396565499153682 0
0 0 0.8044592939273465 0.24193137944535884 0.7950485291349295 0
0 0 1.1449527181413823 0.23256581184053818 0.7115739185707081 0
0 0 1.0744555687099746 -0.4921068051720095 0.6622416371372362 0
0 0 -1.0148200709862694 -0.7408174475980057 0.19367532695825726 0
0 0 1.1980588041795284 0.6531578557334902 -0.37211171584046554 0
0 0 1.2855413249693393 0.340652574504436 -0.6648318807230518 0
0 0 1.5616096942876854 -0.08827524023207169 -0.7697268436611584 0
0 0 -1.2291289822222096 0.6564315805204093 -0.3498113894452408 0
0 0 -0.6941950851510323 0.7753367160935103 -0.09838330959202106 0
0 0 -1.360023275067915 -0.5665066430428339 -0.6073331262368306 0
0 0 -1.190823491783393 -0.7902894872172952 0.19496010928219026 0
0 0 -0.2953798821124731 0.12920269373294313 -0.7584158492392319 0
0 0 0.25400654532087796 -0.8035857207963263 0.10982421003979417 0
0 0 -1.1958070484731247 -0.5450568458587899 -0.5132946558876907 0
0 0 1.030011462911534 -0.7673436655188356 -0.0856386343361906 0
0 0 -0.3273372942857007 -0.34068811955885586 0.6788347865132454 0
0 0 1.1492839587408987 0.19715847296837583 0.738589140864033 0
0 0 0.16387748873852837 -0.7807471834343217 0.0932894838412894 0
0 0 0.2582811398102831 0.7488797196727431 -0.09711181478436813 0
0 0 1.469126472391014 0.4599256579152903 -0.6256026181187901 0
0 0 0.004128981380767449 -0.45597274948834937 -0.5917391773516651 0
0 0 -0.23838119299067406 0.10423298053708763 0.818512306899465 0
0 0 -0.5793509027798572 0.5337032784874672 -0.5476823611801559 0
0 0 0.6100157668145942 -0.648656213229398 -0.5222589933814421 0
0 0 -0.6301360713185585 0.38484257217122886 0.6580447822754282 0
0 0 0.9121050546996474 -0.7031042592109281 -0.4101801717995192 0
0 0 0.019163446264014894 -0.4620072391374882 -0.6715969699594362 0
0 0 0.4342125014549776 -0.6915129177207175 0.4059544714903558 0
0 0 1.0180326411680687 0.4938652188468744 -0.5736539489141909 0
0 0 0.10283091255115417 0.3425302299045353 -0.7341532928836842 0
0 0 -0.5391089503458777 -0.8149636308084532 0.013866974706531435 0
0 0 -0.8612813344384161 -0.5481010274791895 -0.5996323291157352 0
0 0 1.1946144130589955 -0.32979966612221334 -0.6770535525097869 0
0 0 0.3441651907282932 0.2994423276148276 -0.7208653672314431 0
0 0 1.1232129831362054 -0.813271454159484 0.057631913765820365 0
0 0 -0.22638894997763792 -0.4884650701333196 -0.6741505775303889 0
0 0 -0.2082448426299992 -0.557441377937629 0.5816531839931302 0
0 0 0.0549966355757312 -0.3219532780275251 0.7558063348891664 0
0 0 0.855330060660477 -0.0019965985114415758 -0.7468124475066171 0
0 0 -0.5108674041786552 0.44070023817601306 -0.6525414260552004 0
0 0 1.0523120677199937 0.33048548331902683 0.7421671776253341 0
0 0 1.5069307060686703 -0.4024123974268876 -0.6913175675521867 0
0 0 -0.9939549278746056 0.08842085498496036 0.8174842793260827 0
0 0 0.6051689535523224 -0.20701367657979142 0.7628037676560364 0
0 0 1.4648566453955754 -0.77022052089003 -0.156999891915653 0
0 0 -0.7198844600071033 0.18498443299741868 -0.7258402846787677 0
0 0 -0.6035057158448089 0.14455325825008733 0.7630977511887049 0
0 0 -0.7510491819835802 -0.18521720311132622 -0.814218442276891 0
0 0 1.1243224566381698 0.41746964016560373 0.6272679511711255 0
0 0 0.24010503840972897 -0.8020604248600716 -0.14899332251501513 0
0 0 0.7707005960751925 -0.585132633462099 -0.5111005647596594 0
0 0 -1.4204190860086814 -0.4042040508689743 0.7332855011897039 0
0 0 -0.441010432690528 -0.5386440055320209 -0.6194385449109925 0
0 0 0.9442629779888576 -0.6884880944327176 -0.33486081996409445 0
0 0 0.2099363852995444 0.8118350743697362 -0.16988814437092328 0
0 0 -0.7230305687930928 0.7448059106584871 0.22369664541268647 0
0 0 0.7921827357948241 -0.7888549309050852 -0.24760158243422134 0
0 0 0.9730688354688204 -0.14496989720341455 0.7492719725167448 0
0 0 0.5460299388578989 -0.3531018316249894 0.7350304113457672 0
0 0 -0.02805538246240813 -0.8033203624213346 0.009497639835891797 0
0 0 0.28633940740706376 -0.007736806572508633 -0.8088229020149652 0
0 0 -1.5403522261100042 0.7018611207676603 0.2931598198656629 0
0 0 0.8048033268856405 0.7349224104066825 0.34300349167509764 0
0 0 -0.31252622908735095 -0.6999483997950939 0.2548231489118318 0
0 0 -0.9794234210495103 0.14550333597468104 0.7398908013660911 0
0 0 -0.5705750253505644 -0.7876128693637648 -0.029012743172967457 0
0 0 -1.3554130563133715 -0.7940658126511186 -0.09327101523037837 0
0 0 0.8435423161503137 -0.750879321700015 -0.3661237550565564 0
0 0 0.5294764979877189 0.5057312954782313 -0.6232546137856062 0
0 0 -1.0775678532095874 -0.6509723527758609 0.4307939515891746 0
0 0 0.0802689786473636 -0.5850571482820498 0.5714121797140455 0
0 0 -0.5908452884313182 -0.6079874943782082 0.525226832845269 0
0 0 -0.35214796760665057 -0.2982158326650134 0.7440424497745154 0
0 0 0.4075670977792236 0.7387633838381488 0.21073543827452162 0
0 0 -0.3764260179990173 0.3903253206556244 0.6617208846071154 0
0 0 -1.0079031620197347 0.4578220072244586 0.6366925081326271 0
0 0 0.04031001379277721 0.12951909524344984 -0.7748125202108553 0
0 0 0.6862874818342801 -0.1268545389580402 -0.8064836338711192 0
0 0 1.3056743676169735 -0.5189132618808786 -0.5542586731054734 0
0 0 -0.9793678218266236 0.6855176045476823 -0.2827223726517387 0
0 0 -1.1041043490453868 0.4948883022349516 0.6723205202335613 0
0 0 0.4791618566611038 -0.0657979780358522 -0.7927969897203256 0
0 0 -1.4235020279940973 -0.7260442530185754 -0.2215135841612558 0
0 0 1.342413803816334 -0.7413602083623815 0.3300392983005967 0
0 0 1.141670601427585 0.24227905919088222 0.7123270801667154 0
0 0 -1.4557330464477176 0.6887541530854873 -0.41201895714712355 0
0 0 1.0544636705730737 0.7918342603461132 -0.1378894535272887 0
0 0 0.9792334650441532 0.5522569155378924 0.5609815325667349 0
0 0 -0.05414950605286517 0.7397387511377861 0.026050413298642373 0
0 0 -0.599002934932766 0.32841501846311105 -0.7370064330242235 0
0 0 -0.32745133384101566 0.8245793012919225 -0.012370211663230414 0
0 0 -1.3355176982701638 0.5491333980444711 -0.555337270910754 0
0 0 -1.0915368140458377 0.791671484618989 0.24260684516323372 0
0 0 -0.44940160389970907 -0.6704763235888991 0.34302953648721024 0
0 0 -0.2923426733437504 0.4741696272221453 -0.6278851733124666 0
0 0 -0.13132243428081614 0.625511550354134 0.5031653862815811 0
0 0 1.2882155904509869 0.7410256172805834 0.2959371342794972 0
0 0 0.5156503699711479 0.5466934394697047 -0.6257520219222261 0
0 0 1.5613157926006056 -0.7348528146498048 0.25342157069881854 0
0 0 -0.5688693780115299 -0.7715077756732428 0.029637136586972066 0
0 0 -1.437564456568437 -0.8245651233226048 -0.07553382954467568 0
0 0 0.9504664014378492 -0.6569864702590508 -0.42728930736450177 0
0 0 0.38444262212782787 0.22690116083551315 -0.7129779869331722 0
0 0 0.5778411505515098 -0.8183958356302536 0.040080348983853924 0
0 0 -0.6823086535624777 -0.7671137561689311 0.1546116332488284 0
0 0 0.8991664651983222 -0.10517675738629405 -0.7414426717465659 0
0 0 -0.35575684006968 0.03915076948431545 0.7422943140410346 0
0 0 -0.38684276535262496 -0.2923938137440059 0.6811348896923635 0
0 0 1.5451618960856206 0.7022100539545353 0.23356475920630582 0
0 0 0.09824857667705489 0.7731477376756511 0.01567641472563043 0
0 0 0.2358556035817727 0.3264313701585621 0.7661205106134952 0
0 0 0.659835404111139 0.19309354198036285 0.7507371579836015 0
0 0 0.4902626772512484 0.07508741092932376 -0.8321180275396887 0
0 0 -0.7186831878780232 -0.14681822045400994 -0.8081849065932102 0
0 0 -0.864938371701872 0.8251411311715319 0.07284109863557182 0
0 0 -1.102126809774799 -0.22670582342732437 -0.7797058184724354 0
0 0 1.0375046062490174 -0.5881048111026098 -0.5309190317861994 0
0 0 1.251161673059722 0.28944739891011484 -0.6942900607831102 0
0 0 -1.0724596802255384 0.3703610846302652 0.6704386130213558 0
0 0 -0.7243978406469965 -0.7382300122314435 0.1843363186875243 0
0 0 -0.21025488089934918 0.12465586990580307 -0.8103698270644517 0
0 0 1.3695911402726098 -0.2403318905442475 -0.7543067223637042 0
0 0 -0.6211170931387652 -0.0042079284503425095 0.7667819658489228 0
0 0 -1.3724133001647856 0.7005792669081983 -0.39124804469042834 0
0 0 1.0593150791322477 -0.6937881040103878 -0.46473563333191886 0
0 0 -0.9556093189110564 -0.5370554183624726 -0.6072903700385718 0
0 0 -0.9454464270422405 0.546676112502343 -0.5497029377932977 0
0 0 1.2208031364892915 -0.7552845957626604 -0.32634175331670456 0
0 0 -1.2289028531564563 0.8199083976549317 0.034221618095660586 0
0 0 0.013723257707616066 0.06089283246730938 0.7896938632364008 0
0 0 0.4037569370975278 0.03240938376754328 -0.7950278827144824 0
0 0 0.40633793420445397 0.17868804325873433 0.7551206720479068 0
0 0 -1.1890254422692828 0.7353430111635816 -0.36298153246542647 0
0 0 -1.0899339004372428 0.22776749768679552 -0.7232954736406713 0
0 0 1.2477543299243803 0.7413421280162479 -0.2543833832176237 0
0 0 -1.0652693471373569 -0.582351092108166 -0.5086226987667565 0
0 0 0.24482055370644562 0.25124138446601263 0.7883579826726715 0
0 0 -0.6874107810256387 0.44368368712155526 0.6950329978234782 0
0 0 0.5798753933967746 -0.7689845973520661 0.031620092234623656 0
0 0 0.21258076089599642 -0.7042027814363025 -0.395976731712529 0
0 0 0.23633548816285854 -0.3508345754878767 0.7267526885687507 0
0 0 -1.010735438532623 0.509847943283176 0.6591593842299814 0
0 0 -0.8173689972806631 -0.6630720951111414 -0.4398795910527492 0
0 0 0.2840555358296366 -0.11036715671472215 -0.7698612179736621 0
0 0 -1.1869986358954234 -0.28566301750204165 0.7814500245370885 0
0 0 0.8759463284161875 -0.6463412786815604 -0.4040926569605048 0
0 0 0.5577799360194668 0.5353459988343422 0.5357379516631049 0
0 0 1.1915820774806063 0.7144166125133499 -0.386623927939109 0
0 0 -0.5562636769845706 0.40871165908887347 0.6657319000356118 0
0 0 0.8267891167162231 0.7514112033055558 0.2826457013984204 0
0 0 0.16553566326993208 -0.136130729038708 0.8052913477874615 0
0 0 -0.43170471044743985 -0.009291716279756381 -0.7446332417342957 0
0 0 -0.5903437928494968 0.7206901653911721 0.2036445687925617 0
0 0 0.6060357634585043 0.6114376142360298 0.43514514339915056 0
0 0 0.38905512802773257 -0.7860028882560081 0.21143884496260798 0
0 0 -1.1702929160655118 0.7412206502874842 0.23057122762765422 0
0 0 0.6924341180857536 0.26664590228700097 0.7128160564685495 0
0 0 0.15327663568146388 0.43365554213478796 -0.7024300213966553 0

