0 0 -0.3582766197474052 1.3441107432039052 0.5797180802125805 0
0 0 0.3085218037405719 1.319812922064777 0.8164148294188853 0
0 0 0.501084116454249 -0.48914597011934424 -0.8007598039561615 0
0 0 0.7956891111510833 1.391474275250393 -0.4927993760464297 0
0 0 -0.11275291941553278 -1.3318429509914047 0.21894394408083584 0
0 0 0.9193391727149618 -0.1358918055255698 -0.7520269071979727 0
0 0 -1.0312421575844597 -0.7629286034066176 0.7377699411579676 0
0 0 -0.11859374166627412 1.0522632005326498 -0.7610089320056903 0
0 0 -1.532487689038581 -1.3686764534768492 0.5822804922379616 0
0 0 1.1779197485556407 -0.8173787547032254 0.7407060753285392 0
0 0 -0.9818447851447754 -1.1721742477837311 0.8141254957139265 0
0 0 -0.10809691681523859 1.1934969500876005 0.771342142476499 0
0 0 -0.5256956944111928 1.2918446595615498 -0.7846309106292991 0
0 0 0.9105921281478162 -1.1328403736392256 0.8218775254704495 0
0 0 -1.1811322514782105 -1.3156205093517728 -0.8200618408488591 0
0 0 0.16928323446555749 -0.6899698401060843 -0.7360061095149274 0
0 0 0.9642999179685208 1.336177001581149 0.2943079698326714 0
0 0 -0.1623309630070422 -1.3264105283408083 -0.684143982819898 0
0 0 -1.0712744173079969 -0.9778363101076868 0.7479841915913059 0
0 0 -1.540060865493509 1.3665766828138814 0.6513812853823648 0
0 0 -1.3785632218112873 1.0287205538906499 -0.7744801031177415 0
0 0 -0.8915012819262321 1.0697873243801543 -0.8184437053956112 0
0 0 -1.4309504955216674 -0.6303145096614952 -0.7946851443014048 0
0 0 0.6390990149436786 -0.8825549752068917 0.8019044506663698 0
0 0 -0.49163098356789803 1.122637248105579 -0.810614065419063 0
0 0 0.37965428944701984 -0.9748369815113258 0.7323004472950925 0
0 0 0.034659118260624844 1.3417723954836895 0.24778537274324353 0
0 0 -0.20476803026131285 -0.703011694322294 -0.8074251376453833 0
0 0 1.4829792538506492 -1.1512786046012584 0.7504700730638867 0
0 0 -1.3385347615064396 -1.2295038450830909 -0.7900831414125588 0
0 0 0.6836699323953797 -1.2480887900323774 0.7456616145396757 0
0 0 -0.9076298545501709 0.5808764480899162 0.8006110674687127 0
0 0 1.2718701512609 0.44233789539999036 -0.8014836969125447 0
0 0 0.7209499038636875 -1.3663246065166856 0.2135473885124224 0
0 0 -0.9070437943217359 0.20198784638468426 -0.8023866089506577 0
0 0 -0.6079681173536718 -0.2358756239024158 0.8122571455225979 0
0 0 -1.1423727531768961 0.6557359833889611 0.8162615201268907 0
0 0 0.8648812384687248 1.3110025931984943 0.42099666344545494 0
0 0 -1.225202632609812 1.1139640581414134 0.7622500444514158 0
0 0 -1.2179242714893057 0.9055823192843755 -0.818526709356434 0
0 0 -1.122469038282442 -1.3932705122323015 -0.3877490407550345 0
0 0 0.16994639744160134 -0.343319912464394 0.7625585247336528 0
0 0 1.3727353738433026 -1.369077907092641 -0.6319002149442556 0
0 0 -0.7390455641426551 0.357100647078741 0.8241494231316787 0
0 0 -0.3295406507347136 -0.16865051324037061 0.8245712884585064 0
0 0 1.3878828754965378 -0.04902493618616277 0.7449604964368628 0
0 0 -0.39671375686299815 1.3412829471735213 -0.7282510772336939 0
0 0 0.0768047484218366 1.2447983716840334 -0.761625143410436 0
0 0 0.06945525162569566 -1.3083175357532686 0.734193541467423 0
0 0 0.4765103689279191 1.3520447018585313 0.47147703504447147 0
0 0 0.16484313985901822 0.9487067864468053 0.746524545418645 0
0 0 -0.1974468905883855 -0.5503389291901165 0.8012434685480874 0
0 0 1.4180514143310812 0.5615530109609892 -0.770267929815732 0
0 0 0.17579379846644105 -0.8569622224226486 0.7461670178926277 0
0 0 -1.118755715737465 -1.3046807214717293 0.7153951078579941 0
0 0 -0.39559561477757255 1.2874651108146569 0.8227302564576052 0
0 0 0.31779597159699624 0.05338419575419606 -0.7710137874085821 0
0 0 0.9262431252402972 1.33773846634248 0.14907200654508734 0
0 0 -1.1979572949054162 0.10091050279422631 -0.808733233212098 0
0 0 -0.38028278594729636 0.9927218750605886 -0.8085450483709079 0
0 0 -1.2449355283835963 -0.8120550266829956 0.7462168890760948 0
0 0 -0.7098722312002796 1.3378388436167683 0.6555641249685613 0
0 0 -0.09724953062378261 0.6032638088177062 0.7504993172923637 0
0 0 0.17764732008786388 -0.682129469496238 0.782713335136207 0
0 0 -0.3740036333514545 -1.036454534098126 0.771058404151033 0
0 0 -0.18899578161729957 1.3681003295898897 -0.5996087383913244 0
0 0 0.7341386843768172 1.3439873908104176 0.16832552162218828 0
0 0 0.7586653554242564 -0.9890290354424812 0.752981004086352 0
0 0 1.3639922109456397 0.36970931521167194 -0.742814320010062 0
0 0 -0.908839480763909 -0.8708717552797358 0.7705020365494208 0
0 0 0.2000494486351485 -1.0979080350935824 -0.7412190246511261 0
0 0 -0.40242173489776345 -0.2962234072715386 -0.7471805903916892 0
0 0 1.465830901954349 1.3324226550989802 0.17981360319897854 0
0 0 -1.50960079187726 -0.5842106619956853 -0.7386691522514728 0
0 0 -0.7449736706742324 -0.8483910706396088 -0.7647709623617289 0
0 0 1.4400663169832164 0.19010998949139335 -0.7569063634942795 0
0 0 0.12912074452839994 1.3037135028605416 -0.6277091976336402 0
0 0 0.5124149339667907 -1.3267497357534894 -0.5684870553807857 0
0 0 -0.7474258901027984 1.3761744272888135 0.14141303522426785 0
0 0 0.4530871308526283 0.6600268472221444 0.7312712162363577 0
0 0 -0.7325576460945078 -1.3259271905269998 0.5276939016247362 0
0 0 -1.2915050849206682 0.05682512205834822 0.824022693602763 0
0 0 -0.22734543007931562 0.6316250463013349 -0.7456065088638976 0
0 0 -1.1577469883176277 -0.36675432222195214 -0.7408030189647027 0
0 0 1.2247410089451627 -1.2971107178710013 -0.73888477735436 0
0 0 0.3247827360420936 -0.4820222476259205 0.7636277061824289 0
0 0 -1.318384192702238 1.3925241667785682 -0.8061233803648705 0
0 0 1.3048737927303855 0.16601944572451566 0.7773477250665604 0
0 0 -0.3851211923864726 -1.3602350051194887 -0.057688595631394834 0
0 0 -1.2000339242475393 -1.383037402428994 0.1424103047366928 0
0 0 -1.2056569033401598 -0.533752281675299 0.8030871493221775 0
0 0 -0.8675109876644816 1.3724502243773742 0.6076894768895489 0
0 0 0.6593395414042469 1.3028916458263096 -0.6155972543943181 0
0 0 -0.7219555801211781 -1.384581014266675 -0.7348875100788823 0
0 0 -0.4063138124886567 1.3546000150186317 0.30327326103072516 0
0 0 -0.7684879210679257 -1.0374342607369116 -0.783982054567641 0
0 0 -0.8804199463428314 -0.0883325286325356 -0.7995216792964304 0
0 0 0.7167275310956223 -0.12567485333176487 0.7370976493569072 0
0 0 -0.8884836622371451 -0.743399912542025 0.7761289404609041 0
0 0 1.5693824341689009 -0.9616956724317167 -0.7619120605387478 0
0 0 1.1689153075742729 -0.747070152528314 -0.7771305846637319 0
0 0 -0.7473092544770478 -1.374089123577997 0.8077335542765056 0
0 0 0.5514975015060863 1.308198639240894 0.18175175342383798 0
0 0 0.7199825374803801 1.3686770007858253 0.5398375972925429 0
0 0 -0.17818821759321635 0.4247377478341099 -0.78504278873166 0
0 0 -1.3792699291262738 0.5048327295655752 0.7705582860493678 0
0 0 0.5226362057283516 1.3210454805384222 -0.15245551671055957 0
0 0 -0.2729626511155807 0.17862386392878205 0.7338611570598369 0
0 0 -0.4890659273015947 1.3899502089918292 -0.0541068721651734 0
0 0 0.5033682366797065 0.5056830495584004 -0.7712929114578768 0
0 0 1.4794142175439142 -0.1984964991515652 0.7278720602638941 0
0 0 0.7838033776301336 1.0210971880375899 0.7392643984040249 0
0 0 -1.2720461833762604 -0.014931441770034803 0.77680723021067 0
0 0 0.05822033090754353 0.1858717505313574 0.728357145428297 0
0 0 -0.6748558205513421 1.3749898113444416 0.5610074666973153 0
0 0 0.6713923121133907 -1.343061201397567 -0.5876081512171516 0
0 0 1.0766799550069357 -1.1164669611981464 -0.823820838967301 0
0 0 1.0511290704222902 -1.0683594968610202 0.8072201035047859 0
0 0 -0.7408743530066338 -1.3387967751176995 0.7951367357802945 0
0 0 -0.33261413177186716 1.375902493870712 0.2847485770096725 0
0 0 -0.46532332147475874 1.309112012817921 -0.034422728881353226 0
0 0 1.2547533080815256 0.5046592674600103 0.7597010066989508 0
0 0 -0.36140376191335255 0.46497997519313783 -0.783296419829568 0
0 0 0.26031743531002927 -1.1803519368902218 0.7941347451732498 0
0 0 0.7822671056953925 -0.6508933662581736 -0.7677043793960909 0
0 0 1.1059563409995725 -1.0366591840281631 -0.76219493758849 0
0 0 1.3030270722838178 -1.3035497505276208 0.3414612142187905 0
0 0 -0.5441686091936571 -1.3390146905582119 -0.19759345392631056 0
0 0 -0.7326100967681899 -1.3313355190963598 -0.2085889867983478 0
0 0 0.44179777476613946 1.3189032636123006 0.6099628927813339 0
0 0 0.2062649801127201 -0.5122013540294712 -0.7587182886721464 0
0 0 -1.43624276588548 -1.3544653787738457 0.18892257035953852 0
0 0 -0.3322116113036244 0.7343998389240032 0.7711444412394458 0
0 0 -0.03603446678905309 1.26553401325555 -0.749859332265227 0
0 0 0.9458619003142861 -1.3798374832615468 -0.529885039038036 0
0 0 0.2418290789349138 -0.035969507391355515 0.743984953200751 0
0 0 1.224324519820998 1.2120182515222748 0.7529692384172625 0
0 0 0.9542902212369118 1.3353956155465037 -0.3261725569913687 0
0 0 -0.28621343928620413 -0.6205941249577356 -0.816669956369746 0
0 0 -1.4047732475399786 1.3672711732395806 -0.7729390481709495 0
0 0 -1.0859975518156106 1.2667944307617505 -0.7726228454052794 0
0 0 -0.838436322292833 1.1260248019700014 0.7985045830252621 0
0 0 -1.4281099993622413 -1.0210986212943176 0.7376005066481935 0
0 0 -0.6486773446467237 -0.48468934455716006 -0.8237192538795142 0
0 0 -0.81287353802207 -0.5873355431511 -0.7980496293165638 0
0 0 1.3901490916888233 0.5564707399534514 0.7492564730120829 0
0 0 -1.0602066940645716 1.354116524489866 -0.7197223537126315 0
0 0 -0.6558171448205596 -0.0804564899287663 -0.7379592560937743 0
0 0 -0.2644027631543324 1.3377765779859987 -0.44072831709583826 0
0 0 -0.8225220704677864 1.3610733708517002 -0.570065310719355 0
0 0 0.060698746417098715 0.021200386390269443 -0.745987907099372 0
0 0 1.2597115565132753 -1.3255223412265682 -0.8088546235302267 0
0 0 0.9289329574398257 1.3553361602442489 -0.7700720943200491 0
0 0 -1.5605696776098432 1.252914765099894 0.793272985231015 0
0 0 1.2054490498565729 -1.1400943360920595 -0.7289853764803739 0
0 0 -0.2630625584014843 1.3171149941219142 -0.05494190674434396 0
0 0 -0.33600782239952176 1.302852848378569 -0.23718132612225007 0
0 0 -0.07914248409313562 -0.19930072709586844 -0.8181061305213817 0
0 0 -0.13823947598729003 0.08917700474429657 -0.7516957500821324 0
0 0 -0.8603769139037268 -0.6043031502283116 -0.7855936657947622 0
0 0 1.2640579031850296 0.6781279969447436 -0.7719165677799872 0
0 0 0.8576194314522465 1.360525434735695 -0.793901301915075 0
0 0 -0.7270002210792491 -0.3278020857265136 0.7955271771602501 0
0 0 1.5645325992468946 0.270248702564611 -0.776255926439921 0
0 0 0.5783726000564027 0.6545734880780762 0.7677806362113816 0
0 0 1.124158511134786 0.8447984736109151 0.7889988816228027 0
0 0 1.0798944437780436 -0.5891550804813089 0.7253595048496551 0
0 0 -1.1169836686275167 -1.3587208398443502 0.3473369350867943 0
0 0 -1.103909588544452 -1.0997173051255082 -0.8196581991044003 0
0 0 -0.8655108766638332 0.8294383140256334 -0.8064448851411031 0
0 0 -1.4549849577517993 -0.8125362044551635 0.7897346813619794 0
0 0 0.29457307705373936 1.2992003410609307 0.7625146304707751 0
0 0 -1.218306569791587 -1.1303838644325337 0.7304373167241192 0
0 0 -1.35044859995019 -1.313432790449959 -0.3210792072948758 0
0 0 -0.4718582354338994 1.284313754763571 0.7704019573983075 0
0 0 1.312357241128503 -1.392744701913598 -0.7858886666902283 0
0 0 0.5761377919183621 1.3132461604099717 0.010895871117939215 0
0 0 0.04436117799769712 1.394179839709143 0.3223637353195943 0
0 0 -0.5039719832658738 -0.6404507468427697 -0.7452880651053461 0
0 0 -1.2980325110611572 -1.3155217448592622 0.20050853833871907 0
0 0 1.2543383424005001 -1.3070267384437346 0.6147149866711699 0
0 0 -1.4902446105590716 0.25874839580699294 0.7402010608419544 0
0 0 -0.05577801114971748 -1.38883173352991 -0.16174648132596636 0
0 0 -0.8469805350316951 -0.5018998117614741 0.7538549423617343 0
0 0 0.15812909325760116 1.142098968020404 0.7773353637189051 0
0 0 1.0858696379966069 0.6546652260127601 -0.8199687359355801 0
0 0 0.9431257961352655 1.3185885354509332 -0.7851125916611295 0
0 0 -0.8807480349398168 1.397236711956382 0.7492098803859026 0
0 0 1.3323102518093082 -1.362238015946647 0.49602775075288585 0
0 0 -1.2878439356739038 -1.3073449430147013 -0.26051476005555474 0
0 0 -1.469743555149785 1.0948756808417517 -0.7855191326560441 0
0 0 0.41524516839720826 1.1028196008661622 0.7536729633185197 0
0 0 0.1446292796158135 -1.1982028561665257 0.7942351785707688 0
0 0 0.6624698229511772 1.3290140060662667 -0.09960130326587646 0
0 0 1.490633306842648 -1.3837153671962514 0.11748933380186222 0
0 0 0.6100616297119643 -1.3097683057023752 -0.5906892972939805 0
0 0 0.7211071130494631 1.3078961168354406 0.6164503558983347 0
0 0 -1.5603668086206701 1.0993565541021384 -0.7985461397196258 0
0 0 1.299280983066522 -1.3753188801474507 0.44565580432434126 0
0 0 0.16296616784432505 1.382103846640245 0.6736435024390315 0
0 0 0.24689826897732314 -0.024608901999966903 -0.748964676184169 0
0 0 0.07795038380276775 -0.10550591630812645 -0.764597494523204 0
0 0 0.20630591236483276 1.2397690253022524 0.755300371210864 0
0 0 -1.2622427325465067 -1.080812825669682 -0.730634955854774 0
0 0 -0.32746447882667074 -1.2130945437984642 0.793712721275206 0
0 0 0.9227732347513395 -0.8249089815181037 -0.729392741490709 0
0 0 0.7876432411034093 0.30074025694460094 0.8209992042253724 0
0 0 0.45537100899663496 0.3638965151153808 0.752244435130125 0
0 0 -0.9531980651383397 -0.3015988610182385 -0.7624685875030905 0
0 0 -0.8672687763933208 -0.6105342488079913 0.7307889463303677 0
0 0 -0.25396639086918094 1.1645517343540013 -0.8068851671400089 0
0 0 -0.4082471593096484 -0.39191786498205805 -0.7615283704027243 0
0 0 -1.4036857434569665 1.196288434667992 0.7846858831029465 0
0 0 1.5100030661622852 -1.319552931039059 0.5668305543272512 0
0 0 0.5944216490410068 0.9187437637875451 0.8023812627698292 0
0 0 0.7305789422471838 -0.9086528962478562 0.7545084558094153 0
0 0 -1.2407433198058555 -0.23182631730332925 -0.748730985278096 0
0 0 -1.32246474840891 -0.5532379885298317 -0.7795858951070339 0
0 0 0.5059177515344744 1.3158966815019504 0.6934821305964007 0
0 0 -0.2863042145140542 0.3178926496557477 -0.725171102128692 0
0 0 -0.6100824226902825 -1.0284398039249834 0.7784125758669025 0
0 0 0.5341970271444159 0.04643210681833665 0.7769230731453015 0
0 0 0.9528049331093209 -0.5689343164230198 -0.7811639386435221 0
0 0 1.112945547017386 -0.5552783404989532 -0.7391331456584987 0
0 0 0.4455591010909141 1.340386822688909 -0.0807998682916542 0
0 0 -0.052159729342987626 -0.7940505620786796 -0.7637773626036192 0
0 0 1.5408145478559296 -0.08476511124185393 0.7538592260408176 0
0 0 -1.054134818843485 1.306506151703945 -0.3434077688465356 0
0 0 1.0292492695564786 1.1985038639535859 0.8089434025590028 0
0 0 -1.5665075809766136 0.27304043929776434 0.8172878789942606 0
0 0 -0.8381927725859807 -1.0985445325110936 0.7929024410582748 0
0 0 -0.256684326332399 1.3880665479589438 -0.5073182025406002 0
0 0 -0.6498676036633322 -0.10935791250454963 0.7603843279209431 0
0 0 1.2345481346244624 -0.9518247587822324 -0.8093309375353388 0
0 0 -0.24705182480045407 -1.1008921681641766 0.7657578662589006 0
0 0 0.8846140802315259 1.3238163179836226 0.6535980307529587 0
0 0 -1.3347000225153776 -0.39157439972441943 0.7444584406051679 0
0 0 0.9541840499816061 -1.025786091888087 -0.7709526888129117 0
0 0 -0.06436948256035802 -1.1445239246509986 -0.7862810853695867 0
0 0 -1.3717837513629263 -0.20593077750561029 0.7436208975029011 0
0 0 0.5855474955004065 -0.9709952304397313 0.7554312587570987 0
0 0 -1.2767361088697786 -1.358307382009099 -0.052521662918293854 0
0 0 -1.3320583401767265 1.206243322775718 0.8107528173433647 0
0 0 1.4959522475165845 1.376117523501488 0.23028770847644786 0
0 0 -0.9179255617416062 1.3745729691775082 -0.6481745842691915 0
0 0 0.9773983007237468 -0.6977022348627862 0.7699542854153317 0
0 0 1.3817089438053163 -1.155097226446751 -0.8035936512512205 0
0 0 0.37859501776123916 -1.3740599388094565 0.19093523496279818 0
0 0 -1.0490925005834313 -0.9949162108609169 0.7947061435158139 0
0 0 -0.512906372375576 1.0848260025232765 -0.7559564063589564 0
0 0 0.6701770865269756 1.3204628919563817 -0.4116380457424939 0
0 0 -0.4382621152902346 -1.1053677273491007 -0.7406569656734452 0
0 0 -0.9334785755880427 -0.6784270807991974 0.8169669845422611 0
0 0 0.9947178039061026 1.356293136133402 0.7490562971754093 0
0 0 -0.47081061010275915 0.9945458119180348 -0.8222955868682209 0
0 0 0.9742951070144112 1.0898102752477168 -0.8084058728941785 0
0 0 0.9609951755707833 -1.346898676730528 0.3887031884979051 0
0 0 -0.4087418658657844 -0.49811184281319665 -0.7424117310688648 0
0 0 1.3794866386925637 -0.3821402000908318 0.7265839390064117 0
0 0 -0.6391906284882467 1.1762080508592134 -0.7740419256436832 0
0 0 -1.2506217136193274 0.2369920642820158 0.7932427172050776 0
0 0 0.14356674884737242 0.46212960020779037 0.732298267765551 0
0 0 0.626365967091564 1.3230356236888459 0.46085746116199333 0
0 0 -1.4039139200590924 -1.3034037343616238 -0.6464926064359899 0
0 0 0.13795675140763852 -0.6985182634305958 -0.7411467107021059 0
0 0 0.12208655849749572 0.07829749119017437 -0.7689955594615818 0
0 0 -1.2152771262111073 -1.012180809525066 0.7591092501257851 0
0 0 0.24533276405844973 -0.3799457501889757 0.7451379682973688 0
0 0 -0.9669988656602692 0.723138898226525 0.801009096633343 0
0 0 1.2872754524497947 1.3563821484974194 0.3201000559684988 0
0 0 -0.7330957971162679 0.1191437955823782 -0.807556766209199 0
0 0 -0.2942667923937532 0.5112573539051273 -0.7961629374222111 0
0 0 -0.8041014313045373 -1.2876433290456426 -0.7274000679995728 0
0 0 1.270644152953826 1.298535015128732 0.7696314162280974 0
0 0 1.5474661674033299 1.3747669023639486 0.6849902340789811 0
0 0 -0.332977284391494 1.3780639069611842 -0.08536564999891627 0
0 0 -0.322606320024299 -1.1953744491562452 -0.8212503364885626 0
0 0 -0.16055567768932022 -0.8933383125147931 0.7785129055670218 0
0 0 -0.0402072788624781 -0.53396914735978 -0.7555288042467987 0
0 0 -0.2852103230668459 0.06528556745222058 0.793965851992007 0
0 0 -0.35096187179374794 0.6536093268965957 0.8230592143934033 0
0 0 0.9494946730814928 1.3223776400715852 0.4924520343082226 0
0 0 1.4318446442544897 -1.180015773778709 0.7403937402838485 0
0 0 0.5853674710609305 1.3889768288555524 0.3668722795607886 0
0 0 1.437947732435624 0.7846427442172572 0.7655127282870914 0
0 0 -0.35681856517027133 -0.556905119043355 0.7651080634193207 0
0 0 1.2469796745806923 -0.54501357857557 0.8164989897963613 0
0 0 0.5039050695648495 -1.3050711760536133 0.2956778137025975 0
0 0 -0.15522034497693515 1.302383990391752 0.09187423832041808 0
0 0 0.8184820910243431 -0.9051460330482809 -0.7500553759313667 0
0 0 -0.9652741193084593 0.6266509935588411 -0.7596752535118791 0
0 0 1.1421769471805794 1.2665726307400276 -0.7966438731265182 0
0 0 -0.46842116449564664 1.3904324836513584 -0.5618829445711444 0
0 0 -0.9969873599191785 0.12304114848382142 0.7420652297142531 0
0 0 0.3282218451552903 -1.3028553341644045 -0.32412669981323317 0
0 0 -0.8630649574081474 -0.9901795381072511 -0.791575951311033 0
0 0 -0.7824923798911538 0.7827399463650211 0.7794510999183939 0
0 0 1.443979149664877 -0.5252121085538004 0.7982272528981866 0
0 0 0.64187701043616 -1.1719777713193684 0.7793245132701264 0
0 0 -1.4757607428559 1.3997947750199105 -0.6101346859824097 0
0 0 0.915581819314824 -0.04204679264229738 -0.7494914343056047 0
0 0 0.10316637802989037 -1.3109951816077499 0.6112425542608941 0
0 0 -1.3231307367936722 1.3824929941169033 -0.18938926072718443 0
0 0 0.02517351148204683 0.402432595277481 -0.7295687560748344 0
0 0 0.6122926871657537 -1.2874531677251984 0.7860888066607181 0
0 0 -1.5516756113887196 -1.0002838631416182 0.7875686172353038 0
0 0 -0.19102845704821902 -0.18700771045821218 0.8233603463670711 0
0 0 0.31051351328409815 -1.3570022887456485 0.35671613506759425 0
0 0 -0.10414310245997171 -0.5325182126155951 0.7835260421474339 0
0 0 -0.5729581521854166 -0.16244523642256326 0.8164813996161333 0
0 0 -0.06237044434585126 0.25808975088895325 0.8050151451612129 0
0 0 -0.9599610448464302 -0.8318577613238903 -0.7921802642783319 0
0 0 -1.5366907641799465 -1.321634983249119 -0.29284030017258966 0
0 0 -0.18937492756779006 0.7611664004795167 -0.731865642262966 0
0 0 -1.4060258870719256 -0.6821143382091166 -0.7316764099920751 0
0 0 1.4514100155508318 -0.6460845432535604 -0.763237195198609 0
0 0 -0.5036644707657141 0.3978170773109089 0.7476980071587115 0
0 0 1.2639419902163618 0.5734570459679507 0.82482788003938 0
0 0 0.3652778518859756 -1.3954861983125275 0.19154328153473799 0
0 0 -1.0931273588258663 0.46548787941558256 0.7938879613772871 0
0 0 -0.4835631636153004 1.3804152846913758 0.5974858456582939 0
0 0 -1.0194709198499836 -1.392577874672797 -0.17464056299737718 0
0 0 -0.1352380678450673 -1.263170234697939 -0.798054782853068 0
0 0 -0.3329191148817756 1.316676084104799 -0.09167938607886783 0
0 0 -0.7705500266930302 -1.3611893542019626 -0.23249323337469507 0
0 0 -0.37212007965239025 -1.3786754348364765 -0.08709961994800297 0
0 0 0.5851125685376894 0.58985597184702 0.7900109433280034 0
0 0 0.4611558027295959 1.2493475623805297 0.7792739159677368 0
0 0 0.4616542248275586 0.26943340665876647 -0.8108712898852297 0
0 0 0.291816657831262 1.3914113192148159 0.4314649305189895 0
0 0 -0.9675254569473615 1.2018420058487818 0.7775430491845627 0
0 0 -1.0857698862530232 -0.37679878202131634 0.7766666280085227 0
0 0 -1.3023438234243367 -1.3983707529401654 0.6019442789704903 0
0 0 -0.5825300625466997 -1.309634502133495 0.6194628775113185 0
0 0 0.47552611363544406 1.3601327943210817 -0.719249106480752 0
0 0 0.6089333784615354 1.3078243854866483 0.5000718993649977 0
0 0 -1.1894605008856964 1.2352422166131862 -0.7433109950221095 0
0 0 0.27678467784100746 1.236793495874968 -0.7315629946932375 0
0 0 -0.2410648853305244 -1.104750006036936 -0.8036165046558015 0
0 0 -0.8858788603170786 1.3770593094022197 -0.3060116380643543 0
0 0 0.6846449312354252 0.18827872987972483 -0.727908047466951 0
0 0 -1.3565793941337312 -1.3463824815686203 0.7076010612684749 0
0 0 -0.26997973789543006 0.04461082797580396 -0.8081035534114954 0
0 0 0.3917916309954028 1.145841761027387 -0.8108847448489918 0
0 0 -1.0694344286821784 1.3842675053012867 0.2075165108358723 0
0 0 0.8242447352798301 -0.5112946550795456 0.7750602721317016 0
0 0 0.27238078701000656 1.334657589529563 0.45441411924756836 0
0 0 -0.5615156417366938 1.2271225759041922 -0.8137413821594744 0
0 0 0.45718564252125704 -0.8181200034563829 0.7690514067687553 0
0 0 0.822812389729318 -1.0126808995456016 0.7643223754183733 0
0 0 0.11264951336601836 1.3106956285692304 -0.4031743626604396 0
0 0 0.9708448406050572 0.5786151643179143 -0.8011453244923308 0
0 0 -0.9159506001818837 1.1892043428856225 -0.7443627527370625 0
0 0 0.12662988413906695 -0.4595214658143315 0.7471880997707754 0
0 0 0.6769037399992905 0.7763462211017906 0.7964130035247231 0
0 0 -1.3090467254974927 0.30986626838797116 -0.7293766125078307 0
0 0 -1.174015873118813 0.7002852566596223 -0.7448804715072567 0
0 0 -1.171320803553397 -1.135126293943664 -0.797930887067092 0
0 0 -0.4051107247472685 -1.3940724302417042 0.7964526161084144 0
0 0 -1.457609667042906 -1.3238459334718136 0.4433485871809668 0
0 0 0.1746259561365009 -1.1797530786155515 0.747235032221681 0
0 0 -0.6385994660668872 -0.5631530513505576 0.742859849288838 0
0 0 1.0027084309982923 -0.22984631239894338 -0.8170142253583395 0
0 0 1.4994494052518177 -0.26019836560579446 -0.8244364801238745 0
0 0 -0.6410086608245206 -0.9258581755520998 0.7585770681712618 0
0 0 -0.10710214761862313 -1.3121278704517867 -0.0944774288740734 0
0 0 -0.20005674465354262 -1.3642070730269504 0.4633868500875442 0
0 0 -0.9723907146970452 1.391727498002876 0.008925960688811019 0
0 0 -0.4469522018051231 -0.20160424349427908 -0.7878902123375501 0
0 0 -1.4505643775561088 -0.38171734748882324 -0.7408413146115757 0
0 0 0.8958907270525369 -0.15218783403952685 -0.8065947432690324 0
0 0 0.7581938025746786 0.11261854189636744 -0.7827699064509372 0
0 0 0.06991635558941356 0.8218424168801863 -0.7725756636084484 0
0 0 -0.8642143150058694 -0.35779205620570587 0.7866219188768526 0
0 0 -0.361666181806364 1.3622369480169223 -0.5500807090682944 0
0 0 -0.24553233647311834 1.3756700111251017 -0.5937522743022104 0
0 0 -1.3675881346502725 1.3602764984202833 -0.04795173542298614 0
0 0 -1.5501821740799293 0.9024570129932508 -0.7872922122279328 0
0 0 -1.4466846444853194 -0.3640854094738787 0.734781982874747 0
0 0 -0.31045397994855417 -1.3531288669522272 0.3804324165751365 0
0 0 1.547144316561191 -0.7796108865361869 0.7996517101218495 0
0 0 1.0777361733319206 -0.7575007577468266 0.8165303460682911 0
0 0 -0.34941998549151876 1.3462346865658796 -0.7996402146281547 0
0 0 0.242852665685668 0.006647508619026299 -0.7927222139331984 0
0 0 0.28887494932513325 0.9424987451700935 -0.7324427690501333 0
0 0 -0.7869558711375061 -0.5788906795897599 -0.7474286921728815 0
0 0 -0.2970726222602418 -0.08729207887735035 -0.8145505571872133 0
0 0 -0.7797375477150229 0.7829985988807484 0.7361521404125558 0
0 0 -0.700511551131981 0.3374567502847141 -0.7694680532802067 0
0 0 0.8363434616413246 -1.0099173555717043 0.7456370095562426 0
0 0 -0.5260699229769281 -1.3170232584199124 0.46935662909190645 0
0 0 0.5703724288158729 -0.5882679014125929 -0.7917778189836465 0
0 0 1.3629496609342495 1.37418854885557 0.3844428914353484 0
0 0 0.8198521578459537 -1.3707307209700137 0.7880225569047412 0
0 0 0.2896689611463974 0.5238413927163694 0.7827057619299956 0
0 0 -1.2892157378245357 -0.8207549036024349 -0.7281168746792653 0
0 0 -1.3727851835988798 1.1228386163805697 0.7883174113600053 0
0 0 0.5773785256389208 1.055802510174548 -0.7419640547947745 0
0 0 0.5976448532880592 1.3956083158582033 0.21397850428395815 0
0 0 0.17593291138458977 0.360208453888309 0.7451722766131729 0
0 0 0.665930789883955 -1.3070958533000345 -0.3934524930047058 0
0 0 -0.8243071059623336 -1.3153755059507757 0.2722476546528805 0
0 0 0.009396002637198198 -1.013051711515202 -0.7456099740789881 0
0 0 1.1763778529576596 1.3159741048234916 -0.24032861902013591 0
0 0 0.8793856239423445 -1.3310012557890472 0.005850052713012199 0
0 0 -1.4496039306938222 -0.44901289598034255 0.8135949783938099 0
0 0 1.0858757214908645 -0.37229477221136964 0.7723469175416348 0
0 0 0.9249871484537406 -1.3637334800738834 0.37794681031102373 0
0 0 -1.109862163334963 1.349056696133365 -0.7628507270280421 0
0 0 0.1874503100072682 0.08752407407874019 -0.8078090932633185 0
0 0 0.5926256914673611 1.3959258321304429 0.7805010045425922 0
0 0 0.08465442243335541 1.3398477990693745 -0.3208360451010922 0
0 0 0.9406792410206295 1.0149686348910956 -0.7819981126270427 0
0 0 0.28697977947993514 -1.312523846442924 -0.7263460942569765 0
0 0 1.4881951731655065 0.2604051157722156 0.7808575693647773 0
0 0 -1.3488865002253796 -0.06287215722613393 -0.780087737832819 0
0 0 -1.1109783825081827 -0.8329997812783665 -0.7779805132200275 0
0 0 1.2586935695675203 -0.9892210787033429 -0.7933378309244824 0
0 0 -1.30751797092868 -1.353138654362168 -0.7509043376112112 0
0 0 -1.157267203231111 1.3845766688139234 -0.5446257576499092 0
0 0 0.6424047711065874 -0.8944564448074939 0.7764737791737364 0
0 0 0.07910361963291024 0.4358946796599874 0.8014232012244239 0
0 0 -0.7892181060036578 -1.3987413635763737 -0.012878780276989521 0
0 0 -0.737587388553422 -0.25486726748490107 0.7356293843874698 0
0 0 -0.7064907372320323 0.7176005723219732 0.7658557661582411 0
0 0 -0.5159796592232981 1.3607589950446715 0.7060533333933434 0
0 0 0.8052333071528976 -0.8727752332045702 0.7404860402691116 0
0 0 -1.2452679764673582 -1.3290479664008368 0.35306936631714203 0
0 0 -1.4181914636849338 -0.03857174754929327 0.7905194051986202 0
0 0 -0.9072156375524295 1.3876093885356369 0.10823112094670873 0
0 0 0.2911361499736036 -0.3385963648975957 -0.7431265942107672 0
0 0 -1.3663866375798244 0.08278379121348856 0.7347927593448129 0
0 0 1.0752003173348483 1.3416094306099475 -0.3900297253985332 0
0 0 0.022880172206869887 1.3629207573686823 0.6100961853202977 0
0 0 -0.9555254803969961 1.1182286237416295 -0.7848143721635523 0
0 0 -1.2902229260037439 -0.21489550869352736 0.777548179072601 0
0 0 -0.8477123442014313 -0.30150724207793567 -0.732627684651199 0
0 0 0.48055996517023436 0.7487273990542402 0.8057938262534584 0
0 0 -0.9319699586345187 0.38212799995375013 -0.8061472984538839 0
0 0 -0.3869795791959505 1.3252032177843356 0.4934301805363641 0
0 0 -0.3686233547029545 1.3208481742666796 -0.37160098881578324 0
0 0 -1.3063780744239306 0.8208168515814565 -0.7715791349009087 0
0 0 1.522465823286443 1.2470120656511503 0.7469876976683879 0
0 0 0.7662012737216521 1.3445291293665276 -0.05483075451172226 0
0 0 -1.3643958147322335 0.058265875084936525 0.7490422510604837 0
0 0 1.146161220411134 -0.26449787241954414 -0.7880832918728151 0
0 0 1.069357127293221 1.3048981572375644 -0.274725175479973 0
0 0 1.2217524773674735 -1.391159442319834 0.017605919733975184 0
0 0 1.5303571065081973 1.3299004927081028 0.17368297672317234 0
0 0 1.2844746564582818 1.3209720302111347 -0.5965866791196612 0
0 0 -1.1915402500955201 -0.9409793690613281 0.7747633397848157 0
0 0 -0.3584289761118491 0.9164712187554913 0.7623850402401 0
0 0 -0.6130417591577091 0.8664193193822636 0.8136143620211541 0
0 0 -0.3320395520029722 -1.3763929248785387 -0.73538804504242 0
0 0 1.5353925309146028 -0.5035490475466491 -0.7305739397248683 0
0 0 -0.504626589611604 -0.11956874466802869 -0.7566999707689472 0
0 0 -1.4066468972294692 0.9698761861835499 -0.7951687954539498 0
0 0 1.1766505062071708 1.3909660980049598 0.07054914923427302 0
0 0 0.33656962700161563 1.3908086781067 -0.7776530901165022 0
0 0 -1.1894771238179054 0.8926220107340919 0.7295469335664524 0
0 0 0.3308919882046957 -1.3672746143286145 -0.1136057827914928 0
0 0 0.5905927022131174 1.3872981956548776 0.8090209908145694 0
0 0 -0.12994695018758184 0.23229467582511187 -0.8227775022856996 0
0 0 0.3091024937247191 -1.3388484123451736 -0.4460966165265485 0
0 0 -1.4672124090033711 -0.603662155718407 -0.8179771818229956 0
0 0 1.2046702620793357 -0.6207113247694395 -0.7440656392308055 0
0 0 -0.5786142705907098 -0.1698457649180729 0.7608655868549993 0
0 0 0.5211777966151847 -1.3640654043303604 -0.29562261609033014 0
0 0 1.5511131291553268 -0.19326195524735534 -0.7516427289876151 0
0 0 0.8872393951339408 -1.10575738449552 0.730617149770801 0
0 0 -0.15254405795502013 1.3145832057214666 0.21143186253728774 0
0 0 1.3077964151076147 0.3080221416576363 0.8112267449373098 0
0 0 1.4730605456585937 -1.3296923709062494 -0.3904738787513048 0
0 0 -1.4167373316371912 0.2124257162596992 0.742960574699183 0
0 0 -1.0750308597293852 1.3297682565255686 0.19440217217615685 0
0 0 -1.3485204959887476 1.335413376970162 -0.35296902213156284 0
0 0 0.40377934515426905 -1.3259931155247953 -0.5049757926500447 0
0 0 0.5205623681660518 -0.4805968850859419 -0.7395011030045624 0
0 0 -0.07474725197321286 0.15935243032295543 -0.7627328767711905 0
0 0 -1.0695355565469478 -1.3745540621963943 0.6671031187866148 0
0 0 1.2038476508751743 1.3513956667427764 -0.2913341324283786 0
0 0 0.8225836131887796 0.4994325646178839 -0.7813744013325548 0
0 0 0.22588933197415018 -0.9113341089119104 0.7650964837307564 0
0 0 -0.7615923783135213 0.7814835779312499 0.7639899190994134 0
0 0 -0.750527577206771 0.03466733498071872 0.8220882628784589 0
0 0 -0.3145763845764291 -0.9750581648669814 -0.7291205325372727 0
0 0 1.3433562168293736 0.4379643159736184 0.7359820260528878 0
0 0 -0.15082048347140153 0.5622534282538971 -0.7754896277725079 0
0 0 1.1433711507769129 -1.3179417920366552 -0.14417990109162337 0
0 0 -0.9076449553134232 -0.04328709905442851 0.7723502294311199 0
0 0 1.4153872134163024 1.3511763782890536 0.22879538801855626 0
0 0 -0.49160208507738656 -0.050954711207854775 -0.8227137452213754 0
0 0 0.00881034749741727 1.370096901394133 0.4288586535837735 0
0 0 1.0653029744829325 -1.141446515176287 0.7500282940347132 0
0 0 -0.253989986057664 -1.3445234704142757 0.5326672092326614 0
0 0 1.4508457698696509 1.1158661642307262 0.742494606264686 0
0 0 1.4061173044872248 -1.3941798485092531 0.6621047632043415 0
0 0 -0.5231977789836197 0.9807971621046472 -0.7464841009494931 0
0 0 -0.004343286665996926 -1.3371967196376524 0.522919193122934 0
0 0 -0.3267412058073784 0.8986768822141038 0.7933673891664297 0
0 0 -0.06145652156460302 -1.3043653026417208 -0.7830669505146173 0
0 0 0.9562528406407083 -0.4262179309577925 0.7930614997676219 0
0 0 -1.2651315576787208 -0.06288567210239537 0.7813930345359389 0
0 0 -1.0598431795210361 1.311712135615774 -0.6329293872548694 0
0 0 -0.4543565339686175 0.18871336870164535 -0.7581879934197091 0
0 0 1.421638206382247 1.2351773917219024 0.7604123977203944 0
0 0 0.42020043941315044 -0.3825650639730924 -0.806613069098721 0
0 0 -0.4426190097437004 -1.3268077542517895 -0.4205164229642113 0
0 0 -0.234874587803114 -1.3604391200996537 0.11549243588793134 0
0 0 0.5551377882651987 -1.1579668170298545 0.7701368259591632 0
0 0 0.009514106451028681 -1.37268051306242 0.0897028399825811 0
0 0 -0.19232405496653193 1.2423686585081974 -0.8223663911674461 0
0 0 -0.5517230209173656 -0.1973956556612324 0.740952157645635 0
0 0 -1.3820045398062586 -1.3070996014519487 -0.024641032949199726 0
0 0 0.5861817182788647 1.2031019087577517 -0.7781478973238367 0
0 0 1.0446644778028542 -1.3795921889215883 -0.26844064824207414 0
0 0 -1.2650569149300623 1.3407488356829864 0.348552729585486 0
0 0 0.027495831375571544 -1.2287237329870233 -0.8239857618666843 0
0 0 1.3560145820189673 -0.7680323130040217 0.7849369686067418 0
0 0 0.6137984393540212 -1.3589529853424454 0.665479460363855 0
0 0 0.604333442980237 -1.339055736360724 -0.20470659748814546 0
0 0 -0.22695339621209043 0.6551939153459081 0.7755992019837916 0
0 0 1.178259292858988 -1.3135999708692498 0.36795239968554005 0
0 0 -0.5734776021896796 -1.3959064140279325 0.5867766964207783 0
0 0 -0.9229978485098063 -0.13856395846052116 0.7600669929137762 0
0 0 0.09502465742315058 0.0052779956179884735 0.7623860355855339 0
0 0 -1.0444350761771437 1.3136331590069394 -0.31409593059339813 0
0 0 -0.016657487888446898 -0.31012835145106943 0.7991030908997254 0
0 0 -0.9915030166355343 0.297855179270494 0.8225751755921461 0
0 0 -0.04534105264046051 -1.1964832644610799 -0.7954724755609779 0
0 0 -0.2768952582575013 -1.3688797604405452 -0.6332542720438545 0
0 0 0.6465163630473452 1.3556895201845847 0.11872106842028085 0
0 0 -1.475798239394379 1.318180190507252 0.5889586952677133 0
0 0 1.5472593149724916 -1.0699302298506528 0.7832477657614412 0
0 0 -0.5690572843503867 -1.304643379311593 0.297059115799978 0
0 0 -0.3950078064811484 -0.5530727865133132 -0.8091490892961508 0
0 0 -0.31510816338398695 1.0830518749072808 -0.746149488660037 0
0 0 -0.8727484006740671 1.3351140320243027 0.2923193806902493 0
0 0 -1.5269674918894318 1.3404249655056502 0.4164639717309049 0
0 0 0.12830294513890927 -0.55890238342827 0.7697970868999214 0
0 0 -1.3303912312434283 -0.9707724374162041 -0.7467810791695586 0
0 0 -1.0808784979046804 -1.31706735711938 -0.5115425366693711 0
0 0 -0.3174406936683889 -0.4731631615299584 -0.7731443123926037 0
0 0 0.1922087711951499 -0.16011629698372887 0.7359652797244262 0
0 0 -0.25213177959860644 -1.315543856414435 0.13568906758767596 0
0 0 -0.4344586123555412 0.9705811792863381 0.7448325055079033 0
0 0 0.6371229634297984 -1.3301804607144878 -0.2350630117444782 0
0 0 0.6957323206893173 0.786917424285926 -0.737631973374683 0
0 0 -0.768840184948576 -1.3058467655955415 0.31954817773520694 0
0 0 -0.9647915229941502 -1.3318008026353836 -0.6283157148340512 0
0 0 -1.0446343215210105 -1.370603454930416 -0.21000480330353155 0
0 0 1.2286521243022674 -1.3466082504048114 -0.4875919501850613 0
0 0 0.8412519638967022 1.0549854445971654 -0.7687517386374169 0
0 0 -1.1691318700333027 -0.16874553116656 -0.7648928771238778 0
0 0 0.42030110317153935 -1.361817259768203 0.7338124793475262 0
0 0 -0.7216794066350662 1.3507428793201257 -0.46457201127380227 0
0 0 -1.3109426442326781 -1.3007985464073772 -0.3699819710711513 0
0 0 -1.332830119299132 -0.3132547478843313 0.7951106908872213 0
0 0 -0.12156288316150032 0.7843175679794896 -0.7875403343241747 0
0 0 -1.287178818287676 -0.0401396701222414 0.810982263988733 0
0 0 1.346984108984349 -0.3418071992412517 -0.7746061739800288 0
0 0 -1.1342820557455402 1.3543894247518795 0.034726832887299386 0
0 0 -0.6381047809200865 1.3387292735791718 -0.8244101413542901 0
0 0 0.6840497931860856 -1.3525744257912848 -0.24166965465749313 0
0 0 0.3937518171470802 1.2955377984949619 0.7748532341338618 0
0 0 -0.6985608479765325 -0.976957512133696 -0.7799757568319257 0
0 0 0.535624136236641 -1.3570146197550834 -0.22107417891731074 0
0 0 0.3556298885353242 -1.3555697504419189 0.5470320930412516 0
0 0 1.1314010615309478 1.3063263290518543 -0.48169660630403355 0
0 0 0.5117009564983119 0.6912702223050633 0.8218917695368602 0
0 0 -0.950301333656938 -0.31523461193571567 -0.7888338320579008 0
0 0 0.9485545395550457 1.342884334272027 0.10234217724675454 0
0 0 1.2082580823916893 -1.3980001374824749 -0.5240397684182017 0
0 0 0.5948532316719657 0.4599404099825044 -0.8184554976131988 0
0 0 -1.5161883186213043 1.317480138863772 -0.04811812275299665 0
0 0 -0.660033611212938 1.3543272651254015 0.1825450478756605 0
0 0 0.6705968825785265 -1.3410998326909658 -0.5886506201129226 0
0 0 -0.7980806062590301 -1.2152894084103985 0.7804298831941942 0
0 0 0.502475700920749 -1.3144224714257293 0.05057950159901792 0
0 0 0.5674641315657705 1.3696729292926466 -0.27612754066125533 0
0 0 1.4013283615259757 0.3159189607568196 -0.7860957385475796 0
0 0 1.30133685475373 1.3599700811978803 0.4092262428468443 0
0 0 -0.8160122263525437 -1.3839121850986615 0.6844785168752621 0
0 0 -0.936690387033347 0.03414492522170165 -0.7843981377317317 0
0 0 -1.0382117400323496 -1.347414110339258 -0.1411967267778349 0
0 0 -1.5546115088599617 -0.8808163971941441 0.7356356604480818 0
0 0 -1.4623734149809478 0.7145176515717975 -0.8095641492616722 0
0 0 0.38689234286348495 -1.39489327712005 -0.07900322002359972 0
0 0 -1.3359999226316246 -0.012417577686727244 0.7354005649865197 0
0 0 0.2546021574078501 0.2546696468797556 0.7613602105706696 0
0 0 -1.2364868292048783 1.3080037097397574 -0.4447776085852206 0
0 0 -0.2701645233327148 -1.365761403188999 0.23108417682733307 0
0 0 -1.514090684625595 0.685688952120437 -0.7432365204736804 0
0 0 0.5132906077647799 0.8689259903823137 0.7654880342203941 0
0 0 0.42114885936909485 1.3075720337761718 0.7629070587188034 0
0 0 1.398171280571665 -1.027506628594184 0.7562453891114488 0
0 0 -0.7781687317052873 -1.3239001168151354 0.3567051584310139 0
0 0 0.5658423580571319 0.468787835397968 0.7917758852131896 0
0 0 0.36453814698367903 0.7048217417430467 -0.7289225280179007 0
0 0 0.8428860374528462 1.0482642251685717 0.7268984906772189 0
0 0 0.44093369361802504 1.3085613922002148 0.6380548050755284 0
0 0 1.2811030480258205 -0.041863760243672665 0.7926177579708147 0
0 0 0.40158930755417654 -1.3148833235290547 0.3108180181291724 0
0 0 0.6445555486987895 -0.6850448644539328 0.8057783471788327 0
0 0 -0.022646214819650012 0.30032685567782247 0.7416377521527983 0
0 0 -0.8415628046862641 -0.1191627828576296 -0.7719847415898498 0
0 0 -0.10286122755042038 -1.3333507585623654 0.1209818694799989 0
0 0 1.2845620450447535 0.48682157071732424 -0.7848320061864903 0
0 0 1.0732467721413612 0.0757684873604374 -0.7400389075380773 0
0 0 -0.8298621205260621 -1.368721835778077 -0.032305272110818684 0
0 0 -1.3134936121259997 -1.3299485483285192 -0.7649333505547969 0
0 0 0.7272021866060667 -1.3804579140241282 -0.6658552771581471 0
0 0 -1.1718209715730825 -1.308752687814898 -0.07329163842323505 0
0 0 -1.4332241794226153 -0.13454731662061192 -0.7711848736145795 0
0 0 1.284192166678821 0.4618363177640654 -0.7918851011070182 0
0 0 -1.146390750346206 0.8120839165615348 0.7919141152645565 0
0 0 1.1188718533950457 1.3954067329474715 -0.6014949191959403 0
0 0 1.5687693044782747 -0.12231352804818574 0.7291576683489375 0
0 0 -1.1548347388717681 -1.3384199408567556 -0.6285064835261978 0
0 0 -1.3886436226606735 -0.31317110480910915 0.7494557431754015 0
0 0 -0.2638441848147304 -1.0924238262951214 0.7952896009178004 0
0 0 1.561962260400632 -0.4066742271456638 -0.7391802410164382 0
0 0 -0.20045767181317364 -0.07653725157605651 0.7671356967844146 0
0 0 0.07081256318547302 1.3743302240890816 -0.5973242435335749 0
0 0 -0.5416093881163637 -0.9325627288811155 -0.7734487691906773 0
0 0 1.381865540928985 -1.3003049994656068 0.23252914024960325 0
0 0 1.5108525773068653 -1.0850202448078687 0.7396710692681624 0
0 0 1.5661922448663854 -0.6269085979849336 0.7860362972200673 0
0 0 -1.1957501923138572 0.46727119847775933 0.8206835881137376 0
0 0 0.1666882243556116 -0.05015959113163504 -0.7580349262719831 0
0 0 1.413504508870206 0.07150584359041745 0.7824597444703475 0
0 0 -0.41020920927945337 0.6214147421520693 -0.7391988806795687 0
0 0 -1.0681798126094395 -0.0010980081536684505 0.787894045373225 0
0 0 -1.3025213128472115 1.3285645982359187 -0.14503314473479456 0
0 0 0.07007025092205277 -1.3915517811645437 0.11100014930668245 0
0 0 1.2042480468148562 1.3244045031788416 0.2242108328107728 0
0 0 0.17524097064910116 0.8441939701002366 -0.7883574033003856 0
0 0 -1.0802553298355484 -0.18309815123724293 0.725269005017547 0
0 0 1.3635987519800223 -0.684519610964364 0.7955346606696124 0
0 0 0.8294145732321079 1.2002517731900901 0.7846520829416952 0
0 0 -0.5555675501559643 0.1636550761765443 0.7921327541709691 0
0 0 -0.4819875009107488 -1.3358451411596024 0.11535624373232889 0
0 0 -0.9671468564975418 0.46146090206893753 -0.7394966299325892 0
0 0 -0.33917431609730553 0.6462708047197077 0.8214096760541958 0
0 0 -1.0887972583627545 -1.3885332233127923 0.727133678946533 0
0 0 -0.494243624617132 0.3969360883791653 0.8103903555192082 0
0 0 1.4347841268985597 -1.0832945890881445 0.7672111587896232 0
0 0 -0.16934377562076253 -0.8188760772363957 0.7647242830346634 0
0 0 -0.5229061144710283 0.9656238577096221 -0.7557833104385586 0
0 0 -0.8213812699259012 1.3882127985615664 -0.5286294987547818 0
0 0 0.6150051322444074 1.3365323981360229 0.6340062427243243 0
0 0 -1.2958074245915738 -1.3940617587682325 0.6488733078357571 0
0 0 0.43201185763501826 -1.3986856612994858 0.494826926667695 0
0 0 -1.3029189127660292 1.1425552738734106 -0.8009226997218325 0
0 0 -1.1604836207781601 -0.7166539252910793 0.7448380863374937 0
0 0 -0.351530107123611 0.35681005420442924 0.8086501116416714 0
0 0 -0.9769159609646172 -0.4647863010615695 0.7825073579980928 0
0 0 1.004141095099194 0.7749223520738562 0.8206485268744674 0
0 0 -0.9852593379724154 -0.8436854753437641 -0.8138951001680249 0
0 0 0.3163554005781748 -1.3279302362423533 0.2321899819915938 0
0 0 1.5005087187142214 1.1181798849899873 -0.7986073761421881 0
0 0 -1.4620285174768872 0.6326673678252928 -0.8179985317810434 0
0 0 0.45578636976816567 1.2478264154071963 -0.8047440014507847 0
0 0 -1.0986042340936104 -0.23970785594795507 -0.787901910245207 0
0 0 -0.7763541071942286 1.3213870012865987 0.17796483456337508 0
0 0 -1.1662956063514134 -1.347596137057093 0.274463820607201 0
0 0 -0.6465712063959473 -1.301982294101337 -0.744922781979256 0
0 0 0.9860999640358963 -1.182713997330132 0.8226041394313701 0
0 0 -1.4066793654909429 1.3345563944411747 -0.7297931877826 0
0 0 1.2710886376022268 -1.2638059108617912 -0.7984778939429287 0
0 0 0.19198515028066643 1.3907426331707042 0.5406582795504655 0
0 0 -0.535734226289889 0.7646948514087419 -0.7916783236213019 0
0 0 -1.2915684361071051 0.35897240341680736 0.7954625973481729 0
0 0 0.9337197940041291 0.595641602986801 -0.73745558426916 0
0 0 0.18079213817361284 -1.3162680251711145 0.3817741047175265 0
0 0 1.0191598457675108 -1.3461143807684497 0.3430987056790231 0
0 0 0.6994120864580871 1.3293528636694536 -0.6709175434088334 0
0 0 0.04035506927861254 1.3723399755355492 0.026492968449633003 0
0 0 -0.1208893118404939 -1.309947508849934 -0.3711558699642319 0
0 0 0.023026252512257983 -0.6452078575589475 -0.7979770232084495 0
0 0 -0.40913690383007495 0.048680169191299694 -0.8029906050950302 0
0 0 0.8080978469335887 -1.3878852844608736 -0.24208275857379224 0
0 0 -1.5575585020604619 1.3772027934969904 -0.07520028171630744 0
0 0 -0.8565411566277094 -1.194297146916681 0.7640067694703012 0
0 0 0.47056901587304134 -0.8323648960252632 0.7445810953389678 0
0 0 -1.551441173739788 0.37971148587922543 -0.803075536282736 0
0 0 0.8444445782105285 -0.4269308356336048 0.7590259162160642 0
0 0 0.15153493374160676 1.3480620503290686 -0.032880450063429656 0
0 0 1.1065800192934456 1.3788102571015919 0.010053842362718224 0
0 0 1.5474356090814854 0.5443304963436313 0.7494202279706947 0
0 0 0.6749864976808078 1.3820834157784165 0.4152605921761976 0
0 0 1.032450839370778 -0.49289509676740495 0.7567243166436417 0
0 0 0.6906367343645381 1.350821467376597 0.11441900244451397 0
0 0 -0.6619181842786347 -1.3458280314099902 0.008483358801945506 0
0 0 0.35553698274288914 1.3036880628016208 0.02043852934782886 0
0 0 -1.2323856771180808 1.3958698147153588 -0.5520523809986999 0
0 0 -0.10177605405636037 0.42376479672181766 -0.8185031318959094 0
0 0 0.43243504665003263 1.394327621540056 0.5631249701144474 0
0 0 1.411214654683545 0.6313426110672908 -0.7298535904285249 0
0 0 0.14434210836694006 0.5303908181530144 -0.7684547655480432 0
0 0 0.8256673480889227 0.9712754537649568 -0.7563844627527337 0
0 0 0.8944841729708566 1.3285298087667694 0.2452390486538265 0
0 0 1.2737832834820026 1.3314545137603728 0.5240745016938846 0
0 0 -0.05475018851840452 -0.9456605184035709 0.755813157397824 0
0 0 0.7882089151649638 1.362925050335994 0.434895702219684 0
0 0 -0.14787171734090965 -0.775290416826871 0.7825282967387455 0
0 0 -0.46106174437364045 0.11827885963112417 0.7602525454649137 0
0 0 0.8413868663549628 -1.3689499865122967 -0.5560530470290228 0
0 0 -1.3866323273821775 1.3230550674799655 0.21714541328881798 0
0 0 0.2889271838596035 1.360162542949666 -0.7196195828876988 0
0 0 -1.4538973642878805 1.318378643457355 -0.597676491326217 0
0 0 -0.7634079649156711 0.8796470271069052 0.8010592449409648 0
0 0 0.25183015357371774 1.3654743351599652 -0.3158618211545793 0
0 0 -0.17041200218513008 0.34068486181836355 -0.7750175722876786 0
0 0 -0.5485503885330894 -1.3135915635797704 -0.29762000392302923 0
0 0 1.0485082974199589 -1.329266850874421 -0.0007013945817644363 0
0 0 0.42260408687688744 0.3021144238801563 -0.7884440308531742 0
0 0 -0.12024078493150969 -0.3745270057311121 0.7902563595460401 0
0 0 0.8223852096092896 0.40052277828429483 -0.769730937140469 0
0 0 -1.2980099098710405 -1.3698437851658722 -0.4462232954070532 0
0 0 -1.0071482465059267 -1.3232800292823288 0.015557546057567095 0
0 0 1.0156120900372416 -1.3714660529543707 -0.009265121859801329 0
0 0 -0.5455059434713287 1.3262156324358587 0.3341892735849237 0
0 0 -1.0259751712058747 -1.39137990819044 -0.5335768946975308 0
0 0 0.5059200032917759 0.7198895950087827 -0.7656997377786042 0
0 0 -0.19640999262088954 0.3180487682297246 -0.819870492226952 0
0 0 -0.7047911317260336 0.9153599036043254 -0.7364032266630788 0
0 0 -0.5848311634370135 -0.43078592076661126 0.7448183814437417 0
0 0 0.8921044130668334 -0.992511680572562 -0.7454996688875042 0
0 0 0.09507217271613677 -1.3527798710768313 0.7459123295346917 0
0 0 -1.1337896092768434 1.31787678444477 0.15157237825611491 0
0 0 1.159348885976423 1.326130641697463 -0.5024818418075481 0
0 0 1.4100761421385464 -1.1073038000795037 -0.7482127584545599 0
0 0 0.03071468991720616 -1.3075788153665553 -0.5909959866869166 0
0 0 0.20044510780129587 1.3242438649233133 0.10848455879416252 0
0 0 -0.32841983778393824 0.8373383425089458 -0.8189350743301543 0
0 0 0.8317851606518927 0.43761346178937366 0.7812585392260696 0
0 0 0.45920933842740164 -0.04518534548823361 0.8227387438354172 0
0 0 -1.4939785952419518 1.3646762003528168 -0.1278236236422945 0
0 0 0.7469024413622067 -0.3821836252861519 -0.7602318711405225 0
0 0 0.8960407700693476 0.6148384449318933 0.7973136577661114 0
0 0 -0.6463197482441173 1.3385082663593657 0.24876303983138603 0
0 0 1.3662490362726056 -1.3782089632873524 0.569407842149144 0
0 0 -0.5388742413644143 -0.4073979347200545 0.8221945560707326 0
0 0 0.6903830799649087 1.3816636849488424 -0.457882102895284 0
0 0 1.5044668592714592 -1.3098647549857836 -0.18302507259411915 0
0 0 -0.4344688609253302 -1.3269183493901364 0.25664009775027985 0
0 0 -1.5550772255245697 -0.9593562125149109 -0.7892837781108313 0
0 0 0.4360490265626198 -0.42802216926737513 -0.7710480166028344 0
0 0 0.4112074982853382 0.13438071081119207 -0.7463663785931797 0
0 0 0.37708311766941516 1.3869804974585593 -0.7086135476776001 0
0 0 1.214048086490608 0.0350526428243787 -0.78576618695118 0
0 0 1.1941653184711774 -0.06217874916764399 -0.7588055527202285 0
0 0 1.4423850126286095 0.649331896964463 0.7820861182795582 0
0 0 0.7776672055768628 1.2243922973500039 0.797810146621863 0
0 0 -1.1652173505516072 1.3197727629040414 0.3170974712448751 0
0 0 -1.1078657667762988 -1.339245656269306 0.5564466151932623 0
0 0 -1.1177460955114649 -1.0713096000767113 0.7554278198541133 0
0 0 0.6813115998099137 -1.3510422572888898 0.44735966871357125 0
0 0 1.2625545743989752 1.3990437734233154 -0.5589967436149441 0
0 0 -0.7911316638777366 0.5803049645586122 0.7924665021987529 0
0 0 0.1257907715776101 -1.3813033172827682 -0.5671988807367465 0
0 0 -0.8782457948198666 0.2893934617749838 0.7692831891657691 0
0 0 -0.03957362760466476 -0.07596235887070901 -0.726719278591167 0
0 0 0.744065434678634 -0.25471269801293417 0.8204244596964115 0
0 0 -1.3218454336680003 -0.29312204846237067 -0.8087056185776791 0
0 0 -1.1698250430337047 -0.9799725462381299 -0.7643736366932504 0
0 0 -0.04085321500953376 1.3312247314783592 0.093090666520244 0
0 0 -0.75724457167039 -0.677457239481527 0.8164216246902758 0
0 0 -1.47587617219979 1.3793799709628476 -0.6038233126813608 0
0 0 -0.9672134294724548 0.4348420818154466 0.7354307407138643 0
0 0 -1.3453799660096293 -0.8207271574796986 0.7997740782708883 0
0 0 0.17417477305704865 1.1392398492158102 0.7860328988840685 0
0 0 -0.4259098621941533 0.6320373843468305 -0.7291395248199268 0
0 0 -0.0357251468676969 0.6023522635010796 -0.7718809003636261 0
0 0 0.7798609112551596 1.2550061733039823 0.805319229957674 0
0 0 -1.4810609117404816 -1.3621623923806783 0.5692406782218271 0
0 0 1.1164712816328013 -0.4520843496019271 0.7913333532896053 0
0 0 1.3602173374942548 0.12037256804349927 0.7567113328986547 0
0 0 -0.0845671343676051 -0.624431038486195 0.7857759576797554 0
0 0 -1.0494210681723848 0.21161025954962853 0.7738441648328408 0
0 0 0.900225635015889 -0.19784642912070338 -0.7594829670630419 0
0 0 -0.6846217547310145 1.3653411529702333 -0.731317461403705 0
0 0 -0.4886483171524696 1.3370212004159316 -0.4263849804712126 0
0 0 -1.2712926894460144 1.3951600231512362 0.12206235185155179 0
0 0 -0.37534550923065746 0.844036150647917 -0.7640743198396999 0
0 0 1.0323496744253737 1.3061703693741067 -0.6845889441426775 0
0 0 1.2346815934234572 -1.042712243730715 -0.754759403786097 0
0 0 0.8001077574671371 0.13243067336981573 0.7271979272175425 0
0 0 -0.8937449521387114 0.45688993262746935 0.7981032892567258 0
0 0 -1.5073814163025885 -0.6320900607313604 -0.7646910234274076 0
0 0 -1.0364103297667588 -1.3865136098311863 -0.24100819015765784 0
0 0 0.6261928402152379 1.2504329420395088 -0.7288690168111448 0
0 0 0.6667456694060898 -1.3109730861695241 0.4851945185068054 0
0 0 -0.5206129737072105 1.3774154462020798 0.20028756323989683 0
0 0 0.30080445787271426 1.3418985262614953 -0.08204017426106891 0
0 0 0.9432551172326491 -0.8104554391310919 -0.7986737510788005 0
0 0 -1.4049267671243946 0.5467456184903936 -0.8177511807284933 0
0 0 0.12087484400632409 -1.0495769914881452 -0.7498166471439793 0
0 0 0.4811992914605221 -1.306957627020996 -0.6049120841115521 0
0 0 -1.3898897216059232 -1.387556344623368 0.48499122208601286 0
0 0 -0.1249919559500201 -0.5252939962664614 -0.8176227894069973 0
0 0 1.212635636480862 0.279455031840141 0.8070766733191092 0
0 0 -0.4505466894099781 1.3966137262432372 -0.5127698785602747 0
0 0 -0.35572877097914346 -1.3293521714016239 -0.43507595290681494 0
0 0 -0.43719154111454617 -1.3775783387085723 -0.535849013444335 0
0 0 1.4059705612177025 -0.5115753301348666 0.7750237699451628 0
0 0 -0.01593242240216597 1.3281888636759973 -0.24967077594367337 0
0 0 -1.5187298297109308 -0.20772381478613422 -0.768208643532477 0
0 0 -1.3677851122884672 1.3824084605763742 -0.7071634117493334 0
0 0 -0.18856535767410643 0.6809638628807531 -0.7879698731498099 0
0 0 0.5787892519390256 0.9503557118099006 0.7711416137629746 0
0 0 -0.8174715373305094 -1.3914151660717993 0.5964358694394596 0
0 0 1.322873378866134 -1.324268630472122 -0.6586741433679066 0
0 0 1.2340494646193445 1.328206211401061 -0.08508776568628729 0
0 0 -0.46424201809696375 -0.8139618030455864 0.7499166063441965 0
0 0 1.2602505765777003 -1.3184771404180062 -0.1799921902850511 0
0 0 0.5650105850369949 1.2858205694047216 -0.7746785954745303 0
0 0 1.2169900281149775 -1.3238500704995377 0.42549304899721796 0
0 0 0.7547745308116705 -1.3307194304656234 0.6405665283012008 0
0 0 0.2905640114131398 -1.343542235453409 0.6161020449883909 0
0 0 0.5752900168359014 -0.8113427359673262 0.7786090155014557 0
0 0 -0.6784424446485965 -1.3364851023598687 -0.18917846921456072 0
0 0 -0.8719206151451321 -0.8192995654754516 0.7816426210667275 0
0 0 0.5421815097846485 -1.3526962096755502 -0.006666934275418979 0
0 0 0.2891977502214713 -1.2575829748759164 -0.8006762142509009 0
0 0 -0.7637176860997239 -0.20768255571980898 -0.7371395573379638 0
0 0 0.21495093569229096 1.344055363315599 0.07736473036139413 0
0 0 0.03356033005050807 -1.3189137782006397 -0.4950742431565625 0
0 0 -0.5430877072549976 -1.1600920084543067 0.8178412997977503 0
0 0 0.5579679523127536 0.8699110849659142 0.7509605268765149 0
0 0 0.6671149517327115 0.44834304574388395 -0.8082579221402826 0
0 0 -0.4010929981172131 -1.3946878083753262 0.7888003589681487 0
0 0 1.395421481071251 1.192494604995663 0.7270326664987128 0
0 0 -1.423814663226115 0.9252673368752335 0.8122451048378597 0
0 0 0.9328249077665363 1.3621219043095212 0.818187273864968 0
0 0 -1.136820457662635 1.2049246367566562 0.738846441423559 0
0 0 -0.7622403293968681 1.3277499706334777 -0.2436986992431801 0
0 0 1.0694635941881963 0.3518631577311526 0.7256556612088568 0
0 0 -1.138894995020567 0.4891874676559973 -0.7414945814878328 0
0 0 0.04846204804828402 0.45377301490876154 -0.7382775375493449 0
0 0 0.34283261496499007 -0.043784762179223335 -0.8003464823918744 0
0 0 0.09739303612148431 1.3851257817052527 -0.4774303541106925 0
0 0 0.3337726425352998 0.7919558734820853 -0.7789830195779541 0
0 0 -0.34512882530052 -1.3193142111551237 -0.7221154145464966 0
0 0 1.4704426127823615 -1.3293798575544262 0.6958099274098923 0
0 0 -0.07919075543463272 1.3016763435119019 -0.4337477629345998 0
0 0 -0.5652085755447354 -1.0278819723111434 -0.7635931120751674 0
0 0 0.674487581667282 -0.5183934435160599 0.786595936217537 0
0 0 -0.2006336161543909 1.39508793211074 0.3956469332011594 0
0 0 -1.4966833941226698 0.34177562451115584 -0.8116748467925363 0
0 0 -1.1985306112454146 -0.6556737186593223 -0.7853238585603451 0
0 0 0.9778758957213474 -0.7974439125002817 0.7571549947877715 0
0 0 0.00951282641054596 -1.3006369589483338 -0.5546800800926522 0
0 0 1.3557457178397514 1.197733928176932 -0.7343416790125014 0
0 0 1.0858916792551976 0.5478014640706197 -0.7329937506140469 0
0 0 -0.3242773298641244 -0.3678214566718009 0.811735754078563 0
0 0 -1.1780539553425053 -1.3625878127945048 -0.27616035143633544 0
0 0 0.2816852094713458 -1.3766281424317754 -0.6950147052699498 0
0 0 -0.6495272861680288 -0.6537716393606521 0.8155172205553248 0
0 0 0.37358092542456456 -0.9690790092570425 0.8133695038108621 0
0 0 -1.4287689978691573 -1.3419545982331818 -0.45953668849337886 0
0 0 -0.5442309065203597 0.07508009975059249 -0.7399469231865373 0
0 0 1.3320946309375699 1.207745789040542 0.8049944286197808 0
0 0 1.1255808147017787 1.389785522623479 -0.38958260338148176 0
0 0 0.5596558848389814 0.1036312987207697 -0.7771896923837612 0
0 0 -0.7499374977199346 -1.1873947648930996 -0.7807956866658843 0
0 0 -0.8556416092390949 -0.2886142283155204 -0.8203367626946857 0
0 0 -1.5352730542522879 -1.3151994562584028 -0.5225363429334191 0
0 0 1.052418499674992 0.8382249834225097 -0.7655529874093867 0
0 0 -0.9147799146087977 -1.369047751009499 0.10281165053346342 0
0 0 0.32797858676072633 -0.6539566426266218 -0.7816121350647189 0
0 0 -0.30940129577568976 1.3643378013085086 0.5981627798143727 0
0 0 -0.9934330362712002 -0.05357547837928678 -0.7486016819683344 0
0 0 0.34265541774895714 0.2778455277168501 0.8135199197561485 0
0 0 -0.8639463786389807 -0.7929952715856737 0.791253737625491 0
0 0 -0.5060041527366304 1.2120181607255247 -0.7602762068522946 0
0 0 0.5536157628501894 0.19097109512864674 -0.7407063717582569 0
0 0 -1.0837524145762387 -1.1037187809826425 -0.7436632685425151 0
0 0 1.0335368023119549 -0.41559771993311945 0.7383748617325309 0
0 0 0.6022722567992029 -0.24393460473424566 -0.7991611096601271 0
0 0 -1.222821225545068 0.16945849388726786 0.8209880917903081 0
0 0 -0.9559862645714866 -1.3076891961307149 -0.44227160735521465 0
0 0 0.8458419999843212 -1.3533160563771263 -0.7982825183739106 0
0 0 0.3255375480396028 1.3903949801537643 0.18930449142814254 0
0 0 0.20722157228863924 -1.3024331004081113 0.3207709338471407 0
0 0 -1.2142545131963407 -0.7476440439677415 0.8199992191804045 0
0 0 -0.42844380771248547 -1.26818010269033 -0.7671683892318579 0
0 0 1.4549177741492412 1.2652865871392567 -0.774668463827621 0
0 0 -1.3939015789250986 -1.3273570879377008 -0.8004593536303847 0
0 0 0.09493141524142801 1.013916783259792 -0.8084500961619541 0
0 0 -1.069423706670671 0.07911720146759893 0.7990925702749629 0
0 0 1.2876803901370741 0.982466417270125 0.7519463264605715 0
0 0 -0.41821584969268 -0.6621266296418374 -0.7334589016505513 0
0 0 -0.0656289751487531 0.9573655383829756 -0.8178225182394641 0
0 0 -0.6961809141245281 -1.3102321319129104 0.23624956922442197 0
0 0 -0.18234557779527805 1.3435596483046983 0.6012596506217376 0
0 0 0.22650260191130056 -1.3077808291250812 -0.4027329856225085 0
0 0 -0.33586321065130553 -0.509830127788038 0.7527287474485685 0
0 0 -0.5400257482045909 0.028498810191230906 -0.7571508293117407 0
0 0 0.09438431501160238 -0.8348316930299592 0.823093352748691 0
0 0 0.6810116783979487 -1.3447497636466499 -0.4593023595348309 0
0 0 -0.4232208736711349 0.42024909640768215 -0.8037113007069866 0
0 0 -0.6901017371366219 -1.3950469039224744 -0.4533438764511093 0
0 0 -1.3090738527407144 -0.665101161493236 0.8169388539475427 0
0 0 -0.13344979804637713 -0.19495283830319932 0.8080635225625531 0
0 0 -0.32416817718714563 1.3375887751437947 -0.23812628853326012 0
0 0 0.5082926759347646 1.3617527964682792 -0.2954404324730454 0
0 0 -0.6925357171216616 -0.35116428916073716 -0.7406788577424847 0
0 0 -1.3959252712303516 1.3831218944340378 0.7143495741236277 0
0 0 -1.1691506569364591 -1.335017569449299 0.22561954598153489 0
0 0 -0.8926435186922209 1.2520241931217464 0.7405631160508681 0
0 0 -0.7171637410031443 -1.3222202596801618 -0.49026851112063785 0
0 0 1.0459431105098664 0.9353618870036982 -0.7344860852072488 0
0 0 -1.076186995753488 -0.373033964104165 0.7254849815424861 0
0 0 -1.4495528958112338 -1.326711394413297 -0.05165709944223251 0
0 0 -0.5261411120527957 -0.5246517995110161 -0.7892018655728514 0
0 0 0.22339757437754404 -1.396061696148804 -0.3544896417681211 0
0 0 -1.5134904894545416 -1.3271636392834398 0.7355771121738028 0
0 0 0.5179123873878915 -1.3908867560071063 0.13234595457184695 0
0 0 1.5483685199209574 0.04903718487575204 -0.7586650848756095 0
0 0 -0.15366669412342815 -1.3198934947709922 0.3747498742258404 0
0 0 1.351704057035425 -1.391660057769485 -0.1528819855688205 0
0 0 -0.028977990510669738 1.3142366163678207 0.4323272903444728 0
0 0 0.4626491720650825 1.2592086496703752 -0.7727658633892042 0
0 0 -0.3496349353254471 0.3065484529330076 -0.7515825336885339 0
0 0 -0.24539297460598353 1.1810382053890323 -0.8030940499448083 0
0 0 -1.0305215629230484 -1.3995509257638763 0.02714013671162796 0
0 0 -0.8589178874108844 0.5046933569136671 -0.7766248357173775 0
0 0 0.9285436438660666 -0.9808794629872866 -0.7448906259858058 0
0 0 -1.0704188816050022 0.6944213214132338 -0.810675870965027 0
0 0 -1.4578498864898035 0.8605153602887075 0.730949225073756 0
0 0 -0.0810364257465308 1.3729715110144005 0.6572633658569029 0
0 0 1.0657994637599861 0.27070994573310947 0.7860280373573635 0
0 0 0.8323072561094262 0.5290205901439993 -0.7444216353320082 0
0 0 -0.7208934197605577 0.3407819526735216 -0.8220669258142274 0
0 0 0.9060020842904417 1.347787047207281 -0.37461439368328864 0
0 0 -0.015613031429082325 -1.3182142740174148 0.5078954504548727 0
0 0 0.8587882012919832 1.345350291241273 -0.6669846277413731 0
0 0 -1.140546505244726 0.8610914261599227 0.7959811499942946 0
0 0 -1.3673010601900573 0.09396481861472283 -0.7828874453220476 0
0 0 -1.123610400002091 -0.9172441844392081 0.7600438677707797 0
0 0 0.8506225050660507 1.1597516420170015 0.7945408541955841 0
0 0 0.6878257422115452 1.1258233245490004 -0.7803787401136701 0
0 0 0.9948063031280117 0.6973502361867392 0.7475134887896073 0
0 0 -1.2899675085346225 0.628214976037889 -0.7893615907222793 0
0 0 1.2567608268178678 1.2609686704704013 0.7886430423607598 0
0 0 -0.6212195233756806 1.3246455480475148 0.5476304997925643 0
0 0 -0.03406880212740049 -0.21089992918198974 0.8072285780991348 0
0 0 -1.1525090656603636 -1.300424349483548 0.8025839111878199 0
0 0 -0.4691100738329985 -1.3884510318409782 -0.46959552966611173 0
0 0 1.0859791339018354 -1.3577391312748028 0.7503147149701273 0
0 0 1.5124496642447172 0.9130280781030178 0.7555000483778866 0
0 0 -0.08510258142348825 -0.2601811042885198 -0.7742235704205358 0
0 0 1.1862435608435415 0.5518796804104431 0.8228940102666964 0
0 0 1.5271049462700668 0.01152491783272036 -0.7808040267786921 0
0 0 0.5719195746256616 -1.3592951548531853 -0.0685652842262553 0
0 0 -0.9589094862738164 1.375521603573371 -0.506151215608648 0
0 0 -0.024561599902539255 -1.3420235553964737 -0.3190430949732508 0
0 0 1.3743451423698123 1.3678942795262372 -0.48138130011540875 0
0 0 -0.9515796161241495 1.3770408013682098 -0.12285522403987714 0
0 0 -0.09441803232347068 -0.36713138021324077 -0.7689712926760224 0
0 0 1.3689313126815752 -1.1839883776110232 -0.7282397074655678 0
0 0 -1.2861656971638376 -0.18130081918258312 0.8015170856613963 0
0 0 1.1988469584099257 -0.9275262742585666 -0.7853201679558034 0
0 0 0.8344563815869384 0.913780561736955 0.7567482661470148 0
0 0 0.6478230017177453 0.3475865351798837 -0.8073221328570857 0
0 0 -1.112454124260152 -0.6627035757585304 -0.7657176831208707 0
0 0 0.0800657927509052 1.3092889677250137 0.2652006165183982 0
0 0 0.99229908002309 0.40467128911958095 -0.7632846461357116 0
0 0 1.3323537769277443 0.5676172771030401 -0.7993720757834744 0
0 0 0.8582466268726616 -0.20400103176701334 -0.8038438293247108 0
0 0 -1.035026880588768 1.3333116303177455 -0.1938520109067874 0
0 0 -1.169570478004465 1.3968600254434416 0.2779302288899903 0
0 0 -1.0997596963396958 1.3436090503566527 -0.6671726407997853 0
0 0 -1.3492441414610754 -1.3156799910805974 -0.5563072349284595 0
0 0 -0.8207949231618813 -1.3453238564783427 -0.552872245407982 0
0 0 -0.6520561384252309 -0.7590510591213475 0.8086753292358828 0
0 0 -0.00676558191909038 0.4423832133196137 0.7602547096470238 0
0 0 0.6907635912915793 1.385088145005247 -0.6609797891193824 0
0 0 0.6665673513602037 1.3476847634093858 -0.6220405676863111 0
0 0 0.26377314003426666 1.3649863052429203 0.7486808320457854 0
0 0 1.3879740862476084 -0.8171054433378049 -0.7410486042126581 0
0 0 0.7375835017217325 1.3599376181489287 0.17063878150120426 0
0 0 -0.8373443098635335 1.3106311765796401 -0.673809596879039 0
0 0 0.9519281366327941 -1.154870125067096 0.7451365489080699 0
0 0 -0.3019908970782621 0.32139894002618985 -0.7431027130487149 0
0 0 0.33884979445805485 -0.5044893494191471 -0.7891706417991046 0
0 0 -0.456717451698726 0.8559083431893255 -0.8146133480367389 0
0 0 0.5800094144244357 -1.3607572202498912 0.36975294612844944 0
0 0 0.49809769432146256 -0.25096670163559653 -0.7996351207237649 0
0 0 -0.28364376802029767 -1.3502944889670037 -0.37123783113173026 0
0 0 -0.4781346649439224 -1.344923345223141 -0.813273472722815 0
0 0 -0.5236740698458808 0.9584979866623888 0.7834692927904899 0
0 0 -1.2469911033395464 0.530725096480891 -0.8007899567286857 0
0 0 0.6275169826603206 0.7215995008106717 0.7402031397978476 0
0 0 -1.1386550542714702 -0.17762619015724446 0.7450828597784723 0
0 0 -1.3795180251365298 -1.3081613643138403 0.6282586474915093 0
0 0 0.4203952976491101 0.2413118179329803 -0.7409974256316515 0
0 0 1.460244487587084 1.106949104076447 -0.8207587801713692 0

