0 0 -2.051813909130904 -0.6160346155909577 1.4393906061061985 0
0 0 2.3899154581647952 1.0672351841695753 0.4145496355108219 0
0 0 3.088328565706205 -0.5338722809405343 2.051577432812388 0
0 0 2.3643833567189523 0.5562505673496863 1.9953035928680913 0
0 0 1.0428200635094962 1.1611438953734583 1.9657429499922658 0
0 0 -1.7185350258758525 0.07714737598346888 1.972668364011954 0
0 0 -2.4014208021922148 -0.558945818554206 1.6176174313369331 0
0 0 0.5631936232913763 2.1025517604576516 1.9639873520637277 0
0 0 -0.5374838949752467 -0.6052209636592005 1.5871552393567314 0
0 0 1.1412517673209797 -0.622023073693676 1.4371960750880597 0
0 0 -2.715790416896793 1.140096307328654 2.049399857111387 0
0 0 3.1305640611027243 -0.6034071830770344 0.7970562294602732 0
0 0 -0.0813019068914822 -0.6327146419730028 0.9660875101683777 0
0 0 -2.42309389172134 -0.6051629878486591 0.6070560449227895 0
0 0 1.0405525263913251 1.0995123578229826 0.5015613366712628 0
0 0 -1.5352358444628296 0.649124410838549 1.9702080215688507 0
0 0 2.1695276408655477 -0.5640657244750726 1.026417048538284 0
0 0 -1.5703940813530888 1.2967962739651744 2.0080295405033555 0
0 0 0.6095458625847745 2.1051369707565946 1.141092178939918 0
0 0 -0.8346060254238759 1.7707669268721313 2.0515737254992255 0
0 0 0.5419556051128311 -0.6469395482325169 1.3319397941715718 0
0 0 -0.6496373319581679 -0.1561143459783303 2.000161388448935 0
0 0 1.7569413389387734 1.3351151660756464 2.0452320625110305 0
0 0 3.1255655005522254 2.1149330080993956 0.499463593849247 0
0 0 -0.41168266654001995 -0.3780570854147818 0.4416970673359155 0
0 0 -1.8893002745050653 2.135088862631692 1.9633776685577997 0
0 0 -1.4042530302189553 1.9385061970503574 0.4564813138051047 0
0 0 -3.0102034012905556 1.9426079995887882 2.0162660820402474 0
0 0 -2.2991301671809783 -0.6004164427957257 1.18183499586823 0
0 0 2.4755378410989035 1.2071847770300876 0.4102935585790759 0
0 0 -1.4481040368306277 -0.6364839084649334 0.5065115940739624 0
0 0 -0.5289982460140714 2.0909042769858557 0.5879945265568857 0
0 0 0.5920214146583258 2.0553692933675576 0.9549758371036937 0
0 0 -1.3871014059416689 2.0968934517724613 1.9680947882455997 0
0 0 -1.2217867174914316 1.495643803910241 2.0413502399619534 0
0 0 -2.090602495830315 2.1096422435716193 2.0297415480362417 0
0 0 0.8450035504178106 -0.6167643544087584 1.4248402175496526 0
0 0 1.967576364938175 -0.6266965506666644 1.4252275375813221 0
0 0 0.45857716839779705 -0.5903532677686172 0.8104966299700285 0
0 0 2.157548388165295 2.065818108535593 1.1932444224211638 0
0 0 2.1198622701516285 0.07722356572165778 2.0489893089148064 0
0 0 1.6388959435555872 -0.13767763737286742 0.42353553604218197 0
0 0 -0.285450247533523 -0.6210296047034827 0.9014005356857544 0
0 0 2.2660498362991293 0.9943258605765959 2.018646602983458 0
0 0 1.4766807047016544 1.4708828587156424 0.49643472827754065 0
0 0 2.2023186742681604 0.345161087459249 2.0419181016151144 0
0 0 0.26370374823266385 1.208814730931431 0.5021936580226469 0
0 0 -1.5761116261604522 -0.537663157713602 0.47423247745838737 0
0 0 -0.7546794414365192 0.6265799580736331 2.045563890872594 0
0 0 -1.171504625562957 -0.20663129010095282 2.0503705532621286 0
0 0 -2.397376919552243 -0.08446537309745383 0.48177819486485296 0
0 0 -2.4089354408364465 -0.2397009437623736 0.494963286625298 0
0 0 2.1068633206056324 1.5749392295654918 0.4275463473676321 0
0 0 -2.9800356361124702 0.680509999100918 0.4712518942557351 0
0 0 1.9148857632502807 0.026158106787354085 0.40953435314163467 0
0 0 -1.7424517352901707 1.9195017202421252 1.9891073658829097 0
0 0 -1.89309852822478 -0.6437610867531889 1.542253441582784 0
0 0 1.3183605881707416 1.6256189266400554 1.9959188202562896 0
0 0 1.4471784952774422 -0.6174580622657533 1.1571083277894023 0
0 0 -0.9775705033824846 1.9288622441926437 0.4528546026936967 0
0 0 1.9569039454460047 0.7607962024907651 1.999438298199414 0
0 0 -1.6535335992831146 2.1459122375522366 0.5946000743161995 0
0 0 -1.8331835236363045 -0.290524751966045 0.43020462699616824 0
0 0 -1.96358142962292 -0.01130484820781541 0.49686841021590245 0
0 0 1.6968153143909301 -0.6331284275195974 0.6406216220754898 0
0 0 -2.0964066252346774 2.1066603513204587 0.5120408859706443 0
0 0 0.17824573948654798 -0.46415491580709345 0.42587232721154633 0
0 0 -0.5728479132465751 1.7056937293874757 1.9773144794411663 0
0 0 -1.636405648886438 -0.5912436781215953 0.7496545912529008 0
0 0 2.4389157833506516 2.0664704640130394 1.1201287196844738 0
0 0 -1.0152567032829594 1.1724034207102803 2.028974690115125 0
0 0 -1.3859775657358637 2.060263468629084 1.5508285224903302 0
0 0 1.1625970197695734 -0.5647921239639198 1.9037385672715457 0
0 0 -1.9507311800806337 -0.5826245179251472 0.7861469348509763 0
0 0 0.6349850550357159 -0.5754453925540595 0.4266870106712827 0
0 0 2.3409792121175688 2.0397402307705894 0.4399426177022052 0
0 0 2.7436288861818037 0.4775801049744717 0.49858696498790944 0
0 0 -2.1962514758997123 2.1151405798907206 1.5630024422843358 0
0 0 0.22019091322312345 0.3086449915672612 0.5015952188060704 0
0 0 -0.9799251023921136 -0.3848816052169066 0.4786927874478458 0
0 0 2.848381075120198 -0.6107075475117798 0.8467839597360582 0
0 0 -2.020518075241206 1.6540889213245122 2.0080303671289297 0
0 0 0.6128472765819133 2.034969883252989 0.49834185327230074 0
0 0 -1.7934554528497102 -0.6238149982661925 1.7261117104654038 0
0 0 3.1164161990620727 2.06633375351329 1.4723825918844824 0
0 0 1.0273973460281098 -0.0938288765980615 2.0100063760866713 0
0 0 3.030806937210688 -0.12163400812637537 0.4689086300650481 0
0 0 2.0507161425119147 1.302006416428177 0.4953828784881551 0
0 0 0.5871050158583087 -0.041454098781736004 0.47049312725193915 0
0 0 -2.823339373491361 0.00441390971343103 0.4984261604670924 0
0 0 1.8611171824634933 -0.5747550326516029 1.995395758076866 0
0 0 2.969480986186121 0.36295778726434846 2.036429131336917 0
0 0 3.071248201429592 -0.5567384952063392 1.903114644025163 0
0 0 3.0010573390753814 1.382220123424006 1.993555583592433 0
0 0 -0.3797079193016524 0.6148873007261684 0.49609008844764524 0
0 0 -0.9172999778067106 1.9207045109510446 0.4697938281063633 0
0 0 -1.1197053535247838 1.6123285128429734 1.9566039208981576 0
0 0 -1.3097920272089651 1.4668549359786434 2.0520907187054322 0
0 0 0.4767235177143516 2.018379310292114 1.995480984839683 0
0 0 0.7917021054179028 -0.6093018569099877 0.6787729291385579 0
0 0 0.06503071376208913 0.17007031093204938 0.4326354013405692 0
0 0 1.7299890535744078 1.9251496811829825 1.9596289139189857 0
0 0 2.5536104886799746 1.1374632968417755 2.0222571676510226 0
0 0 2.2612601790935427 2.0966865889438546 1.025811257060825 0
0 0 -1.4903644121636417 1.3026873091902182 0.4408346920416123 0
0 0 0.034973652947560385 -0.2697506839446673 0.40525478478465793 0
0 0 -1.8011757559955492 -0.5667369666860411 1.4545597610302174 0
0 0 -1.7937812535803157 0.20972271253422536 0.48857756686873743 0
0 0 -1.520116153027298 0.9075501700721995 2.0114060094158552 0
0 0 -2.3744449587128402 1.7241648641890424 0.5008333655479279 0
0 0 0.16444292339951572 0.2523937132401921 2.0375335666797043 0
0 0 -1.7197985597238563 2.0989999309088354 1.7452717508625137 0
0 0 1.423405801304857 -0.3019125937188827 1.9621421571635 0
0 0 -1.7591178634536802 2.0852869003302135 0.4995197204112314 0
0 0 -1.2403512455367167 2.1033644224034456 0.6357145946666264 0
0 0 2.6587936016914 0.890174399610794 1.9734013879314527 0
0 0 -1.80557526883335 1.4874556487639132 2.046037179907029 0
0 0 2.4220690894847285 0.24993881681289798 0.4862032383683943 0
0 0 -0.572968990408167 0.8233100480683626 1.9700787457271254 0
0 0 -2.3473146706437693 0.7215366705472843 2.041453341889394 0
0 0 -1.4272351786149855 0.6518313993501974 0.44043423583885866 0
0 0 -2.415266317180946 0.7285009202959369 2.004573414610296 0
0 0 -0.15212011443320783 1.0911876424413671 1.9979225209648177 0
0 0 -0.11220010577354689 0.4123068386401063 1.9541180713510786 0
0 0 0.9282783765112281 -0.4864788328304237 0.4311559470379559 0
0 0 3.1062229706027376 -0.5983021332491343 1.510557711824494 0
0 0 2.0066502309777015 2.0881739351343347 1.749107303318953 0
0 0 0.22369657037719026 1.0063916462909601 0.4211250209497147 0
0 0 2.2143662803946844 0.474026821476913 1.961423390273357 0
0 0 -1.3637358326784907 1.2433609333504023 0.4429762539739156 0
0 0 -1.4518974475579234 0.7587366846551866 0.4033992155404216 0
0 0 -1.7215978997717942 0.31465359698203144 0.4870538352588162 0
0 0 -1.3167771693296706 0.9697773970059109 1.9586997169121514 0
0 0 -2.698231849719212 0.9121011610914098 0.45725762909205947 0
0 0 0.6435394008122257 0.6059611363900781 0.404727489772175 0
0 0 0.9440256281564343 -0.6315012770127497 0.6386787731038069 0
0 0 0.03825914370101513 -0.16458246540192256 2.0285671037650417 0
0 0 0.14987926821147957 1.3006535196019158 0.48984282617951214 0
0 0 -0.8893755770027845 -0.5750062597851047 1.0536186104081757 0
0 0 -1.189495134955204 1.1374306660998763 0.5009410789601183 0
0 0 -2.7316920984208877 2.0685747519330837 0.8201281465633772 0
0 0 2.049034635712066 -0.24472211819426626 1.9760825862450866 0
0 0 -2.3272943361179035 1.9459365519454221 0.4276158235279639 0
0 0 -2.9998164742361 1.5112865323495333 1.9929914506343587 0
0 0 -2.8129642485984525 -0.6490681004121694 1.5301273948872014 0
0 0 3.085025988361501 -0.49652400611865843 1.9767812489043646 0
0 0 -1.592481151980906 -0.2023652169758008 2.0268270300994695 0
0 0 2.7354499857976897 1.2006002323136087 0.4115345850310801 0
0 0 2.341934367190145 -0.28336743644890205 2.0233368704057124 0
0 0 0.8084565845661316 0.20765106389292676 0.4812949991752944 0
0 0 -1.1325639411115858 0.9106624617905723 2.02060820024389 0
0 0 -0.03144843550008547 -0.20941842430210167 2.0068449401244397 0
0 0 -2.8988325783969 0.9293917933350166 1.9567544168419344 0
0 0 -2.5488442017201933 2.057140915445123 1.8883113583853643 0
0 0 -1.6825177815702734 2.119096216619016 1.3809825349882936 0
0 0 -1.2222701970290832 2.077022547585692 1.0905347314565577 0
0 0 -1.9675983262222017 1.8098825812884105 1.9850756903810964 0
0 0 3.0061745061287537 2.1150071436966007 1.2879140802014595 0
0 0 2.0466161484725163 -0.5722255285350393 0.48739690164211025 0
0 0 -1.7967933529017033 0.7262530770003697 0.41957715383282035 0
0 0 -3.0410877735846613 1.153412191734157 0.4313696824003328 0
0 0 -0.6067849895280784 -0.6415521642088318 1.0450385526397 0
0 0 0.7619237939539318 2.1222742560366656 1.0005270655190053 0
0 0 -0.17221358819831067 1.245409083741412 1.9995709835100306 0
0 0 -2.1896108378668555 2.0953105089193036 1.4415654842591412 0
0 0 0.8496055043345239 2.030050473832138 2.0085736679726214 0
0 0 0.08991497886949551 -0.4488185067810695 2.02037695214126 0
0 0 0.13725909598975905 0.6175357396144379 2.0316880707289666 0
0 0 -1.7072292574449883 1.4989587045838884 0.4203388360219438 0
0 0 -0.7624700857205613 1.328665378730247 2.0124583644308975 0
0 0 3.051778908159588 0.3692227082680243 1.9951142436405003 0
0 0 0.4048670182998779 0.08080074356311484 2.0022997115654197 0
0 0 -0.4519688279039018 0.5381320746385534 2.0497139879662343 0
0 0 -0.45589275964933407 0.7711966062370013 1.95895233470779 0
0 0 3.1383672973674743 -0.6275793235779183 0.41518113519257716 0
0 0 0.908180499806778 1.7509130619476794 2.009926166601437 0
0 0 -2.4856947846370536 0.9411800096571383 0.43407529918433185 0
0 0 -2.477609743111138 2.1048400566478986 1.0860983982694181 0
0 0 0.7691873224105255 0.4559614837959165 0.4500952801992435 0
0 0 -2.8277385722905803 2.129268562315481 0.46213188488175305 0
0 0 1.7475585964694176 2.121821249254306 0.9832191309975556 0
0 0 1.120593387989878 0.1965597891028522 0.45024870884447377 0
0 0 -1.4129807541824972 0.777844090559118 2.0422791629764574 0
0 0 -2.8652930151894536 2.0691447479731817 2.031644697066558 0
0 0 1.1345467908166338 -0.18030300974700908 2.004639625208842 0
0 0 -1.6382476243299122 0.24481019246939728 2.0243129598385803 0
0 0 3.1100415760653366 0.8369843616206478 0.5010457875496835 0
0 0 1.058407462806497 2.1161856218262347 1.200558439977801 0
0 0 0.7812757746511325 2.1388099819006046 1.7028936550624478 0
0 0 3.0447471590093134 2.127793151840174 1.4700924837530502 0
0 0 2.2747801633832374 2.1464969338670583 0.5358731171533013 0
0 0 -0.5252795138689033 0.21517751001882512 0.4036570198352928 0
0 0 -2.8761069455412045 -0.5824739072257372 1.1159673778436503 0
0 0 -1.3156648138192497 0.5034330133375287 2.0062711916811224 0
0 0 -0.4958807759885415 0.5116363939196948 1.9803125526558896 0
0 0 -2.911355475757886 0.7615622179997403 0.4675905772949803 0
0 0 -2.039356812208098 0.48512632215713136 2.0522508757199986 0
0 0 -0.1807550244425662 1.0296404985856262 1.9766510163577231 0
0 0 -1.7819938884985227 1.1199944296291042 0.41299528818536235 0
0 0 -0.5226522616897777 1.8831327108362943 0.45560044788326703 0
0 0 2.1261969274854913 0.8133433705534401 0.4039754616336645 0
0 0 1.411452130964868 2.138906438839606 1.953452917535723 0
0 0 -1.7124725256511644 0.48530623673241347 1.992955885072307 0
0 0 -0.44317005531650944 0.0921952974079554 0.43514263508433093 0
0 0 -0.6023772810928527 -0.05850136933994532 0.41614552760622114 0
0 0 -0.8111086070625251 -0.5578098999840233 1.355110192563545 0
0 0 0.6719687039446223 -0.5855995044797719 0.9041164051380203 0
0 0 -2.490492847110266 -0.1581262647170858 1.9975193288031332 0
0 0 1.596790684273918 -0.5643555822045034 1.8286513356561567 0
0 0 2.9512211226098604 2.094891306128128 0.7986764772466938 0
0 0 -3.0298907358804796 -0.49911629930999 0.4246508659285664 0
0 0 3.048062291484447 2.0588120650921895 0.6358951757780003 0
0 0 -0.22093813290717002 -0.6168826865632122 0.4307499742074039 0
0 0 0.28148237424974765 0.21881164919941287 0.4703855347305368 0
0 0 1.8082562881734807 -0.618690924053551 1.0446078684787072 0
0 0 -1.3514311161134058 -0.2046177158583894 0.46995121068250334 0
0 0 0.5670806125711896 0.876726147522219 2.001125295911665 0
0 0 -1.34139426387842 -0.12448864457891284 0.5005606057336087 0
0 0 -3.0670209116326643 0.7402349389724758 2.0273098712863624 0
0 0 -1.7364954132996766 0.23513305283153363 0.4288871387413672 0
0 0 0.28250899992189593 2.0803830917228985 1.1671291993308088 0
0 0 2.0839261718192157 1.7005372134466523 0.4170172121055282 0
0 0 -1.5779349760529515 0.06119523064697263 2.0144869436065096 0
0 0 -1.0490535937914074 -0.6007279885881929 1.739924015272997 0
0 0 -0.2976110402827161 -0.627868878602158 1.7038009382798032 0
0 0 2.3616660343895886 2.0594181413157084 0.6329470873341153 0
0 0 0.37732052003280847 2.1097782755089183 1.1146520876796175 0
0 0 -0.9884750519048398 2.076773150401187 0.6346980007693321 0
0 0 -3.096978056476346 0.7325260620584644 1.97558407056996 0
0 0 -0.5560646825685036 0.594109975486538 0.4930202890337756 0
0 0 0.0627733594654285 -0.519618966959027 0.44493471402904394 0
0 0 -1.4718050339769193 1.551697607693982 1.9875559666370126 0
0 0 -0.9056956126557001 1.8604744515930622 1.9789408832968223 0
0 0 -1.2255170338966472 1.3523893818415234 2.008828941125218 0
0 0 1.3213032532362865 1.9021398713497943 1.9962708384252652 0
0 0 2.7002088757901745 -0.5933200557353859 1.2882845803375162 0
0 0 2.302917481082254 1.0033424017623636 2.051097880135805 0
0 0 -0.8791079389936889 0.24566159134956933 0.44397872085553236 0
0 0 -2.7272103480475236 -0.21215836293244394 0.4275119006409801 0
0 0 -2.350094193643601 2.075378366824152 0.9233874536222848 0
0 0 -2.8173369800300776 2.0522180747038687 1.5645777882506773 0
0 0 -0.3380297865309818 2.119376614161436 1.9654301818572555 0
0 0 -3.120440493310274 -0.6139818733148028 1.3706840837728216 0
0 0 -2.9021376697975505 1.5744563175440935 1.961339144244947 0
0 0 2.5004151055726656 -0.1802875391324521 1.9924486496572236 0
0 0 0.2623544325670588 -0.6486566771961362 1.1772991618076425 0
0 0 0.0293303058408525 2.0954383979250366 1.3827766735716183 0
0 0 -1.7139960823187985 0.3149694422976562 0.49052808482586363 0
0 0 -0.2810448630651581 2.1029386070394205 1.3097234839488547 0
0 0 1.316749750025779 -0.6218289876500325 0.6099493897696695 0
0 0 -0.05285260195947261 -0.6157049205417917 1.1187663186651355 0
0 0 -0.4035730470173524 -0.1619565066378441 2.044579697268459 0
0 0 0.5942147476776865 1.5182272311810532 0.410717297769537 0
0 0 1.306016366380521 0.6520033254361675 0.40771933274616956 0
0 0 -1.585254043996852 1.8023544477891955 1.962159572493718 0
0 0 2.654551667750429 -0.17901640807130081 0.43031617795200816 0
0 0 -1.7596508813523886 -0.6111639426155462 1.695989470212521 0
0 0 0.9296807880175635 -0.6344682262583821 0.4895787054342907 0
0 0 0.05766914382399513 -0.4660033929682863 1.9703713462297854 0
0 0 -1.3372552255828052 1.5406675269018162 2.0308128851998304 0
0 0 -0.09953988215978171 -0.5673690765216561 0.8438666103666338 0
0 0 0.2916913862451196 -0.19065996392465578 0.44607429392062803 0
0 0 1.3468432005668776 1.2255984031429916 0.4860154965791693 0
0 0 0.2706871664230679 0.6201028631332299 2.0200765425205316 0
0 0 0.5539129285315032 -0.5505656953459372 1.988905431625188 0
0 0 0.532558912868168 -0.576030383021076 0.5250463330919372 0
0 0 2.726480369802654 0.3504694655348074 0.44153798942319944 0
0 0 2.488500670367152 -0.21897914679899766 0.44248274814167843 0
0 0 -2.780416620040484 -0.47231940603428546 0.41630296322046034 0
0 0 -2.8769733587252357 -0.6293483794663706 1.5019265704242246 0
0 0 -1.0477407558375034 2.0730326469413645 0.9279198503342879 0
0 0 1.31677427137046 -0.5783030739324868 1.5452029470377253 0
0 0 -0.6919066826015592 2.144313977090066 0.850713515425168 0
0 0 -2.940253916880419 -0.23171575950333567 0.4463394654659597 0
0 0 -2.0901322581929893 1.8856959980728265 2.030090664291537 0
0 0 1.6214584513114287 2.1441346197772218 1.3966526394850467 0
0 0 1.996506410489939 2.1477231810356345 0.6485273845903714 0
0 0 1.4148546818978662 0.8306483287492794 1.9835910841558344 0
0 0 2.902459687911155 1.8552614748499299 0.4945023541090776 0
0 0 0.8865036016660186 0.18590728227414344 0.41066552790391686 0
0 0 1.2273015935228413 -0.24510417715184518 2.0067374091533208 0
0 0 -1.8743466592359381 1.730151361266686 0.4440988868929251 0
0 0 2.0456175419201186 -0.6439195260266466 0.7479187196905828 0
0 0 -1.1039861073201687 2.114702852788711 0.6598665670056832 0
0 0 -1.068158597210858 -0.4756745619848053 0.43917719297699176 0
0 0 1.8602625544478544 -0.5541463336812207 1.0113072581936042 0
0 0 -2.8070510084237514 -0.15748103891221732 0.4474400210215945 0
0 0 -0.4970490362339528 1.5932068082456972 0.4550250502953799 0
0 0 2.4461053992066564 1.5494242136463094 0.46710442566183696 0
0 0 -2.876287497962161 0.2982475545033819 1.9781654644835978 0
0 0 1.4760255798372386 0.9963295375073744 1.9657342722222602 0
0 0 1.0082828496472587 0.45117556358764177 1.9685150234682438 0
0 0 0.9668784713187373 0.8815519139760726 1.967064907465097 0
0 0 0.08897575633866195 2.111488525268274 1.7615020010123885 0
0 0 1.5714358796310854 2.1352069428205205 1.3088841902415385 0
0 0 1.2582972892760225 -0.5876155568157171 1.004345091448577 0
0 0 1.243736133136811 1.1264669050384275 0.49785623329392903 0
0 0 1.5244334783272553 -0.5669436307895703 1.240132697952702 0
0 0 -1.8815890905764712 -0.586196947624311 1.426453104241975 0
0 0 -1.5488459986035163 2.1305835344556923 1.8928471690247295 0
0 0 -1.1285336709795768 1.5661961147325962 1.986494322289978 0
0 0 -2.062781993193992 -0.6388209478232092 0.8724225516702864 0
0 0 -2.181749306865875 1.6169436793062852 0.48206428464822715 0
0 0 2.0095281458044525 2.0806420635355405 1.1991899744112575 0
0 0 -0.0819661704441712 2.0712820024097613 1.7153787556650009 0
0 0 0.9173367131840564 2.1122177209034443 1.1472089506659955 0
0 0 -1.193163251895668 1.574355814402651 0.4925505034021759 0
0 0 1.015414493972191 1.8931564113653334 0.444624220645772 0
0 0 -3.0658791446409848 0.20528990448268047 0.4190672441418227 0
0 0 -0.7076167953044599 0.2324121184560659 0.5000152493536405 0
0 0 -1.1022663072423566 0.30124559741500145 0.4697447178410663 0
0 0 2.971596561465163 1.4174500385614373 2.0038981372095592 0
0 0 -0.21362785603144907 1.2251489169612322 1.957570415752588 0
0 0 2.3815033105163854 -0.60160288498522 1.3676153672662419 0
0 0 -0.06792317947483406 2.055111381774358 0.7652917993937094 0
0 0 1.7575968394678059 -0.37303128190828194 0.4755016909195925 0
0 0 -1.2384816359568436 2.14908655511141 1.784841883030282 0
0 0 -1.2649014344911333 -0.029676470846428327 0.5011361748960007 0
0 0 -1.979599861898077 0.8803070970814431 0.479153082747961 0
0 0 -3.1340902588230755 0.08709454202699507 0.47751302716178445 0
0 0 0.9564061926579202 0.8160694358741329 0.43582064087406114 0
0 0 -2.9279364362965765 2.047459503648539 1.961044692581359 0
0 0 -0.6727834194228461 2.0946454958522054 1.5633518026222046 0
0 0 2.490367790855057 1.551625037828878 2.0475313601211504 0
0 0 -2.7704328439014945 2.1242426345196 0.8749522061054076 0
0 0 2.4171997615158487 2.100555127332755 1.2539100075493836 0
0 0 -0.8821692238927108 2.1464690483567854 1.7183245236952145 0
0 0 2.6285988499615636 0.698421570720013 1.961687771048977 0
0 0 -0.6929948869365492 -0.5824242085697939 1.9098405356604897 0
0 0 0.09781033357406921 -0.37546203905510245 0.42946393597864274 0
0 0 0.7942472269501288 1.4060699537661758 0.5015129551547035 0
0 0 2.5209167569883375 1.4619643741764234 0.4732838302660566 0
0 0 3.080174130309967 -0.5676711908489458 1.6439437022976364 0
0 0 -0.32313616463632666 0.7239421570335189 0.4553881300792607 0
0 0 1.699315878271614 1.0851398630786826 0.4227339766613827 0
0 0 1.3728158737139404 -0.3375018876254172 0.4049852838267938 0
0 0 1.8978558177599494 0.03122962414413577 0.499019731946591 0
0 0 1.6389927781173173 1.265867242468993 1.9849325999842584 0
0 0 -0.9447348532360995 2.138180848497841 1.400677204220736 0
0 0 0.44138305070381545 1.8423336277441018 0.4555892224531012 0
0 0 1.832752176260919 -0.611757358305069 1.4778546191290751 0
0 0 -0.6203393562868169 0.9954543410432528 2.0518413348804954 0
0 0 -0.5413427696183843 0.9275494558735466 1.974412937601373 0
0 0 2.6097665041187676 2.1044061263180645 1.4115902766260908 0
0 0 -2.292085062373035 -0.5729869221035337 1.3008186805791224 0
0 0 -1.1383702248233885 1.0547651035678987 0.42678035881480403 0
0 0 -0.33969290881182257 1.7416913672070133 2.0416234400999236 0
0 0 -0.6012320491348695 0.6986021834796838 1.9836557802465786 0
0 0 -2.9627570246577837 -0.24920333834213104 0.4376077911167813 0
0 0 0.937127884205025 1.6916311193528786 0.42877928315733904 0
0 0 -3.07137068016975 -0.40050517275115016 2.002963693166303 0
0 0 1.2600195225989257 0.22920264467870433 0.45111500849343333 0
0 0 -0.764266126929741 1.9953951558042335 0.411877900118788 0
0 0 0.5349899645317575 0.6380562511902717 0.42796125845460076 0
0 0 0.43610240635387587 -0.568161790876395 1.2919585450999034 0
0 0 -0.9815931734494243 0.9074031889588667 0.4126778043053593 0
0 0 -0.8344146756441351 1.7674765732797104 2.0330507338936177 0
0 0 -2.7993301111279307 2.1289497251060174 1.5659477855180084 0
0 0 -1.4113871174561288 0.8402709434469013 1.9801378460315955 0
0 0 0.4542045002598192 0.1522509915625594 0.4870908831179599 0
0 0 0.020764914410412505 0.47783653631849776 2.0067629323328466 0
0 0 -1.3946617572883138 0.8799835805156475 2.0490159177090956 0
0 0 -1.3330929768871664 -0.08691962600624537 0.4666936568405309 0
0 0 -0.7123182507268551 1.8040123940119297 2.0207106447427465 0
0 0 0.8094866897420805 2.0962984208617725 1.70479196844675 0
0 0 -2.3237319956104034 1.68679697514368 2.0369441501637495 0
0 0 -2.147708146242585 0.8263716655627624 2.004215376014322 0
0 0 -2.0002083970765536 1.396172338931423 2.030964820097324 0
0 0 2.8873945823262392 0.8136513731493757 1.9846630239781167 0
0 0 1.4814507706025895 0.6314484955122392 1.9981589782923914 0
0 0 2.8196054320926596 1.4165099239535008 0.4338270309711916 0
0 0 -0.6415566495966418 0.13032049462112705 0.4790803404266728 0
0 0 -2.823790947548805 1.9107350351759773 0.4456629958016093 0
0 0 -0.5813917392342796 -0.5650015550216785 1.5896733349242318 0
0 0 2.5478647128909966 2.073701524338704 0.8528465358327059 0
0 0 1.8343622117903937 0.3703322838452946 0.42727026710342353 0
0 0 1.5666829608320496 -0.5971359252369324 1.8468118361979373 0
0 0 -1.0568658865792964 0.13210239604357654 0.4711622185218668 0
0 0 2.4613661656876538 1.313340525191513 1.9781777600272215 0
0 0 -2.4420706951814233 -0.5557842758894174 0.7889229584335691 0
0 0 2.003720563351397 2.097488601942802 1.3276563852876726 0
0 0 -1.8389220996635762 -0.5712659103215905 0.5103462224703275 0
0 0 -1.2248991970526697 1.2537535276714806 2.0142925024098086 0
0 0 0.2458934344129582 0.02913067969870553 0.4351998299253097 0
0 0 0.6759018459468007 1.0610376237334522 0.464846975634968 0
0 0 1.519200321252848 -0.5808639724832283 1.4323892009480277 0
0 0 -0.5910857034577104 2.1460943546392013 1.3812491715511945 0
0 0 -1.5796701534193647 1.6849245753433204 2.0187254492489677 0
0 0 -1.0899353671753067 1.2755110264684875 1.989919054135233 0
0 0 -2.276609859909911 -0.6120404088180242 2.045868639796093 0
0 0 2.0463905185937588 -0.6121837548503666 1.5422287564274844 0
0 0 -0.7201025129093734 1.2022167416985954 2.0306867057130873 0
0 0 0.21189079992159598 -0.6245852683915794 0.581088690871867 0
0 0 -2.2279540042299524 2.116451017562298 1.3883247668321559 0
0 0 -2.37203212959274 -0.5432120025859837 0.4228807366883005 0
0 0 2.369727918137859 1.2766735688886306 0.4206964630934886 0
0 0 1.0768857413446593 1.8690873657824263 1.9678101342072503 0
0 0 0.2706286933086717 1.429407279284727 0.501567760647374 0
0 0 -2.4664456991309125 0.4311601246975928 0.49469770746299635 0
0 0 2.9425548975509592 2.1308015868285697 1.5477317119137837 0
0 0 1.1160479279554938 -0.47542735457174934 1.986595834434739 0
0 0 1.9435447818735856 0.6982928529699579 0.4416196250773162 0
0 0 0.5127627766616638 0.6362833626605731 2.0405229443771353 0
0 0 1.3496403435597433 -0.5411627009579254 0.44071513368488424 0
0 0 -1.6868543859810456 0.18869510567098524 1.9647192265278783 0
0 0 1.1610498670019753 2.107482247023559 0.693432002148258 0
0 0 2.4761137988932473 0.6170544366881912 0.42348433753809844 0
0 0 -1.349660793171612 1.0055328749164063 1.9725947441490899 0
0 0 1.6272417994809452 -0.5622931232232549 1.0793577254999578 0
0 0 -0.8246179240347287 -0.586662068103563 1.4273457957232487 0
0 0 -0.4343557956032402 -0.6125362048167402 1.515374248101814 0
0 0 -1.286724952551784 0.52985876550715 2.040257951367321 0
0 0 -2.599321397870364 1.3070032265486256 0.47088458573817304 0
0 0 2.219965408164673 -0.6378444850618779 2.0009794010432502 0
0 0 1.5979702014998791 -0.6442746729445279 1.1945119869124556 0
0 0 1.7354077035806101 -0.6450390272285553 1.2163002518176862 0
0 0 -0.9603759758104173 -0.1272669415257104 0.41791836413201977 0
0 0 2.8219971761013616 2.081086688053519 1.1801407877249075 0
0 0 -1.45311160007349 1.6521410088229451 0.5002751379963496 0
0 0 0.13652174014527896 1.1139494364910942 0.4456045163049849 0
0 0 1.104156101935617 2.1063479954299074 1.4697177847214256 0
0 0 -2.9141393010144956 1.3717688214432604 0.4095822253636874 0
0 0 0.20817214075911927 0.09653221816774682 0.49348725097695656 0
0 0 -1.9321878179651906 2.065818514351329 0.46199309659962595 0
0 0 -1.0466979915297423 1.4144469246816234 1.9564433554930347 0
0 0 -0.017526071046066072 1.3367149903899733 1.9547291539388623 0
0 0 -2.8566140244044638 1.090325617635617 0.4476388018705505 0
0 0 0.5481204604643533 -0.3251921688906665 1.9620062330513273 0
0 0 -2.14790002933771 0.5023960971176245 2.001607172725727 0
0 0 1.452235668461796 -0.5970086951130205 1.4657836720394335 0
0 0 0.5874136189470853 0.7339059153369849 2.005720900390974 0
0 0 1.911923943371102 0.7449229732284617 0.4213994238207861 0
0 0 -0.35025108213271094 -0.5893375954475346 1.9588117341175297 0
0 0 1.6130759343519392 1.7469062912818465 0.4221825049022052 0
0 0 0.5964778870761971 2.069073914095406 1.2081771950385933 0
0 0 1.623829183514971 1.7522796690015234 2.036142250244439 0
0 0 -0.5850322233207863 -0.2092374965590309 1.9959971666648002 0
0 0 -0.2197811882985845 2.017791934696814 1.9572800990080512 0
0 0 2.1552636056575993 -0.31234089047463875 0.4662765338639622 0
0 0 0.4551546988441211 0.8318416986289525 2.0036881668916946 0
0 0 1.2538971253599343 1.2071519248459972 2.026385104279954 0
0 0 0.5763620154594031 1.0775988501605924 0.4479262529363094 0
0 0 -1.2167068736711442 0.6907859769739297 1.9695379533065736 0
0 0 -0.04541912716338814 2.0867112721541785 1.9837943746751916 0
0 0 0.2585145890577203 0.5463569884330672 1.9910910782314475 0
0 0 2.532537581024661 0.7648513216624617 1.9792155368894557 0
0 0 0.17790152076753918 2.127221572403106 1.9398125253629102 0
0 0 2.6549458402233013 1.042769705601434 2.0453051383646383 0
0 0 2.186500482562585 -0.22797950456208116 0.44527251477399565 0
0 0 1.7404004723652102 0.4585812541738916 0.4290424834661455 0
0 0 2.148935636229374 -0.07664367474024647 0.48840876138555145 0
0 0 -3.013044101827178 -0.5994153838478726 0.9001504804764813 0
0 0 2.9494406265639714 2.1082487574759012 1.0783422858144796 0
0 0 1.3916794651893678 0.27117582483458835 2.0444415876781385 0
0 0 2.111638909213684 0.24697055955870628 2.0377702830167808 0
0 0 2.5058093164333313 1.7618233065754427 1.9816944288987248 0
0 0 0.41720237467703836 0.9879745734746894 1.959870363468641 0
0 0 -1.4573676536550466 -0.5617990873844421 0.47537545062727626 0
0 0 -0.6003185939072653 2.089610462605905 1.7799564866005717 0
0 0 -2.8592944192679877 1.067642341402785 2.025023795371188 0
0 0 -3.0016115046666534 -0.011406918422780299 2.003933350702621 0
0 0 -0.4850791084273012 1.243210769833214 0.4066165931192657 0
0 0 0.561855644824373 0.3406352728869344 0.4836478364139829 0
0 0 -2.2069675099602595 1.931409650188561 2.0228927621213666 0
0 0 0.7819426216179246 -0.635071398219154 1.4474151577008918 0
0 0 0.8688312803869005 -0.6247406118182361 0.5218058924265544 0
0 0 -0.9435684524546999 1.9322639964228683 1.959916597379455 0
0 0 0.03561693789628784 0.6701172678258305 0.49590682370591277 0
0 0 -2.7968869576093307 0.5595517965649259 0.4094612023395642 0
0 0 -3.099820103247241 -0.3966736942480782 0.45692350326344444 0
0 0 2.344958945967612 2.094839747775622 1.6511464392033757 0
0 0 -1.3435050273434188 -0.5348948570179675 0.45964485583597625 0
0 0 0.9454446812285937 -0.5576318280612922 0.7341754237097273 0
0 0 2.2896162051340916 0.8640545134851754 1.9866134741951669 0
0 0 0.9456823160496812 -0.46675055015893374 2.047481918367535 0
0 0 -1.4710052037774803 1.6943219621806092 0.41196145033111686 0
0 0 0.9870688431149253 0.7406724943077445 0.40530101491006254 0
0 0 -1.1895223660119885 1.7303787782809799 2.011160860569948 0
0 0 0.0314140187061005 -0.3419954348735834 2.0398923954503014 0
0 0 1.875071869779509 2.0786258864375773 1.464129014102014 0
0 0 -1.6668860672079522 2.0911823034625634 0.6571218313641904 0
0 0 -2.6819506798800945 -0.6225541004397876 0.8502956578739281 0
0 0 0.9298890308123395 -0.6428234437459663 1.2021179964675515 0
0 0 1.1434225282981387 -0.6460982885733191 1.7195088962254668 0
0 0 -3.0306249232005964 -0.6284088951764197 1.6430960206648544 0
0 0 2.9280303549266966 1.5552082640445717 0.40815627117273223 0
0 0 -0.9926210883928039 1.107903731645836 0.47431289449029634 0
0 0 -2.1393119776013636 0.3160124950566624 0.465173897641487 0
0 0 3.0206889672479624 0.28481979277048197 0.5022288994446042 0
0 0 -2.289837651763822 -0.45673946238074326 2.042590503101316 0
0 0 -0.289500639837863 0.19990024978630194 0.4507457054579358 0
0 0 -1.8537668098826832 0.6964338095491911 0.42317967272988866 0
0 0 2.206301352777838 1.0595936836060433 0.4838612312706879 0
0 0 0.517327909642459 0.23615980091889122 0.42788576721846105 0
0 0 -2.4489959637423437 -0.4319033104226173 2.0101237144449633 0
0 0 0.08885519282216991 2.107165227911353 1.630299791158084 0
0 0 -1.0605542127408825 2.059940815747248 1.2702920788768877 0
0 0 2.4812789661936296 1.7394539642840214 0.4469893941143166 0
0 0 2.57060274365302 2.1426687826616817 0.5894733018928794 0
0 0 0.6915962662707207 2.128806119266254 1.1523066030102536 0
0 0 1.2786029106474066 1.8409685982722397 0.4915561724174252 0
0 0 1.6127012226070816 -0.5891697310629109 1.5140302461302628 0
0 0 -1.7777244266157666 2.1110493900563343 1.9772651962962218 0
0 0 2.8618239916672756 -0.41639753236980703 0.4143791824555909 0
0 0 -0.9448726229268352 1.2556449314888605 2.038413850708773 0
0 0 2.0623609443426663 2.061992734553934 1.0962606950055023 0
0 0 2.925000448964025 -0.09508487221096706 2.0177487295922973 0
0 0 -0.4990192862729095 2.1145582496910933 1.4975586384695105 0
0 0 -2.497524028006014 2.0619900476260007 1.1736893678855207 0
0 0 -1.1298102967405894 0.2965783366117525 0.44561314719709855 0
0 0 0.7224225284762587 0.9807310368226199 2.019021174142834 0
0 0 1.7411222334584933 -0.5714587692739521 2.011929759221574 0
0 0 -0.5777796321685447 -0.27848493313158307 0.4925581528734245 0
0 0 3.0998780032997644 0.027288426843579905 1.9910003505470508 0
0 0 -2.4934369172190594 0.6417098360793552 0.45791015850408157 0
0 0 2.8093862821998563 1.3747175428738452 1.9536225636302076 0
0 0 0.5719625078779287 -0.5630904465809847 1.7217193459399922 0
0 0 -0.9154075276569036 -0.5657069414112681 1.911142216499627 0
0 0 0.5514632119569263 -0.5784466099297645 0.7172819566312856 0
0 0 -1.502772588984384 -0.1163262134136992 0.4870657080161367 0
0 0 -1.2200752523606002 2.079432492086906 0.5224953444454333 0
0 0 0.2581354935320417 0.034834333256672845 0.4351604235603872 0
0 0 -0.020347056991525836 0.1729099169526772 0.4406300346891513 0
0 0 1.7275414618753908 0.827171590052663 2.0462333927044503 0
0 0 1.0840173767222518 -0.12554456816070014 2.03724280914261 0
0 0 -2.0239828264862045 0.21000667351988245 0.43934456548903544 0
0 0 -1.8238544531303809 -0.10677846639822075 0.44740541380083265 0
0 0 1.3645057552667277 2.120314459628969 1.6739083953474136 0
0 0 -2.1017413062389925 2.146789114930168 1.8889307192466327 0
0 0 0.3138001952989633 2.0972149430474376 0.8627376690105419 0
0 0 0.9203019593254869 2.0578158604746664 1.4727997030851057 0
0 0 0.5228082998911798 2.1192186121710055 1.633485828101175 0
0 0 1.424044402712255 0.8746368038435601 0.47150268112972704 0
0 0 1.2518632217718428 1.2052562619658918 0.49129694182414274 0
0 0 -1.652020640465354 0.1137977747344141 0.4088583311296772 0
0 0 0.3580983087334837 -0.5876185795209603 0.49740042364296555 0
0 0 -2.2222117803562007 2.1432299647448723 0.9653946985340596 0
0 0 1.8718901927145613 1.5686925156162632 2.0062896244179003 0
0 0 -2.206928215995854 1.4139217803931075 0.4572250020184655 0
0 0 2.8092075206189087 0.5572211172984287 0.4119462796769925 0
0 0 -2.696815871945694 -0.5968028694012866 0.8369078708943145 0
0 0 0.01935115593099468 0.7061302826498936 1.9672483874804834 0
0 0 2.76968365338994 1.8801194749382295 2.0213416456426345 0
0 0 -0.6059910175024474 -0.6215442617557487 1.9464226366010229 0
0 0 2.8966142228218894 -0.6275654312346415 1.034186528205421 0
0 0 -2.561754945723883 -0.2604935821508456 1.999486761893734 0
0 0 -2.1900612022061106 -0.5871572743260747 1.4839209335711447 0
0 0 -0.8281037954260881 1.5851993971528555 2.02768478427932 0
0 0 2.716330734223006 -0.08284906496173461 0.4320422147890901 0
0 0 0.49656953926340464 -0.5629551156094004 1.9724235924860414 0
0 0 2.65928193775828 1.846520935033032 0.4413242119593519 0
0 0 -2.4713222835429365 -0.017588594759812115 0.41615507680659725 0
0 0 1.1224557316695964 2.14689709959198 1.9794187969245478 0
0 0 -0.7528355995807572 1.3238201371741023 2.020988879612278 0
0 0 0.3974001951169943 -0.6316987251202293 0.40460865801246615 0
0 0 -0.4506476247347697 2.0505148391844332 1.3883935063001633 0
0 0 2.892825484980028 1.4911111894609645 1.9828324076050854 0
0 0 0.8756209832901796 2.1468131413431193 1.2968733421695686 0
0 0 -2.2225263572712723 1.2400021601548985 1.9914507813040063 0
0 0 1.6674361371479973 2.12923013658754 1.7488192259644357 0
0 0 -2.423128996345051 -0.01957964290059999 0.5014543655295879 0
0 0 1.7147647331747349 -0.4479434026345892 0.4811937224533064 0
0 0 1.681164410185314 1.2855600428743206 2.019511018489867 0
0 0 -0.1129639207146953 0.9114675739506539 0.4687342240455069 0
0 0 0.9735344656582408 -0.11299754945585361 0.437298837971014 0
0 0 -0.699241840955962 2.101433879272215 1.0664726471326547 0
0 0 1.0767281088668588 2.0876325639132807 0.8706191354406474 0
0 0 -0.27922926767834877 -0.6189739241388887 1.1052214585348132 0
0 0 -0.6568510838077914 2.1403233816944436 1.8932347044718696 0
0 0 -1.6455037924434837 -0.5506452140036902 1.774096322554851 0
0 0 1.4794808230531977 2.0975963391285664 1.735668035981332 0
0 0 -2.250419421570406 2.0532800840544674 1.3360698954001053 0
0 0 -2.556153733581459 1.0825293688375532 2.0520145179134825 0
0 0 2.7695753722511807 2.128716154625467 1.964613355531369 0
0 0 2.3798604087746806 0.26327657192257337 0.5008482176607534 0
0 0 -2.025649050664592 0.9125258141768213 2.0455517148592066 0
0 0 -0.08890834979803497 -0.5551547793080873 0.9497975976687917 0
0 0 -1.7233000452426477 2.0977497625899137 1.408139899228188 0
0 0 2.105854296440386 1.3982238807337346 0.4271054584419658 0
0 0 -2.416543979895251 -0.5632319403342381 0.9276956762335578 0
0 0 -1.3149164067079842 2.048655869551311 0.4912290688935683 0
0 0 -0.7507058375128111 0.3569555253365838 0.4605022957799919 0
0 0 -2.8882543725155996 2.0978742653653484 1.8210830735342842 0
0 0 -0.7867626700096766 1.2682653301307059 2.0396995546392107 0
0 0 2.844960313578996 1.550665845186893 0.43268875264586293 0
0 0 -1.6820809682555051 2.0967282185806053 0.9629982544519246 0
0 0 -1.7962588291392534 2.095077169893739 1.9959917322372889 0
0 0 0.5818563532522973 -0.07552369094161815 0.44631313560879804 0
0 0 2.2517609589773526 1.8365979150149585 1.9675357775683056 0
0 0 3.1154248707701555 2.135139747326641 0.8541881269866678 0
0 0 -2.0395905940723376 2.139325788617422 1.7005901282344156 0
0 0 2.7056729069382257 2.119341410951657 1.160867090681442 0
0 0 -1.191473395493605 0.17779269701456413 1.9621459861451638 0
0 0 -0.9832266326730803 0.5682322441734111 2.037575945535303 0
0 0 -2.0174527415952346 1.7905016115897447 0.4420920531030814 0
0 0 2.788252025799488 0.658597289502389 0.41952920895750645 0
0 0 -2.3228026146009593 0.8968604281360477 2.0215105279478918 0
0 0 -0.7075205218058458 0.5373491003517386 1.9550937621772309 0
0 0 2.687173617232366 2.072587778065061 1.5906506819569044 0
0 0 2.9058641049847775 -0.6022699991731304 0.4369949693579692 0
0 0 2.8768873160201265 -0.23108631354926934 2.0341633850063303 0
0 0 -2.8302484212469565 1.9419636395256459 2.051496500875306 0
0 0 -2.660967676619528 -0.22755450626450724 0.49949673059567956 0
0 0 0.4210454083397135 2.107134776527327 0.7481653902094484 0
0 0 -0.37735026322745213 0.43405482439547327 0.4477664720001453 0
0 0 1.3888510348252314 -0.25587787198867296 2.043433560140235 0
0 0 1.0651645985884794 2.051753907741629 0.5426320372311206 0
0 0 2.7534569944142246 2.129901187970499 1.5208083711658966 0
0 0 1.6644896965087028 -0.5992790950403937 0.6069456523660974 0
0 0 -0.9292195336356142 -0.26844930084384844 1.9682770809661263 0
0 0 0.25343070056687633 1.8611410944836042 1.9717392554319022 0
0 0 2.7241159964912827 1.3674033831140124 0.4670830364924391 0
0 0 -2.9862732290846994 -0.5864535129657393 1.3300008699659833 0
0 0 -1.9119286186773023 -0.5656701397295856 1.9334284207355157 0
0 0 2.7732220233456477 0.20802977693548408 1.9626913316322139 0
0 0 -0.7269907020809225 2.0670153977106107 1.8974611025145431 0
0 0 3.1081004122983202 0.3538776950475393 1.9828113812201933 0
0 0 2.2576221773162013 -0.5629905714925532 1.8422084164795995 0
0 0 2.5015314335475374 1.3038052373517623 2.0083863755307085 0
0 0 -1.9994314583374726 -0.6077038696521924 0.8634111488700298 0
0 0 -2.019459043243134 2.1347031281596376 1.8231228337273655 0
0 0 2.289572734223058 1.5781275582759202 2.0514956669158813 0
0 0 -0.5162107658060493 0.4424606723736735 0.4621142883882262 0
0 0 2.8105615842276537 -0.5580844692312692 0.9402044090748635 0
0 0 -0.3737984832458707 0.4179678117562855 0.4194358626016532 0
0 0 -2.713954946090512 -0.31255444486460715 1.9785230361878303 0
0 0 -2.513309996217774 -0.12489588911572214 1.9582616123063175 0
0 0 -0.6247651165463473 1.3194936857200936 2.049162147439959 0
0 0 -3.0643952237630128 0.5927333076714243 0.43693688034448575 0
0 0 -2.9145882791484903 -0.6224044141186209 0.9567604049744728 0
0 0 2.517696055959136 2.058350713898691 0.8679352500738002 0
0 0 -1.975873539170336 -0.15868478692818733 0.4818812704882731 0
0 0 -1.7812626968239245 2.1091842346109306 1.1138979453279372 0
0 0 -2.665054067358188 -0.12043639471581857 0.48002980424739283 0
0 0 -2.852571880074696 2.141532274007887 1.5022583784605619 0
0 0 -1.192207345090362 2.0630148551480145 0.7713719704560009 0
0 0 -1.3230153730967216 -0.12169282240719603 1.9953080930119083 0
0 0 2.817328700881495 -0.12702583360906528 1.982855151907153 0
0 0 -2.4612567183075758 2.0863280524363317 1.8041143582402235 0
0 0 -0.5500489017664467 2.1237585114424165 1.0495964812432472 0
0 0 -0.052098133005923586 0.7766279236623554 2.000554794305739 0
0 0 0.08992237280704796 -0.6142598016733596 1.3733341679235573 0
0 0 2.6612842469904647 2.109769302578414 1.5053664795632151 0
0 0 -0.9994648177081054 2.1116328398148623 0.5976263613726135 0
0 0 -2.7233943037627 -0.3725989987490521 1.9736559557479525 0
0 0 0.9044617043060672 1.3549809843302738 2.036322950489187 0
0 0 2.4416323857513182 1.0368015367141044 0.47677516474390413 0
0 0 -3.0745128623390463 1.7066136858737744 2.046294610299988 0
0 0 2.405201193735209 -0.27898842847423655 0.45621853587860894 0
0 0 0.9111788929466762 1.3806854792625798 1.9769767479533895 0
0 0 1.02158153597005 0.7610949599238999 2.0216289395005704 0
0 0 -2.9567268281051935 -0.6427684755388914 2.0229532968494044 0
0 0 -0.20483491209076865 2.145202822832032 0.48695268307924433 0
0 0 -0.8685478146933421 2.1161083371514593 1.488640970483975 0
0 0 1.798714378598298 0.7221635719256829 2.0107320086208333 0
0 0 -3.0803073221508583 2.1140355366294896 1.586519852237032 0
0 0 -2.6784276577624135 -0.16999915359898998 2.0169793590660703 0
0 0 1.2641128417770675 -0.5623633247696198 1.1258073522606953 0
0 0 2.80000024588003 1.1700201626422573 2.0385938558333305 0
0 0 -0.20080482674151723 -0.4861811169703374 1.9808567582021794 0
0 0 2.1905408353125964 1.3615965076432548 2.013314524271958 0
0 0 0.30596813293657066 1.5702831021402297 0.48863842388734857 0
0 0 0.06225620476223703 1.5411267455307376 0.4412676597329378 0
0 0 -1.5748155205469494 -0.5515631643244641 1.978008477650898 0
0 0 -0.3085624713907609 -0.38803440282203194 0.46183236430860464 0
0 0 -2.308071121406269 1.2599096401873713 1.9736634470725618 0
0 0 1.7103706983462565 -0.6479662451606731 1.3869750660803022 0
0 0 -1.0305895288979596 -0.4940212771276322 0.46564560006869626 0
0 0 1.6242927931582667 0.03275853435894549 0.44659909702133527 0
0 0 -0.5951831998669568 1.0115231595259504 2.0376030201852733 0
0 0 -2.3780141144944964 0.6584616814834896 0.5028654976131345 0
0 0 -2.056909002259994 1.4620427414987118 0.49059757151797545 0
0 0 -2.559350075247496 1.4055481362993372 0.43788580213509987 0
0 0 -1.8938152447705054 0.18024473071109381 2.0136269068131982 0
0 0 1.9090355619660295 2.1303988040476867 1.6556744909315046 0
0 0 2.8661733482465266 2.1279614180043396 2.004543588847482 0
0 0 -1.7008116633001429 -0.5268264190632252 0.434646486267372 0
0 0 -0.40757326352785395 -0.5974496401675959 0.5150843203839439 0
0 0 1.8967699286062656 -0.6227244717354206 0.7532641378283806 0
0 0 -2.330645281153217 2.143660779638974 1.7041724094573094 0
0 0 0.5874274557938013 0.5057448888349905 1.9977927084605387 0
0 0 0.31372577283845793 -0.5577457244540638 0.6596494227821951 0
0 0 0.3082717019973584 0.18639594982018526 0.4405878995037408 0
0 0 -0.4467660150459638 2.1402017177346533 1.8288716907000533 0
0 0 -2.1585622826312063 -0.6175002288436555 1.920921106492814 0
0 0 -1.6260915868149746 1.5395025375969362 2.0400543689021595 0
0 0 1.046296969027165 0.11193394189923767 1.991762893263187 0
0 0 1.8704993316305236 2.0828714162470137 1.0238073522397808 0
0 0 -3.0805316364696296 -0.5691608268226045 0.5013701805373748 0
0 0 -2.195517481674818 2.1191371849267764 0.6653493629694193 0
0 0 1.4311391314425341 -0.5639836248029626 1.6020249230696795 0
0 0 -2.899747063133374 2.061902406711942 1.0069421833841954 0
0 0 0.12555230055142852 2.071967394077745 0.7626193540278167 0
0 0 -0.012274891594896253 0.7972435675766198 0.4862509215526605 0
0 0 -0.5366534098885554 2.1078333825522484 1.5643830074477076 0
0 0 -1.8084115803086505 0.5356942257246016 0.4684747178314226 0
0 0 1.7465165400269544 -0.640616806849309 0.7538815945140338 0
0 0 2.629903711591255 1.648251571005183 2.0068936484561046 0
0 0 1.9319646913476367 -0.5623597416082822 1.8500429301479335 0
0 0 -1.5233403005004074 1.880374732817603 1.9744443622097065 0
0 0 1.0039463725920719 1.9021511645735492 0.4611504935731019 0
0 0 0.5678575602368703 -0.22173884758783258 0.4486220136280825 0
0 0 2.7610997404580315 -0.6164894084563957 0.8854674201911935 0
0 0 -1.8033781313746045 -0.10307831070633566 1.958328359208772 0
0 0 -0.13299391403143979 -0.6179415627285088 1.2232591933744326 0
0 0 2.2580666699824654 2.0519570996734764 0.7603457990944226 0
0 0 1.2138040551629699 1.0464255228376937 2.000669568694241 0
0 0 0.290460565709064 -0.024052664756669895 0.4528116066809733 0
0 0 2.046573891247623 1.2790325141128882 0.459542169653951 0
0 0 1.607842019524509 1.6031440554251042 2.0140644334893993 0
0 0 1.3954229140574208 2.135850551149416 1.9239100814088426 0
0 0 0.8560884003737299 0.3545013231647868 1.9614257956169872 0
0 0 -1.3793804471163482 -0.07657683969991869 0.42514796539637867 0
0 0 -1.2339116840828812 0.407304880466573 2.021659299750979 0
0 0 0.18390196975158224 -0.5788799432979006 0.8139631596698659 0
0 0 -2.3681255742279026 1.7293339963212182 0.41586706382720906 0
0 0 -2.64073220693455 2.121429690089795 1.3717668244640593 0
0 0 0.4612607751687601 -0.5708995874153595 2.0526130947803907 0
0 0 1.5087392387646732 -0.23150457032978933 1.9584835384436827 0
0 0 -1.979613951340436 0.8528517644552525 0.43757815651181275 0
0 0 -0.48719644618242475 2.1056213334294793 0.45544114275369874 0
0 0 1.5851352018191776 -0.07513313309841185 1.9933867684267992 0
0 0 -1.1648411939084138 0.572543259251306 0.5002815494556274 0
0 0 -0.6087925776362435 -0.5875807398425861 0.9952493273288856 0
0 0 -2.0912835086946915 0.5064837505782736 2.0189582666389154 0
0 0 -2.588770174027787 0.9622369306488783 0.4093974089791126 0
0 0 2.530371483554788 -0.5744960969209085 1.521194915872131 0
0 0 -1.66529239521793 1.9996359556565293 0.47735290544257525 0
0 0 -1.7579266614590598 1.1857526566889731 0.41085898517561936 0
0 0 -0.9811510594717401 0.30856323035926614 0.4484286534776605 0
0 0 -0.28950742091211934 0.1950712655840714 1.954493118433124 0
0 0 1.2260997562110596 0.8935730925055512 0.4172883123380433 0
0 0 -2.732940202178593 1.2692136500777818 2.0201367116864013 0
0 0 2.7835624175467677 0.6442605230153411 2.0415358861993855 0
0 0 1.4975615755680378 2.055579457628421 1.938404234859776 0
0 0 -3.1261064408194943 0.21703454468313876 0.4382759633721369 0
0 0 -0.5704195161457593 2.052774039481459 1.7833478866827945 0
0 0 -1.6819815027991838 0.76829540920815 0.4089506893054965 0
0 0 -1.0691410679762354 0.871229097430972 1.9921995442667502 0
0 0 2.150663535085643 2.0834389287607658 0.8810247413958083 0
0 0 2.774927391293981 -0.1390298248472961 1.9670401308259178 0
0 0 1.642910200221201 1.1932833912050778 2.034961694515302 0
0 0 1.2023310331994228 2.0722194108171466 0.5187663896931838 0
0 0 2.6145131791275658 -0.6203007934588096 1.752179598839395 0
0 0 3.1405030581031053 0.9910321746072537 0.41367359048407026 0
0 0 0.2203328233547044 -0.38290402783173527 2.044649252438562 0
0 0 2.1462093336582697 2.0524631613997792 0.5514475250423766 0
0 0 0.11678644051051812 -0.12209817515681909 1.971358737981094 0
0 0 -0.21809785462103282 2.0148961254101714 1.9575726015966675 0
0 0 2.4766126611138457 -0.5520769200385838 1.4464665281878106 0
0 0 3.096169650873297 -0.6107921719702507 1.7067262746112108 0
0 0 -1.3138203610312358 -0.6005623015411645 0.5746106580213449 0
0 0 -2.196721060802452 2.0911622353621997 1.3471951804698024 0
0 0 -3.0619132957103363 0.9298305551055395 2.0117695150381456 0
0 0 0.7514324327207378 -0.573403754213746 0.9559205140045791 0
0 0 -3.0347132408654014 -0.6063996767254403 0.8570292794007137 0
0 0 -3.1069941998101873 1.0853353668295298 0.46313263881345124 0
0 0 -1.9696697984968992 0.6830877035657819 0.4793498371768703 0
0 0 -2.615673526715393 -0.6348756240654794 0.45085728490762966 0
0 0 0.849594837352809 1.0077947447269713 0.4114159585159599 0
0 0 3.0490896463867427 1.3772451766055873 0.4244580849990899 0
0 0 -0.3635129485555284 1.1665257062076104 1.9879813527522634 0
0 0 -2.534183443068427 -0.5811672428341246 0.5568813276845737 0
0 0 -2.2119346724744906 -0.5730219704897974 0.90598588626025 0
0 0 -2.9895418772858897 -0.5778355832178341 0.4648590846591669 0
0 0 -1.0963416106544162 0.1446210061217238 0.4289084327195052 0
0 0 1.35371100158547 1.9268681807010786 2.005111498618034 0
0 0 3.1349099030301035 1.6963265015201923 1.985475962539217 0
0 0 -1.6284149641405965 2.1101883043118965 0.9907099433700262 0
0 0 -1.3567717863935331 0.5315461051833514 1.9847802896616071 0
0 0 -2.3031145060361387 1.6654581526802763 0.4353786098897432 0
0 0 0.8013121544912765 1.56941177176119 0.4225469386239544 0
0 0 1.293142021719862 2.0673167359516027 1.2519329714314729 0
0 0 -2.3344609481195855 -0.6021009249400384 1.9675795416122874 0
0 0 -1.9205009764408323 0.7127842740485741 0.49996614371444403 0
0 0 -0.7943524514194267 2.073791980225389 0.9502621553456115 0
0 0 1.8779683002814114 -0.6295403068596097 2.005377889655815 0
0 0 -2.7473162108894176 0.11538112921166199 0.4641240832496669 0
0 0 -2.4930218657940046 2.0551194133850577 0.622114942774702 0
0 0 0.5431160827288726 -0.20307951185158335 0.48433730184173607 0
0 0 0.3085321453985066 0.5123142274864494 2.0175904764533272 0
0 0 1.2560013800818952 2.1403863725420624 0.5125341376251934 0
0 0 0.4135172797775013 2.0912791257688115 1.3216587078796929 0
0 0 2.9751830798405443 -0.576186485403829 1.0729191264012239 0
0 0 0.5022465352450936 -0.40136528256836823 0.47871228089847684 0
0 0 -0.8156495079651078 2.1424116601819763 1.5931914783014833 0
0 0 -0.2822843232430392 2.1466351767087373 1.260498417756423 0
0 0 -2.691460146212191 0.07080279430492564 0.4468493189284053 0
0 0 -0.073067960927653 2.063405729694763 0.49472560637849505 0
0 0 0.3218294731924054 -0.6299382629837535 1.601017349879276 0
0 0 0.9515327868657657 -0.6109557752199575 1.8706972645692397 0
0 0 0.15437929806293127 -0.5624322284555283 1.745700446151394 0
0 0 -0.7778581863813812 1.913557128480176 1.9740125720012296 0
0 0 1.0308227214496863 2.143648046513186 1.6152216124173284 0
0 0 2.5670858870678632 2.1063584178918653 0.8960173205031221 0
0 0 1.2884673613754316 1.868113653041301 1.9764605669083224 0
0 0 -1.6448749779231773 1.6800646892028561 2.012723089954603 0
0 0 2.3869547534675837 -0.5639745417354123 0.5855131263876554 0
0 0 -2.045597207377768 -0.6453734008710175 0.53004443699338 0
0 0 1.0232796795135695 -0.6242734424155072 1.4892236902663372 0
0 0 -2.5880395978604267 0.6662120515232044 2.0103915098451655 0
0 0 -1.3983532816040112 2.051205150429876 1.6252408528467084 0
0 0 -0.8326804758247133 2.1110269586980133 1.753267366250398 0
0 0 1.5902238765737113 -0.5735593960400658 1.713488131276483 0
0 0 -1.983299271450189 2.1011976548195923 1.4222407432592514 0
0 0 1.680051539754996 1.9878233165507078 1.9905649633138593 0
0 0 -1.73957658212562 -0.5841258053668796 1.80770405292437 0
0 0 -1.8318007128804876 1.6007819245308548 0.44245313553459475 0
0 0 1.535049726468782 -0.5090691546203219 0.43405098037634804 0
0 0 2.748896143730886 0.6981761855752029 2.0022115100480926 0
0 0 -1.9665650336060698 1.1907994636650014 0.44377614923803066 0
0 0 2.178513892709004 -0.28431336107464666 0.48143229184517367 0
0 0 -1.6887601282638818 1.251877441210373 1.9654132890595315 0
0 0 0.4258936042066268 -0.3414783769913423 1.988990635024061 0
0 0 1.905391087547895 -0.5669121440099751 1.4139844874097427 0
0 0 0.6363293306811926 1.677479706802291 0.45061627612366406 0
0 0 -1.0155037549754922 -0.2590505942721757 2.0341517806285347 0
0 0 -2.9553139331884606 1.3821490701110504 2.040939475953237 0
0 0 2.4889325572575585 -0.10272911596789114 2.022638885201996 0
0 0 2.1768550553255572 1.321748746279621 2.0116075811180982 0
0 0 -2.8487191575156707 -0.6142765394974146 1.6365140082008036 0
0 0 2.2094932197337984 -0.560953464991117 0.6148630419399527 0
0 0 -2.5607881100371626 -0.3841365988348937 2.0418421304863026 0
0 0 1.5012819592759987 0.256195992226829 0.4957883223899854 0
0 0 -1.006319942765551 1.3601228888632524 0.4889740076884651 0
0 0 0.2046340375660769 -0.5936977506665029 0.9918321163659028 0
0 0 0.6757623805071287 0.8251695724910748 2.04337781418226 0
0 0 1.785791290209307 -0.624051898225463 1.6322255574266011 0
0 0 -2.275291315977368 2.133444779126604 0.9492934623674156 0
0 0 0.3666633660964438 1.50938072598276 0.4777265023157309 0
0 0 -0.8871478948646372 2.138730399286209 1.7877837012794477 0
0 0 -0.8800183524178711 1.8565992255878443 0.4633140969347578 0
0 0 -1.7061499505701956 2.1473007782993467 1.3193121047724317 0
0 0 -1.715980937433834 0.5305871078924222 2.0232066717395996 0
0 0 2.9630356021347275 -0.004508953026766238 0.49134690771312295 0
0 0 -1.5848258579677044 -0.5904613319523833 1.870882188976999 0
0 0 -1.3920263372927904 1.5581403078358538 0.49397343417677686 0
0 0 -2.831143332915243 2.096244444195367 1.6241396711788 0
0 0 1.6283685272005481 0.6067958042077839 0.4128348458517531 0
0 0 -1.6938654443899648 0.03530252361010122 0.43479698202651207 0
0 0 -2.440776141190009 1.6936887456937122 1.9900304021744097 0
0 0 0.26057847275219226 -0.3243085408663713 2.035539753715985 0
0 0 -2.8900278036614786 2.059020760806814 1.155109841639554 0
0 0 -2.3291875921217784 -0.6483899729653058 1.4753120430715347 0
0 0 -1.5862583161149315 2.1011294317807643 0.8000468395783669 0
0 0 -3.0568916885988355 -0.5719086365618118 0.6222816980490932 0
0 0 -0.7559379457948183 1.4583971098669466 0.41763230521406813 0
0 0 0.3867998790178966 1.3586582424054006 0.44436132276939566 0
0 0 -2.802405488932185 2.082397235729216 0.5453808179075222 0
0 0 -2.9527529728888178 -0.6116549065891059 0.6598885927371643 0
0 0 2.7950161156713627 0.04309979095088046 0.4345375869888428 0
0 0 -2.0530949414562256 -0.5691413723522698 1.2980789677878977 0
0 0 1.5813385068914245 -0.31091019128132835 0.4127659535055853 0
0 0 -1.2108737895114838 -0.6326602357798194 1.2546878769664165 0
0 0 -1.2504114619143027 -0.5388025120221163 0.45158728953487337 0
0 0 1.2908042957977015 0.5616488592622944 0.49976876160178907 0
0 0 2.4686235994776373 0.023651010517773075 2.0504386344257197 0
0 0 -0.07235102304012164 1.1225295591879756 1.992071450611328 0
0 0 0.28673415180303863 2.0519934083616587 0.7545018386790501 0
0 0 1.342489049751876 -0.601969531975056 0.4666103172099295 0
0 0 1.2398286614400096 -0.08481353886477705 1.961240334655657 0
0 0 -1.5456181062042391 0.19339161478755862 2.015172343747245 0
0 0 -1.7318016556062157 0.4269224125627855 0.4549473677235798 0
0 0 2.1047446801120637 2.0516735249923412 0.7985039807022534 0
0 0 2.5980127873076224 0.693211208823405 0.49639795674965226 0
0 0 -1.418226833176798 2.0649321388842643 1.190336893805399 0
0 0 -2.6764938431738354 2.0341040797743855 2.017200367967311 0
0 0 0.19106393425764612 1.5907005376462602 2.0097675409633786 0
0 0 2.2820486640998876 0.4102688735962873 1.956008282666113 0
0 0 -1.2683357796285608 -0.004833036311577721 0.4478793195014644 0
0 0 -2.5763497349620814 -0.631185285930193 1.4760464053134468 0
0 0 2.6953479502838116 0.43919084348542436 2.039336914519085 0
0 0 -0.3711827993535759 2.0744266069194084 1.0440579529448977 0
0 0 0.01713157195003312 2.137484102500329 0.5577681566639103 0
0 0 0.5129897146904296 0.02633498204196716 2.0412985329024687 0
0 0 0.8727395899899104 1.6561236229486542 0.43535324433381795 0
0 0 -0.3232139806756815 -0.5865947673788856 1.2653825812136357 0
0 0 0.36402199427539994 -0.32990480342783335 2.0239577822678028 0
0 0 3.0814665589743955 0.07774998788015974 0.45003612210331134 0
0 0 0.026423068062344512 0.10222682872698352 2.038436896333964 0
0 0 1.6568123790280422 1.095465456924453 2.01650337886782 0
0 0 -2.0421411777352807 -0.6427554869679077 0.44273096580632554 0
0 0 -2.4283716920799203 0.8067319286528511 0.47389224543519226 0
0 0 -0.611249267221567 2.0819700658999274 1.362536518397875 0
0 0 -1.464867010692311 -0.6449683095142966 1.4438781842422135 0
0 0 -1.9904720783780925 0.490066377858589 0.49434179352979324 0
0 0 0.19399780265869726 1.3725506924096058 0.41053066734643595 0
0 0 1.3451628915954421 0.14678480152065465 0.43245960180316123 0
0 0 -0.019011325707438242 -0.5865590457485972 0.8051842221813317 0
0 0 0.31242347928866243 2.0798197155551867 0.8028552252073899 0
0 0 -1.5523967158815202 -0.5689328428294449 0.8603591634474823 0
0 0 -2.566346714830105 -0.574337122653702 1.7887233454403342 0
0 0 0.01606045689783686 -0.058568885054279596 2.0479297421469935 0
0 0 -1.928876367471696 1.3805399789118835 2.0275232256606763 0
0 0 -1.6914783155863709 2.10725598005828 1.2123221791466308 0
0 0 1.2970546363964095 1.7038862237293342 1.994602139332965 0
0 0 1.2367515408377878 0.8309271379370164 1.9630945283425985 0
0 0 -3.0892622425358955 2.139308341049153 1.613995043324109 0
0 0 -2.5831184084577368 0.6990235999616043 0.4816060687613697 0
0 0 2.203857825618103 1.5536137233993552 0.44347441247361963 0
0 0 2.7448124090769017 1.0153331523997573 0.4909789954212732 0
0 0 -0.870106146749047 1.0698939792890592 0.4427493889652303 0
0 0 3.0379371331955056 1.4262232965810178 0.44261408293646887 0
0 0 0.6483063837325695 1.7596250500303061 1.9721668991221397 0
0 0 2.7127612631642757 -0.6297644956847677 0.7734023763160266 0
0 0 -2.3024050749211895 1.5538412474543792 0.42530231442169164 0
0 0 -2.6537923653603683 0.31411738744299345 1.9914095853864864 0
0 0 -1.7788512209092782 0.7953249591178968 2.0250678728305003 0
0 0 2.311714205941094 1.1740204079806678 0.48977695584143377 0
0 0 1.9502960665284226 0.41805548154269734 2.016045906117754 0
0 0 -0.7079060077257 2.0800658264356633 1.2954249393477082 0
0 0 -0.4857893345721114 -0.5811285743421446 1.7396384520050625 0
0 0 2.221974173578655 -0.5526382537501626 0.7985872287729531 0
0 0 0.22203662502363697 -0.29080167496426235 1.9636756374012156 0
0 0 1.3785254191783096 1.5028542161942056 1.9738665302688414 0
0 0 -1.2957681337217226 0.24414642595244596 0.47469224870202953 0
0 0 -3.1115714595779895 -0.5772092533212532 1.6734793690769556 0
0 0 -0.9369809190079073 -0.5587608719002846 1.9853990481468966 0
0 0 -1.3220981120261768 0.7161849145765131 2.026789461381006 0
0 0 -0.8490041216536448 0.9029279019969507 0.4450481665636805 0
0 0 -2.1286705067580067 -0.12092247750927054 0.4399124191542545 0
0 0 -2.694884829441913 1.8120069625693629 0.42944861683353885 0
0 0 2.4789326037964985 2.1107631721150892 1.6562438437626985 0
0 0 0.21201818758382895 -0.20718446031611615 0.4896853813556806 0
0 0 -2.248237395487064 1.8840574501095932 0.43199556515309734 0
0 0 -1.224989509892516 0.6527879547372799 2.025233012943199 0
0 0 -0.6267572040975593 -0.6356587768214199 0.9328639937213365 0
0 0 3.0349642129031986 -0.05810480468666723 2.051319251773638 0
0 0 -2.0658826742386625 -0.5579343027300012 1.1138924821398344 0
0 0 2.5086724640191775 1.7700274817199808 0.4159892202178159 0
0 0 1.505791748104457 0.8668981120203065 1.9711818465501365 0
0 0 -1.8170660574759552 2.0736085978929295 1.7240891353360595 0
0 0 -1.0667465496878465 2.1035168905990584 0.7726037800491032 0
0 0 2.4514649743320263 2.0893677279340093 0.8248454937567293 0
0 0 -0.4769271151654797 -0.6196776145192759 0.934213844815509 0
0 0 1.6501821278814468 2.1049417025391755 0.6880846250843609 0
0 0 -1.281268520197722 0.6240458947086929 1.9569340589374016 0
0 0 0.11490875909108933 -0.5316866305909824 0.4303279057865118 0
0 0 -1.7235002776422776 0.1044482140099754 1.9605422777361663 0
0 0 2.0275815502039736 2.146440981557334 1.4263497016106714 0
0 0 -0.36199874407012667 -0.6308136334748484 1.4522720967720792 0
0 0 -2.8918321360360495 1.9161338796249876 1.9853401384871439 0
0 0 2.021020464024664 0.3736790393987335 0.488039533804593 0
0 0 -2.950694048504884 1.9635137317545468 1.9671795048688727 0
0 0 -1.9096305662662487 -0.5880694391518477 0.942705815899754 0
0 0 -3.1307074502343846 -0.6079400607999503 0.4268520586530712 0
0 0 1.717937171715688 2.0792598576697063 0.7847888260578852 0
0 0 -1.9197743996459513 -0.585308683278402 1.3711944363833772 0
0 0 2.0397387668750584 -0.2118609344138458 2.0022915990867376 0
0 0 -1.015510774750295 0.5467517615504698 0.432867632729782 0
0 0 -1.6057892486077086 -0.37975999016938244 0.48674691166372963 0
0 0 2.8905422745790723 -0.5624353248663281 1.6666253965194786 0
0 0 2.184727976332968 0.5119767897655498 1.9534796460027175 0
0 0 -1.0314298920421416 1.0848247063370606 1.9897310032308713 0
0 0 -0.22907855614944284 -0.5523694266429697 0.7156502760991537 0
0 0 -2.375268731544324 -0.6202681240821906 1.1426047448245786 0
0 0 1.9499859647262294 0.5071849737384158 0.4618983805887157 0
0 0 2.5381742006504453 2.0511928950384952 0.6096409256181617 0
0 0 1.9120356031289099 0.791074313204615 1.986147810451321 0
0 0 0.5247214503131845 -0.6342353218596215 1.6357000419438465 0
0 0 -2.491152098679069 -0.09987304832079003 0.40946594805396075 0
0 0 0.8680057404337465 1.1407560798420926 2.0466629480705443 0
0 0 -2.09365685039166 -0.052976556537456254 2.0475547889904417 0
0 0 -2.9323264831400784 0.2092405289012922 1.9706532519291975 0
0 0 2.8074083071899336 -0.619476193125966 0.6245639411939056 0
0 0 2.2912680879740384 1.008994334249462 0.47477420557136585 0
0 0 1.1393697251102957 -0.31162558838219145 0.4700449110149806 0
0 0 2.259782807808933 0.20386675475620952 1.9869689496141818 0
0 0 -2.76632990843506 2.105563697197314 1.0769920857070931 0
0 0 2.64424888124017 0.6680323101514649 0.4748939810642636 0
0 0 2.221355737130649 -0.6215997711067858 1.8405351709712985 0
0 0 0.6410486741406527 2.058313588561006 2.0160866110983324 0
0 0 1.9484693748691164 1.5942531604149435 2.036316344114777 0
0 0 -0.24536947750468752 -0.4040865152461184 0.46200690517535836 0
0 0 2.9410698005537874 0.748874128379226 0.4146835074258042 0
0 0 0.19038524949392954 -0.49037713553514006 0.43183105904549113 0
0 0 0.16340143498487203 2.062496848199591 0.6776252290231997 0
0 0 -2.8658334532286847 -0.5677370355979414 1.9872449603008817 0
0 0 2.4864431359772805 -0.629928783212121 0.42425655475971835 0
0 0 1.1603818214715425 0.9272192650441033 0.4469020074591854 0
0 0 1.2383417935836087 -0.11439055414525079 2.026185612917518 0
0 0 -0.04396876637574332 1.2058478309636387 2.0365376500710255 0
0 0 -2.1479716141824543 2.0845921376440306 1.048722468306734 0
0 0 0.23404369170994022 -0.5540950253685835 1.261316064318763 0
0 0 2.682566095772846 -0.6466409327264036 1.7026540983586675 0
0 0 0.5313906596005697 2.1172305895290062 0.5993962999205208 0
0 0 3.037960484102884 0.6302356382447258 1.9721978032332914 0
0 0 -0.7392528742549156 0.8273413025212766 0.41579952477745574 0
0 0 1.4030553918904545 2.050939605138553 1.6058157673749733 0
0 0 -2.667751291098984 2.1329619478594215 0.8566726276112917 0
0 0 -0.5552694116102539 0.3448866178189727 1.9609344979889785 0
0 0 -2.0046300924453506 -0.10425261239680983 1.9964465549573631 0
0 0 -2.580336796674512 0.28184863710311325 0.48556791414008893 0
0 0 1.1065067696519044 1.8049208118407687 2.0338595685341216 0
0 0 -2.121186721889189 -0.5635741657387108 0.6382898588670609 0
0 0 1.9910354817209157 -0.6221743982098373 0.762355611947378 0
0 0 -2.9690434211943426 2.059396081066925 1.2274062540488222 0
0 0 -0.42058812596215533 0.6802989955905678 2.0526307334259384 0
0 0 2.454554821264071 -0.5080089513529498 1.9888844434599107 0
0 0 0.08834280253358484 -0.6299169172889185 0.567365358886893 0

