0 0 1.2924171582994646 -0.6055455796953046 0.7210870258155233 0
0 0 -2.0682208829482063 0.580479046703297 0.4388052036439739 0
0 0 0.22449934125152282 1.6136720420780672 2.0270460644397037 0
0 0 0.6280751002603182 2.0821820964333773 0.722106312179686 0
0 0 -0.5747578444010539 1.188756034301398 2.0135814100756044 0
0 0 2.6545590695868784 -0.582089198865479 1.2719342075731384 0
0 0 -1.2930008538112876 1.734459960751806 2.0474046443419565 0
0 0 1.7937855937447322 1.3371672056139106 1.96141073980613 0
0 0 -1.8368387249986913 1.1941455624238484 1.9845413065518844 0
0 0 2.112999371618484 2.1232480956230475 0.7405785603425858 0
0 0 -2.007520480278413 -0.6294724572183137 1.8673383847826348 0
0 0 0.697634394334882 2.1395602868942873 0.4044237351294664 0
0 0 2.5924662121325275 -0.3634771483530608 2.007179450960951 0
0 0 2.1585691329747805 2.0925435203038014 1.509415842938901 0
0 0 1.5705843126429562 2.0483159384362093 2.0468115595607 0
0 0 -2.4172027860311633 -0.6186945759652345 0.8194956938608313 0
0 0 -0.8896496036543668 0.8349930395537513 1.9768491220271889 0
0 0 -2.4426333920274748 0.7318795423479414 0.4046550436916685 0
0 0 -1.3461806436246326 1.2378062199618824 0.49940182708933223 0
0 0 -0.745519391779117 2.0569795399352717 1.3166260934742915 0
0 0 1.7987728350607162 2.0787131797493084 1.5454730277295163 0
0 0 -2.156008268840964 1.3184882267124907 0.42696494640084504 0
0 0 -2.2792801127447238 2.0689568398116824 1.9234866900288476 0
0 0 -2.4797055955474767 -0.33652163184946304 2.034523452324546 0
0 0 2.9774710918306884 0.7960010996755529 1.9803473416742814 0
0 0 -2.3017533837882684 2.0891122158758275 0.8433325222611949 0
0 0 -1.4363649185154168 -0.6327474865410465 1.8785874414439785 0
0 0 0.7557945515055011 -0.6201062900697174 0.6369857824772287 0
0 0 -1.8557217545708367 1.5082436435293325 1.9548994956756072 0
0 0 -0.5515886803171046 2.1362950170070105 1.9621463157246388 0
0 0 2.6568631322851406 0.4979224048356521 0.4160289183447199 0
0 0 0.9865910956215398 -0.01219223180272877 0.4515417351802443 0
0 0 0.3434593035465041 2.0770207258309537 1.8992709139402175 0
0 0 -1.6485018227147332 0.15895268133705664 1.9888759996364942 0
0 0 -0.8336186264676959 -0.6017437966973205 1.0259536507237357 0
0 0 1.0047161925769599 -0.612970704822845 0.6430358779338771 0
0 0 2.2334132793200974 -0.1651195492458022 1.9550253748515782 0
0 0 -1.3887752000777187 1.688883241822808 0.4738227018193387 0
0 0 0.2731087203939482 -0.6058306367847957 0.936078464026135 0
0 0 2.7182339794047934 1.8174438693765766 2.004176375701682 0
0 0 0.4174633074117904 2.1238437726170583 1.399697181880581 0
0 0 -2.1323005292008674 -0.5803690365443805 1.9778132015823855 0
0 0 -0.20801227084587603 0.6768920449276552 0.47502902849048745 0
0 0 -2.596756970109322 2.1419841117020146 0.6688974926240985 0
0 0 -1.1814216089795655 0.42406771168297897 0.49868396493486966 0
0 0 0.7104306058273848 2.1022227444231216 1.0072953231598865 0
0 0 0.8272528012012081 2.13008692365649 1.7934910033723988 0
0 0 0.5781596213069178 -0.6266230290979671 0.7851972070116797 0
0 0 -2.989406613143026 1.5848196943533994 0.45351887717571926 0
0 0 -0.08783942574650316 2.1218117955495064 0.6751225874655022 0
0 0 -2.5711103837274942 -0.6123348855287989 1.9316315783828841 0
0 0 0.22456216604970614 1.019000917565676 1.9545133918983586 0
0 0 0.44876329933173054 2.058695502918055 0.5325435549110886 0
0 0 0.43596261424521376 1.179342651407373 2.0047009555170003 0
0 0 0.40729676337692533 1.3834220408164408 2.051681684163268 0
0 0 -3.091918164714625 -0.6080012151607712 0.7450709851809185 0
0 0 -0.0712822503219237 2.1280049199345847 0.7569651279015035 0
0 0 1.4522133407534739 -0.6311655724362006 0.5287881206898597 0
0 0 3.1194464079186837 -0.5144191094458401 1.9698837244333318 0
0 0 1.886164587576566 2.107298442300271 1.680310197317545 0
0 0 -2.1555694008002373 -0.6252074955384144 1.152867584961815 0
0 0 -0.22859414598069394 0.44529485496164944 1.9665926804143596 0
0 0 -0.9194878192799947 -0.5812006927254298 0.6195848892105937 0
0 0 2.1623718633562534 2.0829067258767004 1.1360862833813712 0
0 0 -1.513518816450988 2.0689473808018297 1.3081571946322827 0
0 0 2.974078100540275 0.9864385541845455 1.9821142663112048 0
0 0 2.254648913223022 0.9444701087187217 0.4067622532319921 0
0 0 0.40960815312179877 -0.6337963235484847 2.0110073443459067 0
0 0 -0.07578277332722694 -0.11119259588270458 1.992480851218902 0
0 0 -0.2471118722294423 -0.0024847000137142583 0.5008232039284953 0
0 0 2.4552160093345208 -0.0011719455125152045 0.4175696024601192 0
0 0 2.969196654875966 1.750151206362766 2.0528940617396274 0
0 0 2.22316289720846 0.20998664758476637 2.0493516057739765 0
0 0 -2.475022628790434 0.5605272347269807 2.0416600793533335 0
0 0 0.23953762139609136 1.8577128121611473 1.9866061104249606 0
0 0 -1.0171439993238076 0.516083239564679 0.4870331929031321 0
0 0 2.6028688707046417 2.096031787894093 0.5082888447676636 0
0 0 -0.3187866531152319 1.9635679526446157 1.98748589498109 0
0 0 1.9742742093955101 1.8123530122378606 0.48522269585057654 0
0 0 -1.1940131574125508 0.22953310983085262 1.973297242585849 0
0 0 -1.5274621200422476 0.9164369933676288 0.4740970571307068 0
0 0 -2.963238039293751 0.268881862527796 1.958444327986594 0
0 0 2.664331033052253 1.1869305205846101 0.4788382911866367 0
0 0 0.6481019606081952 2.094759552950441 0.7046262254648207 0
0 0 2.7791059514338823 0.3051626107443215 0.4546186200301765 0
0 0 -0.7366509355091031 -0.593761295338318 1.8486873790277056 0
0 0 0.07309097166601086 2.0702598964627583 0.634439479372745 0
0 0 -0.570754744021035 0.5943698708291356 0.46451062082909544 0
0 0 3.0776320625859954 -0.06122557573061893 0.41511970908466456 0
0 0 -2.0673680301721324 1.0934838863690712 2.032355186734375 0
0 0 -1.5665353468146472 -0.2538794528598687 0.4367040200271243 0
0 0 -0.07473958661926927 2.1213740863360897 0.681791666965263 0
0 0 0.19515602773585217 -0.2634587187932509 0.44315900870681424 0
0 0 -0.5556547848892364 0.24142906283682364 2.0048889907217564 0
0 0 -0.8563895218158448 -0.571405729607869 1.3919340873051171 0
0 0 1.6558252137471685 0.2405988828917225 1.9752347128212775 0
0 0 -0.40563861071962126 2.136010368030793 1.466818454012872 0
0 0 -0.08942890432918693 -0.5709985541510763 1.9197058910448543 0
0 0 -1.3963103959918235 2.0944085815935587 0.9368095077510988 0
0 0 -2.2267950818603035 0.5250671966939067 2.046566522595425 0
0 0 0.5587064540915923 2.0532958256479774 1.2764040222467399 0
0 0 -1.2799246942507958 2.099627382052219 1.111112880780393 0
0 0 -2.4517034151663966 1.4233472432646823 1.9810502822826221 0
0 0 -0.7323982816453265 0.18450345094737408 1.9902959991395073 0
0 0 0.4105747490685707 0.24073145788016592 1.999676332409941 0
0 0 -1.4828687573009012 -0.5550138215412963 0.6279437287315617 0
0 0 -1.4548286753527582 -0.6135161649449379 1.3846054976705862 0
0 0 1.7418772539494976 0.0321527157682816 0.4140205737592253 0
0 0 -0.4555830991151084 0.04884234363211759 2.0143384977748173 0
0 0 0.9887728121239716 -0.4381164712329839 0.4518066383696805 0
0 0 -2.799670769650304 0.33808195859545587 0.4530379442025597 0
0 0 -0.6320896622876591 -0.6176418013642384 1.6029179763788053 0
0 0 -0.10221957012375205 0.3419306007293228 0.47154120695532187 0
0 0 1.775361972087051 0.37451430742207203 0.40848553193556403 0
0 0 -2.4869529307007103 0.9590720224422065 0.4178916180605702 0
0 0 -2.6994155703938634 0.8445307097329913 0.4060381830969011 0
0 0 -0.5502853618687689 1.5520316959224358 0.40657079041644817 0
0 0 1.6023130482054322 1.4703671580979039 1.9924049971162585 0
0 0 -0.8628876090867585 -0.5524147484261908 0.6663549178212355 0
0 0 2.092097550812528 0.4852110981407938 0.4092391342358793 0
0 0 0.7561793588367238 1.944589046311186 0.40760090324680076 0
0 0 1.9586496957974875 -0.013532526451336735 0.4886361107743884 0
0 0 0.5947919916701454 1.8903583937121644 0.48147168830346443 0
0 0 -1.3206659102764091 2.1407015429210277 0.8736720909181055 0
0 0 2.7163350548784804 -0.6315802738594847 1.1876863315133734 0
0 0 0.3851657378362474 -0.5990731217096552 0.9590066358112028 0
0 0 0.26845472534709724 1.231913501526623 0.4359006363602771 0
0 0 -0.6553426536957407 2.0602972806007323 0.7226388028438238 0
0 0 -1.613921064305032 -0.45573144419557354 0.44311066870514737 0
0 0 -2.2813747055353018 0.1751620055435018 1.9957655564623225 0
0 0 1.7570054334518916 1.667596163018774 1.958491923321695 0
0 0 -2.9272797823520373 2.0938160620033743 1.5881929868685196 0
0 0 -2.1008646862435074 0.16812885801087019 1.9711377107586943 0
0 0 -0.0683590157989431 1.0001713034801967 1.9909022520772095 0
0 0 -0.7906494390428525 1.3415222317893678 0.4640130408609918 0
0 0 0.34354353455500597 2.1438124528381093 0.8290590812978781 0
0 0 -2.1488912116295933 0.05927722024202886 1.997702573714756 0
0 0 -3.0490729589142416 0.5555840042307199 0.41407570461371457 0
0 0 -1.0771937001247927 -0.1048824886733093 0.4431382862964579 0
0 0 0.3109455412791009 1.866549603174618 1.9804411006643272 0
0 0 -0.34493983990244415 -0.560756072766349 0.41750617689144964 0
0 0 -2.487784135080706 -0.5739679327778942 0.9570216999955194 0
0 0 2.1030885199427836 2.0923382255438376 1.7598450373920913 0
0 0 -1.8821462943116465 0.48359376655814446 0.4832729875770492 0
0 0 -2.0673578250558453 0.38315275578942776 2.0355826432650534 0
0 0 -2.0635618045002255 -0.607482934116033 1.83669932570758 0
0 0 1.578168848957823 0.6170395896585528 0.417640312235695 0
0 0 2.0773976789247888 0.366273574335955 0.42056023267884024 0
0 0 0.953046173436368 0.2208788650047281 0.4725454387354111 0
0 0 -0.2022286421121775 0.6205725374336997 2.0181896887583233 0
0 0 1.539957531164613 2.1400291408354484 1.7868821968782238 0
0 0 -1.0108113516717552 2.07441624907959 0.5079449399689248 0
0 0 -1.4838368607134824 0.21981855642072323 2.021147745311792 0
0 0 3.131217401828976 2.0833943928364382 0.4454647402335268 0
0 0 2.8642158004837572 2.053843340712212 2.0162187498025483 0
0 0 2.722670721244725 -0.1314302005126683 1.961157476555225 0
0 0 1.2052110603215915 1.673041741073779 2.0048260763653354 0
0 0 -0.6637289130108637 2.1303874926838575 2.0418648975145963 0
0 0 -0.6825220147586806 1.5242892823750152 0.425649165620136 0
0 0 -1.496671635729533 0.92609813131066 0.4330782475978572 0
0 0 1.6900753148346421 0.5125868953838257 0.475764373244691 0
0 0 -2.428955464582712 0.045725587186367656 2.031335448496833 0
0 0 -2.608076551561253 0.16320023191245414 1.9891053536607077 0
0 0 2.5846110024876188 -0.28403518383988713 0.40813258934168906 0
0 0 -2.3386952380082433 0.6759438191020588 1.9538888832927273 0
0 0 1.7329673610423457 -0.5629315721990793 1.6439157356099723 0
0 0 -1.6828146464334361 1.0107297176444243 2.0521958219888305 0
0 0 3.016601809763099 2.053046123251491 1.9506037987315163 0
0 0 0.6757720142926602 1.6206019047423224 0.4645836069080044 0
0 0 2.8456198692842563 0.7481159666499286 0.4799485946859695 0
0 0 -0.6434925396521285 0.019543671900415394 0.46325822252264104 0
0 0 -1.852306216693335 -0.4021149640420063 0.4062078963303605 0
0 0 0.18424678328281985 2.0668298243300285 0.6231597727054698 0
0 0 0.31617070593414676 0.5740646875435589 2.0419123838894286 0
0 0 2.794633753983592 2.1245963551534395 0.407366161161433 0
0 0 -1.199341753197176 0.11329424316362624 1.9707772725615307 0
0 0 -0.14776406070472792 -0.6277553053876801 0.4763714391650916 0
0 0 3.113510288025773 -0.6065854404821669 1.2969475033938334 0
0 0 2.028738975080879 1.488825774630208 0.4577779951602181 0
0 0 -1.6434075336753917 2.050953925570621 0.9358990358245746 0
0 0 -1.0729964063388766 0.613353126370678 0.479667959814033 0
0 0 1.6443324744006587 -0.25474318470144564 1.9572257405370688 0
0 0 -0.019180097216489056 -0.5287522603892485 2.0189443366943793 0
0 0 1.5485718949048382 2.149295120562375 1.7113259318828438 0
0 0 -1.6077602334881238 0.6015483326254587 1.9735971611938097 0
0 0 -1.3194799287978702 0.1318393620508429 1.977199687075364 0
0 0 -0.04657372908690949 1.526709241266732 0.47205714676595656 0
0 0 0.9803293657078669 1.467577956243855 0.4433219667915015 0
0 0 -1.613097482246951 2.1035714064893893 1.0567867697393871 0
0 0 -1.0378515885975315 0.26170515570781805 0.4500661230683962 0
0 0 -1.6244356963657818 2.105063010752022 0.8128219291081995 0
0 0 -1.245097694848576 1.558465403435071 0.46038550633268627 0
0 0 -0.019429861378053026 0.8109012772422957 1.9920326466997897 0
0 0 2.086508052873844 0.17488912097190235 0.4096929918782951 0
0 0 -2.8035275897549106 -0.6456048281585711 2.0088815344728648 0
0 0 2.809125004161526 0.10892553565003893 1.9530702672474565 0
0 0 2.14102059214766 0.9878031598795656 1.971548573495625 0
0 0 -0.46912650588368754 2.0048574236230277 0.41832117342730035 0
0 0 0.6116429460832209 -0.6166269004089617 0.8160228965749668 0
0 0 -2.200990848530835 -0.5581160895582238 1.2060522139778085 0
0 0 0.615019522183125 0.38651312257465853 0.49901163120842107 0
0 0 -1.5764169996776969 2.091643177522239 2.011407322505166 0
0 0 0.6973567751269649 1.2605321480211436 2.039656214727491 0
0 0 -0.6751420222012441 1.1187872971047343 2.0271921735349205 0
0 0 -1.4665354053160826 1.1163895982970604 1.9798855217657947 0
0 0 -1.99927400939773 2.0978236686532195 0.5417492559639501 0
0 0 2.4985209446630634 1.8090250341494991 0.4884901401646612 0
0 0 1.8161201205474518 2.1046708613975817 1.2590238596929029 0
0 0 0.04018061409730844 0.7616523257083556 1.9889701720801318 0
0 0 1.3078232464262003 -0.6373813682092704 1.588877865932607 0
0 0 0.8496603201459791 1.1483169346011244 2.02779917329618 0
0 0 -2.40950232146127 1.9118534398640545 2.039037403304036 0
0 0 -2.162412331881286 0.4279211128797824 0.49838800467831834 0
0 0 -1.711954117161678 1.2081815765419404 2.0002845152035196 0
0 0 -2.9061124473934976 -0.5917216342177429 0.4180026329098905 0
0 0 -1.943245208943135 -0.2079963837359835 0.46438763578474096 0
0 0 -2.1798469066761164 1.1428161558476653 0.46634534454498433 0
0 0 0.43937552082163167 2.10039034740392 1.2224135329518757 0
0 0 -1.2879299461367675 -0.6068011870154835 0.7554270841182527 0
0 0 -2.0800283086017437 2.083578597245437 1.7979170048454194 0
0 0 0.39900399125678954 2.113346652514485 1.2919236863489552 0
0 0 -2.4149624643822496 -0.043811711272384035 0.4802687045910904 0
0 0 -1.5218996162731748 1.0696947133066796 1.9596791173884505 0
0 0 1.5177665447642115 0.29484253253770354 0.40580390397895794 0
0 0 -2.0641675445531327 -0.628667689561577 2.033531571246912 0
0 0 -0.5104314149081661 1.3810826776712826 0.40387539935756367 0
0 0 2.719948706834881 -0.5662256952287197 1.6548121751542424 0
0 0 -2.4964848394629575 -0.6045649076397015 1.0195120213940232 0
0 0 1.3504452999525736 -0.5982715437677597 1.1012607494795006 0
0 0 -0.49491698502188974 1.190604863714031 2.0095812181362263 0
0 0 -0.8387436958102907 2.0854665743065035 1.5177728857427262 0
0 0 0.0023700220911933023 -0.6162428818256174 0.48507108629198314 0
0 0 0.26841080799871486 0.7105688854469485 2.0076123834930364 0
0 0 -0.6788768659266311 0.7154701930266156 1.9771482227287391 0
0 0 0.4040641364328392 1.5829336372902716 0.48945728347218476 0
0 0 0.7895472401356023 0.03619986156557897 1.9709764127361111 0
0 0 1.9039037648994377 -0.03846592470436483 2.03168889382 0
0 0 2.332340483400741 1.7828191190350589 0.4297833458321896 0
0 0 1.235291503865895 -0.2662561764722102 0.4218060170586386 0
0 0 0.17377350829221738 0.9329469365817178 0.4312919486837933 0
0 0 -0.9174237670048404 2.060916782289156 1.832318205169411 0
0 0 -0.8047803761274537 1.7330794649863284 0.47156444104475126 0
0 0 1.3042931967797227 1.2154344976701825 0.4938564503728826 0
0 0 -1.1923956188436486 2.083963372303346 1.9755716326646928 0
0 0 0.46858239833090165 1.2710287193304775 2.0359235829360216 0
0 0 -1.6071390293830945 -0.5828319638263606 1.7778686598861169 0
0 0 0.4466823138494278 2.102665082896924 1.663920290050865 0
0 0 1.2865451937114258 0.6021890135260661 2.0304626103523153 0
0 0 -2.3681942400229175 0.19794014608347787 0.4941021399084857 0
0 0 0.7296446558123288 1.1805048319187799 0.4157845803442147 0
0 0 -1.5364267776340403 1.9423531106399115 0.4056351251712611 0
0 0 -2.419554408834629 0.34824653370075687 0.47734761605523457 0
0 0 -1.6706018185826357 1.7238104972159112 0.40841366804115586 0
0 0 -2.7097687685907808 0.9525697458573799 0.4207122206858267 0
0 0 -0.9925806657588687 1.5241216788472471 1.9589487535018297 0
0 0 2.6344907609045727 -0.10257254152793005 0.43659002986267736 0
0 0 2.925273620210347 1.2914629624787264 0.44184757900048977 0
0 0 1.9208044110973566 2.117779084323085 1.185369909977556 0
0 0 2.132122534748672 2.1186514834019334 0.675048489762508 0
0 0 2.292604515970597 -0.5540186931118447 1.3920309608438681 0
0 0 -0.5001047731864507 0.5697252780098803 0.42477377852392384 0
0 0 -1.1424301335339826 0.245193470529794 2.0041552996402983 0
0 0 1.338370269827946 2.1375434279696433 1.5884883279069546 0
0 0 1.00361897859736 2.099997378082855 0.5756246680472675 0
0 0 2.124716214360493 0.7937591965601924 2.012535860240152 0
0 0 -1.105864681256718 -0.6277361034126125 1.3329390637995582 0
0 0 1.8754649672231851 -0.6272144536185174 0.863203564813223 0
0 0 2.626769983040938 -0.624526975519399 0.7496620779086586 0
0 0 1.3314092774847621 -0.5520265359093737 0.9144208644366424 0
0 0 2.1057606132958844 -0.6060839714666431 1.0684339292810157 0
0 0 0.8634664935989775 2.127356474368601 1.5802585509241729 0
0 0 0.7011854941370785 2.1140696859553487 1.50619131816281 0
0 0 -1.251151177112544 1.4649229223017473 0.4656081966425939 0
0 0 -0.0648451672308532 -0.6188962923100183 0.7786861731234272 0
0 0 2.303061210084051 2.0644332728637 0.48531630664460235 0
0 0 0.6849851207061355 1.3667037281937056 0.42396924304900274 0
0 0 0.2079824080881023 -0.41205770957979637 0.5022424021930543 0
0 0 -2.2266596355768824 0.1219562471497716 0.4307126104983613 0
0 0 2.3627870019017756 0.41698020293998705 0.44993451544278984 0
0 0 -1.7108975617765898 2.1435240253950365 1.3235471313275142 0
0 0 -2.082147799245031 0.28359515576003724 0.43522201825239926 0
0 0 0.556517010865869 1.1518658485191535 1.9903467241345343 0
0 0 1.740209590800685 1.513658472661774 0.42283687813882076 0
0 0 -2.0086464830161623 0.06941566236917585 0.46273208199126636 0
0 0 1.9627121218862627 -0.5532744213177878 0.7118202286472441 0
0 0 -0.19507059411325356 1.3612139290240903 1.980112826045266 0
0 0 0.7988336303110195 2.1058272854991458 1.6354851295060193 0
0 0 -0.37598383866147733 2.0758445460756283 1.004118380190484 0
0 0 1.0603612030883136 0.7253864435080652 1.9714841614534495 0
0 0 -1.6191332935477274 0.12996025786755927 1.9784425736810274 0
0 0 -2.173041670085491 -0.24343330612522474 0.44097954976003084 0
0 0 -1.8679949259496347 1.725000895950955 0.4624149372727262 0
0 0 1.5038906912166201 2.125709467395363 1.94492985001861 0
0 0 1.2389159650024784 2.123018049678299 1.9890643337380849 0
0 0 -1.5772019607181063 2.067666279249623 1.0827147911921369 0
0 0 -1.7777629673281634 1.6251978418664959 0.4770614100208982 0
0 0 -0.16554581862413764 2.1129622535486527 1.0208268056652825 0
0 0 3.10941388565318 1.7851726333137437 0.4722347320827043 0
0 0 -0.6578137818503031 2.132273617446005 1.7087794091037103 0
0 0 0.7925038474960391 2.1200273790044415 1.5213341252758819 0
0 0 2.4512936824072913 2.065272632882013 0.9240217268446403 0
0 0 -2.0596875089838176 0.6103045968965124 2.00697041448289 0
0 0 1.3032036290829634 2.0643947146271207 1.5429440365794336 0
0 0 -1.9094638181078358 2.113468960633658 0.8714618455034322 0
0 0 -1.5064456873879037 1.2286036436813574 1.9716295958510623 0
0 0 0.10255642738139326 1.5441047094466145 0.48655305534839155 0
0 0 1.8736070745459354 0.9634480871418718 0.4694694707533893 0
0 0 -2.2715928577491566 1.8365982804692267 0.4408877761156097 0
0 0 -0.7096862978749434 2.1261081508302517 0.6220459261577715 0
0 0 -2.1330914892100497 1.128646623158044 1.9963834745093316 0
0 0 2.5441422491847403 -0.2805671622134631 0.4292028540089493 0
0 0 -0.1804998431692959 1.8834735577290023 1.9847919261181328 0
0 0 0.790588240447279 -0.6299625251490406 1.8603418380430385 0
0 0 0.6540150086923711 0.3164584937035987 2.004858452876036 0
0 0 -0.2660211517848503 1.329258974074654 0.49272143232877186 0
0 0 2.892514965942558 -0.41703135270690095 0.4751412874999609 0
0 0 1.480235910979184 2.1111188673802452 0.872851793813141 0
0 0 0.45742283422399677 0.5296351631735006 0.4090807414661598 0
0 0 2.9881212163817032 -0.0952688797888046 0.48945409942443896 0
0 0 1.994059803832176 2.099198946375866 1.7380880755112889 0
0 0 -1.4630876363099865 0.820747600132554 0.5023815842181593 0
0 0 2.7131716929027645 0.619450389376089 2.049872985970257 0
0 0 2.9943376903916725 0.7477207250124673 0.4491219124547744 0
0 0 1.2794468392182727 -0.4053544206355819 0.4358039453644408 0
0 0 2.697079632747089 -0.48005191345842113 1.9791857358452432 0
0 0 1.6637122081044646 2.129194220924677 1.547410597750904 0
0 0 -0.18587855391015085 1.8795399893317144 0.4267456936177466 0
0 0 -0.46769121211744435 1.6265121714995827 2.020484211349645 0
0 0 -2.246900629962011 1.8693150973058776 0.4520906272896982 0
0 0 -0.6637014861287023 -0.2471840849360698 2.0332237720271777 0
0 0 1.8625865034991236 -0.5683678796093192 1.0264164345778852 0
0 0 -2.4298384179418147 2.1148717658874547 0.5382110382697599 0
0 0 1.4121942939319272 1.7357863917842187 1.9993298852116919 0
0 0 1.8631001376935643 -0.5523308241377218 0.9122844472408086 0
0 0 -2.858140080447975 2.1157122108678856 1.1316115333841892 0
0 0 3.082831447291011 -0.6267802335557784 1.8747249685727783 0
0 0 0.30005072432815005 -0.6131594184742193 1.6485961199032801 0
0 0 -2.5536198690931755 0.8565047344901455 0.4117709415460352 0
0 0 0.9608629944298253 -0.5835928729829662 1.9496962348989533 0
0 0 -3.1027973491119734 1.9782919904356382 2.0474372253917856 0
0 0 -0.858306041886717 0.7893900507663514 1.9730491206684793 0
0 0 -0.1950703850429476 0.1504153885555719 0.4937001523340745 0
0 0 2.0497797177045785 -0.6277013900566486 0.9535864561716755 0
0 0 -2.6041575669707635 1.6744773996985793 0.46950861542638733 0
0 0 -0.8339411242967869 2.0890497180016014 0.9012706896546856 0
0 0 1.9918193258203125 0.7363923345606687 2.0256037208092503 0
0 0 -0.42964509674570683 1.2539025283564493 0.4807892685498445 0
0 0 -2.4983524297952044 -0.11968922645124636 0.478020252794064 0
0 0 -2.2900248038954265 -0.5585137841886922 0.8707875030634715 0
0 0 -2.756227831292749 0.474143196678966 2.007752553194895 0
0 0 2.497661929166007 -0.5741205705854489 0.5701475880387895 0
0 0 1.4589124738856087 0.3499017975942402 0.47622487970683913 0
0 0 -0.17515180597341296 0.9930688588321492 2.047398928578172 0
0 0 -1.137223266982291 0.7539714995098232 2.0043624647483034 0
0 0 1.0411910213369167 1.5764281252076169 0.4055722741457696 0
0 0 -0.6765842994312541 -0.6422761995555866 0.8242401880118869 0
0 0 -2.674380980006031 -0.36422556777169035 0.4394385327903362 0
0 0 -0.6111184059403598 -0.2629817192255355 2.035093290681868 0
0 0 -1.4913248280927376 0.5769548388575609 0.44949499203147625 0
0 0 0.30868233417933144 2.0800855850880753 1.6581095129068963 0
0 0 -2.177158414219239 -0.6336566568878033 1.157416985179733 0
0 0 -2.3911447716119794 0.04596349824600143 2.0344726662438837 0
0 0 -1.9216306519167934 1.3063407068602582 1.9767349720254774 0
0 0 3.0361819627004962 0.6129112815764781 0.49006679361374084 0
0 0 1.2808289110519695 0.1695618866793186 1.9874130142956976 0
0 0 0.6423084742123124 2.0808066421787297 2.0130966801668775 0
0 0 -0.20900810367362332 0.16973836255894537 0.4123466351895243 0
0 0 2.5536982837260416 -0.5873827382948649 0.8248580272366728 0
0 0 -1.8846038152729938 0.44331654653161445 2.0063284508560377 0
0 0 1.2461879448103135 -0.5515815730942255 1.9065693998160236 0
0 0 -1.7244726380144175 -0.592270700645444 0.5853155625599726 0
0 0 -0.6653506303241787 2.0789895225666237 1.6410331250589072 0
0 0 -0.36002510359826934 -0.5986261145860798 1.41749055097871 0
0 0 -0.8036478864140126 -0.2746001317537301 1.9928822038639475 0
0 0 -2.003879883772477 -0.5893598933071942 1.0244384583156037 0
0 0 -1.4359077198902308 0.13489058584372815 0.4094665739204927 0
0 0 2.92212595193931 1.4462485596004921 1.9886471505347405 0
0 0 0.040692885820508895 1.301011161972546 0.4445830158402362 0
0 0 -1.7188519859235547 1.6663702417775255 1.9912574961437044 0
0 0 0.20307651652606973 -0.6327482375498503 1.4758397286579912 0
0 0 0.9339515323918492 1.0279933172819935 0.493629331565012 0
0 0 -0.8553047782288536 0.10541535021535209 0.41462193104753575 0
0 0 -0.631102319350116 2.139671803887434 1.7464108764113249 0
0 0 1.1598331740900685 1.5667274911853617 0.4754542971473368 0
0 0 0.3594382627062376 0.471860523081318 1.9956780880516067 0
0 0 -1.8025867035583176 -0.5688522988426483 0.6990239422266727 0
0 0 -1.7153699644564637 1.7986941245713572 0.49215819674102 0
0 0 -2.3398560359937717 0.15457499054654467 2.0222283246129003 0
0 0 2.0298036604626173 -0.534106528542496 2.0245774684884026 0
0 0 3.0494798356164194 0.1682622716028489 0.42821528833851963 0
0 0 -1.9317266083932743 1.482018529660705 0.4311397752100642 0
0 0 -2.9094598394115856 2.0632694891400334 1.2572684226582487 0
0 0 -0.46823015571844895 -0.3627952235970302 2.0362483622665564 0
0 0 3.077419536301327 0.09138201338934715 0.4203072955806798 0
0 0 -2.5450698348028054 0.2816685649852293 1.9958449002247465 0
0 0 -0.21817432000797732 2.036401730593508 0.41317178085500894 0
0 0 1.4346257551228652 0.04349953331833911 0.4853569809866033 0
0 0 -1.2036480952650732 1.792000823099878 0.47384672300995934 0
0 0 2.27591345281117 -0.6221232901114684 1.8837614609899984 0
0 0 -0.797311275446186 1.320200831142671 0.45528366695201083 0
0 0 0.6633305650521755 -0.5865729006051459 1.3885014401527462 0
0 0 0.18764211047923052 1.3548899774040786 2.0501214270801933 0
0 0 -1.6321608731732067 1.6181422451966123 0.4692623250639453 0
0 0 -2.120853518984963 -0.6083684006092311 1.3524871227169721 0
0 0 -2.9750987245553464 2.1044541595917403 1.1793770816014812 0
0 0 1.647109953599026 1.9941391305483325 1.9744263524802785 0
0 0 2.780609443942228 2.0631846153269207 1.9122835555804205 0
0 0 -2.4632667744231442 1.5079071492023688 0.41630176260250606 0
0 0 2.557277277998005 2.0682802842055317 0.48581555087144657 0
0 0 -2.2064153985156 2.1073850638574028 1.1455082859792234 0
0 0 -2.5584102510133073 1.4267828622804584 0.4277351145142372 0
0 0 -0.6227350022565088 -0.614827068008883 1.7931891693614193 0
0 0 -2.551283014221899 0.2539087989511094 2.0427775812729827 0
0 0 1.7546918689364723 1.7657013979628904 2.0003050819170474 0
0 0 2.0497462208746597 -0.5517188443718823 0.9588815865474539 0
0 0 -1.0551216889652153 -0.6432222842273569 1.8398785362106385 0
0 0 -3.0078288064814873 0.2777562385566581 0.4560279601042667 0
0 0 -0.9095762811133463 -0.5580445364454758 1.3979360942620718 0
0 0 0.5571926214755729 2.146152792492549 1.1239118085674253 0
0 0 0.30144046093484445 -0.6295368705370572 2.0068064329937068 0
0 0 -0.6257698815652679 2.1236148789483407 1.4101605751429793 0
0 0 -1.4347636020696468 0.4101452577750109 0.42352441825715037 0
0 0 -0.8025706018976551 -0.44122782526519755 1.9600236592215894 0
0 0 1.612876570097602 1.222695327446916 0.47213727588930776 0
0 0 1.5823263933701233 2.1080294568531013 2.031686866795029 0
0 0 -1.1101363880543258 -0.5874528286156484 0.9988394468289484 0
0 0 0.930102040048328 2.0555841375664343 0.42138577849966186 0
0 0 -0.34617792139913517 1.7697088556904939 1.9966932394009724 0
0 0 -1.4010218702232082 2.1208837090743504 1.4084585683828441 0
0 0 0.47527900419049995 2.11048262078866 0.5209408270155149 0
0 0 -1.9533426420827535 -0.6484736490837368 1.3717812404701313 0
0 0 0.6514793923815168 1.462099650377014 0.4907543706183135 0
0 0 -2.560209532976829 0.5399738424743865 0.4804540415137427 0
0 0 -2.2820790022231936 -0.5830829251327931 1.4410712492908597 0
0 0 1.00625203400016 1.7844783885498046 0.41034459532977363 0
0 0 -0.0033407135219944983 -0.5862908651943939 0.7037321931068774 0
0 0 2.8858782595249624 0.8174444749727057 0.42075264489946207 0
0 0 1.5475838183970474 0.9940830783080175 0.41342811104159016 0
0 0 -0.40999435229782843 2.1440524059304495 1.660718278523698 0
0 0 -1.3178676382242422 0.8833312914383837 0.4293936574296584 0
0 0 2.9578089768807523 -0.19022392145117584 0.47112848169787913 0
0 0 1.9917526556559793 1.0168469873336665 0.47092128768964747 0
0 0 -2.6228365378035203 0.24615436419193182 0.4183371240001368 0
0 0 -1.56491355086154 1.443092565857348 0.4980617439121775 0
0 0 -1.6357118715022114 1.2306990098823574 0.4804521724519041 0
0 0 -2.077517578129888 0.015739685946458803 0.4541623128512098 0
0 0 -1.304252870634761 2.141879562519333 1.450425834242036 0
0 0 0.28651322287352166 -0.6456895171160559 0.5693230594977317 0
0 0 -2.004618446582268 -0.27150551463867867 0.46752794515399565 0
0 0 -0.30340115648622135 0.1117668750576688 2.0041892046763987 0
0 0 -1.6612049427606088 -0.6180130702754085 0.9252063836870053 0
0 0 -0.034700000728802305 2.1364678966630213 0.7325552586388722 0
0 0 2.0137819311574656 0.016225574646813845 0.47921618275468114 0
0 0 -1.7214770790398106 2.1370373119660355 0.8899410101201842 0
0 0 1.005192444739908 -0.5206208939346657 2.0101835865850863 0
0 0 2.215871036362163 1.9048299965472066 0.44925196307521464 0
0 0 -2.4798748030451967 -0.6161748079639966 1.905804011914401 0
0 0 0.7063509301438438 0.7456676950645678 0.4154217471203341 0
0 0 -1.0833133996884259 0.7929160477159733 0.40610917763010357 0
0 0 -3.0639805928358705 2.130370008308012 1.474870104069748 0
0 0 3.0405102101813366 1.7889933573777814 2.004614122276626 0
0 0 -1.754922251934088 1.2937050126867025 0.4617119000747407 0
0 0 2.679152714758313 0.38002837014438773 2.046782908397849 0
0 0 -0.9748246094585196 0.054493416406789286 0.45291091232888525 0
0 0 -1.548372096584838 0.258109444925017 1.9532116776016883 0
0 0 -2.1627274654450317 2.123408146497681 1.7342514187118763 0
0 0 -3.137148085859665 0.01108999305076075 0.4642905606707419 0
0 0 2.7979198549099387 -0.5531961217913142 1.7276850463596876 0
0 0 2.7349594354563065 0.8803212423016 0.498387737303024 0
0 0 -0.6875886467162271 -0.6371195772780434 1.6653506825072875 0
0 0 2.2366733399090384 -0.2264814214930263 0.497770196051992 0
0 0 -1.6802037813674227 -0.6410392680893682 0.958952025406682 0
0 0 -2.3503313868867433 1.0743589000933513 2.0437407038083877 0
0 0 -1.722649035256983 1.8668416970734654 0.48336697064367795 0
0 0 2.3522501462484486 1.6327224295514722 0.4081784010392172 0
0 0 -2.641595228468276 1.4586238206269397 2.01117976002822 0
0 0 2.0724954555345576 -0.6436229674516671 0.45683380494363046 0
0 0 2.5087398458139063 0.7189600935358642 1.9893952591405775 0
0 0 -1.7989357924660463 2.1382262097067857 0.6451560354363578 0
0 0 -0.8352781458751619 2.083331493277195 1.1632178477736068 0
0 0 -2.6029816547919853 -0.6155318987673501 1.793494254235483 0
0 0 2.501120247129598 0.6355647724236682 0.42304323446404757 0
0 0 2.212624398349379 -0.6003259069505364 1.4965782671316759 0
0 0 -1.7375553049921337 1.3857737273249264 1.9820358725624496 0
0 0 0.9594002026256012 1.6922451871563566 2.017708941583549 0
0 0 2.7081737736356395 2.0749274119371512 0.805368458540206 0
0 0 -1.7644947076023878 2.1434167887292412 0.651179053149445 0
0 0 -0.015158823759231943 0.2529663402797422 0.45954821157443315 0
0 0 -3.0542887321822936 1.107777123601425 0.4493314400070578 0
0 0 -1.441341537613644 1.9499870330522817 0.43499317681580263 0
0 0 1.9257886873330667 0.7086641869938162 0.44180577766164963 0
0 0 1.9759466175822071 1.6363402729560235 0.4230927891103785 0
0 0 2.1365199761664337 2.1295243230859686 0.8504000462464384 0
0 0 -0.7259175638656092 1.4476903570472759 0.44486522892224556 0
0 0 0.6748089530625161 2.1051076168407956 0.7506510115112952 0
0 0 -1.0204749295014968 2.1485617422475625 0.9988564775327368 0
0 0 0.49797204418315966 0.6583587911605775 2.038377819291631 0
0 0 2.0270869335091435 1.0618860443186762 2.0106587423106888 0
0 0 0.5312869917891003 1.3024133581279251 2.040648814772872 0
0 0 1.5940226412047949 0.12590786775671414 1.9827319429912702 0
0 0 1.7501939916939042 0.5968200326005761 2.0182157246343637 0
0 0 2.208601430682476 0.7284694628131443 0.40456349375836864 0
0 0 -1.5941130005052362 0.8600146185586195 0.47342321464453396 0
0 0 -1.501715826134149 2.0713975432568095 1.6985766049534592 0
0 0 -0.32546174641820524 1.947781259609055 2.0182376647147753 0
0 0 -0.46485171523610314 -0.5600787621645387 0.4503839532088936 0
0 0 1.5137036970397526 -0.56922787704989 0.7805975754799542 0
0 0 1.6494882599498766 1.454860653535422 0.4121147074500664 0
0 0 1.9873900203755017 1.5086220028550839 0.4499196840245073 0
0 0 2.317292549153284 2.060493894088519 1.5235325520626108 0
0 0 1.3240840436173915 0.19678848901230606 0.44539335335605845 0
0 0 -1.7379816389299378 2.0693174157340453 0.7861759891908653 0
0 0 -2.0555157766831367 0.22962402607564236 2.0003356216118418 0
0 0 0.010472727202297083 -0.20839308266438072 0.49019510500089203 0
0 0 0.26601512421283946 -0.5945213567208409 0.9368461399508674 0
0 0 1.5692248441910621 -0.33648958939974194 1.992195374181013 0
0 0 -2.8270101428197085 -0.5522011245905989 0.9318676219242509 0
0 0 2.0150213177246687 1.741059536882293 0.4486284298602281 0
0 0 -1.7117455874730723 -0.5569504533459313 1.1391639709438786 0
0 0 2.449693338417041 -0.41728118160020866 2.0348077354323935 0
0 0 1.1796641259304872 0.2344997230656184 1.9853519865663922 0
0 0 -0.29894557934264876 1.033862047539524 0.4721685086558255 0
0 0 0.5733036760689267 -0.2736017924760328 1.9887003662425426 0
0 0 -2.9877601252079 0.3441603493030603 0.4405418164378766 0
0 0 2.253965415157544 0.8887324311429103 2.0189360149476467 0
0 0 -0.9847650825657221 1.1874100172594038 1.9721153734693626 0
0 0 -0.9264772715970029 2.130941521766845 1.8771626725955453 0
0 0 -2.210424738755118 1.6370285407783511 0.43073817706764106 0
0 0 1.2038644421225548 2.051026967906349 1.3494693278143635 0
0 0 -1.4066121969048127 1.5277246386088537 0.4157942738314542 0
0 0 1.47595384597839 0.7508872430398903 2.015066761723874 0
0 0 0.3314208939618162 1.2698928613936709 0.4361507242977203 0
0 0 2.1254377573246845 -0.06514085404927417 0.41343061565081174 0
0 0 -3.1117399244832447 -0.609747743293702 1.1093417290363021 0
0 0 -0.8200492642740072 -0.45485101450538834 0.500443502850703 0
0 0 -1.7679277939232296 2.074937105761844 0.48638437454514727 0
0 0 -0.3231063404167731 1.0505419133913307 2.0037331306531985 0
0 0 -1.6649036982028738 0.25169791842537603 2.031671782534877 0
0 0 -2.6840020485854983 -0.5704100755957928 0.8369336267891523 0
0 0 -0.6716917757717566 0.4580366987013429 0.5018342768022787 0
0 0 1.7394040094105563 1.8085120084574198 1.9582009892644758 0
0 0 -1.149333983465931 2.1406920492699935 0.8680067535302883 0
0 0 -2.0404514156042124 -0.576665063774418 1.4527065928196805 0
0 0 0.1785075034942527 2.0960697165887647 0.9706994057910638 0
0 0 1.2173435887890065 -0.5568314832775016 1.8475175396770551 0
0 0 1.695994152544798 -0.584174697132342 1.0771135415349706 0
0 0 1.4394278949343926 -0.3136225986906469 0.46244238447794894 0
0 0 -1.8882351417681003 -0.5602001228316571 0.8198247540698247 0
0 0 0.6136502202639935 2.0565520579560213 0.5602915479992675 0
0 0 -2.62801894573035 -0.35325008272241765 1.9865722318621726 0
0 0 -2.5186982651346432 -0.6428085956388576 1.295019869484567 0
0 0 -1.2881677780436058 1.3964367990838527 0.48851877060516846 0
0 0 0.1043044862946707 1.590861167743441 0.43243251615808187 0
0 0 1.6894385092986273 0.23084136841240188 2.0441608289063 0
0 0 -3.0258377907273943 1.3779033099424651 0.42181507742362434 0
0 0 0.9751347802733106 -0.16048796189022152 1.9550519043885166 0
0 0 -0.6921441255540999 2.1293150724567016 1.1406341876220463 0
0 0 2.9239093536409744 -0.06243262202773259 1.994554980864947 0
0 0 0.6519234748679672 1.5027977712119271 0.43530493374833423 0
0 0 -0.9316607611660941 2.0501296685047787 1.788853926028894 0
0 0 1.737491046834088 0.33893596403403015 2.0085517495526197 0
0 0 -3.0575991254277843 0.8552041441562435 2.0463569216552284 0
0 0 -2.4925462954383075 1.0150793527047697 2.0105035163426734 0
0 0 -0.9538910103977001 1.5427716196555374 2.0360051566714015 0
0 0 1.9284093226618069 0.8322929216631416 0.4076742762575255 0
0 0 -0.44677996639714523 -0.6211714338082677 0.7792498847806235 0
0 0 2.871097602991103 2.0717451227908668 1.64268688716025 0
0 0 -0.07459105542670796 1.7126914065407342 2.020354822537465 0
0 0 -0.7328977331924174 2.120948450446779 0.595879462331699 0
0 0 -0.6418768888336732 -0.6433243038319578 0.5811984192653431 0
0 0 2.7064868640752424 1.9159279277908994 1.9843770454228378 0
0 0 2.990718915677361 2.105406261602208 1.580314101661934 0
0 0 0.11259050795826253 -0.6086583167977067 0.8377054568897493 0
0 0 1.1594347628227766 0.9194278245236427 2.030907977151739 0
0 0 -1.7875823923080552 -0.4194835379527353 0.4339895520894783 0
0 0 1.537598523219125 1.2654153950165126 0.43988970689365214 0
0 0 -0.3267412356946804 0.12241144818105187 1.9657500023173342 0
0 0 0.1388733787498011 2.1093420824259828 1.2216564804134062 0
0 0 1.6311233667682048 2.1408407752307266 2.025661692182914 0
0 0 1.178319827358055 -0.5903190034421006 1.4995056938387323 0
0 0 -1.6528023019338858 0.5595385416627499 2.0347381222269276 0
0 0 3.0891904414931 -0.6475015143586451 0.6048381228696298 0
0 0 0.3268401649135262 -0.56820847023874 0.8462350731587989 0
0 0 -1.2477479332269776 0.13005569652899762 0.4924104914418125 0
0 0 2.3097752682503003 0.4827002113132781 0.44750556976659706 0
0 0 -2.6320924244869977 1.808865091722277 0.4733045869665319 0
0 0 -0.16264931274452854 1.9512529965246392 0.40556788586084247 0
0 0 2.2229396223040396 1.5568501746727479 0.46148456617484224 0
0 0 -0.16984626445088002 2.0364263534633587 2.0289293037830674 0
0 0 -2.1903258868160016 2.143944233244439 0.7008222043209305 0
0 0 -0.34254676117877336 1.3390982838544876 0.4716798354761611 0
0 0 0.6923844727469342 -0.27485223375842827 1.9702860905686184 0
0 0 -2.9339237903708 2.1331194017277566 0.5800248362210729 0
0 0 -0.3214865073348987 -0.5732315712776637 1.3358371290298847 0
0 0 -2.1701813306628797 1.8015116341598365 2.035497588186791 0
0 0 2.6121500424218853 0.8655549873334474 0.4882266127422935 0
0 0 -2.892277160172088 -0.16181987411105436 1.9742199899843877 0
0 0 -1.6035638456236456 1.1545882164959593 0.5002587249222229 0
0 0 -1.6740227384925424 1.975137573087135 2.028367638523012 0
0 0 1.1299342088875557 0.2246313744659837 0.4934498307180555 0
0 0 -2.2032342345151856 -0.16218862033991077 0.47669677573862534 0
0 0 3.1352532466229945 2.088421482541347 1.5970030716832517 0
0 0 0.8078871659979119 -0.6038451495806765 0.6544899193230109 0
0 0 -1.368126287741542 2.0967235071563275 0.7264590977921863 0
0 0 -0.38136539419475746 1.7897075707766301 1.9594051947747357 0
0 0 -0.6930986131303967 1.2696051239904096 0.46731575913929835 0
0 0 1.8503623772380902 1.068712422464103 0.43217100559498145 0
0 0 0.7594106924292414 1.747787363337453 2.0026000865803195 0
0 0 -3.1358465688146397 -0.021977380351459797 1.9927716908218154 0
0 0 -2.0827712520629476 1.03523852929155 1.960429262739385 0
0 0 0.41563518851399195 1.4477776994888327 0.41631300456354436 0
0 0 0.782735459530715 -0.5515115208779207 0.4994459927248954 0
0 0 0.2329727748141539 2.090780405800752 1.3794170564850199 0
0 0 2.824670389628488 2.125704146569443 0.8823910935447645 0
0 0 1.127732230961417 1.562339176203307 1.9683701435395289 0
0 0 1.4957521341455244 0.48708707879502877 2.04667297690134 0
0 0 2.8993712824188513 2.079685353805643 1.837696389366453 0
0 0 1.8342655890828885 1.999651874446849 0.44332261214899304 0
0 0 -0.3523172800420866 0.7057131216468777 0.4914789729773301 0
0 0 3.0221131721693606 1.8227333900604419 1.9976257271331255 0
0 0 -3.130495924611949 -0.5535909364302709 1.1387825853383071 0
0 0 3.0248539629000994 0.916994381611097 0.41831363871569605 0
0 0 -1.5791520233108753 0.9881507403171641 1.9763836405281012 0
0 0 1.0794444456375123 -0.632497611250979 1.9937705469506561 0
0 0 0.8278506378210646 -0.622414645478762 0.8589034052641256 0
0 0 1.366869629090231 -0.6381655996565854 0.4633276577593851 0
0 0 -1.2252433779119511 1.9483624384952563 1.953513945829839 0
0 0 1.1897183586487312 2.138940533221383 1.8765255091331368 0
0 0 -1.2757465955302334 2.060070832848953 1.344176026761783 0
0 0 -3.0844104444003726 -0.6301815692243391 0.47901507394950105 0
0 0 1.811036824760703 1.6002694756586295 1.9542844493069151 0
0 0 -0.3091857642811324 -0.3701401997715037 1.9816003047239454 0
0 0 2.050631260519155 2.0809193104650765 2.042598497762347 0
0 0 0.12043267188126983 2.0999738849117793 1.3149081454869136 0
0 0 1.1763186270292145 1.6847591358102167 2.005997041881166 0
0 0 -1.1742220386672537 -0.5566017756547583 1.9261396629080976 0
0 0 2.814110749585449 -0.28586977299231586 0.429278576925352 0
0 0 2.273808304958699 1.1939844683574388 1.9927334600053577 0
0 0 0.005248114656339897 2.0819890870741458 1.7185731867598648 0
0 0 -2.199737858357332 0.815395178896438 0.4506590719738397 0
0 0 -0.7721616865268173 1.7797950656308095 1.9870456556464402 0
0 0 -2.779157089950382 -0.1636536860325204 2.0049250702973147 0
0 0 0.5535779951878737 0.7069188504491692 0.41257203824044675 0
0 0 -1.079704874205417 -0.6104827844406708 1.4593530498743552 0
0 0 1.5203136340892103 -0.23726420763496248 0.4033093224672927 0
0 0 2.0949790195857476 2.1458867459248703 0.6071203060147699 0
0 0 0.010891475865324463 1.8101124272577087 2.0206554156835637 0
0 0 -1.0315149697811852 0.258757482270755 0.4233553557148594 0
0 0 2.323551836309667 1.2886534817185236 1.9989421950093011 0
0 0 0.3301748659156458 -0.05360033367031769 0.49456213297583385 0
0 0 2.5069207648055736 2.0410375725001764 2.0355914020117973 0
0 0 0.27764696000526534 2.06715363602118 0.6411453426751013 0
0 0 -0.4842178895642255 -0.41846076829191015 1.961733566031206 0
0 0 -2.7193761815656243 2.083075374409814 0.9603737512197764 0
0 0 3.0833419470379573 1.0421993915389696 0.4359586423552336 0
0 0 1.791360281466531 -0.604956574887473 1.6846447949656926 0
0 0 -2.6175635718996797 -0.5710756249387456 1.3362176041425846 0
0 0 -0.9793466288721624 2.1027690415388074 1.701742490981182 0
0 0 -2.9934169425937043 1.763866684321499 2.0104214909584917 0
0 0 -0.2301993175237338 -0.3697998684239485 0.46558714406000834 0
0 0 -0.241976493539505 1.5765756299643894 0.4376341386701834 0
0 0 0.41381385140322857 -0.5107180049555196 2.0040994803438617 0
0 0 2.870914592389606 1.9815133811037884 0.4089199177437821 0
0 0 2.285912634287593 -0.5948449886471632 1.051730441206203 0
0 0 1.8738184789450694 -0.6368707928959303 2.026323704353048 0
0 0 -0.8539087823065854 -0.6418757258703505 2.0418127037091214 0
0 0 0.8266426340194597 0.545712639579288 1.9785381314435462 0
0 0 -1.5007964525087503 1.9202664867479757 0.4189418416400057 0
0 0 -1.0980428845478398 1.2031139880066453 0.40989034953043724 0
0 0 1.9524471758746218 0.0062489453909759796 1.965864715228701 0
0 0 2.2554141377059986 2.069139612469649 1.9620115141272296 0
0 0 -0.5587591950400728 -0.5879565031964555 0.5415487857826042 0
0 0 -1.218320884667262 0.8163102891414871 0.48354630777165597 0
0 0 1.6896615085353224 1.4972411233685328 0.48395857845009793 0
0 0 -1.9115879141100531 -0.6470969539619837 2.029411137497103 0
0 0 2.392448432879517 -0.3326718287997539 1.9918621213920775 0
0 0 2.0422989194097685 2.0976294378763547 1.5965242441405587 0
0 0 2.148058818393923 -0.5719694088876064 1.4014987331106532 0
0 0 -0.19991600797061215 2.0757236149090272 1.0718231996822423 0
0 0 2.512994137248027 2.0515067703442478 1.9610315692224227 0
0 0 3.053546518263814 -0.6377455451779164 2.0496555897242974 0
0 0 0.631754619594092 1.834164183292381 2.0200393459240527 0
0 0 -0.669250251350773 -0.3472853673659493 2.049102266518661 0
0 0 0.47444600805884196 1.9996265029642066 0.4345552227931597 0
0 0 -1.70881796029827 2.1185358430895502 0.48864598542870397 0
0 0 -1.3967921240986123 2.1447812311137415 1.1193022485958117 0
0 0 -0.39101040912599894 0.9100215131105818 1.9717729795928667 0
0 0 -2.9682087900623118 2.0704249638338585 1.860567545194409 0
0 0 -0.17341480170198054 2.092562842610585 0.9126011648153254 0
0 0 -1.9115577736099938 1.0001659754014438 0.5002711565247502 0
0 0 -2.3713260044121225 0.8894909905755073 0.44123053195650674 0
0 0 0.9153474646559125 2.140739021348959 1.256978998480057 0
0 0 -1.1649120578406638 0.6241938413326413 1.9569074399675759 0
0 0 -1.8649504221708633 1.454191722821552 2.0233545178407244 0
0 0 2.37375944456294 -0.5525071695964732 2.0003048806330836 0
0 0 -2.9732348708622323 1.1953972924050698 2.0442518451892826 0
0 0 0.5048806301127269 2.096962168671311 1.910797229932955 0
0 0 2.227903589510757 0.42877395197565293 0.47184487434558975 0
0 0 -2.493675893881764 0.2646571835746353 1.9918549834668993 0
0 0 1.0811110719427068 -0.5823267862804871 2.0035821754310286 0
0 0 -1.8889269266732698 1.153243460179586 0.42712512109406586 0
0 0 -2.016567295740831 -0.609473660315647 0.8633332424769611 0
0 0 -1.8156095526736056 -0.10587404559912783 0.43184860475028464 0
0 0 0.4223382031913685 1.9690609807225667 0.4146323969151684 0
0 0 -2.798545865488971 -0.6055805548618634 1.0198632146394657 0
0 0 -2.4926374903198325 0.1825849876513127 2.046204725532921 0
0 0 -0.7493816095332986 2.1486674773672885 0.8786699621111783 0
0 0 -2.196978553719161 1.474299978410697 2.0288717713127284 0
0 0 0.707467272566578 1.330503163085742 1.9901363250056696 0
0 0 0.11755150895734445 1.5211323659503868 2.007459322164369 0
0 0 -1.6280176797532608 1.0851657021994747 0.46776442306802835 0
0 0 2.9437568525874784 0.1669737031622338 2.0330137623122115 0
0 0 -2.2430841203211185 -0.6414385189450804 0.8578460982882614 0
0 0 -0.5727470579554437 -0.6371200532842622 0.8289989695291858 0
0 0 -1.8664866281120682 -0.5855171795380836 0.464556125398333 0
0 0 2.547892003477898 0.057987411685777035 2.0520398651306375 0
0 0 -2.526417778843408 -0.5901775963593563 1.339987162507796 0
0 0 -0.7097026534442366 2.1041575813630353 0.9207667526530238 0
0 0 0.8096057930541143 -0.5492493376301884 0.4472306873016274 0
0 0 -1.679370008323879 -0.3966510861143575 0.482381555452157 0
0 0 -1.0368354037678018 1.9151010787232925 0.4626206208979473 0
0 0 3.0103056457764428 0.8585851051098028 2.0112808238682005 0
0 0 2.122571765045503 -0.6006050740443054 0.427422031181088 0
0 0 -1.7894420965851356 -0.6275196132067764 1.1838775558466703 0
0 0 0.141969389111396 2.072280826379238 1.3530025048841434 0
0 0 -1.2925453535760296 2.1435506354099028 1.1231826351019079 0
0 0 -2.152220634827158 2.0779607535394624 0.8741852086544969 0
0 0 -3.033770955970084 0.5543774544239368 0.4205657725915477 0
0 0 -3.030562270204079 -0.274964948326728 0.4683418919632816 0
0 0 -2.338358444014868 1.715317821040032 0.48126187109185636 0
0 0 -1.2792036703117335 0.7733957636271436 0.44885396905413 0
0 0 -1.0241345930749688 -0.6321141545517275 2.0518588970364204 0
0 0 2.0403572902066527 -0.4825584658877957 1.964670899399727 0
0 0 2.687960558803546 1.3688484865662733 0.4993119453048671 0
0 0 0.13278096174310594 1.0524260196742883 1.9724676288209622 0
0 0 -1.7400887278885626 -0.5501937262890515 1.9068581578294175 0
0 0 2.4842642097433174 0.3673448740936244 0.4997753430637858 0
0 0 -2.633274740776201 2.0547472684347134 0.6829305621629204 0
0 0 -1.5785298259876632 -0.3055808882135871 0.40601160018122506 0
0 0 -2.803200833737178 -0.5633306033921042 1.140576661383978 0
0 0 -3.112536506598169 2.0635638742032416 0.8759640506410451 0
0 0 -1.744231317752434 1.5494159834713084 2.0467509632760965 0
0 0 -0.5544617183812806 0.10941697260695904 2.016229147873112 0
0 0 1.2997555562788916 2.075597192644457 0.867689296670562 0
0 0 -1.92365593847462 -0.6033683664479532 0.42899743789265266 0
0 0 1.0216475770313869 1.7993543236638965 0.40485051167197117 0
0 0 -0.5455712747561745 -0.25904008979787285 0.4036087786825058 0
0 0 -0.5357161786131748 0.7081768234281736 0.43032351077986497 0
0 0 -0.46796726254005927 1.5558247028013812 0.4898373366076929 0
0 0 0.2594600475642199 1.1013315345617096 2.039883666217903 0
0 0 -2.401390666430046 1.2866670852831898 0.4193345094830796 0
0 0 -0.23641738065960816 -0.5853085739417003 0.6028925128788867 0
0 0 0.4425414763593394 0.5453931522967552 0.4324845171931515 0
0 0 1.4096291916014172 1.422691949392685 0.4628940004739899 0
0 0 -2.807585835734413 0.03408684201120227 1.9778501217643432 0
0 0 -0.8544737252814127 -0.0346250743845552 0.435223443761938 0
0 0 -3.0468144522729483 -0.6200559691837677 1.2028188652475906 0
0 0 0.05501113914434175 -0.6368573903081067 1.4980903499850284 0
0 0 -2.1742814504112884 1.2988793424765273 0.4115475376483244 0
0 0 -0.34115682680267057 0.3719159453982259 2.0109994965773756 0
0 0 0.5825046685563176 0.09636550556596513 2.021632783802582 0
0 0 -2.6314964484209056 1.7747631475570598 2.050729432810411 0
0 0 0.09336879783029328 -0.6408178819046166 0.8754160713295001 0
0 0 -1.3008053493737084 1.5256205992185905 0.4716284433775957 0
0 0 -0.8807435638983496 1.8010519738318929 0.4367997734223077 0
0 0 -2.8121256421621332 -0.636676869431011 0.6253741986448749 0
0 0 -2.172874218126312 1.5010598280560872 0.45856259855361425 0
0 0 2.297660341179342 -0.629910770094916 1.0836044172969732 0
0 0 2.4534548191060352 -0.5692494132610761 1.5588392676364615 0
0 0 -1.48787587541188 1.7470312308347407 0.47837241256127816 0
0 0 1.996628935896454 0.26656658814684686 1.9866525300688436 0
0 0 1.4596793754713993 2.072753491836246 1.0653379514999053 0
0 0 3.0927975615247147 -0.5791467728057331 1.169527352807049 0
0 0 -2.978783216256536 -0.032339837049403686 1.977518341496674 0
0 0 -2.050560783788967 0.8376490617410002 2.052900300021332 0
0 0 1.8862393723540833 -0.6332726996422793 1.872738761436591 0
0 0 1.1044727960337983 -0.6191916935403756 0.5942603498754981 0
0 0 0.21199568679529035 1.7939984372498607 1.959162662891333 0
0 0 -0.5988092614251981 -0.592146404962105 1.7428740834901626 0
0 0 1.7179786246296276 -0.6444078014676182 1.8433905528342265 0
0 0 -1.6815795175260262 -0.6019892922081871 1.9614722919246925 0
0 0 1.8165727816406125 -0.6311949302966626 1.9599884835761785 0
0 0 -1.9964014329938493 2.1480292869456954 1.2936447574280794 0
0 0 -1.5783401890332578 0.2029293978778619 1.9937511827100254 0
0 0 -1.7427979582299993 -0.6336636956326358 1.1284014765375734 0
0 0 1.5960768362655813 1.406228471527313 1.9594525953314332 0
0 0 -1.3161508486704965 -0.6067425418963377 2.0399995271217524 0
0 0 -1.5838857868657357 0.6021347076162433 2.0139975279275646 0
0 0 -1.9644032528957747 0.9869445417075515 1.9918008842459018 0
0 0 -2.159946438146923 1.9499262732667269 2.0089913704941385 0
0 0 -2.809235823184596 0.4788860476044903 0.49531461934958376 0
0 0 -0.6084985143312402 -0.6115439602242172 0.8379864923208 0
0 0 -2.2050596156721363 1.2686738607697226 1.9778236893844672 0
0 0 -0.0909415694972262 2.078891109987852 1.1182133270789771 0
0 0 3.112885482994657 0.5653927352670931 2.0135784449357237 0
0 0 2.1113945096246374 0.748484434317432 0.44239170168273767 0
0 0 0.2018488378767107 2.0969509747363557 0.5517385722253623 0
0 0 -0.5083636748660774 2.147651455990422 1.5871351857930003 0
0 0 -1.04548622627494 1.9130823306940405 0.4158641264502625 0
0 0 1.1503089464334968 -0.6088258064975525 1.2795473632309677 0
0 0 0.6418941607997661 1.0351256439445833 2.00324465473613 0
0 0 -0.25435694088558636 -0.4868533309737073 2.033174221248072 0
0 0 -0.4903128461154309 1.080188875778872 2.0342856746524687 0
0 0 -2.2313358833840495 1.8538288420094895 2.045653577024609 0
0 0 -0.16765649106038172 2.1408314795510286 1.7681793711868377 0
0 0 1.0029907004632816 -0.6270646875328543 0.5964162503183857 0
0 0 1.8090112862418923 0.7644687334899274 0.45637420022336217 0
0 0 -2.9064310466866825 -0.5675699202043352 0.83633628237025 0
0 0 -1.1327549898663212 1.1529209767427735 0.4565051672741489 0
0 0 0.5638565901476631 0.33402863798305205 1.9672761249701187 0
0 0 2.3839277610434904 -0.564771433556444 0.5136653505329393 0
0 0 0.33839307742055036 1.219753532139736 0.47531964464578436 0
0 0 -0.09695318552828303 0.03210040878441511 0.4075890292115515 0
0 0 -0.8257747211402409 1.8216438995407145 0.4847098275774626 0
0 0 1.083209707578792 -0.5595625676637008 0.8950173458482358 0
0 0 1.4906828164023267 1.233984974793175 0.44205782092697954 0
0 0 -1.084394975037437 -0.6477696382050331 0.736712629864372 0
0 0 3.098754159673076 0.22462768892703433 0.4898015451812524 0
0 0 2.623901848012964 -0.5830710035642399 1.196924622922158 0
0 0 -2.5365723896918135 0.3098223535892809 2.042459369274631 0
0 0 -1.7500458883197731 -0.6471967292920529 1.8740078193264667 0
0 0 -3.081442366276673 2.072984603612272 1.4873027432626518 0
0 0 -0.9666666203779144 -0.07897486526373765 2.023363575224292 0
0 0 0.8004256925195632 1.571556933656679 0.4126397818186799 0
0 0 2.7738810058498204 -0.6170917752710499 1.764415728914424 0
0 0 -1.7407410442417142 -0.6040148794256934 1.720411889873732 0
0 0 2.890924555403412 0.7041743138547574 2.0340931029654845 0
0 0 -1.0133364355726076 -0.4682470158038674 2.0518543427511915 0
0 0 2.8852164931352364 2.118057016208961 0.580230442174358 0
0 0 1.959776206071738 0.39389579932888774 0.4835725206832022 0
0 0 1.1264356530460073 1.9713789525771575 2.0072386756135465 0
0 0 -0.6810949320067352 1.0101480232242885 1.9558883061004309 0
0 0 -2.2420201787015848 1.635133884392262 0.4627702567870646 0
0 0 1.6497402523717533 -0.5859004211859751 1.4605955057720683 0
0 0 1.0784550511849007 1.9181771022873761 1.984689577071947 0
0 0 0.6239875938718944 2.0841391163560834 0.9341324616023897 0
0 0 -2.4950926850236694 1.5013328261068535 2.0212257811036345 0
0 0 -0.6261236886775938 -0.555871546983395 0.6820639784119589 0
0 0 -1.2165733669972967 -0.5582668932392809 0.6425558028105405 0
0 0 -1.1629410175729318 1.7761582882628495 1.9707638808971386 0
0 0 2.4580971654824246 0.9620727603322969 2.0220170748333577 0
0 0 1.3984008155843553 -0.6365534573934717 1.8108984544451698 0
0 0 -0.559831081754885 -0.2547168783583178 1.9895274578523816 0
0 0 3.039728823684416 1.8708527720260169 2.0283365009942314 0
0 0 2.3967528866393186 -0.13067955401650333 1.9947571574224336 0
0 0 1.6242226345788602 1.152187254982722 0.4265365966741165 0
0 0 -1.084181127468987 2.096366153738514 0.8967821780875671 0
0 0 0.06331723929364141 0.2763096559709177 2.022897900323881 0
0 0 1.5986365157290434 0.3584258904840948 0.42608228774015366 0
0 0 1.7861332011045237 0.07185238856022069 0.48652870288295347 0
0 0 2.07753669758144 -0.5854985681017466 0.6091105333862405 0
0 0 1.4084072572190056 2.0589817389019283 0.7862463940683198 0
0 0 2.572012667040447 -0.6066668213198179 1.9241728660094053 0
0 0 0.6133928560136348 -0.6435180827531868 1.4194562754960376 0
0 0 -0.4956088133765153 -0.2183322522602621 0.4690628741447944 0
0 0 -0.5828912639411827 1.6646174642453204 1.9826277524647318 0
0 0 1.2434813699774176 -0.06887167167281727 0.42675413754600977 0
0 0 1.2697099619602543 2.0929001414868393 0.8454082054230709 0
0 0 -0.17095374505021121 0.3091827309712132 1.973685017110166 0
0 0 -2.2144279470346895 -0.3748965746632211 1.9831366655780736 0
0 0 2.706887406555275 1.6297485797792206 0.40727371626075826 0
0 0 2.8963117709716757 0.23177181977389272 1.994887026547815 0
0 0 -1.2347622321811311 1.3916746759602856 2.024723103705746 0
0 0 -2.454818426914129 1.9168411343603389 0.43925850714335835 0
0 0 0.6510633615945474 0.9654545535355918 1.9587890323728845 0
0 0 -2.9991116758645413 1.0657715321522638 0.47912401042468644 0
0 0 -1.8896813439043456 0.6763721988152411 0.4157185098497549 0
0 0 -2.4109978476395324 0.34182599240748734 0.4541407792215947 0
0 0 -0.62386664417039 0.5457524164665142 2.0166317397217632 0
0 0 -2.13907843895645 2.065767493382675 0.7720750479152312 0
0 0 -2.6201174590407597 0.03392068465756248 0.4652899664849932 0
0 0 2.9420776034109437 2.1179345962862204 1.9449069172326543 0
0 0 -1.3771178212752742 1.918382812968688 1.985993769741098 0
0 0 1.2913494359542872 2.0697921177718785 1.0786183454962028 0
0 0 1.3765809137019653 0.26444804101237274 0.44025651262881216 0
0 0 0.9735587236214611 1.8215153191206788 0.45466592237667314 0
0 0 2.8961141933292263 1.43232006065527 1.9769931145415955 0
0 0 -2.4351325642091055 2.1235356438556976 1.9070262725560596 0
0 0 2.4121425457460193 0.6481128853769944 1.9815979733160418 0
0 0 2.3968482800666395 -0.6120680167249555 1.8569584244785695 0
0 0 0.1522698900931574 -0.10185250862721784 0.40901565998521516 0
0 0 -1.6281098870442683 1.6184773277114137 2.0238827158277464 0
0 0 0.26333897298807907 2.1486695690560786 0.6322133333598607 0
0 0 -0.4738844472573218 -0.6499082691506786 1.8399064237878326 0
0 0 2.92772176146675 1.1615287137072734 1.9952259586080978 0
0 0 -0.09151006864613498 0.9031455923419227 0.437424438000786 0
0 0 1.644963230527038 -0.6175621186316997 0.6144102777106045 0
0 0 -0.7767899874076352 1.5656237215704618 2.0193190615177348 0
0 0 0.8346948837429915 2.077050346372512 1.7755166834474863 0
0 0 -2.003954673982742 2.0697894009993756 1.1549107236977223 0
0 0 1.6071733105840043 2.1299043709800234 1.500086706260576 0
0 0 0.55906002319366 0.5495731937678479 2.0428347306963914 0
0 0 -1.2655933165752935 0.17651148285683815 1.969246513468062 0
0 0 2.913120005370856 2.057596779305694 0.8082349785817388 0
0 0 1.6585482215499505 0.9059931917216928 0.40932783525526917 0
0 0 -1.1450418313682138 -0.6253698861688399 0.732975411991637 0
0 0 -3.1134832947119437 1.6952401204031549 1.965072940979253 0
0 0 -0.05350478925383051 2.112122810216552 1.5099073754642938 0
0 0 -0.3713191528602682 -0.6032903621871895 1.9027940114962507 0
0 0 0.26818441058251175 0.16405066745527763 0.49413894428545657 0
0 0 2.2522378951683955 -0.03217652639467028 1.9959621856034444 0
0 0 2.695572501843552 -0.6022625251980025 1.3787597969887373 0
0 0 0.4542383516816626 -0.5694795979309077 1.472760080737065 0
0 0 -2.8076536124292044 1.7702185311878231 2.0086585738697496 0
0 0 2.3417230047309276 0.2155769673413177 2.0039639173796813 0
0 0 1.6830052166426057 0.3854140568831723 0.4485649878638812 0
0 0 0.9304056659195199 1.7922411989512785 2.0372229730548796 0
0 0 0.18698108557226423 1.8785478967066769 1.9799311780503208 0
0 0 1.5560878054887022 0.09413355801566903 1.9850105851601638 0
0 0 -1.1137496506043258 -0.5622195451732259 1.4594235076364461 0
0 0 2.378013906903422 -0.44827791411260964 2.007404601767759 0
0 0 2.5549057088587412 2.0997098992548233 1.235259572504336 0
0 0 -0.7850248392292527 2.0181168969032264 2.045540637156918 0
0 0 0.29526810678366466 -0.563223884872335 0.8601388378405974 0
0 0 -0.7194285219713774 2.071657136280476 1.390716184986007 0
0 0 -2.012871764456627 -0.007128322832523515 0.44111339170197583 0
0 0 0.432276188672307 2.0782752101303936 1.3217933631057428 0
0 0 2.601952397368928 2.140924568174238 1.986374702517128 0
0 0 2.826827965773858 0.1663667219531204 0.47412052999604726 0
0 0 -1.9662804313458855 -0.6345011608675037 2.0099700610199465 0
0 0 1.2303007172695635 -0.4581083690376959 1.9970791067345632 0
0 0 0.07810354497078498 2.132814856181948 0.8663567496087812 0
0 0 -1.9209905491753119 1.0271149556164223 2.0006270821435264 0
0 0 -0.3956109269009689 -0.6063016463858744 1.11084011648067 0
0 0 2.1220402087486923 -0.1389154110120151 0.48618644144269796 0
0 0 -2.186021907837218 -0.515141387613343 1.9884422509290411 0
0 0 -2.420453977480558 1.794793020763407 0.49508893282237865 0
0 0 1.527489344061749 1.6883811442036227 1.9908365896186178 0
0 0 -2.4951821761211774 1.0843720667696337 1.9736623653703798 0
0 0 0.8266089192471702 1.0155942351907286 1.9549201879425926 0
0 0 0.2450185438601511 0.6550713101973684 0.4390568348703159 0
0 0 2.6158621346992534 0.4076968253635137 2.044475686434032 0
0 0 -1.556266799224004 2.1439364129220646 0.8750573164824029 0
0 0 0.19512385133822852 0.5658891751214006 2.0352415771798116 0
0 0 -1.0717254351296526 -0.5942227056043403 1.6999516720801664 0
0 0 2.100951101349792 2.1045559922517216 0.7459012387663095 0
0 0 -0.7584660177540639 0.4270400611769558 2.0037780560398315 0
0 0 3.0401943359906998 -0.5512063751371035 1.7902538344067986 0
0 0 1.7543019370656872 1.0573066664849362 2.0138468117833477 0
0 0 -0.7449597557554486 0.7234019370166163 0.48574176853154627 0
0 0 -2.4843475352814877 1.7225201581818255 2.037298418339334 0
0 0 -1.2214704013510704 -0.6199718744193468 0.9576919422948736 0
0 0 -1.8682116770515733 -0.5951462209905978 1.5027932778381858 0
0 0 -0.13468553493329694 2.054074542246328 1.6243931493114174 0
0 0 -0.3528195671479928 1.1803756050150314 1.954833892025963 0
0 0 -1.0986978649156343 1.2390068545927309 0.43589289693511457 0
0 0 -2.348035568593366 -0.22811379715138214 2.0392076077517327 0
0 0 1.1482469275975955 1.5557336060028935 1.9811606080898652 0
0 0 1.4377936635390016 2.1215942403109533 1.8859226036477486 0
0 0 -0.5232644244499101 -0.6076524274007771 1.0690720444940744 0
0 0 1.2635169561474147 -0.1222724495899139 0.4908995661152338 0
0 0 0.21024077290993404 2.1126865382596907 1.4404473956722572 0
0 0 0.307515447064016 2.1356921817718226 1.0873974016572028 0
0 0 -0.4788709554987598 -0.6471820889318518 0.5275975203354701 0
0 0 -1.487268710846633 0.23037951778872812 0.4904730259542255 0
0 0 -1.215253497683099 0.12027051133336264 1.985021428229004 0
0 0 -0.4452132516398426 2.088352951101417 1.1541629136762062 0
0 0 -1.5576668244512024 1.2825025946897248 2.03695297946531 0
0 0 -1.7221439861268653 2.09543681857369 0.4408245474031669 0
0 0 -1.5207909415127872 0.5488562323773176 2.0056152216033003 0
0 0 -2.934932484531579 2.1439868028984863 0.4762877285562933 0
0 0 -1.5887257426660064 2.119149680391457 1.0349098564761943 0
0 0 -0.4214708855320879 -0.6309893324403382 1.6652392939760945 0
0 0 2.8317804396966615 0.5583846626685443 2.0454091091958913 0
0 0 -0.581859510013651 1.535780376210764 1.9953758508191137 0
0 0 0.5320308872753521 0.8542833587786802 0.4073038630159522 0
0 0 -1.1386057738174808 -0.22862867386289887 0.47074773370450373 0
0 0 -1.500420969066166 1.4143383302795665 2.021259585291645 0
0 0 -3.1097991059921686 1.582349562632561 2.0337489400929627 0
0 0 2.595178554603356 0.29554418420728434 0.46806253608356596 0
0 0 1.202721829479426 -0.5804588355229077 1.297299089710694 0
0 0 2.3443462580873593 0.05646210308953814 1.9978283117987394 0
0 0 1.0749226834049752 0.23605490920790406 2.004933003713193 0
0 0 -2.351399095362233 0.919319007903074 0.45420144197589385 0
0 0 2.567581878369099 -0.42177768966246476 0.425215344594176 0
0 0 1.573507581730757 -0.3216559433243904 2.0330805072300295 0
0 0 -3.0802779114024004 1.8585248394954752 0.46551954916021165 0
0 0 -2.7321040307570486 0.19549181699090745 2.043617083331487 0
0 0 -1.903610921359667 1.0700223059633074 2.0182148119720633 0
0 0 1.979617955698738 1.7398182956923092 0.4739694044527719 0
0 0 1.5168639461421005 -0.5644840688338983 1.5918223529269593 0
0 0 -0.360324925360481 -0.3743591262068726 2.0332764523504867 0
0 0 -0.1912800150548959 -0.6262502602177229 1.801596575097245 0
0 0 -1.9252925055113483 -0.6390446732564472 1.9735827394693928 0
0 0 -2.9578348356756856 1.8144327301955896 1.973653061415604 0
0 0 1.0990440288281382 0.2904137632798134 1.9847297105919375 0
0 0 1.388031643570284 0.710501523641816 2.0509481544762242 0
0 0 0.4744918443170132 0.03650106396066244 1.9884224357969713 0
0 0 0.5086961939259549 2.099409096089702 0.8529190205249264 0
0 0 -2.893408942462212 2.1371143480171475 1.804768697177584 0
0 0 0.12858592004741576 -0.5619760823945565 1.3547874246863778 0
0 0 0.629849403917504 0.6205747680758751 1.9806744642055745 0
0 0 -1.4842990304242776 2.078180582118725 1.804960144047132 0
0 0 1.4831745158014238 -0.10720741651653243 1.9662310609908735 0
0 0 1.0001375543138549 -0.028728526869125193 1.9723450496922714 0
0 0 -2.6214861365669058 1.421205830240565 0.43719614988537736 0
0 0 1.5883877848046435 0.7395682568009923 1.9839299083124446 0
0 0 2.601076181295838 1.1232400983718351 1.9807092098821464 0
0 0 0.8666088381058756 2.1483694736114733 1.631064637664822 0
0 0 -1.3730328851290738 -0.6396725478616156 0.5649411157022609 0

