0.0029764718 -1.107168 0.8321931
0.61679226 0.49128193 1.8884032
0.112981744 1.1095635 -0.74955684
-0.5983306 -2.00609 -0.62415564
0.091607556 -1.8616728 1.4368627
0.19072925 0.075212 4.632649
-0.7683959 0.005135936 -2.2379906
1.3028193 -0.188556 2.28541
0.0060330248 -1.8480062 2.1983752
-0.7218078 -0.40025768 -2.5742986
-0.10567678 -1.1788572 1.5197955
0.4175984 -0.47641066 1.2400005
0.053926636 1.0632749 -1.0561887
0.08282628 -0.42482355 4.1220126
0.6366573 1.1298474 1.2743236
0.7790756 0.7905116 0.43629724
0.46252346 2.2776332 2.2908344
-0.6315042 -1.9666003 -1.2620776
-0.2124908 1.25756 -1.5617514
-0.29664013 0.11555876 -2.1160808
0.76232636 1.65758 0.15006147
-0.19901586 -0.15137269 1.3682302
0.4177751 0.8472876 0.99821794
-0.1541675 -1.3380871 -0.91089916
-0.48724094 -0.3579926 -2.3329732
0.63152 1.0066382 0.83027214
-0.3387118 -0.10340438 -2.3105075
0.41758388 1.8966569 0.7448171
0.5173648 -0.43454716 1.5751318
0.4816197 0.6641208 0.221016
0.49114537 0.9028067 3.863769
0.27566168 0.96229714 -1.1099972
-0.59802735 -0.30253914 -1.5006225
-0.6744667 0.7272348 -2.0784123
0.7166096 1.4910662 1.834792
1.0754964 1.2824652 1.2031075
-0.22616352 0.7881547 -2.5329757
-0.1582828 0.6506745 -1.8925961
-0.316582 -2.5442388 1.9445523
0.5447519 0.629125 1.2131668
-0.35184875 -1.5443995 -2.2504008
-0.5854588 -1.5796183 -2.4538383
-0.31742913 0.7782504 -1.7156426
0.18279341 0.11755773 1.8805275
-0.4418211 -1.205168 -1.1935629
-0.12944531 -0.31729513 2.8850005
-0.8066116 0.1470881 -3.1146588
1.1902324 0.023167465 1.9372286
0.60349995 -0.5838572 1.5869167
0.51329076 -1.5181096 2.3848078
-0.4434381 -1.6514953 0.34159502
0.749525 0.44217 2.2003503
-0.61312187 -0.59675807 -1.3755976
-0.15744278 1.3520756 -1.7244672
-0.6878658 0.25033823 -3.0747845
1.0748321 0.38767627 1.5599043
0.016096387 -0.47491962 1.5765198
0.067867264 -2.1494539 1.785198
0.38876292 1.7103136 -0.33178586
0.8604229 -0.649902 1.9817158
-0.2902934 -1.0214492 -1.1263211
0.9464225 0.8082059 2.6031172
-0.05294662 1.0997802 0.34667996
-0.53762543 -2.2234795 2.9228814
0.51213664 0.9626568 0.33529848
-0.33101234 -0.31013098 0.8129087
-0.37705824 -0.048810814 -2.842573
-0.58199066 0.6704816 -2.7297225
-0.16968405 -1.2614893 -1.0640471
0.14051 1.5289323 -0.80450505
1.2789105 -0.18812646 1.8735319
0.89331734 0.67987156 1.448003
0.89197904 0.98869616 2.0931766
0.2132685 1.1155354 -0.095566995
-0.9178548 -0.41106862 -3.4590602
-0.5603898 -0.57921904 -1.5563129
-0.44622427 0.096354894 -1.0461267
-0.516414 0.914463 -2.9801242
0.7154246 1.5233371 0.8841934
-0.37346777 -0.10928716 -1.0388439
-0.6229714 0.21119547 -2.395994
1.0165704 -0.09728793 2.097383
-0.7368905 -0.091673516 -2.7182631
-0.39842647 -0.61069685 -2.3104675
0.49536625 1.1079072 0.24303198
-0.46330377 0.31224948 -2.448439
-0.51398844 -0.7572128 -2.2431757
-0.56772727 0.6119827 -3.6113815
0.42093024 2.1319833 -0.36588606
-0.5900259 -0.32174724 -2.3329906
-0.23293129 -0.44582716 -2.0638413
-0.22502269 1.294512 -1.18633
0.95202124 0.0108591085 1.8703321
-0.5632243 -0.01715718 -2.621162
0.18207915 1.5389812 -1.2106436
-0.068545625 -2.5992997 1.3577853
0.80100155 -0.27801332 2.418526
-0.19409327 1.2289721 -2.2600703
-0.24116 0.15747191 -2.4468668
0.15631773 0.56842035 -0.97019976
-0.19336799 0.6923632 -1.7954643
-0.64904916 0.81158733 -3.660617
0.86762804 0.40502 1.7132558
-0.76085186 -0.19486877 -3.97432
-0.4375985 -1.2100035 1.6277945
-0.65982825 -0.689744 -1.0178887
0.1882216 0.78616667 -1.7314119
-0.5604834 -0.43912226 -0.15570024
-0.72109157 -1.8817685 -3.6329606
-0.11900533 -0.9939929 0.5966484
0.20402245 -1.0123297 2.2903552
0.13096817 -0.74867046 1.0272135
-0.16572979 0.7220626 -1.4625918
-0.39651236 0.9721775 -1.7481242
0.80082464 -1.703405 3.441538
-0.45668665 -0.43338853 -2.7453578
0.19261995 0.934627 1.6826695
-0.93471926 0.3841434 -2.744849
-0.097751044 0.040017955 1.4029284
-0.1949973 1.229956 -2.7464092
0.34285334 1.357701 -0.51519316
-0.12155233 0.62942797 -1.0639056
0.20376836 1.6708126 1.7126157
-0.62685597 -0.80104584 -1.0075662
0.64132464 -1.6567576 2.268334
0.45964274 1.1674471 3.4117017
0.30305943 1.0715358 2.8877475
0.021543229 1.5949112 -0.97244203
0.21534504 1.3120725 -0.9635118
0.5737805 0.08584283 1.4952315
-0.34940967 -1.2023178 0.060730267
-0.19990301 0.20521082 -2.4665217
-0.16562966 -0.4660295 -1.8360149
0.27197063 1.2201148 -1.2416431
-0.46198922 0.5537052 -2.4024894
0.08466203 0.9711352 -1.6414822
-0.25624186 -0.5701395 0.7554642
-0.49469075 -0.6227945 -2.6286757
-0.4897594 -2.2465851 -0.7224611
-0.7228874 -0.34360203 -3.6694946
0.27868253 -0.6318094 2.8511467
-0.14207403 -0.45132107 0.37556976
0.04373961 -0.2321774 0.8222824
0.60463464 1.8725244 -0.2446952
-0.3881028 -1.9986385 3.0485895
0.6881872 0.62079746 1.9341339
-0.13772754 -1.1475481 0.6212804
0.007521785 -1.2392511 1.2536417
-0.72758675 -0.8154418 -1.0698274
-0.0705027 -1.7978371 -0.21852289
-0.20391993 0.63743937 -1.1410297
-0.067161515 -0.89217937 1.1734467
0.78001076 0.25538245 2.214001
0.6593432 0.5481219 0.96378267
-0.22693336 0.18654224 -2.3155353
0.9432703 -0.43313375 2.3775096
0.5223106 0.28953212 0.51199603
0.9668007 -0.50515187 1.8878282
-0.31425986 0.38837835 -1.9269637
-0.2868242 -1.9046718 -1.8352543
-0.70529526 -2.8866825 -1.4768418
1.250386 -0.6761908 2.5301836
-0.17756557 -1.0980042 2.509843
0.36874062 1.5111402 4.298689
1.0588864 1.5473839 2.6497624
-0.9005661 -2.1139565 -2.237031
0.13983084 -1.7932321 2.5770948
0.20608726 -1.9237379 1.957425
-0.0057799187 -1.3848237 1.7624283
1.1011374 -0.46119317 2.123692
0.6361557 1.3051212 0.3204713
0.5924012 -2.7384315 2.7345989
0.16310449 0.93760026 -0.8549306
-0.45553848 0.43904474 -2.3964653
0.7668916 -0.51654637 2.171334
1.3762472 1.3604695 1.4056108
-0.52998763 -1.7186972 -1.4065382
-0.11011725 0.17386082 2.3523083
0.3575122 1.5902427 -1.0410899
0.51422226 2.1668553 2.0713487
0.5164531 0.35033256 0.6872981
0.21460016 1.5817944 -1.1631354
-0.60319555 1.1143411 -2.776926
-0.82292396 -0.59088886 -2.6437154
0.14753862 0.9019601 2.5449483
0.8551656 -0.4673384 2.4852426
-0.73950726 -0.86869335 -2.066749
-0.15098552 0.3459361 -1.3753597
-0.4704456 -4.1323586 0.008526142
1.2625128 1.0579829 1.6191348
0.3303795 0.964989 2.9428437
0.0035274476 1.4454743 -1.8498958
-0.06590014 -1.0514127 1.5372069
-0.535147 0.57635146 -2.6115966
-0.509733 0.78695595 -2.6155562
0.42635503 1.2244904 0.35028425
0.67333466 0.012989427 1.9286469
-0.52119476 0.3338899 -2.5426686
-0.018244293 1.5626372 -0.92164856
-0.11772896 -1.10456 0.74415916
-0.25094035 -0.33042362 -2.1129646
0.330749 -1.3291787 4.4123726
0.6767078 0.5693415 1.1717972
0.6605164 1.3047577 0.8112387
-0.4148991 -1.0407512 -1.3076208
-0.3010108 -0.48527804 -0.7479019
0.028839692 1.2579536 -1.3798233
0.7291829 0.9518708 1.1801728
-0.41976234 -0.29697946 -0.21112347
0.47330815 1.9679121 1.4781743
-1.250675 -1.8134736 -4.898295
-0.0075814077 1.0572284 -1.4049397
0.093522735 -1.1271732 -1.6237509
1.3053886 -0.75360423 2.4976006
0.013143822 0.87319773 0.90587085
-0.03154661 1.9210163 -1.740255
-0.43243018 0.07435895 1.5004467
-0.13529435 -1.4402698 1.17078
-0.14005506 0.76414424 -2.066465
-0.3341684 -1.0003195 -0.04746863
-0.52905196 -0.66819626 -2.5654638
-0.5495902 -1.172922 -2.0481248
0.5528355 0.5054526 2.2288163
0.35449472 0.921727 0.16674519
-0.0033698515 -2.3064015 2.019366
0.32153383 1.6824858 1.1310295
0.84860414 1.1982259 0.57302487
-0.6665469 -1.9501251 -1.51937
0.21369196 0.12787537 3.4738698
1.2537916 3.8409092 2.2436225
0.6278631 0.591216 1.0225794
-0.62244374 -0.05383969 -2.8651116
-0.60827726 -2.66939 -0.32572126
-0.34062424 -0.4687198 -2.880276
0.027323505 0.84601676 -1.5787047
0.32673472 1.0899585 -0.48245785
-0.694152 -1.0047036 -2.4692802
-0.62987536 -0.7065156 -1.3479201
-0.7122201 -0.4824964 -0.45993647
-0.98467636 -0.55207986 -1.9387695
1.007761 0.5799399 2.3434558
1.1460388 1.9501708 0.13071705
0.2666042 1.0943044 -1.007315
-0.6654645 -0.74929744 -0.21119983
-0.116552435 -1.2561309 3.1490462
0.31444034 1.6546957 0.30039117
-0.5114895 -0.10483687 -1.809081
-0.06743992 -2.0020373 2.2911417
0.91081756 1.9490777 0.54274553
0.18954594 -4.01809 3.7252126
0.4261448 1.8865079 2.882963
-0.28065997 -3.741253 0.31686354
0.15223238 1.2080004 -1.5376778
-0.011038124 0.34715447 -1.5668541
-0.13100459 -0.8694485 2.638556
-0.26213112 -1.3478069 1.7993402
0.08516111 -1.3836678 1.8972032
-0.20920023 0.5063603 3.061266
0.19905023 1.1137155 2.1712186
-0.3902864 0.2743626 -3.1421762
-0.8313486 -0.6221952 -1.1204677
0.6730114 -0.3624476 2.036063
0.0034832677 -0.8272314 1.8891127
0.47684905 1.9852011 2.0491529
-0.15291278 0.30428508 0.9952592
0.73226845 0.057756085 0.8024046
-0.021526786 -0.57795876 1.6358019
0.1173292 0.45384791 -0.5371677
0.17395118 -2.238599 3.749786
0.012809168 -0.20899859 2.1378448
0.16346599 1.3464252 0.016859919
-0.7699823 -0.61246717 -3.0646565
-0.3737044 0.8885775 -1.4120623
0.029207 0.16877079 -0.7466504
0.12050753 -0.31821468 2.3153021
-0.2304783 1.0764574 -1.4029723
-0.50943565 0.24755263 -2.2524571
0.029203655 0.3730545 -0.65811574
0.50944597 2.0061564 2.7334602
-0.22428492 -0.3040975 -1.2474295
-0.41347906 -1.3656434 -0.79721963
-0.24013053 0.52286536 -2.40662
0.46362138 0.29036644 0.5934877
-0.026988577 0.9341408 -1.1910888
-0.70836586 -2.6830137 -0.97288173
-0.4246333 -0.46478373 -1.985945
-0.6776317 -0.93438995 -0.7582496
0.22208092 0.88782203 4.278371
-0.60857517 -1.5182263 -1.8422797
-0.18134642 -0.32790515 3.575851
-0.8047274 0.9491273 -3.4691885
0.090662085 -0.8245125 2.1185946
1.0422658 0.87564695 1.418579
0.4810204 -1.9460686 3.560429
-0.18767779 -1.787336 0.6838737
0.008482031 -2.633333 1.6532631
-0.3732795 0.6357897 -1.8332603
-0.27183 -2.2816918 -1.5416697
-0.2631729 0.862041 -1.9826607
0.93870294 0.29015902 3.0064607
-0.54013795 -0.3608628 -1.7437941
0.05374324 -1.550466 2.6712148
-0.299124 -1.698766 -0.2654998
-0.16042265 0.015823962 -1.7362167
0.012793829 -2.107199 2.8005066
0.064396195 -1.2292156 -0.5703628
-0.031787496 1.8995117 -1.250272
0.14759319 0.06027444 1.9679127
-0.4908842 1.3173326 -2.6941628
-0.63078463 -2.2209847 1.8947446
0.4287342 0.14161134 2.4586055
-0.47839612 -1.4958552 -0.637992
-0.3575597 -0.3167784 -2.880526
0.12533256 1.3518867 -1.3692358
-0.46557498 -2.3808823 -1.3997248
-0.005007456 -0.7361986 1.8251704
0.094310366 -1.242233 2.1807668
-0.6936957 0.46281043 -2.7351842
-0.80379564 -2.7286944 -1.2675931
-0.26345712 -0.74478954 -2.248335
-0.14956118 -0.77814525 -1.316634
0.45867082 1.635645 -0.5347946
-0.619083 -2.552684 1.1352482
-0.08102416 -0.9689269 2.6664374
0.41905046 1.1945983 0.73043066
1.5852954 0.80054027 2.0273557
0.19047649 0.81104887 -0.9726096
-0.75985175 -0.4952856 -1.0655973
-0.49943736 0.6179029 -2.6969333
-0.4052872 -3.4525745 -1.191754
-0.056107875 0.82338965 -1.0893625
-0.8810546 -2.5837727 -3.7232442
0.7137202 1.7477052 -0.37367088
0.9230992 1.7743293 1.4227846
0.62980705 -0.3938405 2.428444
0.11321009 0.6529399 -0.9939341
-0.41862822 -1.0834854 1.7744695
-0.08234812 -0.1456045 1.1294966
0.43394163 -3.0504842 2.6455286
0.33229128 1.5899669 0.4267437
-0.0755124 -0.8353422 1.763858
-0.430012 -0.6690652 -3.5752788
-0.065047845 -0.9775 0.8921295
-0.18948637 0.24451092 -2.154875
-0.3356958 -0.4902704 3.389181
-0.87438905 -0.7746255 -1.1478904
-0.89556414 1.4928929 -3.6311722
-0.14682648 -0.2519274 1.8443214
-0.6465497 -0.93425405 -1.9029101
0.2835351 2.0254953 0.40268978
0.21368483 0.707723 -1.1348711
-0.73554885 -0.820131 -0.08487512
-0.8002912 -0.93804026 -2.045284
-0.7269431 0.3838703 -3.4945638
-0.081727624 -0.82191145 2.470838
0.55994636 -0.18126048 2.3324635
0.097358875 1.4052601 -0.467877
-1.0042185 -1.4494821 0.252
-0.28732044 -0.7727208 -0.38636687
-0.38821346 -1.4825001 1.1754376
-0.0356576 -0.80086136 0.83160865
-0.08872975 -2.2342932 4.3536925
0.61402845 0.16273628 1.5785478
-0.42394873 -0.24793033 0.9261623
-0.4124299 0.67809474 -1.7760073
0.8057762 0.2811656 2.4346573
-0.3518595 -2.6941884 0.7765078
0.3343583 0.6344942 0.30959287
-0.5688281 -2.2516332 -1.6385986
-0.062104795 -0.7494642 2.0261483
0.61370516 0.34421614 0.052579336
-0.36000475 1.1957074 -1.883282
0.6426682 1.1308954 0.4702079
0.057373673 0.5480643 -1.0699799
-0.4613204 -3.2350824 2.0662982
-0.5514144 -1.9293354 -2.3481884
0.5732614 0.72060263 1.9036095
-0.7050313 -2.7870247 -1.4981252
0.48698887 1.9827887 2.1869283
-0.19996227 -0.69736224 4.964023
-0.2869452 -1.218908 -0.55471766
-0.26304814 0.4115178 -1.8363107
0.2999966 0.975692 1.901626
0.055269655 -0.76237726 1.7361559
-0.0805685 -0.81690234 0.59143674
-0.32751736 0.14525405 1.1810796
-0.656394 -0.74095076 -3.717381
-0.90652746 -0.3544135 -2.3786366
-0.13726582 0.8258475 -1.5600387
0.07146214 0.55740815 -0.68199414
-0.1868378 0.9293043 -1.3884745
-0.65503734 -0.09202433 -2.5406744
1.5104237 0.043287456 2.5008397
-0.49981275 0.581309 -2.0748017
-0.1105132 -0.04389729 1.6713604
0.024894074 -0.9778401 1.8619919
0.59135073 1.473095 2.0995216
0.7971993 0.80549586 1.949043
0.3261192 1.4643164 -0.9481006
0.46062645 1.5562 0.3391025
-0.59373176 -1.98743 -0.79681903
-0.16593242 0.8936364 -1.9470149
1.1755508 0.22092004 1.5477245
0.82980305 3.4378777 2.0934854
0.06817286 0.49777716 2.9105814
-0.89423126 -1.4480945 -3.8773859
-0.64271724 -0.58116686 -0.027140364
0.017376678 -1.2141913 -0.66154003
-0.11230751 1.3084046 -2.5042915
0.28115234 1.4079388 -0.015382515
-0.24375285 0.6538515 -2.1409032
-0.50435394 -0.05867388 -3.670492
-0.40462366 -4.3758025 0.57349676
0.3799223 1.5415878 -1.0870497
-0.6603884 -1.7530801 -0.97671324
0.47495466 -1.7025656 2.8271937
-0.68526834 -0.28732607 -2.4342854
-0.31318885 0.41858572 1.7420204
0.22674277 1.0073382 3.034782
-0.24231847 -0.5964838 -0.37863335
-0.592278 -0.41472626 -2.3126395
0.16787152 1.3071295 -0.6403717
-0.08593516 -1.5873522 0.75558174
-0.70892507 -2.039424 -2.7307985
-0.12673518 0.47475538 -2.5410008
0.35907263 0.7777338 -0.1826924
-0.731305 -0.5867623 -2.4893565
0.12085221 -0.33938807 -0.44624335
1.2122189 -0.24009179 2.052428
-0.2696776 -0.4535094 4.844303
-0.49966404 -0.5587958 -2.8661258
-0.23532932 -0.61920935 3.6184628
0.34887615 0.8910287 1.7657213
-0.66130173 -2.057844 -2.9405055
0.7746175 0.61066574 2.4882333
-0.15162645 -1.4910085 2.1215367
0.76159996 0.82209206 2.2318883
0.7820737 0.5072345 1.6954111
-0.73293155 -1.0287621 -2.86408
-0.56715375 -0.25018176 -0.77602595
0.39472896 -0.4425893 3.205963
0.4922497 1.7781447 -0.3619856
-0.81205475 -1.9267446 -2.3998046
-0.51152337 0.60776716 -2.5612774
0.0070539033 -1.4851878 2.7154732
-0.19873428 -2.6239212 0.095167436
-0.011950021 -1.7573172 1.452191
-0.6407053 -0.10256444 -1.5448369
-0.4045715 0.79980606 -1.8863748
-0.40776867 0.22095115 -2.2570825
0.011611642 -0.33255592 1.8057954
-0.5219542 -2.0024881 -1.0085549
-0.44906235 0.9607968 -2.0000937
0.6328421 0.99098736 1.5359951
-0.6203417 -0.62250155 -0.68815
0.7836126 1.4543055 0.6807397
0.08471746 0.33976915 1.4794961
0.4546216 0.5782226 0.88931483
0.46649197 0.9695192 0.2601335
1.0733227 0.8210303 2.4118252
-0.23816676 -0.64414364 3.4851549
-0.055902246 0.69550985 -1.8728151
-0.53772575 1.8002566 -3.0808787
0.033536687 0.30657938 -1.5612222
-0.2795418 0.3088655 -1.5204138
0.51065 -0.4085856 3.3690274
0.39056087 0.90431297 4.1928916
-0.19525616 -0.8545366 -1.5703037
-0.8777612 -2.053936 -2.3549304
-0.31131062 -0.63562214 -0.71091396
0.5785807 1.8042918 -0.025659109
-0.6541739 -2.1820438 -2.0156436
-0.21033196 1.2054409 -1.7677225
-0.90392625 -0.5344442 -2.9950006
1.1353458 0.36617473 1.3360617
1.4009279 1.3631698 1.9006246
-0.53128517 -1.1330695 -2.2495952
0.6670442 0.28695127 0.7132536
0.8503235 0.54451567 0.7717854
-0.8411274 0.059260957 -3.095337
0.47162047 -0.9127208 1.0912848
0.6096797 0.88027537 1.281943
0.15341458 1.2414361 -1.1259663
-0.1836013 -2.7731357 0.019239357
-0.6561618 -0.1311998 -2.224131
0.8193075 -1.6975296 2.5716329
0.07891524 -0.49593887 2.217456
0.26836342 1.0897557 -0.56547284
-0.8217534 -0.35414264 -1.6465448
-0.60689217 -0.6234433 0.64350885
-0.50073844 -0.1161996 1.6736857
-0.48964545 0.3466703 -2.0999393
-0.093619525 -0.73807013 0.6457528
-0.5220509 -1.6710616 -0.5207745
-0.5133776 -2.9593227 -1.3324862
-0.6499368 -0.5934447 -0.16248643
-0.34243256 -2.4819782 -1.030883
1.0454906 -0.009338541 3.3704715
0.17089052 -1.8375422 4.032822
-0.15778923 -0.77640235 1.0193264
1.6595287 2.1520238 1.358587
0.18864477 0.66261286 1.6931447
-0.53391886 -0.9813941 -2.6640017
0.5824408 1.5717846 0.8963722
-0.27050975 -2.2318027 3.0981357
-0.5750092 0.6281931 -2.7034614
-0.019931618 1.5623872 -1.2852556
0.6509684 -0.4632999 2.243364
-0.9961461 0.5251459 -2.9189317
0.89351314 0.7566625 2.1067853
-0.53298247 1.7037638 -2.2158763
0.18809192 0.85490143 3.419254
0.72817045 0.7758361 2.482496
-0.49442342 0.5210795 -1.7571857
-0.30011466 0.7401753 -3.0045428
0.43938833 1.076714 0.5073754
-0.25050238 0.24878179 -1.988541
0.47167888 1.2238375 0.15675552
1.1664383 1.5864381 0.7329135
0.7551004 0.93272984 0.1985052
0.3454519 0.019365193 1.2171252
1.0871187 0.72381604 2.6170554
0.4602294 -2.3699207 3.2866123
-0.09449209 1.2921141 -1.4647084
-0.4134429 -3.3749833 -1.9422019
-0.8159059 -0.5527893 -2.925619
-0.1554339 -1.9066722 -0.52643317
-0.45296335 0.25389245 -1.6874627
0.027609194 -0.7032884 2.7489657
0.19637738 1.199699 -0.93670845
-0.45523095 -0.8806504 -0.69760233
-0.1990468 0.94212717 -1.7857913
-0.23852706 -0.1379963 -2.9866726
-0.19427897 0.35587925 -1.7561703
0.09084702 -1.1278797 0.46045962
-0.69752634 -1.1376066 -1.3754156
0.19490178 -0.51318157 2.4789042
0.06413006 -0.26720926 3.0977626
-0.53703547 -1.7701428 -0.2836113
-0.50028235 -0.6520023 0.050792594
-0.25517866 -0.5151945 1.8879012
-0.6227918 -2.8077457 -1.0909113
0.39452463 1.8529195 2.0619755
-0.6708578 0.30110666 -2.8050482
-0.26988056 -0.62782055 -0.50598985
0.7143596 1.3103155 1.0448973
0.7422633 0.04953138 1.911441
-0.39762968 0.16503198 -2.250974
-0.032122415 -2.636697 2.4449525
0.89870346 -1.2234496 2.516632
-0.674473 0.8568524 -2.4048102
0.7760052 0.69244444 1.8614923
-0.14619079 -0.94491386 3.4610023
1.087138 -0.31686166 2.0862367
-0.28606534 -3.2141445 -0.35375205
1.4321762 1.3534327 1.9706198
-0.50980777 -0.6172704 -0.9885585
-0.38384655 -1.0158306 0.56467503
-0.29458183 -1.9786814 2.783766
-0.31306192 -1.8096392 2.2005491
0.5394281 0.7817845 1.6091864
-0.07616456 -0.87452376 1.6123942
0.87461776 0.5707925 0.8446422
-0.69585407 -2.5529673 -0.27229214
0.46157765 0.36814764 1.5406055
-0.23865731 0.048331417 -1.9368061
0.69541705 0.060520858 2.481564
0.06181419 1.4657402 3.7376616
-0.5810956 -0.3573481 -0.9856362
-0.48572883 -1.0015304 -1.0184277
-0.74055564 -0.7052055 -1.5724661
-0.55942285 1.2326065 -2.855062
-0.32376298 -3.149549 -0.67920923
-0.3643742 -0.42508006 -1.6106619
-0.47981325 -0.92259735 -2.652595
-0.7862917 -0.24020283 -3.1488245
-0.5462829 -0.5834287 -1.582337
0.13882136 1.9726416 -0.3364356
-0.58991015 0.11953645 -2.0196328
-0.3378343 -2.0492647 0.18287693
0.88835984 1.9166996 1.6934125
0.64941174 0.016139248 3.1872666
-0.33318225 0.9297678 -2.0736332
0.28786758 1.7666876 -0.29504701
-0.8815264 -0.38196108 -2.6145885
-0.4910247 -1.9685318 -0.06466904
-0.18417886 1.01728 -1.7521297
0.8422966 0.5102394 0.9247483
-0.61622506 -1.4464827 -1.2056271
1.414067 1.8400898 1.4846742
0.19660759 -3.0062573 2.2282774
-0.4499384 -1.1324832 -1.4007024
1.019766 -0.40557638 1.9143169
-0.46866736 -2.6028743 0.17599414
-0.66970056 0.48340654 -3.319467
0.16684219 0.83948696 2.3761363
0.019972872 0.65906256 -1.0277683
0.8081814 0.25062746 2.435385
0.1769155 1.7494689 -0.4058601
-0.70542556 -0.92772055 -1.8016332
0.2396742 1.0345904 -1.0412836
-0.13284358 -2.6302922 0.754239
0.70670116 0.6630022 2.734348
0.17356758 1.3183886 -1.2976555
-0.28581804 0.18750003 -2.1405396
0.72881365 -0.32446933 1.1955079
0.50775796 2.0029137 -0.006778938
-0.43643752 -1.5720338 -0.98904234
0.0057123676 -0.4511564 2.1361508
0.6641726 0.5425688 1.0755619
-0.4057147 -0.7374135 -2.411711
-0.8268809 -0.9927525 -3.3781335
-0.5407296 -1.2068125 -0.12025053
-0.18198378 1.1588087 -1.2747658
0.81743497 0.45838717 1.8678313
0.38868496 0.77881896 0.06610555
0.8530238 1.4029156 3.521769
1.2108766 -0.10913401 1.8124553
-0.43918744 -0.5225162 -1.6198877
-0.22272126 -2.030479 -1.2134062
-0.95823777 1.0119259 -3.6410027
-0.24824461 0.024449749 1.0276698
0.03715834 1.060639 -0.9433866
-0.28898507 0.5217382 -2.2262154
-0.085760035 -1.4711298 2.6056998
-0.06335323 1.0812718 -1.1298184
-0.5229097 -2.022344 3.5758739
0.4226629 -2.0527194 3.2734685
-0.78158027 -0.59732944 -1.16583
0.1394531 -1.7915792 2.181258
0.23689629 -1.5668312 1.8432595
-0.19684602 -1.872728 2.3740985
-0.24204852 -0.468925 -1.5991052
1.0603459 2.2778459 3.2114143
-0.09576733 0.7225633 -1.6458431
-0.019133836 -0.5443723 -2.2107203
0.9596586 1.8864208 2.3118265
-0.15510862 -3.3895836 3.4109743
0.58481276 0.86183774 2.1106832
0.7829524 1.4546233 1.9861096
0.45253536 -0.9534844 0.8333125
0.109768905 0.45536423 3.1469343
-0.17993878 1.8860074 -1.4332567
-0.3919546 -2.4500282 2.8108974
0.92421216 0.80762094 1.5966474
0.0019207533 -1.1309695 1.4270703
-0.45329496 -0.43168154 0.9585198
0.020524845 -1.9251829 2.0946536
1.2396718 -0.32334286 2.2146986
-0.2667064 -2.2797818 -1.5070635
-0.089751706 1.5124558 -1.0822669
0.01483698 0.79819745 -0.9328252
-0.33086166 0.7031093 -2.2691445
0.17437148 -1.7148104 1.9084253
-0.7922498 -0.96476203 -0.11322617
0.0072561163 0.6525827 1.4062408
-0.1716077 0.41616917 -2.5880628
-0.23538736 -1.1410328 -2.1279788
0.5357258 0.66237134 0.36273333
0.13558693 1.2282457 -1.8843358
-0.7231942 -0.93280226 -0.809545
0.93455714 0.97021246 1.8052409
0.23655505 0.12512508 2.2968745
-0.5004743 -0.2286808 -2.40118
-0.6775799 -0.76868534 -0.35831562
0.47878453 -0.52976406 0.86517805
-0.4995218 0.25099555 1.9776458
-0.0275629 -0.17314634 1.8291547
-0.667387 -0.2751502 -3.760012
0.012594819 1.3561012 -1.7975324
0.8733536 2.218916 -0.173563
-0.55609643 -1.4689041 -2.662232
-0.53082174 0.7139665 -2.544463
-0.44632143 0.91308796 -2.053547
0.15043984 1.1558869 -0.48520082
0.09689586 1.0671217 -1.7789752
0.2026023 0.32832143 0.56652325
-0.17350225 -1.8463343 2.634189
-0.84073967 0.3554705 -3.0294986
-0.047403764 1.3167417 -1.042307
-0.48421097 -0.06295236 -2.1194558
-0.6153241 -1.9432119 -1.3248303
-0.7008151 -1.3169031 -2.2022293
-0.33313802 -0.31221488 1.2587492
-0.4226686 -1.1804029 -0.3202942
-0.6820597 -0.5934321 -0.44222292
0.29620817 1.1192011 3.0507355
-0.016286584 -0.2019544 1.7446859
-0.5713902 -0.41657448 -1.0462946
-0.017010493 0.3082416 -0.17869838
-0.47088692 -0.6071311 0.5305573
0.2023637 -1.5988258 3.5267398
-0.695117 -0.63658535 -1.8749589
-0.5441032 -0.6201839 -1.4520687
0.02870825 -1.8987043 1.6708943
-0.7865991 0.5239495 -3.2433493
0.64828694 0.6438919 1.8427985
-0.7446127 -0.61440504 -1.7510291
0.25158495 0.9462415 2.5707695
1.2776619 1.0685788 3.477363
-0.13740467 -0.7258583 0.9521743
0.16559108 1.0769131 -0.9460259
0.54722935 0.33221707 2.6517193
0.19868907 2.132642 0.08499213
-0.08934244 -3.6566083 3.8354027
0.6544693 0.3991259 1.7692901
-0.7880353 -0.6228327 -1.7155664
-0.8302162 -0.7429308 -1.4271799
0.2893176 1.2086818 2.1049016
0.051009215 0.7771289 -1.8897065
1.3465394 0.25248805 2.2588456
-0.06516533 -3.025174 2.1455762
-0.33153892 -0.020645946 -2.1401944
-0.049681302 -0.18390311 1.9008242
0.08494217 0.08889973 2.5231826
-0.3668361 -0.18685578 1.0642834
0.9727397 0.99741894 2.1375678
0.37137577 0.46665907 4.850502
-0.08769734 -2.1447093 0.6590218
0.5655897 0.39806303 1.1747137
-0.6083932 0.29882786 -2.9348366
-0.7971798 -0.28094292 -3.2242062
-0.33955535 -0.43606374 -0.5626241
-0.8023146 -4.0481067 1.4319162
-0.68221295 -0.2645298 -2.2011318
-0.563856 -1.6946555 -2.898934
-0.21449833 -1.197674 0.7919933
-0.24202153 -0.5138642 1.1340841
-0.26442173 -1.7222451 2.9736886
-0.42022577 -0.57680804 -3.0242305
0.18229593 0.8961806 -1.3493669
-0.013472071 -2.2570174 3.2198908
0.0779732 1.5122477 -0.5701901
0.6176098 0.47869784 0.59317815
0.09004561 -2.2467186 2.0078752
0.02822393 -1.880113 2.4450347
-0.46344778 -0.47375318 -2.7660244
-0.6879793 -3.1214871 -1.3026341
-0.6477593 -0.631702 -2.9578187
-0.06293648 1.3705953 -1.3545263
-0.5942278 -2.2894492 -1.8529207
-0.6009863 0.44467932 -3.2006018
0.5625867 0.7155862 0.9060872
0.4757157 0.24445455 0.3055312
0.07831073 -1.3040352 3.2921014
-0.053637154 1.1582931 -1.137803
-0.64268583 -0.6306723 -3.1981711
1.4650396 -0.6534047 2.505129
0.30161145 2.466835 -0.5782252
-0.73306954 -0.72760296 0.09385998
0.19017097 0.14454806 4.0954795
-0.7470003 -3.0651038 -2.9557176
-0.29231668 0.6627593 -1.6729605
-0.34888464 -0.02293866 -2.2756472
-0.09156114 0.6342247 3.4700656
0.7417484 -0.6716117 2.2223496
-0.24957189 0.9185577 -1.39932
-0.3864059 -2.1560538 -0.55460167
-0.45735678 0.66542387 -2.1591203
-0.28196642 -0.3311016 2.4197319
0.03758058 -1.6570936 1.5866787
-0.23527409 -1.6724943 3.1040387
-0.51926506 -1.6210638 -1.2007538
0.1575114 1.1363512 -0.96423805
-0.16500449 -0.36732894 -1.2755827
0.4785633 1.0903279 0.74432784
0.4626245 0.7924965 0.07201382
-0.2707705 0.03414731 1.1201732
-0.17746285 -1.7857864 1.748537
-0.5474288 -0.93214333 -4.2354054
0.06301619 1.1053605 -2.0037558
0.049738992 0.038390037 1.860879
-0.38513416 0.9551136 -1.9245442
-0.035974216 -1.6586665 3.0809133
0.45239392 0.21418037 0.6758216
0.44575542 0.7248073 0.3832745
0.85551107 0.90266484 0.77750045
0.342971 1.6341732 0.2701194
-0.9823772 0.10134016 -3.7367527
1.7257723 0.40524033 2.3221393
-0.66073066 -0.78925407 -1.203952
0.24171092 2.0448167 -1.1251333
0.014064895 1.1949693 -1.060022
0.5309619 1.168847 0.6067234
0.11096869 1.3733518 -1.6340555
0.024513599 -1.0505157 0.9536237
-0.069613285 1.5326807 -1.4562252
0.83432 -0.40796927 2.7397137
0.18591054 0.4339974 1.7692821
-0.8445879 1.031781 -3.644673
0.48975858 -1.685357 3.540485
-0.6267991 -0.33526453 -2.5034957
0.45188716 1.543102 -0.4831534
0.65007436 0.682962 1.4370807
-0.24579763 -1.147752 1.386969
-0.14050905 -0.34383076 1.3759987
-0.45168808 0.09035694 -1.4742453
-0.35503742 0.25375226 -1.1133538
-0.627196 -0.41261557 0.8026333
0.23572125 -1.4506862 4.257817
0.7344674 0.19909053 1.0340173
-0.46700305 -1.3165178 -0.81551445
1.0600165 1.9637998 3.7042623
-0.4403061 -0.44974688 -2.6373787
0.62741214 -1.4680053 1.5523075
0.75416195 0.41574296 1.7834526
-0.27886805 0.34157738 -2.6728206
-0.479953 -0.3841021 -1.2771757
0.05281995 1.0380208 -1.7851632
-0.6390354 -0.6286944 -0.7390377
-0.31380177 0.20182571 -1.8405868
0.757206 -0.1278455 2.3180509
0.9852971 0.7314731 1.2242929
-0.6675324 -0.62886614 -0.49503928
0.290548 1.4359043 2.255501
0.78726894 2.0487838 1.5322727
1.5246836 0.7616373 1.9142172
0.016776329 0.3938561 -0.97076863
-0.013261714 1.4177872 -1.4049999
0.6655057 -0.8546179 2.0643249
0.762023 2.1748767 -0.1352738
0.04761476 -0.17416017 2.4142156
-0.9290913 0.19699113 -3.7097752
0.101014964 -2.372376 2.2088306
0.56680304 0.30467945 1.3173997
-0.5556973 -0.36353803 -3.1237373
-0.45779148 -1.5026826 0.07308881
0.3671034 0.2864034 -0.13093543
0.46733972 -0.59131926 3.7265651
-0.5405592 -0.57201385 -2.5560443
-0.31223267 0.6791082 -1.973441
-0.031247308 -0.34657994 2.2533565
-0.6134628 -0.5120641 0.46474144
-0.52543086 -2.1717935 -0.21498193
-0.69566494 -0.5483369 -0.0919918
-0.52658314 -1.1099844 -3.1533923
-0.73468775 0.13695273 -3.111313
-0.5103799 -0.26514134 -1.3978783
-0.4033615 -1.2399505 -1.6336836
0.71105665 -0.8552776 2.7419872
-0.37107107 -0.6837148 0.6843445
-0.4068647 1.2205007 -2.4768784
-0.38165665 0.6067365 -2.0182407
-0.1912189 -2.2464087 0.8909044
-0.8824166 1.4181125 -3.6204371
-0.4041912 -0.53807455 -1.7258047
-0.18325268 0.3004673 -1.5642259
-0.6609869 0.16806963 -3.299637
-0.21221133 -0.40514308 2.3469079
-0.05085795 -1.6772985 0.98090905
0.19630636 1.6164992 0.047396153
-0.54565126 -1.4705894 -0.35162514
1.0496082 0.18820044 1.3898408
1.0141251 0.036122236 1.5961198
-0.5518718 -0.2650659 -2.8017108
0.051097743 -2.9577878 1.7580105
-0.309025 0.084064655 -2.9408772
-0.059308905 -2.116705 0.97345287
-0.03588575 -0.25770932 -0.99037415
0.001944146 -0.29651722 -1.4063963
0.21835251 -0.70607746 3.5432441
0.4847959 0.8481639 -0.30971068
-0.20744489 -2.110624 -0.5573963
-0.16074435 -0.9307572 0.67745465
0.8102824 0.27074474 1.7350007
-0.19411139 0.747121 -1.3693056
0.3930609 0.4371603 1.6133085
0.22491595 1.1548045 1.24677
1.0644094 1.7681882 0.5402867
0.12264454 -1.847659 1.6405354
0.6288479 -1.2135028 2.5303113
0.9061827 0.9664558 0.6275576
0.024548262 1.1707745 -1.7413995
-0.32561436 -1.9436499 1.7361853
-0.51119846 -1.0345032 -0.4697873
1.2681512 1.2828428 3.3406384
-0.8227143 -2.7796552 -2.2884846
-0.20371866 0.65693706 -1.3316547
0.86756027 -0.9335543 1.9537643
-0.14000262 -1.8768688 1.9776257
-0.8380961 -0.87377185 0.062018692
0.210392 0.8420524 -0.30263424
0.92937785 -0.13231885 2.8715174
0.21610625 0.91319513 -0.9254604
0.6534442 1.1009477 1.8300021
0.16832073 -0.34809676 3.7089238
0.6685317 1.2749587 2.153446
0.00491158 -1.0707319 2.421594
-0.45646924 -1.4670321 -2.7095802
-0.15387212 0.4656286 2.9150205
-0.018127395 1.2337142 -0.7756797
-0.4822137 -0.9386625 -1.0778744
0.8138293 -0.5161522 3.4099298
0.011665635 -1.9625658 0.8766063
0.88830805 -0.843278 2.5931702
-0.20183407 -1.0805627 0.65240324
-0.48304385 -0.2816848 -3.3403003
-0.3406339 0.1539946 -1.5373436
-0.36602232 -0.5933428 -0.63844717
0.1405104 1.1327814 0.8056564
-0.4929894 -1.6595169 -1.7811708
0.7173738 1.024905 0.49439862
0.31640688 0.98050314 -0.499464
0.055732124 -2.5591073 2.4105172
0.58165437 1.347985 1.9616795
0.13640109 -0.8595886 1.9923834
-0.13192843 0.8827384 -2.1247177
1.641859 1.1592377 2.5160146
-0.30919975 0.0524758 -2.129341
0.63660544 0.9971523 1.1861202
0.05976258 0.85344875 -1.7558239
-0.66316277 -0.4719027 -2.041213
0.2034776 1.3514582 0.48141113
-0.7249388 -2.4486845 -2.2405305
-0.35269156 -2.2881262 -1.90693
0.43726245 1.2483999 1.0324423
-0.053905156 1.0527786 -1.2160715
0.1591728 0.69574976 2.3365462
0.6128047 2.069952 1.9981657
1.0805103 1.8150393 2.1504598
-0.17585765 -1.2095728 2.0593846
1.0037239 2.844193 2.6856015
0.2795805 2.0845265 -1.6060903
-0.58300894 -1.0258323 0.44055966
1.1182125 -0.47284323 2.064994
-0.37050262 -0.86903846 -0.30906942
0.4600853 -2.4951026 3.7014484
-0.3017153 2.0229886 -1.7569968
0.15377903 0.07441633 3.6280887
0.06437873 -2.0513904 1.5277824
0.14683163 0.6721393 -1.2258987
-0.43951306 1.4931523 -2.7350497
-0.35107797 -1.0648618 2.6253908
0.40388355 0.09437054 1.7706782
0.39487496 0.87719935 0.36356565
0.20681617 1.6163561 -1.0202538
-0.328727 -0.14102997 1.2689916
-0.3222296 -0.061732363 -2.4005623
0.17471576 -0.6473166 4.587396
-0.05893335 1.0724128 -1.5314312
-0.62199926 -0.32468918 -1.204945
-0.35433468 -2.2771003 2.1267428
0.02342571 0.67355555 3.5130882
0.20842756 1.3646135 -0.4499608
0.21971795 0.9049166 1.9636247
0.3215712 0.8932784 4.6555495
0.012489953 -1.0025584 0.07035986
0.63855994 -0.07945425 1.2610948
0.9512205 -0.39013132 1.941588
-0.5080108 -2.2419622 -0.048729744
-0.55781126 -0.02045803 -2.9437053
0.04022714 1.3488648 -0.62294436
-0.7547917 -0.7906099 -1.5024403
1.0942698 0.4204752 1.5441782
-0.17368653 1.1248447 -1.706702
0.7828326 1.9057835 0.031346384
0.9180617 2.1842666 1.2868173
-0.43830687 -0.2810697 -2.5010152
-0.16532971 -0.31944314 0.6253126
-0.51892024 -2.320483 -0.055620946
-0.015121539 0.82710594 -2.3952477
0.017998682 0.91540545 2.0010064
0.15060996 0.48748487 2.3437152
0.5413199 0.6168826 1.4406157
-0.14735056 -0.106020875 0.58178836
-0.78594625 -0.7722453 0.7554818
-0.15964596 0.12382216 -1.4642656
-0.73246586 -1.3019785 -1.9706105
-0.87004346 0.1347492 -3.3123794
0.54096353 2.253394 2.9808934
-0.4917522 0.5765056 -2.7360318
0.041626133 1.3451155 -0.9488988
-0.29743716 -0.1979133 -2.4404178
-0.66889316 0.61679494 -3.5108025
-0.17686453 0.47680956 -1.7607229
-0.019600173 -0.64443177 0.5676302
-0.74331087 0.28233674 -3.0661035
-0.05279741 0.79782933 -1.4723893
0.08928202 -1.648446 2.560148
-0.95902383 -1.2366774 -1.3605335
-0.083190665 -2.8174634 1.667916
-0.59927213 0.65529287 -3.277581
0.16094622 -0.69086796 2.0342574
0.0059280577 0.8350846 -1.3982536
-0.38470036 0.66063774 -2.2645757
0.24814817 -1.6728727 4.285224
-0.15851359 -0.43851572 1.2152745
-0.659118 -0.6787976 -1.0235244
0.3537819 2.012097 -0.9864585
-0.3917668 -0.89561033 -2.7689035
-0.070151284 -1.1334287 2.3189237
-0.11626603 -2.8069615 1.2551144
0.07470644 1.1629955 -1.1555527
-0.8126264 -0.6582877 0.036371388
-0.106870905 0.2871507 2.1755223
1.557316 0.14244285 2.5488207
-0.30854613 1.4785935 -2.5991375
-0.47871286 -2.2580578 0.9985165
0.19594052 1.2614248 0.791444
0.4002084 2.029643 -0.55141723

