-0.18616602 -0.2543603 0.14001651
-0.06822701 -0.58761746 0.25454363
-0.16219579 0.60950375 0.43980628
-0.583749 0.884175 -0.5006194
-0.16742505 -0.74988717 -0.096027546
-0.37951538 0.5656652 -0.10647076
-0.29027718 -0.49945888 -0.25100818
-0.14156406 0.2904097 -0.23568368
-0.5960521 0.6247775 -0.06667111
-0.7355648 -0.53694975 -0.03819573
-0.1818007 0.701887 0.38621372
-0.51802915 -1.044972 -0.5490781
-0.19454455 -0.67991406 0.11143136
-0.18181114 -0.62576514 0.2462138
-0.04337632 0.56954724 -0.16202578
-0.17194273 0.64290434 0.33897278
-0.052004006 0.70886314 0.16440547
-0.1746068 -0.36110145 -0.013782248
-0.40759954 -0.4554146 0.1112457
-0.49754113 0.69979304 -0.05722538
-0.24275646 -0.7188989 0.12210924
-0.70488966 0.5675456 -0.07724931
-0.21183775 -0.35285243 -0.10913919
-0.49222773 0.7244981 0.25047782
-0.14514926 0.5394696 0.58044404
-0.6010846 1.0756778 -0.30852604
-0.93077844 0.11295529 -0.62644434
-0.609659 0.5038025 -0.22248092
-0.2060214 -0.6836764 0.11919098
-0.22992429 -0.03290301 -0.058276318
-0.2464534 -0.47339335 0.39223894
-0.34680864 -0.9024131 -0.41055778
-0.25621518 -0.6827612 0.19264057
-0.078157544 -0.18133028 0.110585466
-0.38601562 -0.93736964 -0.32797235
-0.3122959 -0.8960424 0.12973595
-0.7336179 0.6363689 0.08553014
-0.21590997 0.43820766 0.23873696
-0.57225436 0.74330705 0.020902472
-0.27182806 0.17628412 0.19077742
-0.09042646 -0.54608256 0.15704982
-0.43442506 0.58812517 -0.04168876
-0.7138287 -0.53872544 -0.55122775
-0.2606674 -0.5338503 -0.116171815
-0.3358941 -0.62346655 -0.0627215
-0.43860102 0.56189287 0.051264968
-0.66318667 -0.4451398 0.08987858
-0.07919588 -0.55696625 0.16577017
-0.244663 -0.630083 -0.025990842
-0.21544841 -0.62622786 -0.15664792
-0.32454273 0.5615024 0.07924684
-0.17188357 -0.75982153 0.22060074
-0.40621534 0.50552374 -0.07809266
-0.03762061 0.059251156 -0.024942596
-0.35785574 -0.9583715 -0.1873647
-0.24246784 0.45987526 0.5744871
0.0008660044 0.13117135 0.16942927
-1.0327361 0.16915731 -0.8338048
-0.20668586 -0.63160795 0.20062041
-0.55563796 0.64378315 0.021269234
-0.43237463 0.83972156 -0.10139944
-1.1820354 0.5370871 -0.9559084
-0.6915216 0.73579353 -0.16187851
-0.43026993 0.13990143 0.37094405
-0.2822513 -0.5800503 -0.17488916
-0.21768881 -0.5652889 -0.11911905
-0.2594561 -0.7239933 -0.20244607
-0.30901903 -0.87521106 0.1328532
-0.34232694 0.9070821 -0.20170672
-0.75467926 0.64339167 -0.3663815
-0.60991514 0.6993327 -0.034646723
-0.25985754 0.24848942 -0.05550458
-0.44242945 0.01898308 0.020704435
-0.06976296 -0.03136998 0.1727718
-0.26526994 -0.5412508 0.14770797
-0.5906361 0.78095186 0.04689942
-0.21652076 -0.25582716 0.0726384
-0.42642808 -0.87576073 -0.21361165
-0.094143376 -0.3034368 0.2941963
-0.3170814 -0.3890935 0.10031127
-0.3933887 0.52158135 -0.06435608
-0.48593488 0.11070871 0.009820695
-0.34289193 -0.08864951 0.22309972
-0.506766 0.34457788 0.16066016
-0.46245882 -0.87630874 -0.32321075
-0.22447571 -0.586946 -0.22606409
-0.58090645 0.43289134 0.021721188
-1.2890854 0.43154716 -0.8583722
-0.5926422 0.94908863 -0.19246128
-0.31876454 -0.42539555 -0.25971645
-0.25912786 -0.45733625 0.26890835
-0.11289618 -0.82890433 0.048938297
-0.05999034 0.47422293 0.24981281
-0.18179616 -0.17121427 -0.19066752
-0.88921505 0.58221257 -0.61822176
-0.25062665 -0.5296503 0.5684243
-0.42182544 0.6788172 -0.18670182
-0.27621898 0.4898589 0.18695912
-0.81872165 0.7747975 -0.5000611
-0.10580037 -0.4347573 0.17860472
-0.21697487 0.309053 0.0011159772
-0.38159314 0.4285937 0.08866618
-0.41914615 0.5915375 -0.010637029
-0.5307805 0.639824 0.023724863
-0.26140293 0.07121219 0.050046556
-0.6044721 0.77883106 -0.14794934
-0.42692608 -0.9182691 -0.35323554
-0.5373824 0.75271237 0.19335695
-0.14216793 -0.756864 0.10094028
-0.5842642 0.8582748 -0.13752617
-0.061600495 0.3825726 0.24386884
-0.6048539 -0.55671626 -0.2363213
-0.07195507 -0.4681361 0.3228201
-0.5435312 0.74032724 -0.10186857
-0.3426134 -0.533991 -0.53629845
-0.16183881 0.29009372 0.16809885
-0.1427796 0.28927985 -0.029634336
-0.307496 -0.5290309 -0.25018188
-0.28950962 -0.7094435 0.14030679
-0.68921185 0.10319001 -0.6531536
-0.14402798 -0.6433445 0.08957205
-0.4208796 0.3228543 0.20978148
-0.43740466 0.25957128 -0.124952875
-0.3825865 0.53394735 0.17263533
-0.663695 -1.0716971 -0.28910717
-0.43594036 -0.014050162 -0.20378987
-0.5234612 -1.1284778 -0.4026191
-0.082545355 -0.655675 0.17604402
-0.2964158 -0.21761799 0.11167038
-0.26746392 -0.36609674 -0.1567037
-0.40825066 0.6133589 -0.07875746
-0.02355821 0.33564013 0.19357859
-0.2755246 -0.5738578 0.052420344
-0.24846828 -0.2184243 0.36161634
-0.5623582 0.7814449 -0.1348185
-0.43297118 0.66193026 0.010020583
-0.6124884 0.7966319 -0.4198278
-0.44340786 -0.84096235 -0.5194597
-0.577025 0.95544016 -0.17863686
-0.45303768 0.16364072 0.39288267
-0.42141172 0.45198798 -0.07379134
-0.3010883 -0.6812777 -0.16989899
-0.22545615 -0.38701743 0.03073894
-0.7641488 -1.0424342 0.06810941
-0.58897823 0.50353485 0.057126727
-0.6410643 0.17967303 -0.5300928
-0.48606545 -0.39646986 -0.170581
-0.072726585 -0.091616705 0.124058716
-0.36318132 -0.9643945 -0.16111016
-0.87887746 0.9612942 -0.5952798
-0.8551985 0.45268157 -0.3807927
-0.3099106 0.17087439 0.38861153
-0.33002666 0.4027868 0.06427475
-0.2841172 -0.37900063 0.4358185
-0.34697312 -0.61246365 0.20998542
-0.18075342 -0.3072097 0.08854119
-1.1132362 0.4911935 -0.6908
-0.21694827 -0.6885517 0.2564527
-0.49362835 0.73371315 0.021958444
-0.29509714 0.2689733 -0.05199768
-0.06976849 -0.6546076 0.21812816
-0.22972679 -0.54292405 0.098386884
-0.55055493 1.0393994 -0.32851434
-0.7784966 0.5613895 -0.31297755
0.014967606 -0.04144842 0.27642256
-1.1897738 0.6835283 -0.8415366
-0.048807446 0.584288 0.096517965
-0.33578116 -0.5394568 0.0520897
-1.0820723 0.5201343 -0.8489463
-0.40356615 0.16301973 -0.06575245
-0.29339534 0.1651765 0.10527551
-0.6057158 0.5576707 -0.03397902
-0.5719932 -0.56106097 -0.7566968
-0.24317658 -0.34431747 -0.19887295
-0.24109331 -0.44240326 -0.0051035727
-0.4896853 0.6262147 -0.24542595
-0.4828736 0.4809042 0.40726966
-0.3084821 -0.104759 0.1919323
-0.34366298 0.3155773 0.1216196
-0.18426275 0.41289955 -0.088954724
-0.41111374 0.51686126 0.14328642
-0.33509764 -0.977645 -0.064185284
-1.1924036 0.4732735 -0.99968237
-0.17421421 -0.697609 0.18525307
-0.41690022 -1.0304873 -0.060646243
-0.97926384 0.9051952 -0.64812994
-0.4202052 -0.37733245 -0.25859138
-1.1448135 -0.15359223 -0.45819864
-0.30554542 0.102699704 0.10274954
-0.27652907 0.3966773 -0.026503788
-0.7277022 -0.9277397 -0.08626573
-0.28634685 -0.7932847 0.006590064
-0.5614393 -0.92715687 -0.36580697
-0.33989063 -0.59235364 -0.15661542
-0.68295085 -1.0220457 0.119206354
-0.38634413 0.12396763 0.15495665
-0.38896397 0.23554228 -0.16416456
-0.3868081 0.4890921 0.02004314
-0.109590754 -0.57512087 0.10500617
-0.25111258 -0.68111914 -0.090818666
-0.22402878 0.65683806 0.22310917
-0.85668534 -0.6451166 -0.02716032
-0.67380536 -1.320505 0.11273281
-0.26868978 -0.8926622 0.07638014
-0.556839 -0.061516847 0.0868338
-0.19284992 -0.44028947 0.3044259
-0.16412239 -0.47376135 0.16333707
-0.6096257 0.4676102 -0.14832903
-0.3379343 -0.2302697 -0.010799919
-0.5475326 -0.39552665 -0.046246905
-0.91763675 0.34032422 -0.6482864
-0.47032526 0.89318186 0.25854582
-0.7025588 1.1317655 -0.26096064
-0.33596554 0.3316978 0.10892818
-0.110131375 -0.5904314 0.06815801
-0.3513719 -0.578975 -0.5354195
-0.33026186 -0.97310215 0.1270078
-0.20074382 -0.562625 0.11473127
-0.29711273 -0.31804347 -0.32005835
-0.3724652 0.53843725 0.0071860105
-0.7012934 -1.2194643 0.13056023
-0.5912313 0.69299203 -0.13296498
-0.34715804 0.35643458 0.27432498
-0.5666729 0.5406972 -0.26925564
-0.0071478626 -0.42816085 0.41674533
-0.13223736 0.7981778 0.22831967
-0.4830189 0.48539686 0.051448308
-0.1762032 0.93722683 0.077201545
-0.69316834 0.1854438 -0.26374862
-0.24640681 -0.65530914 -0.16294186
-0.6018534 0.61789083 -0.14607005
-0.09037934 0.04599282 0.03013933
-0.57897604 -0.128135 0.046302203
-0.57444006 -0.41643906 0.28367668
-0.78910226 0.26646546 -0.56157
-0.58013725 0.30392498 -0.18851326
-0.29860777 -0.6749581 -0.12609078
-0.7401863 0.13660625 -0.36926302
-1.0279334 0.3753414 -0.83649546
-0.21997789 -0.6303598 -0.11202248
-0.3306919 -0.47348586 -0.047762044
-0.17894569 -0.46116704 -0.14454113
-0.18749715 0.521822 0.5252721
-0.40797845 0.653519 -0.01420099
-0.43334436 0.6360413 -0.07478101
-0.63407624 0.49735507 -0.005260947
-0.15042157 0.4767301 -0.047072835
-0.14403234 -0.1332731 0.21935548
-0.01606136 0.646228 0.8740615
-0.3272471 -0.4445772 0.09098717
-0.4239716 0.34575924 0.22399113
-0.28561047 -0.51713055 0.031947467
-0.92290175 -0.36076185 -0.18443383
-0.6128307 0.4839702 0.011737225
-0.2873354 -0.5500762 -0.03833664
-0.029977342 0.36604634 0.20083414
-0.14802954 -0.679223 -0.07789027
-0.21342173 -0.7879922 0.15172985
-0.6578466 0.012271466 -0.10418831
-0.50271624 1.0265028 -0.27815482
-0.29818374 -0.539939 -0.21250118
-0.11811696 0.3149809 0.6506781
-0.33181855 0.40463972 -0.004161501
-0.045898885 0.7022962 0.5569624
-0.37818483 0.30908313 -0.18570141
-0.34836787 -0.44473147 -0.25705615
-0.20972046 -0.3863646 0.04337785
-0.50406635 -0.92288685 0.23463206
-0.31391945 -0.6403488 -0.097417586
-0.7943319 0.55174524 -0.42075965
-0.47884735 0.6737677 -0.06802113
-0.37386814 -0.30058482 -0.240095
-0.24943785 -0.6479388 -0.085375704
-0.33917147 -0.5689584 0.101391144
-0.6401679 -0.17677312 -0.23994203
-0.25980255 -0.32932645 -0.17649019
-0.40332204 -0.08381962 -0.24569175
-0.26389462 -1.1018529 0.031393327
-0.058964975 -0.50196254 0.3147858
-0.6182145 -0.70325357 0.00476472
-0.4522772 -0.6076606 -0.6980605
-0.23800328 -0.44967508 0.26654956
-0.2923974 -0.5298815 -0.010987943
-0.5099484 0.8189264 -0.15871811
-0.47425804 0.37758088 0.0049200943
-0.38729984 0.3663506 0.07999629
-0.35588932 -0.15060721 0.28162095
-0.5117705 0.69994813 0.012395792
-0.30670372 -0.5622429 -0.03756361
0.004521244 -0.24816276 0.38448212
-0.5138372 0.4672305 0.13163911
-0.46433982 -0.082133844 0.038991693
-0.4292741 0.62060606 -0.33519197
-0.70561844 -0.31487888 -0.06669577
-0.07684983 0.22374134 0.11199683
-0.2379314 -0.50947094 0.09956904
-0.26829252 -0.7503835 0.070551984
-0.39481923 0.5075827 0.16955094
-0.22481246 1.0212302 -0.19872718
-0.39375445 -0.038574945 -0.0037102134
-0.56080616 0.6984506 0.14749217
-0.6984743 -0.4948084 0.114954315
0.010174571 0.039875846 0.22760835
-0.15179479 -0.613903 0.18093093
-0.7053488 -0.72408295 -0.01649495
-0.33110186 0.17916597 0.19158041
-0.4755222 0.78004324 -0.28190234
-0.17838998 -0.43440083 -0.0073704836
-0.42344505 -0.37165397 -0.27411255
-0.12470876 -0.72768253 0.06728606
-0.35250255 -0.53962475 0.1966362
-0.35334843 0.28571844 -0.11495846
-0.34491733 0.6200641 0.23531218
-0.6260358 -0.32769537 0.021905648
-0.3526871 -0.3086289 0.27610812
-0.73360556 0.33598015 -0.40261346
-0.7249042 0.78470844 0.014197762
-0.37630743 0.4031911 0.07005971
-0.6257243 -0.6402079 -0.17762603
-0.5485508 -0.46155602 0.079564646
-0.4326276 0.41721937 0.3227457
-0.32483187 -0.4678236 -0.27098712
-0.1856348 -0.7228355 0.022465661
-0.85538566 1.1020874 -0.52894896
-0.39252713 0.46594167 -0.12909974
-0.4109437 0.38251537 -0.028632123
-0.02773187 0.021427022 0.10968955
-0.30665225 -0.29659325 -0.3433955
-0.39316532 0.6639782 -0.010080065
-0.47900918 -0.9175228 -0.24946341
-0.28118613 -0.21793751 0.27736714
-0.17078279 -0.5639426 0.29469258
-0.27142254 -0.6798175 -0.26557332
-0.45440882 0.54529196 0.10081638
-0.926695 -0.6447648 -0.041629016
-0.5401055 0.3601819 0.066107266
-0.104128234 0.2275547 0.24174258
-0.24479139 -0.3488531 -0.17211628
-0.36370927 -0.72589713 -0.32081392
-0.32004517 -0.33598486 0.00011268737
-0.28832626 -0.7405901 -0.20424254
-0.29180166 0.46687502 0.012324239
-0.21753617 -0.28137556 -0.16129915
-0.273251 -0.5500274 0.09194191
-0.13841227 -0.6787592 0.008862566
-0.100699306 0.6510774 0.13080047
-0.44491535 -0.63939303 -0.044099215
-0.58154315 0.36529806 -0.28424928
-0.5911684 0.5656877 -0.23778544
-0.5392968 -0.41628584 -0.6888489
-0.111139126 0.5956454 0.4171246
-0.32897893 -0.36178377 -0.018350238
-0.55222005 0.7370092 -0.02875126
-0.5612627 0.5144038 -0.12138026
-0.41217214 0.515773 0.12521416
-0.68250763 0.82877386 -0.101513736
-0.26834753 -0.8660842 0.019130018
-0.20063375 -0.81623936 -0.0064916513
-0.7459693 0.63511664 -0.23574838
-0.5311874 0.292953 -0.09793104
-0.21783671 -0.09309518 0.092856206
-0.5726077 -0.56484634 0.14549378
-0.68575245 0.5557765 -0.2806475
-0.11737827 0.14367394 0.0031121166
-0.2400959 -0.5993428 0.08033458
-0.45884013 -0.8780571 -0.4264509
-0.6844177 0.65983385 -0.20416734
-0.50012296 0.7482982 -0.08185281
-0.6593847 0.22467048 -0.32879767
-0.5687399 0.65906966 -0.0054143583
-0.452384 0.51284254 0.29707438
-0.46959764 0.4699548 -0.03228895
-0.47344416 0.8800157 -0.2831926
-0.70281404 0.13925561 0.04664961
-0.6735168 0.12227951 -0.6133666
-0.4616032 0.6549229 -0.033751998
-0.75297123 -0.5536172 -0.116778836
-0.20401363 -0.8957643 0.4193494
-0.28528064 -0.32522732 0.2602879
-0.23137692 -0.38062242 0.020516308
-0.43042153 -0.6652791 -0.065659866
-0.5891858 0.7877682 -0.009107431
-0.60923475 0.9282369 -0.22540595
-0.4808672 -0.3848857 -0.39548305
-0.17181803 -0.6390349 0.17853175
-0.16501038 -0.548943 0.33181694
-1.2220043 0.4097367 -0.8431908
-1.0145714 0.28103113 -0.88347375
-0.640236 -0.7058002 -0.6724612
-0.884235 -0.3377076 -0.2760501
-0.8814433 -0.7392707 0.008682773
-0.9621917 -0.25072166 -0.38420698
-0.56725734 0.67598677 0.1866202
-0.52689624 0.68118244 0.05482275
-0.03890607 0.1930132 0.20321138
-0.59512424 0.92273283 0.021989094
-0.13471808 -0.7327944 0.16988608
-0.6226085 0.603921 -0.18076909
-0.45604798 0.08228995 0.4828035
-0.3325892 -0.49289626 0.008349405
-0.42373124 -0.5536259 -0.17401335
-0.09375212 -0.62882173 0.07862167
-0.06464821 -0.40956002 0.16452824
-0.3858473 -0.579101 -0.5499969
-0.9027451 0.0666893 -0.72885096
-1.1017337 0.6161865 -0.7847826
-0.4297636 -0.85540754 0.068681695
-0.35583454 -0.8569912 -0.3781145
-0.46511963 0.64070517 -0.021966929
-1.2266065 0.3450613 -0.7844512
-0.5896223 0.23341313 -0.47051507
-0.51876587 0.6420309 0.0459237
-0.58921975 -0.86389863 0.2564668
-0.4379735 0.76593083 0.15050225
-0.1970511 -0.37360048 0.024176028
-0.13553853 -0.9433397 0.111132815
-0.40322226 -0.94868803 -0.15636753
-0.25373477 -0.67264634 -0.00056399324
-0.2585784 -0.2708507 -0.14451018
-0.32829884 -0.7236341 -0.31087556
-0.19445094 0.2386956 0.20786957
-0.09776542 -0.4309897 0.07874663
-0.15630026 0.09591927 0.31076494
-0.56753856 0.8843969 0.0110713495
-0.25608793 -0.563434 0.007211171
-0.7422848 0.15546116 -0.3475321
-0.428968 0.58853763 0.100711286
-0.5584821 1.068215 -0.038721494
-0.53275996 0.65421885 0.05490652
-0.177729 0.25070468 0.16646956
-0.26919177 0.2715165 0.12651122
-0.34755635 -0.9735567 -0.07498079
-0.5283132 0.14278527 -0.278485
-0.037468035 -0.116192676 0.19297203
-0.18798843 -0.5013543 0.34816977
-0.28501457 -0.67146695 -0.014379595
-0.12550564 -0.66390485 0.19717419
-0.6176838 0.7502755 0.07216145
-0.54269207 0.21537362 0.15080795
-0.43843296 0.007972792 0.11136966
-0.30279994 -0.58909005 -0.29773566
-0.8432304 0.37965497 -0.47239608
-0.14656904 -0.15232016 0.17497218
-0.41913298 0.801452 0.0073680477
-0.27327666 -0.66828746 -0.19177303
-0.9865995 0.38434443 -0.5189172
-0.32242504 -0.49165732 -0.17169456
-0.313406 0.3719623 0.013853684
-0.5024643 0.6821128 0.044998765
-0.2580859 -0.37205938 0.06580221
-0.34520116 0.69281566 -0.25612336
-0.3016138 -0.58161825 0.0015134232
-0.29245213 0.2608881 0.26153854
-0.1543167 -0.6935681 -0.11906188
-0.5515155 0.39409953 -0.03950681
-0.1311578 0.4031938 0.05869284
-0.36838487 -0.12840354 -0.10673911
-0.28449556 -0.49023765 -0.011486963
-0.024709554 -0.52060544 0.4614367
-0.6881037 -0.9780984 -0.1028505
-0.34940818 0.7732302 0.17213441
-0.22216736 -0.6089551 0.049608793
-0.14784446 -0.6692553 -0.056339093
-0.30046132 -0.5269326 -0.03729782
-0.6109439 0.38884228 0.023447411
-0.34602576 -0.26819262 -0.44238725
-0.4697738 0.3286609 0.25613138
-0.23058878 -0.721307 0.14142449
-0.1489154 0.36418977 0.25752935
-0.3431653 -0.7733942 -0.20928259
0.01017109 -0.077054635 0.32461587
-0.4324958 -0.87874126 -0.24095084
-0.5377014 0.0489583 0.035866085
-0.6628233 -1.1027511 0.08525473
-0.63434327 1.054666 -0.21768324
-0.4683725 0.70727795 0.082720466
-0.39117286 -0.58390063 0.2729109
-0.53313726 0.77695024 -0.0841416
-0.39663988 -0.3637095 0.08600358
-0.54400885 0.7199046 0.019455612
-0.5837426 0.6922024 -0.08984613
-0.26236472 -0.5063926 0.057056215
-0.30695882 -0.59990686 -0.014869855
-0.4558092 -0.9675619 0.0028784007
-0.38148612 -0.46669218 -0.3975328
-0.5235118 0.7144371 0.008179657
-0.53702 0.6208467 0.06935928
-0.30604511 0.029475523 0.09332098
-0.56006926 0.22049657 -0.41374964
-0.47795457 0.93204314 -0.2984772
-1.0483177 0.43659398 -0.7543937
-0.31701735 -0.8916373 0.11966472
-0.27178264 -0.5551946 0.09733491
-0.12055315 -0.22892068 0.10829645
-0.35588026 -0.56696767 -0.10411228
-0.6587939 0.7044614 -0.33122906
-0.7432501 0.4680577 -0.34072837
-0.12522233 -0.4981737 0.081326306
-0.44925 0.05370559 -0.2125185
-0.07656731 0.104467504 -0.30374843
-0.039305616 0.6854876 -0.07020995
-0.07313097 -0.8282586 0.13766956
-0.24347785 -0.1494967 -0.25731167
-0.33486658 0.024672952 0.21744248
-0.32578868 -0.440016 -0.26834542
-0.5697285 1.0017427 -0.24156499
-0.47157222 -0.34512264 0.029470803
-0.22148155 0.20405845 0.22202884
-0.2765862 0.6829824 0.2058934
-0.25714582 -0.27836457 -0.3062603
-0.57009226 0.5729543 -0.1398942
-0.4513538 -0.44499588 -0.5569692
-0.3920812 -0.7175311 -0.5179329
-0.6674495 0.70371443 -0.26458022
-0.20937325 -0.87309027 0.44859836
-0.25067344 -0.57344663 -0.29545236
-0.5318742 0.637257 -0.13891603
-0.40600258 0.51266867 0.08352958
-0.30508593 -0.5976325 0.1791731
-0.92055905 0.11482943 -0.56392676
-0.19396074 0.56166726 0.33999556
-0.37286425 -0.35799003 -0.45588464
-0.28419596 0.4348003 0.053665943
-0.12244876 -0.4905608 0.062174562
-0.57636017 0.49469206 -0.14902934
-0.4948589 0.5226045 -0.03296422
-0.60302323 0.60207194 -0.165949
-0.46264413 0.40309235 0.05870941
-0.33163875 -0.96596664 0.20454337
-0.1922219 -0.31824985 0.21230505
-0.09927679 -0.61740434 0.13173553
-0.1365199 -0.37959942 0.10680359
-0.19223945 -0.7319356 -0.02470864
-0.32737198 -0.15548424 -0.3353313
-0.372644 0.101928234 0.1154104
-0.43691567 0.3052909 -0.13081129
-0.74855894 0.78301704 -0.37883425
-0.38437137 -0.28997678 -0.24171664
-0.33102697 0.51654804 0.052583367
-0.35520074 0.46198606 0.018000511
-0.040553924 -0.5187453 0.17058873
-0.20777312 0.12167614 0.043148927
-0.44338733 -0.94008714 0.2191645
-0.19686393 -0.9927729 0.014458599
-0.22607608 0.6332258 0.330193
-1.1888236 0.47277427 -0.9563088
-0.19037509 -0.6103015 0.016639184
-0.34704238 -0.66669977 0.123724185
-0.7973752 -0.8212283 -0.014991137
-0.19882667 -0.7586127 -0.18593597
-0.68144214 -0.9007328 0.06944152
-0.19953983 -0.39034516 0.095920585
-0.25526923 -0.00999792 0.097178586
-1.0028809 -0.27398044 -0.33890182
-0.23025025 -0.60822135 -0.15056442
-0.10874371 -0.19100477 0.06082309
-0.6261621 -0.114036955 0.01886569
-0.63722616 0.7962918 -0.19942975
-0.3038116 -0.6651236 -0.33184275
-0.32119974 -0.40166256 -0.17207101
-0.56519294 -0.4020381 -0.0832833
-0.14942256 -0.3913212 0.12339891
-0.28939813 -0.62600297 -0.16150701
-0.53105664 0.41479114 -0.050277196
-0.4798756 0.57080585 0.039946415
-0.37446743 -0.57572967 -0.10344092
-0.700973 0.689033 -0.36071345
-0.33185148 -0.37293425 -0.1968091
-0.29592305 0.25220785 0.15971991
-0.6504771 0.7905437 -0.35042024
-0.25071707 -0.6297258 0.06849409
-0.46733785 0.48816997 0.05473069
-0.41667834 0.23788603 0.16775878
-0.4952816 0.7563186 0.10190011
-0.6608573 0.84665716 -0.33186397
-0.42812473 0.3636838 0.11591138
-0.060984492 -0.5686085 0.15830314
-0.00928869 0.058108296 0.044967946
-0.07267558 0.6560505 -0.13726468
-0.84270996 0.4173765 -0.47388288
-0.60874856 0.52290255 -0.20900069
-0.1137952 0.38148835 0.35968727
-0.37558225 0.7570289 0.10033888
-0.39751583 0.36595002 0.116714604
-0.31055135 -0.72543716 0.017777089
-0.22049825 -0.032140434 0.009651328
-0.4854274 0.41902307 -0.29592374
-0.08656179 0.3001473 0.22435926
-0.4660337 0.36552078 -0.1664964
-0.5613021 -0.79418963 -0.43216375
-0.3936561 0.5648402 0.004406825
-0.6225514 0.8642624 -0.32908106
-0.15119195 -0.6126256 0.11198269
-0.8089387 -0.51673967 0.010988929
-0.06271801 -0.55973786 0.31662753
-0.42707148 0.4559071 -0.11838861
-0.76665986 0.62417305 -0.22632997
-0.25338477 0.21170561 0.031104375
-0.5842409 -0.80600363 -0.3741804
-0.42934284 -0.34320602 -0.2583947
-0.28875524 -0.368598 -0.04552124
-0.16859083 0.80346316 -0.0023175017
-0.21691129 -0.48841733 -0.041905385
-0.30424854 -0.9346051 0.18487693
-0.34077027 0.55642575 -0.06465777
-0.27232704 -0.16203405 -0.15626058
-0.16458032 0.44507125 0.37737462
-0.39934692 0.5288672 0.09939099
-0.44026595 0.217266 0.00035012994
-0.8072904 1.0576776 -0.4873127
-0.29081005 -0.6246048 -0.31598848
-0.5320385 0.83138955 -0.08405943
-0.28526396 -0.82156926 -0.09132529
-0.147293 0.37755078 0.5145441
-0.06773871 -0.65141207 0.15526865
-0.006898544 0.10501419 0.09721911
-0.5737956 0.5824847 -0.105580926
-0.9143046 0.3989521 -0.59739673
-0.348736 -0.110443495 0.10698916
-0.49288526 0.68122685 0.10437026
-0.32535315 -0.72118133 -0.11443783
-0.19110999 -0.7006045 -0.049065705
-0.31576985 0.37078282 0.08635324
-0.87264025 -0.76643974 -0.094444074
-0.39989045 0.634504 -0.0524585
-0.81031424 -0.0059877667 -0.38358092
-0.30449557 -0.7536889 -0.19049545
-0.38640276 0.32769164 0.094475135
-0.53011024 0.83571583 -0.0910502
-0.6135157 0.9182049 -0.4548416
-0.22686806 0.1801957 0.047126297
-0.51924956 0.1973629 0.03750393
-0.224907 -0.58727884 -0.020898521
-0.7828639 0.7530075 -0.2650527
-0.4590039 0.52576023 -0.047467988
-0.22581385 -0.003444307 0.15722
-0.49978438 0.7114159 0.03192761
-0.47195786 -0.47300825 0.08850638
-0.13006954 -0.46881285 -0.062835574
-0.6063121 0.3791131 -0.18904023
-0.25224617 0.32683998 -0.02058662
-0.3010908 -0.9186967 0.039948206
-0.47058138 0.525761 -0.13821003
-0.37067413 0.57073355 0.10457552
-0.48019567 0.7724594 -0.030263813
-0.7492525 -1.1212099 0.074509785
-0.53402436 0.82155514 -0.17498423
-0.4418557 0.4485117 -0.12045185
-0.19828741 -0.8364993 0.06638635
-0.48277664 0.5543265 0.05037505
-0.43356425 0.5577201 0.0363811
-0.25269467 -0.2051404 0.13687551
-0.182606 -0.3211474 -0.2746255
-0.29146668 -0.47621027 -0.2727851
-0.28059176 -0.40338805 0.03834932
-0.5555515 0.9102745 -0.32379407
-0.278957 -0.76860964 0.22349392
-0.08557693 -0.82024443 0.14522333
-0.03560318 0.4417849 0.03260189
-0.5615016 0.86003053 -0.21331283
-0.6838543 0.75288355 -0.18768571
-0.5886899 0.8777389 -0.44638613
-0.2792732 0.055826236 0.02417792
-0.4557177 0.12812713 0.020013662
-0.23635162 -0.68323934 0.12980756
-0.5920462 0.6281144 -0.061742853
-0.22516136 -0.78997564 -0.11302854
-0.64777553 -0.94697064 0.2029582
-0.47461632 -0.49716073 0.18790579
-0.41577533 0.56119776 0.1345624
-0.52895176 0.87009156 -0.2220939
-0.69889385 0.23792474 -0.43081856
-0.94030476 0.31833383 -0.6163703
-0.20413193 -0.6858203 -0.13823304
-0.23019518 -0.4965877 -0.073852785
-0.4032279 0.6104422 -0.076500475
-0.48266003 -0.2718913 -0.58989954
-0.19553697 -0.17218399 -0.2268621
-0.20980415 -0.5655529 0.58325845
-0.39145532 0.47910613 0.044194724
-0.37198585 0.48223224 0.16854914
-0.1335497 -0.4071503 0.06230021
-0.2096651 -0.52073306 0.17514686
-0.7022585 0.874209 -0.043846887
-0.29179975 -0.7767968 -0.3902085
-0.64862984 -0.80312836 -0.41191167
-0.41067368 0.6022491 0.26163092
-0.47826973 0.10770664 -0.29347548
-0.1505667 -0.6382045 0.21854793
-0.38010344 -0.5013424 -0.32553345
-0.5781159 0.9443073 0.17432813
-0.39798555 -0.26637143 -0.21748243
-0.38977188 0.63551056 0.16108873
-0.08463871 0.4568892 0.7430566
-0.38284642 0.102547415 0.05869792
-0.47273463 -0.33525997 -0.38208988
-0.65612507 0.52656287 -0.02096639
-0.4305172 0.12308402 0.4949343
-0.14049897 -0.12765399 0.22681905
-0.61657894 0.78877974 4.9856357e-05
-0.16177104 -0.07711581 -0.16999899
-0.30414245 -0.6548317 0.008158652
-0.10787062 -0.6124098 0.08888744
-0.16180305 -0.5337096 0.07890359
-0.07005283 0.3138249 0.29763743
-0.742708 -1.0856594 0.1566656
-0.36603925 -0.86492413 0.16641937
-0.26316023 -0.7424536 0.14644305
-0.52647334 0.784011 -0.11507184
-0.57726634 -0.4080554 0.047545645
-0.3548418 -0.7533842 -0.4538321
-0.56883204 -0.08169742 -0.037816305
-1.0810903 -0.7509307 -0.110023364
-0.38573402 -0.5052963 -0.33260337
-0.22848679 -0.5688119 -0.030681368
-0.1574545 0.6664253 0.38806102
-0.48433757 0.70590067 -0.054077942
-0.7675187 -0.48179665 -0.049841583
-0.39050195 -0.1906236 -0.37038803
-0.23731206 -0.880554 -0.09521101
-0.49293923 0.47568706 0.35353684
-0.28414074 -0.84948415 -0.1437837
-0.5232155 0.7436219 -0.14389423
-0.198204 -0.10232754 -0.36103302
-0.2606998 -0.69599706 -0.08460843
-0.28124717 -0.6816098 -0.1323535
-0.31295538 0.3222785 0.19143759
-0.23823932 -0.61212796 0.09376784
-0.49559233 -0.83098024 -0.4652033
-0.20592865 -0.691116 0.25192535
-0.47100163 0.7366294 -0.3430284
-0.24249458 -0.5721444 -0.21420841
-0.5014307 -0.755637 -0.23667668
-0.4849889 0.35657898 0.2445595
-0.08917926 -0.15748043 0.21083662
-0.5080507 -0.07908726 -0.4624877
-0.31046373 0.49488828 0.07323246
-0.49807557 -0.18637583 0.4830684
-0.3640216 0.47120258 0.045181565
-0.7156849 0.84159774 -0.2238879
-0.30014214 -0.5965896 0.06316898
-0.47529483 0.72651476 -0.12078263
-0.26261854 -0.43938074 0.27281865
-0.47705993 0.679032 0.028399441
-0.3819224 0.54631853 -0.089675255
-0.73473877 0.021114154 -0.24353306
-0.31425276 -0.56473666 -0.2191559
-0.59010756 0.45025557 0.10777234
-0.40347153 -0.08920913 0.19647369
-0.3628641 0.6010893 0.006592144
-0.09664289 -0.3366232 0.2654671
-0.31637266 0.46411714 0.38273454
-0.5450776 0.7251984 -0.113763705
-0.6031764 1.0764161 -0.26981264
-0.3775958 0.35564035 0.07027032
-0.09675507 -0.68086225 0.23272987
-0.50515276 0.47679153 -0.26102933
-1.1703056 0.7785119 -0.7701391
-0.5018558 0.8990372 -0.28254685
-0.66059214 0.87849104 -0.06356974
-0.29256263 -0.40123847 0.36951968
-0.712668 -0.9363529 -0.017249644
-0.054994605 -0.4923378 0.2830042
-0.27654403 -0.35579923 -0.21676362
-0.7177983 -0.759625 0.12966771
-0.34110597 0.30041677 0.2028581
-0.51764894 0.6609803 0.06395612
-0.27337503 -0.3347542 0.22597556
-0.111504145 0.48139554 0.5350366
-0.27633286 -0.73749626 0.18170564
-0.46336553 0.722444 -0.11576079
-0.09247352 -0.56336707 0.26300332
-0.47221512 0.3637628 0.04375947
-0.07774188 0.27142516 0.057644848
-0.94500667 -0.53250283 -0.1470306
-0.51587653 0.57631165 0.04347188
-0.53480977 0.4346679 0.18946978
-0.32423097 -0.27796033 0.22290735
-0.3323055 0.23705877 -0.0023339808
-0.2803947 -0.5955311 0.010401138
-0.4940901 0.39955133 0.37674975
-0.48604035 -0.26240674 -0.034196746
-0.6359479 0.45900053 0.2214839
-0.44947055 0.5775088 -0.08035218
-0.610913 -0.9204122 -0.4896738
-0.36641735 0.19525231 0.15721233
-0.2825 0.22894408 0.18667747
-0.7433354 0.41912407 -0.5333537
-0.19353278 -0.16979107 0.16128935
-0.28485295 0.060556352 -0.033559356
-0.107320316 -0.017969236 0.32284614
-0.49890596 0.8971125 -0.20596015
-0.3234648 0.5830501 0.061920263
-0.46731278 0.35251665 0.2784276
-0.5194414 1.0210636 -0.36088043
-0.16318955 -0.44398052 -0.08586442
-0.78167105 0.2988637 -0.65465844
-0.105494276 -0.70325124 0.32790598
-0.08937758 -0.6209331 0.20354946
-0.20177987 -0.58104146 -0.11180567
-0.37850532 0.51312596 -0.1545483
-0.2313556 -0.7233415 0.18106127
-0.28485197 -0.8218866 0.028188905
-0.66541797 -0.6611771 0.1556246
-0.31637672 0.16885242 0.21052395
-0.60069567 0.47837266 -0.12378829
-0.0019452652 0.44277668 0.17507236
-0.2399578 0.22410464 0.09751226
-0.61271185 -0.88155276 0.10493883
-0.19558613 -0.60357434 -0.002285057
-0.5105896 0.9769927 -0.39414787
-0.11348528 0.5121207 -0.0037165012
-0.23811163 -0.69897616 0.3133863
-0.6256095 0.80594885 -0.03398278
-0.24513349 -0.5618679 -0.13590783
-0.28411418 -0.7341724 -0.14369021
-0.29306385 -0.74296916 -0.071301915
-0.09638312 -0.4310871 0.24758828
-0.279339 -0.5845725 -0.15558375
-0.571088 0.7697879 -0.1529899
-0.29298568 -0.20098528 0.5541168
-0.40626556 -0.6495115 -0.1581392
-0.44041967 0.4536125 0.11398823
-0.29540452 0.4418109 -0.10817266
-0.08755599 0.20394062 0.23543261
-0.69344664 -0.15350518 -0.27830938
-1.1415337 0.64082426 -0.8670364
-0.4763196 0.5864105 -0.1543307
-0.5762834 0.58755696 -0.09273998
-1.1754805 -0.55580837 -0.24049076
-0.10511798 -0.43263572 0.30529365
-0.5036195 0.7934209 0.09259208
-0.19144246 -0.32527223 -0.013549673
-0.06449195 -0.5867327 0.17003413
-0.59718364 0.4674626 -0.10125695
-0.65427077 0.5004501 -0.0024789963
-0.299627 -0.2976535 -0.27254564
-0.3578973 0.36627695 -0.05016852
-0.7180778 0.72070503 -0.22893319
-0.06949098 -0.51950073 0.3286032
-0.22490002 -0.66420496 0.3643525
-0.377537 -0.70474195 -0.34292153
-0.47874546 0.534999 0.16760637
-0.5671821 0.6490816 0.14649962
-0.19034661 -0.63396996 0.06220964
-0.18756391 -0.56892866 -0.1477852
-0.34154227 0.6549732 -0.11786888
-0.5650056 -0.9174447 0.0809894
-0.2414445 -0.6580166 -0.060978763
-0.4422927 0.90899736 -0.018010352
-0.32139316 -0.9314488 0.23373082
-0.23469143 -0.4022389 0.17126183
-0.13282315 -0.55357206 0.207014
-0.37685034 -0.6233851 0.2337689
-0.10830003 0.7781221 0.28714085
-0.37748834 -0.5903808 -0.23775308
-0.5678867 0.78853494 -0.05347412
-0.13977757 -0.79419404 0.12679829
-0.18282263 0.48597112 0.3288555
-0.14695574 -0.51233804 0.15590711
-0.11411388 -0.5976987 0.31056744
-0.31486303 -0.7508329 0.18517157
-0.43875352 0.5166028 0.11669692
-0.87478775 0.17559986 -0.711855
-0.071804516 -0.40198007 0.21863568
-0.38821897 0.288016 0.12035775
-0.086491264 -0.61596066 0.4737537
-0.34842092 -0.1130256 -0.28311715
-0.5882412 -0.80736315 0.042726103
-0.10909627 -0.82510227 0.1726253
-0.28082928 -0.6613843 -0.3356545
-0.23673701 -0.6058243 0.05425504
-0.37683886 0.5374371 -0.017988771
-0.21264006 -0.7102976 -0.21062689
-0.2880895 -0.4151176 -0.173651
-0.6077208 -0.6891014 -0.36472923
-0.5791953 0.5588158 -0.27977243
-0.4489459 -0.20218562 -0.44199032
-0.31453058 -0.62075514 -0.18990867
-0.064567074 0.28165436 0.30758825
-0.32166907 0.31636435 0.083285786
-0.061557185 0.29850712 0.14982902
-0.35699755 0.51222223 0.12607649
-0.11285018 0.4786815 -0.17278205
-0.7003215 0.85860366 -0.42712268
-0.6614173 0.757794 0.015244761
-0.5535831 0.6058688 -0.044235576
-0.43164447 0.55484396 -0.043141633
-0.21254136 0.2738752 0.038311068
-0.36038494 -0.8346168 0.12026108
-0.27453706 -0.426966 0.2023181
-0.40650615 0.4844389 -0.074287355
-0.007263523 -0.4565069 0.36403018
-0.3942968 0.60028684 -0.0915583
-0.20114455 -0.86632234 -0.15454583
-0.63982165 0.51004493 -0.18139982
-0.22439983 -0.7066034 -0.071000025
-0.32967502 -0.5684461 -0.3290502
-0.5390407 -0.34808746 0.32240006
-0.6038752 0.32788357 -0.14820054
-0.6520855 0.26677805 0.0867188
-0.33165747 -0.8493503 -0.28525454
-0.33549717 0.21431525 0.0038923423
-0.37675795 0.039295197 0.14988734
-0.17971751 -0.73881257 -0.14013587
-0.19001533 -0.71880656 -0.1161104
-0.42580652 0.47858047 0.3106534
-0.62466925 0.5749529 -0.039187837
-0.5328254 0.6721433 0.017713306
-0.08610094 0.65771866 0.15095572
-0.4048126 0.55607885 0.22625187
-0.6017415 -0.16688664 -0.06514795
-0.56192833 -0.9891172 0.014166792
-0.42361334 -1.0590585 0.13263658
-0.5106234 -0.18510734 0.14245683
-0.40861648 -0.09396195 0.09608238
-0.32107276 -0.75425684 -0.18311545
-0.25368914 -0.8009501 -0.08773218
-0.7875404 0.78540987 -0.5589034
0.07338119 0.6780466 0.55410874
-0.5010837 0.63748044 0.02925731
-0.4987399 0.52761 -0.03330038
-0.20983946 -0.59052896 0.2887385
-0.27794072 -0.59304035 -0.10565176
-0.34695253 -0.83630025 -0.25918427
-0.38771933 0.38139126 0.029662017
-0.4050819 0.43012935 -0.10174067
-0.11090418 -0.35449818 -0.0019194817
-0.4167841 0.21920319 -0.13337375
-0.24243164 -0.502389 0.32873076
-0.2340325 0.089819536 0.1477141
-0.38845518 -0.98056555 0.02180246
-0.5881118 -0.59627295 0.052388873
-0.642222 0.7535554 -0.18059132
-0.21663459 -0.64173996 0.16714565
-0.5612383 0.08141588 -0.0043902462
-0.26922205 -0.31581756 0.044642456
-0.22855894 -0.66258335 -0.18061982
-0.3874772 -0.28114578 -0.2910405
-0.62550515 0.59924084 -0.23501904
-0.46902043 0.49853283 0.015717698
-0.5840111 0.42807552 -0.23073266
-0.3117474 -0.60529673 -0.13852009
-0.10511946 0.48806962 0.38447663
-0.14719571 -0.5908763 0.06157281
-0.20215766 -0.58687276 0.47473034
-0.25982088 -0.46462145 -0.1840978
-1.0544388 0.52730125 -0.6800448
-0.002327044 -0.20601118 0.20161319
-0.5255473 0.91099405 -0.2579998
-0.29882565 -0.5214662 0.18471174
-0.2279147 -0.020822527 0.056647826
-0.19762595 0.1962252 0.5172186
-0.27344653 -0.54581004 -0.15908065
-0.47358602 -0.4435849 0.24975562
-0.18661486 -0.68898857 -0.115094
-0.32892242 -0.33495906 -0.0013662515
-0.25920615 -0.41633037 -0.14284408
-0.34288642 0.59239 0.13270251
-0.15242419 -0.46554154 0.25782186
-0.3869639 0.4270701 0.23216166
-0.7743636 -0.7497927 0.10506604
-0.33885565 -0.94382155 -0.18784094
-0.83664286 0.43147564 -0.35852858
-0.24630406 -0.94068974 0.09110325
-0.6008252 0.5634782 -0.20849422
-1.0504991 0.72905797 -0.6569327
-0.5228809 -1.2629565 0.019989327
-0.53594935 0.47811514 -0.043524437
-0.16206774 -0.20292164 0.05622432
-0.35891157 0.14396201 0.16525301
-0.59973717 -1.1977568 0.24389194
-0.5662868 0.7912738 -0.16334341
-0.35035753 0.10170298 0.18182781
-0.30182824 -0.464432 -0.17209649
-0.7158961 -0.29471445 -0.25299463
-0.44163212 0.5346631 0.054211017
-0.40280727 0.50151336 0.12708645
-0.28234243 -0.7077061 0.20936264
-0.01733629 0.9518312 0.6148098
-0.19005822 -0.91444385 -0.0048425347
-0.27244234 -0.4616703 -0.20542459
-0.6415487 -0.73820716 0.15409736
-0.124574825 -0.573979 0.15098631
-0.53806055 0.64768493 -0.0035223444
-0.43152896 0.6886302 -0.14521065
-0.3547411 0.14485689 0.27710763
-0.24271753 0.2953667 0.12294243
-0.017347628 0.58619165 0.22042963
-0.34235907 0.37243253 0.057616435
-0.35576314 0.8195086 0.2343642
-0.73434144 -0.6685491 -0.1524575
-0.6455812 -0.26342276 -0.022466604
-0.021922542 0.6141924 0.5123498
-0.19442208 -0.4676855 0.4697393
-0.30256817 -0.301003 -0.30082518
-0.3577005 -0.27651706 -0.31838304
-0.4986071 0.58011633 0.32999372
-0.43192187 0.27157864 0.30132866
-0.11680694 -0.4751165 0.19774021

