-1.651673 -1.0270321 -0.09791251 0.92157894 -0.09498664 0.1324841
-1.651673 -1.0270321 -0.09791251 0.92157894 -0.09498664 0.1324841
-1.651673 -1.0270321 -0.09791251 0.92157894 -0.09498664 0.1324841
-1.651673 -1.0270321 -0.09791251 0.92157894 -0.09498664 0.1324841
-1.651673 -1.0270321 -0.09791251 0.92157894 -0.09498664 0.1324841
-1.651673 -1.0270321 -0.09791251 0.92157894 -0.09498664 0.1324841
-1.651673 -1.0270321 -0.09791251 0.92157894 -0.09498664 0.1324841

-1.4248532 -0.6134878 2.170781 0.9932901 0.2846122 0.11627107
-1.4248532 -0.6134878 2.170781 0.9932901 0.2846122 0.11627107
-1.4248532 -0.6134878 2.170781 0.9932901 0.2846122 0.11627107
-1.4248532 -0.6134878 2.170781 0.9932901 0.2846122 0.11627107
-1.4248532 -0.6134878 2.170781 0.9932901 0.2846122 0.11627107
-1.4248532 -0.6134878 2.170781 0.9932901 0.2846122 0.11627107
-1.4248532 -0.6134878 2.170781 0.9932901 0.2846122 0.11627107

-1.310332 -0.5396205 0.26330763 0.9359584 -0.34771508 0.119946375
-1.310332 -0.5396205 0.26330763 0.9359584 -0.34771508 0.119946375
-1.310332 -0.5396205 0.26330763 0.9359584 -0.34771508 0.119946375
-1.310332 -0.5396205 0.26330763 0.9359584 -0.34771508 0.119946375
-1.310332 -0.5396205 0.26330763 0.9359584 -0.34771508 0.119946375
-1.310332 -0.5396205 0.26330763 0.9359584 -0.34771508 0.119946375
-1.310332 -0.5396205 0.26330763 0.9359584 -0.34771508 0.119946375

-2.3202531 0.52301085 -1.3039895 0.69256306 -0.34487683 0.11270114
-2.3202531 0.52301085 -1.3039895 0.69256306 -0.34487683 0.11270114
-2.3202531 0.52301085 -1.3039895 0.69256306 -0.34487683 0.11270114
-2.3202531 0.52301085 -1.3039895 0.69256306 -0.34487683 0.11270114
-2.3202531 0.52301085 -1.3039895 0.69256306 -0.34487683 0.11270114
-2.3202531 0.52301085 -1.3039895 0.69256306 -0.34487683 0.11270114
-2.3202531 0.52301085 -1.3039895 0.69256306 -0.34487683 0.11270114

2.8276908 0.1123687 2.5181344 -0.93142307 -0.09643179 0.13367161
2.8276908 0.1123687 2.5181344 -0.93142307 -0.09643179 0.13367161
2.8276908 0.1123687 2.5181344 -0.93142307 -0.09643179 0.13367161
2.8276908 0.1123687 2.5181344 -0.93142307 -0.09643179 0.13367161
2.8276908 0.1123687 2.5181344 -0.93142307 -0.09643179 0.13367161
2.8276908 0.1123687 2.5181344 -0.93142307 -0.09643179 0.13367161
2.8276908 0.1123687 2.5181344 -0.93142307 -0.09643179 0.13367161

-2.188262 0.03702824 1.704535 0.81072086 0.13823697 0.13609397
-2.188262 0.03702824 1.704535 0.81072086 0.13823697 0.13609397
-2.188262 0.03702824 1.704535 0.81072086 0.13823697 0.13609397
-2.188262 0.03702824 1.704535 0.81072086 0.13823697 0.13609397
-2.188262 0.03702824 1.704535 0.81072086 0.13823697 0.13609397
-2.188262 0.03702824 1.704535 0.81072086 0.13823697 0.13609397
-2.188262 0.03702824 1.704535 0.81072086 0.13823697 0.13609397

2.7468033 0.46085876 -2.9622467 0.37413302 -0.4038498 0.11898349
2.7468033 0.46085876 -2.9622467 0.37413302 -0.4038498 0.11898349
2.7468033 0.46085876 -2.9622467 0.37413302 -0.4038498 0.11898349
2.7468033 0.46085876 -2.9622467 0.37413302 -0.4038498 0.11898349
2.7468033 0.46085876 -2.9622467 0.37413302 -0.4038498 0.11898349
2.7468033 0.46085876 -2.9622467 0.37413302 -0.4038498 0.11898349
2.7468033 0.46085876 -2.9622467 0.37413302 -0.4038498 0.11898349

0.69908756 -0.83893234 -1.5394726 0.9852315 -0.31287864 0.12477578
0.69908756 -0.83893234 -1.5394726 0.9852315 -0.31287864 0.12477578
0.69908756 -0.83893234 -1.5394726 0.9852315 -0.31287864 0.12477578
0.69908756 -0.83893234 -1.5394726 0.9852315 -0.31287864 0.12477578
0.69908756 -0.83893234 -1.5394726 0.9852315 -0.31287864 0.12477578
0.69908756 -0.83893234 -1.5394726 0.9852315 -0.31287864 0.12477578
0.69908756 -0.83893234 -1.5394726 0.9852315 -0.31287864 0.12477578

-1.9249971 0.10509383 -1.2349427 -0.71133536 -0.3696831 0.1387561
-1.9249971 0.10509383 -1.2349427 -0.71133536 -0.3696831 0.1387561
-1.9249971 0.10509383 -1.2349427 -0.71133536 -0.3696831 0.1387561
-1.9249971 0.10509383 -1.2349427 -0.71133536 -0.3696831 0.1387561
-1.9249971 0.10509383 -1.2349427 -0.71133536 -0.3696831 0.1387561
-1.9249971 0.10509383 -1.2349427 -0.71133536 -0.3696831 0.1387561
-1.9249971 0.10509383 -1.2349427 -0.71133536 -0.3696831 0.1387561

2.4772992 -0.057003424 0.4844599 -0.88545424 0.07625649 0.13790779
2.4772992 -0.057003424 0.4844599 -0.88545424 0.07625649 0.13790779
2.4772992 -0.057003424 0.4844599 -0.88545424 0.07625649 0.13790779
2.4772992 -0.057003424 0.4844599 -0.88545424 0.07625649 0.13790779
2.4772992 -0.057003424 0.4844599 -0.88545424 0.07625649 0.13790779
2.4772992 -0.057003424 0.4844599 -0.88545424 0.07625649 0.13790779
2.4772992 -0.057003424 0.4844599 -0.88545424 0.07625649 0.13790779

-2.7045786 0.08992422 -0.3457443 0.3810781 -0.30943215 0.13693552
-2.7045786 0.08992422 -0.3457443 0.3810781 -0.30943215 0.13693552
-2.7045786 0.08992422 -0.3457443 0.3810781 -0.30943215 0.13693552
-2.7045786 0.08992422 -0.3457443 0.3810781 -0.30943215 0.13693552
-2.7045786 0.08992422 -0.3457443 0.3810781 -0.30943215 0.13693552
-2.7045786 0.08992422 -0.3457443 0.3810781 -0.30943215 0.13693552
-2.7045786 0.08992422 -0.3457443 0.3810781 -0.30943215 0.13693552

-1.9036779 -0.29907173 -1.9749 0.6535806 0.4161114 0.1458826
-1.9036779 -0.29907173 -1.9749 0.6535806 0.4161114 0.1458826
-1.9036779 -0.29907173 -1.9749 0.6535806 0.4161114 0.1458826
-1.9036779 -0.29907173 -1.9749 0.6535806 0.4161114 0.1458826
-1.9036779 -0.29907173 -1.9749 0.6535806 0.4161114 0.1458826
-1.9036779 -0.29907173 -1.9749 0.6535806 0.4161114 0.1458826
-1.9036779 -0.29907173 -1.9749 0.6535806 0.4161114 0.1458826

-1.431449 0.6858861 2.1419926 0.7732948 0.12397859 0.14418906
-1.431449 0.6858861 2.1419926 0.7732948 0.12397859 0.14418906
-1.431449 0.6858861 2.1419926 0.7732948 0.12397859 0.14418906
-1.431449 0.6858861 2.1419926 0.7732948 0.12397859 0.14418906
-1.431449 0.6858861 2.1419926 0.7732948 0.12397859 0.14418906
-1.431449 0.6858861 2.1419926 0.7732948 0.12397859 0.14418906
-1.431449 0.6858861 2.1419926 0.7732948 0.12397859 0.14418906

-1.783463 0.08757944 2.148545 0.8857908 0.40000647 0.11594617
-1.783463 0.08757944 2.148545 0.8857908 0.40000647 0.11594617
-1.783463 0.08757944 2.148545 0.8857908 0.40000647 0.11594617
-1.783463 0.08757944 2.148545 0.8857908 0.40000647 0.11594617
-1.783463 0.08757944 2.148545 0.8857908 0.40000647 0.11594617
-1.783463 0.08757944 2.148545 0.8857908 0.40000647 0.11594617
-1.783463 0.08757944 2.148545 0.8857908 0.40000647 0.11594617

-1.6734813 -0.7775417 -1.9732963 0.5019184 0.39488214 0.11904874
-1.6734813 -0.7775417 -1.9732963 0.5019184 0.39488214 0.11904874
-1.6734813 -0.7775417 -1.9732963 0.5019184 0.39488214 0.11904874
-1.6734813 -0.7775417 -1.9732963 0.5019184 0.39488214 0.11904874
-1.6734813 -0.7775417 -1.9732963 0.5019184 0.39488214 0.11904874
-1.6734813 -0.7775417 -1.9732963 0.5019184 0.39488214 0.11904874
-1.6734813 -0.7775417 -1.9732963 0.5019184 0.39488214 0.11904874

-1.8767599 0.3244065 0.7257209 0.640485 -0.31441694 0.11915237
-1.8767599 0.3244065 0.7257209 0.640485 -0.31441694 0.11915237
-1.8767599 0.3244065 0.7257209 0.640485 -0.31441694 0.11915237
-1.8767599 0.3244065 0.7257209 0.640485 -0.31441694 0.11915237
-1.8767599 0.3244065 0.7257209 0.640485 -0.31441694 0.11915237
-1.8767599 0.3244065 0.7257209 0.640485 -0.31441694 0.11915237
-1.8767599 0.3244065 0.7257209 0.640485 -0.31441694 0.11915237

1.0962213 0.12163175 -2.1684937 0.7818288 -0.40148133 0.1149045
1.0962213 0.12163175 -2.1684937 0.7818288 -0.40148133 0.1149045
1.0962213 0.12163175 -2.1684937 0.7818288 -0.40148133 0.1149045
1.0962213 0.12163175 -2.1684937 0.7818288 -0.40148133 0.1149045
1.0962213 0.12163175 -2.1684937 0.7818288 -0.40148133 0.1149045
1.0962213 0.12163175 -2.1684937 0.7818288 -0.40148133 0.1149045
1.0962213 0.12163175 -2.1684937 0.7818288 -0.40148133 0.1149045

-1.9147799 0.59488255 0.29613885 0.45717877 -0.37140718 0.1374789
-1.9147799 0.59488255 0.29613885 0.45717877 -0.37140718 0.1374789
-1.9147799 0.59488255 0.29613885 0.45717877 -0.37140718 0.1374789
-1.9147799 0.59488255 0.29613885 0.45717877 -0.37140718 0.1374789
-1.9147799 0.59488255 0.29613885 0.45717877 -0.37140718 0.1374789
-1.9147799 0.59488255 0.29613885 0.45717877 -0.37140718 0.1374789
-1.9147799 0.59488255 0.29613885 0.45717877 -0.37140718 0.1374789

-1.6685427 0.17348514 -2.574963 -0.88336056 0.11280525 0.13768698
-1.6685427 0.17348514 -2.574963 -0.88336056 0.11280525 0.13768698
-1.6685427 0.17348514 -2.574963 -0.88336056 0.11280525 0.13768698
-1.6685427 0.17348514 -2.574963 -0.88336056 0.11280525 0.13768698
-1.6685427 0.17348514 -2.574963 -0.88336056 0.11280525 0.13768698
-1.6685427 0.17348514 -2.574963 -0.88336056 0.11280525 0.13768698
-1.6685427 0.17348514 -2.574963 -0.88336056 0.11280525 0.13768698

1.3214074 0.69153136 -1.0437772 0.9579339 -0.2910633 0.1203103
1.3214074 0.69153136 -1.0437772 0.9579339 -0.2910633 0.1203103
1.3214074 0.69153136 -1.0437772 0.9579339 -0.2910633 0.1203103
1.3214074 0.69153136 -1.0437772 0.9579339 -0.2910633 0.1203103
1.3214074 0.69153136 -1.0437772 0.9579339 -0.2910633 0.1203103
1.3214074 0.69153136 -1.0437772 0.9579339 -0.2910633 0.1203103
1.3214074 0.69153136 -1.0437772 0.9579339 -0.2910633 0.1203103

1.1320807 -0.69515216 -1.2979869 0.8214521 -0.0732871 0.1420731
1.1320807 -0.69515216 -1.2979869 0.8214521 -0.0732871 0.1420731
1.1320807 -0.69515216 -1.2979869 0.8214521 -0.0732871 0.1420731
1.1320807 -0.69515216 -1.2979869 0.8214521 -0.0732871 0.1420731
1.1320807 -0.69515216 -1.2979869 0.8214521 -0.0732871 0.1420731
1.1320807 -0.69515216 -1.2979869 0.8214521 -0.0732871 0.1420731
1.1320807 -0.69515216 -1.2979869 0.8214521 -0.0732871 0.1420731

-1.8694154 0.5508147 0.6866962 0.795713 -0.26358584 0.13923354
-1.8694154 0.5508147 0.6866962 0.795713 -0.26358584 0.13923354
-1.8694154 0.5508147 0.6866962 0.795713 -0.26358584 0.13923354
-1.8694154 0.5508147 0.6866962 0.795713 -0.26358584 0.13923354
-1.8694154 0.5508147 0.6866962 0.795713 -0.26358584 0.13923354
-1.8694154 0.5508147 0.6866962 0.795713 -0.26358584 0.13923354
-1.8694154 0.5508147 0.6866962 0.795713 -0.26358584 0.13923354

-2.1286216 0.19816327 -0.99398977 -0.6701995 -0.40488997 0.12634212
-2.1286216 0.19816327 -0.99398977 -0.6701995 -0.40488997 0.12634212
-2.1286216 0.19816327 -0.99398977 -0.6701995 -0.40488997 0.12634212
-2.1286216 0.19816327 -0.99398977 -0.6701995 -0.40488997 0.12634212
-2.1286216 0.19816327 -0.99398977 -0.6701995 -0.40488997 0.12634212
-2.1286216 0.19816327 -0.99398977 -0.6701995 -0.40488997 0.12634212
-2.1286216 0.19816327 -0.99398977 -0.6701995 -0.40488997 0.12634212

-1.5476954 0.58670354 2.4888287 0.84588814 0.22618084 0.13493198
-1.5476954 0.58670354 2.4888287 0.84588814 0.22618084 0.13493198
-1.5476954 0.58670354 2.4888287 0.84588814 0.22618084 0.13493198
-1.5476954 0.58670354 2.4888287 0.84588814 0.22618084 0.13493198
-1.5476954 0.58670354 2.4888287 0.84588814 0.22618084 0.13493198
-1.5476954 0.58670354 2.4888287 0.84588814 0.22618084 0.13493198
-1.5476954 0.58670354 2.4888287 0.84588814 0.22618084 0.13493198

-1.2450256 0.8441515 -2.1195982 -0.6436821 0.422261 0.11307433
-1.2450256 0.8441515 -2.1195982 -0.6436821 0.422261 0.11307433
-1.2450256 0.8441515 -2.1195982 -0.6436821 0.422261 0.11307433
-1.2450256 0.8441515 -2.1195982 -0.6436821 0.422261 0.11307433
-1.2450256 0.8441515 -2.1195982 -0.6436821 0.422261 0.11307433
-1.2450256 0.8441515 -2.1195982 -0.6436821 0.422261 0.11307433
-1.2450256 0.8441515 -2.1195982 -0.6436821 0.422261 0.11307433

2.9105725 0.0371506 1.1489949 -0.8880538 0.33582106 0.11777596
2.9105725 0.0371506 1.1489949 -0.8880538 0.33582106 0.11777596
2.9105725 0.0371506 1.1489949 -0.8880538 0.33582106 0.11777596
2.9105725 0.0371506 1.1489949 -0.8880538 0.33582106 0.11777596
2.9105725 0.0371506 1.1489949 -0.8880538 0.33582106 0.11777596
2.9105725 0.0371506 1.1489949 -0.8880538 0.33582106 0.11777596
2.9105725 0.0371506 1.1489949 -0.8880538 0.33582106 0.11777596

-2.2237577 -0.23038763 2.6395597 0.80551314 0.3015792 0.122606345
-2.2237577 -0.23038763 2.6395597 0.80551314 0.3015792 0.122606345
-2.2237577 -0.23038763 2.6395597 0.80551314 0.3015792 0.122606345
-2.2237577 -0.23038763 2.6395597 0.80551314 0.3015792 0.122606345
-2.2237577 -0.23038763 2.6395597 0.80551314 0.3015792 0.122606345
-2.2237577 -0.23038763 2.6395597 0.80551314 0.3015792 0.122606345
-2.2237577 -0.23038763 2.6395597 0.80551314 0.3015792 0.122606345

-1.8278409 1.3377371 2.7103496 0.9892453 0.09979632 0.1154641
-1.8278409 1.3377371 2.7103496 0.9892453 0.09979632 0.1154641
-1.8278409 1.3377371 2.7103496 0.9892453 0.09979632 0.1154641
-1.8278409 1.3377371 2.7103496 0.9892453 0.09979632 0.1154641
-1.8278409 1.3377371 2.7103496 0.9892453 0.09979632 0.1154641
-1.8278409 1.3377371 2.7103496 0.9892453 0.09979632 0.1154641
-1.8278409 1.3377371 2.7103496 0.9892453 0.09979632 0.1154641

-1.8206517 0.4405718 -1.0800043 0.62009877 -0.34261674 0.12205219
-1.8206517 0.4405718 -1.0800043 0.62009877 -0.34261674 0.12205219
-1.8206517 0.4405718 -1.0800043 0.62009877 -0.34261674 0.12205219
-1.8206517 0.4405718 -1.0800043 0.62009877 -0.34261674 0.12205219
-1.8206517 0.4405718 -1.0800043 0.62009877 -0.34261674 0.12205219
-1.8206517 0.4405718 -1.0800043 0.62009877 -0.34261674 0.12205219
-1.8206517 0.4405718 -1.0800043 0.62009877 -0.34261674 0.12205219

-1.6609645 0.26101482 -0.9898916 -0.79270285 -0.2646594 0.11420767
-1.6609645 0.26101482 -0.9898916 -0.79270285 -0.2646594 0.11420767
-1.6609645 0.26101482 -0.9898916 -0.79270285 -0.2646594 0.11420767
-1.6609645 0.26101482 -0.9898916 -0.79270285 -0.2646594 0.11420767
-1.6609645 0.26101482 -0.9898916 -0.79270285 -0.2646594 0.11420767
-1.6609645 0.26101482 -0.9898916 -0.79270285 -0.2646594 0.11420767
-1.6609645 0.26101482 -0.9898916 -0.79270285 -0.2646594 0.11420767

-2.797663 -0.2172046 -2.2714756 -0.8467711 0.34403938 0.13747719
-2.797663 -0.2172046 -2.2714756 -0.8467711 0.34403938 0.13747719
-2.797663 -0.2172046 -2.2714756 -0.8467711 0.34403938 0.13747719
-2.797663 -0.2172046 -2.2714756 -0.8467711 0.34403938 0.13747719
-2.797663 -0.2172046 -2.2714756 -0.8467711 0.34403938 0.13747719
-2.797663 -0.2172046 -2.2714756 -0.8467711 0.34403938 0.13747719
-2.797663 -0.2172046 -2.2714756 -0.8467711 0.34403938 0.13747719

-2.0199554 0.24945235 2.6369357 0.78731716 0.19659431 0.14925018
-2.0199554 0.24945235 2.6369357 0.78731716 0.19659431 0.14925018
-2.0199554 0.24945235 2.6369357 0.78731716 0.19659431 0.14925018
-2.0199554 0.24945235 2.6369357 0.78731716 0.19659431 0.14925018
-2.0199554 0.24945235 2.6369357 0.78731716 0.19659431 0.14925018
-2.0199554 0.24945235 2.6369357 0.78731716 0.19659431 0.14925018
-2.0199554 0.24945235 2.6369357 0.78731716 0.19659431 0.14925018

0.79364 -1.1519794 2.6990654 -0.7477382 0.043204654 0.11123406
0.79364 -1.1519794 2.6990654 -0.7477382 0.043204654 0.11123406
0.79364 -1.1519794 2.6990654 -0.7477382 0.043204654 0.11123406
0.79364 -1.1519794 2.6990654 -0.7477382 0.043204654 0.11123406
0.79364 -1.1519794 2.6990654 -0.7477382 0.043204654 0.11123406
0.79364 -1.1519794 2.6990654 -0.7477382 0.043204654 0.11123406
0.79364 -1.1519794 2.6990654 -0.7477382 0.043204654 0.11123406

-1.3727158 0.34668761 1.9065077 0.6805721 -0.1286042 0.117927246
-1.3727158 0.34668761 1.9065077 0.6805721 -0.1286042 0.117927246
-1.3727158 0.34668761 1.9065077 0.6805721 -0.1286042 0.117927246
-1.3727158 0.34668761 1.9065077 0.6805721 -0.1286042 0.117927246
-1.3727158 0.34668761 1.9065077 0.6805721 -0.1286042 0.117927246
-1.3727158 0.34668761 1.9065077 0.6805721 -0.1286042 0.117927246
-1.3727158 0.34668761 1.9065077 0.6805721 -0.1286042 0.117927246

-2.3276148 0.6870891 -0.7715259 -0.76344776 -0.33221355 0.13548902
-2.3276148 0.6870891 -0.7715259 -0.76344776 -0.33221355 0.13548902
-2.3276148 0.6870891 -0.7715259 -0.76344776 -0.33221355 0.13548902
-2.3276148 0.6870891 -0.7715259 -0.76344776 -0.33221355 0.13548902
-2.3276148 0.6870891 -0.7715259 -0.76344776 -0.33221355 0.13548902
-2.3276148 0.6870891 -0.7715259 -0.76344776 -0.33221355 0.13548902
-2.3276148 0.6870891 -0.7715259 -0.76344776 -0.33221355 0.13548902

-0.63570774 -1.0460911 2.8687508 -0.7549252 0.30571875 0.11960153
-0.63570774 -1.0460911 2.8687508 -0.7549252 0.30571875 0.11960153
-0.63570774 -1.0460911 2.8687508 -0.7549252 0.30571875 0.11960153
-0.63570774 -1.0460911 2.8687508 -0.7549252 0.30571875 0.11960153
-0.63570774 -1.0460911 2.8687508 -0.7549252 0.30571875 0.11960153
-0.63570774 -1.0460911 2.8687508 -0.7549252 0.30571875 0.11960153
-0.63570774 -1.0460911 2.8687508 -0.7549252 0.30571875 0.11960153

-1.4636717 -0.968963 3.083526 0.5399201 0.09551368 0.13713752
-1.4636717 -0.968963 3.083526 0.5399201 0.09551368 0.13713752
-1.4636717 -0.968963 3.083526 0.5399201 0.09551368 0.13713752
-1.4636717 -0.968963 3.083526 0.5399201 0.09551368 0.13713752
-1.4636717 -0.968963 3.083526 0.5399201 0.09551368 0.13713752
-1.4636717 -0.968963 3.083526 0.5399201 0.09551368 0.13713752
-1.4636717 -0.968963 3.083526 0.5399201 0.09551368 0.13713752

-1.529534 -0.16785415 -0.15149492 0.20351872 -0.07768175 0.12959436
-1.529534 -0.16785415 -0.15149492 0.20351872 -0.07768175 0.12959436
-1.529534 -0.16785415 -0.15149492 0.20351872 -0.07768175 0.12959436
-1.529534 -0.16785415 -0.15149492 0.20351872 -0.07768175 0.12959436
-1.529534 -0.16785415 -0.15149492 0.20351872 -0.07768175 0.12959436
-1.529534 -0.16785415 -0.15149492 0.20351872 -0.07768175 0.12959436
-1.529534 -0.16785415 -0.15149492 0.20351872 -0.07768175 0.12959436

-0.82321566 0.9493892 2.8328989 0.27694175 0.40509954 0.119424656
-0.82321566 0.9493892 2.8328989 0.27694175 0.40509954 0.119424656
-0.82321566 0.9493892 2.8328989 0.27694175 0.40509954 0.119424656
-0.82321566 0.9493892 2.8328989 0.27694175 0.40509954 0.119424656
-0.82321566 0.9493892 2.8328989 0.27694175 0.40509954 0.119424656
-0.82321566 0.9493892 2.8328989 0.27694175 0.40509954 0.119424656
-0.82321566 0.9493892 2.8328989 0.27694175 0.40509954 0.119424656

-1.722737 -0.2660439 1.5264006 0.6649501 -0.28072557 0.14040254
-1.722737 -0.2660439 1.5264006 0.6649501 -0.28072557 0.14040254
-1.722737 -0.2660439 1.5264006 0.6649501 -0.28072557 0.14040254
-1.722737 -0.2660439 1.5264006 0.6649501 -0.28072557 0.14040254
-1.722737 -0.2660439 1.5264006 0.6649501 -0.28072557 0.14040254
-1.722737 -0.2660439 1.5264006 0.6649501 -0.28072557 0.14040254
-1.722737 -0.2660439 1.5264006 0.6649501 -0.28072557 0.14040254

-1.6051217 -0.5222889 -2.5743463 -0.953979 -0.27087858 0.13098395
-1.6051217 -0.5222889 -2.5743463 -0.953979 -0.27087858 0.13098395
-1.6051217 -0.5222889 -2.5743463 -0.953979 -0.27087858 0.13098395
-1.6051217 -0.5222889 -2.5743463 -0.953979 -0.27087858 0.13098395
-1.6051217 -0.5222889 -2.5743463 -0.953979 -0.27087858 0.13098395
-1.6051217 -0.5222889 -2.5743463 -0.953979 -0.27087858 0.13098395
-1.6051217 -0.5222889 -2.5743463 -0.953979 -0.27087858 0.13098395

1.3324813 -0.12177177 2.0894246 -0.8694009 -0.3834802 0.12759484
1.3324813 -0.12177177 2.0894246 -0.8694009 -0.3834802 0.12759484
1.3324813 -0.12177177 2.0894246 -0.8694009 -0.3834802 0.12759484
1.3324813 -0.12177177 2.0894246 -0.8694009 -0.3834802 0.12759484
1.3324813 -0.12177177 2.0894246 -0.8694009 -0.3834802 0.12759484
1.3324813 -0.12177177 2.0894246 -0.8694009 -0.3834802 0.12759484
1.3324813 -0.12177177 2.0894246 -0.8694009 -0.3834802 0.12759484

1.1120872 0.11434022 -2.7829185 -0.527356 -0.33132866 0.13620938
1.1120872 0.11434022 -2.7829185 -0.527356 -0.33132866 0.13620938
1.1120872 0.11434022 -2.7829185 -0.527356 -0.33132866 0.13620938
1.1120872 0.11434022 -2.7829185 -0.527356 -0.33132866 0.13620938
1.1120872 0.11434022 -2.7829185 -0.527356 -0.33132866 0.13620938
1.1120872 0.11434022 -2.7829185 -0.527356 -0.33132866 0.13620938
1.1120872 0.11434022 -2.7829185 -0.527356 -0.33132866 0.13620938

1.009543 -0.19109318 -0.60224175 0.78861094 -0.2140955 0.11865865
1.009543 -0.19109318 -0.60224175 0.78861094 -0.2140955 0.11865865
1.009543 -0.19109318 -0.60224175 0.78861094 -0.2140955 0.11865865
1.009543 -0.19109318 -0.60224175 0.78861094 -0.2140955 0.11865865
1.009543 -0.19109318 -0.60224175 0.78861094 -0.2140955 0.11865865
1.009543 -0.19109318 -0.60224175 0.78861094 -0.2140955 0.11865865
1.009543 -0.19109318 -0.60224175 0.78861094 -0.2140955 0.11865865

-1.7465888 -0.29677752 -0.4061368 0.37103403 -0.093884595 0.13478103
-1.7465888 -0.29677752 -0.4061368 0.37103403 -0.093884595 0.13478103
-1.7465888 -0.29677752 -0.4061368 0.37103403 -0.093884595 0.13478103
-1.7465888 -0.29677752 -0.4061368 0.37103403 -0.093884595 0.13478103
-1.7465888 -0.29677752 -0.4061368 0.37103403 -0.093884595 0.13478103
-1.7465888 -0.29677752 -0.4061368 0.37103403 -0.093884595 0.13478103
-1.7465888 -0.29677752 -0.4061368 0.37103403 -0.093884595 0.13478103

1.2625933 1.1172076 2.1653318 -0.9554049 -0.28841996 0.11903142
1.2625933 1.1172076 2.1653318 -0.9554049 -0.28841996 0.11903142
1.2625933 1.1172076 2.1653318 -0.9554049 -0.28841996 0.11903142
1.2625933 1.1172076 2.1653318 -0.9554049 -0.28841996 0.11903142
1.2625933 1.1172076 2.1653318 -0.9554049 -0.28841996 0.11903142
1.2625933 1.1172076 2.1653318 -0.9554049 -0.28841996 0.11903142
1.2625933 1.1172076 2.1653318 -0.9554049 -0.28841996 0.11903142

-1.8414782 -0.30388862 1.9245988 0.6452605 -0.0138075985 0.13526396
-1.8414782 -0.30388862 1.9245988 0.6452605 -0.0138075985 0.13526396
-1.8414782 -0.30388862 1.9245988 0.6452605 -0.0138075985 0.13526396
-1.8414782 -0.30388862 1.9245988 0.6452605 -0.0138075985 0.13526396
-1.8414782 -0.30388862 1.9245988 0.6452605 -0.0138075985 0.13526396
-1.8414782 -0.30388862 1.9245988 0.6452605 -0.0138075985 0.13526396
-1.8414782 -0.30388862 1.9245988 0.6452605 -0.0138075985 0.13526396

2.8577285 0.49198592 -2.7723145 0.6332484 -0.42102364 0.14360774
2.8577285 0.49198592 -2.7723145 0.6332484 -0.42102364 0.14360774
2.8577285 0.49198592 -2.7723145 0.6332484 -0.42102364 0.14360774
2.8577285 0.49198592 -2.7723145 0.6332484 -0.42102364 0.14360774
2.8577285 0.49198592 -2.7723145 0.6332484 -0.42102364 0.14360774
2.8577285 0.49198592 -2.7723145 0.6332484 -0.42102364 0.14360774
2.8577285 0.49198592 -2.7723145 0.6332484 -0.42102364 0.14360774

-1.8657906 0.123757794 2.418478 0.89718765 0.15536088 0.11036142
-1.8657906 0.123757794 2.418478 0.89718765 0.15536088 0.11036142
-1.8657906 0.123757794 2.418478 0.89718765 0.15536088 0.11036142
-1.8657906 0.123757794 2.418478 0.89718765 0.15536088 0.11036142
-1.8657906 0.123757794 2.418478 0.89718765 0.15536088 0.11036142
-1.8657906 0.123757794 2.418478 0.89718765 0.15536088 0.11036142
-1.8657906 0.123757794 2.418478 0.89718765 0.15536088 0.11036142

-1.5029721 -0.23538677 1.6216552 0.6266734 0.07963601 0.13246396
-1.5029721 -0.23538677 1.6216552 0.6266734 0.07963601 0.13246396
-1.5029721 -0.23538677 1.6216552 0.6266734 0.07963601 0.13246396
-1.5029721 -0.23538677 1.6216552 0.6266734 0.07963601 0.13246396
-1.5029721 -0.23538677 1.6216552 0.6266734 0.07963601 0.13246396
-1.5029721 -0.23538677 1.6216552 0.6266734 0.07963601 0.13246396
-1.5029721 -0.23538677 1.6216552 0.6266734 0.07963601 0.13246396

-2.1138592 -0.42597312 2.3163314 0.7834259 0.38031954 0.13262284
-2.1138592 -0.42597312 2.3163314 0.7834259 0.38031954 0.13262284
-2.1138592 -0.42597312 2.3163314 0.7834259 0.38031954 0.13262284
-2.1138592 -0.42597312 2.3163314 0.7834259 0.38031954 0.13262284
-2.1138592 -0.42597312 2.3163314 0.7834259 0.38031954 0.13262284
-2.1138592 -0.42597312 2.3163314 0.7834259 0.38031954 0.13262284
-2.1138592 -0.42597312 2.3163314 0.7834259 0.38031954 0.13262284

-1.4354241 0.24967 -0.36794388 -0.70367324 -0.1088164 0.1298958
-1.4354241 0.24967 -0.36794388 -0.70367324 -0.1088164 0.1298958
-1.4354241 0.24967 -0.36794388 -0.70367324 -0.1088164 0.1298958
-1.4354241 0.24967 -0.36794388 -0.70367324 -0.1088164 0.1298958
-1.4354241 0.24967 -0.36794388 -0.70367324 -0.1088164 0.1298958
-1.4354241 0.24967 -0.36794388 -0.70367324 -0.1088164 0.1298958
-1.4354241 0.24967 -0.36794388 -0.70367324 -0.1088164 0.1298958

1.6676998 -0.6024075 2.0593622 -0.7282482 -0.3807545 0.117251985
1.6676998 -0.6024075 2.0593622 -0.7282482 -0.3807545 0.117251985
1.6676998 -0.6024075 2.0593622 -0.7282482 -0.3807545 0.117251985
1.6676998 -0.6024075 2.0593622 -0.7282482 -0.3807545 0.117251985
1.6676998 -0.6024075 2.0593622 -0.7282482 -0.3807545 0.117251985
1.6676998 -0.6024075 2.0593622 -0.7282482 -0.3807545 0.117251985
1.6676998 -0.6024075 2.0593622 -0.7282482 -0.3807545 0.117251985

-2.3495328 0.14172424 2.084421 0.9733857 0.20934547 0.11428871
-2.3495328 0.14172424 2.084421 0.9733857 0.20934547 0.11428871
-2.3495328 0.14172424 2.084421 0.9733857 0.20934547 0.11428871
-2.3495328 0.14172424 2.084421 0.9733857 0.20934547 0.11428871
-2.3495328 0.14172424 2.084421 0.9733857 0.20934547 0.11428871
-2.3495328 0.14172424 2.084421 0.9733857 0.20934547 0.11428871
-2.3495328 0.14172424 2.084421 0.9733857 0.20934547 0.11428871

-1.7248865 0.46644545 0.71496904 0.6974488 -0.4030886 0.14487839
-1.7248865 0.46644545 0.71496904 0.6974488 -0.4030886 0.14487839
-1.7248865 0.46644545 0.71496904 0.6974488 -0.4030886 0.14487839
-1.7248865 0.46644545 0.71496904 0.6974488 -0.4030886 0.14487839
-1.7248865 0.46644545 0.71496904 0.6974488 -0.4030886 0.14487839
-1.7248865 0.46644545 0.71496904 0.6974488 -0.4030886 0.14487839
-1.7248865 0.46644545 0.71496904 0.6974488 -0.4030886 0.14487839

-1.7387265 0.07611339 2.9909062 -0.8008502 0.07041093 0.13903007
-1.7387265 0.07611339 2.9909062 -0.8008502 0.07041093 0.13903007
-1.7387265 0.07611339 2.9909062 -0.8008502 0.07041093 0.13903007
-1.7387265 0.07611339 2.9909062 -0.8008502 0.07041093 0.13903007
-1.7387265 0.07611339 2.9909062 -0.8008502 0.07041093 0.13903007
-1.7387265 0.07611339 2.9909062 -0.8008502 0.07041093 0.13903007
-1.7387265 0.07611339 2.9909062 -0.8008502 0.07041093 0.13903007

-2.0060406 0.0858276 0.6120808 -0.048290465 -0.212393 0.13106598
-2.0060406 0.0858276 0.6120808 -0.048290465 -0.212393 0.13106598
-2.0060406 0.0858276 0.6120808 -0.048290465 -0.212393 0.13106598
-2.0060406 0.0858276 0.6120808 -0.048290465 -0.212393 0.13106598
-2.0060406 0.0858276 0.6120808 -0.048290465 -0.212393 0.13106598
-2.0060406 0.0858276 0.6120808 -0.048290465 -0.212393 0.13106598
-2.0060406 0.0858276 0.6120808 -0.048290465 -0.212393 0.13106598

-1.3748114 0.48007601 1.7331455 0.65770656 -0.41922677 0.14061706
-1.3748114 0.48007601 1.7331455 0.65770656 -0.41922677 0.14061706
-1.3748114 0.48007601 1.7331455 0.65770656 -0.41922677 0.14061706
-1.3748114 0.48007601 1.7331455 0.65770656 -0.41922677 0.14061706
-1.3748114 0.48007601 1.7331455 0.65770656 -0.41922677 0.14061706
-1.3748114 0.48007601 1.7331455 0.65770656 -0.41922677 0.14061706
-1.3748114 0.48007601 1.7331455 0.65770656 -0.41922677 0.14061706

-1.9393117 0.3766462 2.8412766 -0.44330913 0.15538077 0.12777495
-1.9393117 0.3766462 2.8412766 -0.44330913 0.15538077 0.12777495
-1.9393117 0.3766462 2.8412766 -0.44330913 0.15538077 0.12777495
-1.9393117 0.3766462 2.8412766 -0.44330913 0.15538077 0.12777495
-1.9393117 0.3766462 2.8412766 -0.44330913 0.15538077 0.12777495
-1.9393117 0.3766462 2.8412766 -0.44330913 0.15538077 0.12777495
-1.9393117 0.3766462 2.8412766 -0.44330913 0.15538077 0.12777495

-2.0710263 0.48075572 1.2486502 0.6353453 -0.42377013 0.12507634
-2.0710263 0.48075572 1.2486502 0.6353453 -0.42377013 0.12507634
-2.0710263 0.48075572 1.2486502 0.6353453 -0.42377013 0.12507634
-2.0710263 0.48075572 1.2486502 0.6353453 -0.42377013 0.12507634
-2.0710263 0.48075572 1.2486502 0.6353453 -0.42377013 0.12507634
-2.0710263 0.48075572 1.2486502 0.6353453 -0.42377013 0.12507634
-2.0710263 0.48075572 1.2486502 0.6353453 -0.42377013 0.12507634

-1.5439599 0.3073659 0.84968543 0.91379786 -0.29418135 0.12842877
-1.5439599 0.3073659 0.84968543 0.91379786 -0.29418135 0.12842877
-1.5439599 0.3073659 0.84968543 0.91379786 -0.29418135 0.12842877
-1.5439599 0.3073659 0.84968543 0.91379786 -0.29418135 0.12842877
-1.5439599 0.3073659 0.84968543 0.91379786 -0.29418135 0.12842877
-1.5439599 0.3073659 0.84968543 0.91379786 -0.29418135 0.12842877
-1.5439599 0.3073659 0.84968543 0.91379786 -0.29418135 0.12842877

-1.5558912 -0.25895607 0.07452081 -0.91665435 -0.042853743 0.12394647
-1.5558912 -0.25895607 0.07452081 -0.91665435 -0.042853743 0.12394647
-1.5558912 -0.25895607 0.07452081 -0.91665435 -0.042853743 0.12394647
-1.5558912 -0.25895607 0.07452081 -0.91665435 -0.042853743 0.12394647
-1.5558912 -0.25895607 0.07452081 -0.91665435 -0.042853743 0.12394647
-1.5558912 -0.25895607 0.07452081 -0.91665435 -0.042853743 0.12394647
-1.5558912 -0.25895607 0.07452081 -0.91665435 -0.042853743 0.12394647

-1.7349939 0.34459075 -2.7125056 -0.942367 -0.23331566 0.11416124
-1.7349939 0.34459075 -2.7125056 -0.942367 -0.23331566 0.11416124
-1.7349939 0.34459075 -2.7125056 -0.942367 -0.23331566 0.11416124
-1.7349939 0.34459075 -2.7125056 -0.942367 -0.23331566 0.11416124
-1.7349939 0.34459075 -2.7125056 -0.942367 -0.23331566 0.11416124
-1.7349939 0.34459075 -2.7125056 -0.942367 -0.23331566 0.11416124
-1.7349939 0.34459075 -2.7125056 -0.942367 -0.23331566 0.11416124

-1.9748893 -0.09354924 -0.8083036 -0.6237439 -0.26421595 0.11501703
-1.9748893 -0.09354924 -0.8083036 -0.6237439 -0.26421595 0.11501703
-1.9748893 -0.09354924 -0.8083036 -0.6237439 -0.26421595 0.11501703
-1.9748893 -0.09354924 -0.8083036 -0.6237439 -0.26421595 0.11501703
-1.9748893 -0.09354924 -0.8083036 -0.6237439 -0.26421595 0.11501703
-1.9748893 -0.09354924 -0.8083036 -0.6237439 -0.26421595 0.11501703
-1.9748893 -0.09354924 -0.8083036 -0.6237439 -0.26421595 0.11501703

-1.7190857 0.39590058 2.1902895 -0.023058841 0.3638354 0.12484793
-1.7190857 0.39590058 2.1902895 -0.023058841 0.3638354 0.12484793
-1.7190857 0.39590058 2.1902895 -0.023058841 0.3638354 0.12484793
-1.7190857 0.39590058 2.1902895 -0.023058841 0.3638354 0.12484793
-1.7190857 0.39590058 2.1902895 -0.023058841 0.3638354 0.12484793
-1.7190857 0.39590058 2.1902895 -0.023058841 0.3638354 0.12484793
-1.7190857 0.39590058 2.1902895 -0.023058841 0.3638354 0.12484793

-2.0787919 0.3057802 -0.9899816 -0.7140723 -0.28792858 0.14326936
-2.0787919 0.3057802 -0.9899816 -0.7140723 -0.28792858 0.14326936
-2.0787919 0.3057802 -0.9899816 -0.7140723 -0.28792858 0.14326936
-2.0787919 0.3057802 -0.9899816 -0.7140723 -0.28792858 0.14326936
-2.0787919 0.3057802 -0.9899816 -0.7140723 -0.28792858 0.14326936
-2.0787919 0.3057802 -0.9899816 -0.7140723 -0.28792858 0.14326936
-2.0787919 0.3057802 -0.9899816 -0.7140723 -0.28792858 0.14326936

-2.2949948 0.65276766 0.3824806 0.73807997 -0.3308279 0.1417119
-2.2949948 0.65276766 0.3824806 0.73807997 -0.3308279 0.1417119
-2.2949948 0.65276766 0.3824806 0.73807997 -0.3308279 0.1417119
-2.2949948 0.65276766 0.3824806 0.73807997 -0.3308279 0.1417119
-2.2949948 0.65276766 0.3824806 0.73807997 -0.3308279 0.1417119
-2.2949948 0.65276766 0.3824806 0.73807997 -0.3308279 0.1417119
-2.2949948 0.65276766 0.3824806 0.73807997 -0.3308279 0.1417119

0.90158814 -0.4152588 0.39344075 -0.16663383 0.2817095 0.12748328
0.90158814 -0.4152588 0.39344075 -0.16663383 0.2817095 0.12748328
0.90158814 -0.4152588 0.39344075 -0.16663383 0.2817095 0.12748328
0.90158814 -0.4152588 0.39344075 -0.16663383 0.2817095 0.12748328
0.90158814 -0.4152588 0.39344075 -0.16663383 0.2817095 0.12748328
0.90158814 -0.4152588 0.39344075 -0.16663383 0.2817095 0.12748328
0.90158814 -0.4152588 0.39344075 -0.16663383 0.2817095 0.12748328

0.92457634 0.3493737 -0.051073264 0.6800372 0.29180744 0.13022186
0.92457634 0.3493737 -0.051073264 0.6800372 0.29180744 0.13022186
0.92457634 0.3493737 -0.051073264 0.6800372 0.29180744 0.13022186
0.92457634 0.3493737 -0.051073264 0.6800372 0.29180744 0.13022186
0.92457634 0.3493737 -0.051073264 0.6800372 0.29180744 0.13022186
0.92457634 0.3493737 -0.051073264 0.6800372 0.29180744 0.13022186
0.92457634 0.3493737 -0.051073264 0.6800372 0.29180744 0.13022186

-1.3606503 -0.37603074 -1.5510733 -0.66732997 -0.41797867 0.13416517
-1.3606503 -0.37603074 -1.5510733 -0.66732997 -0.41797867 0.13416517
-1.3606503 -0.37603074 -1.5510733 -0.66732997 -0.41797867 0.13416517
-1.3606503 -0.37603074 -1.5510733 -0.66732997 -0.41797867 0.13416517
-1.3606503 -0.37603074 -1.5510733 -0.66732997 -0.41797867 0.13416517
-1.3606503 -0.37603074 -1.5510733 -0.66732997 -0.41797867 0.13416517
-1.3606503 -0.37603074 -1.5510733 -0.66732997 -0.41797867 0.13416517

-1.6447953 0.3066939 0.775122 0.88147837 -0.23964074 0.13580641
-1.6447953 0.3066939 0.775122 0.88147837 -0.23964074 0.13580641
-1.6447953 0.3066939 0.775122 0.88147837 -0.23964074 0.13580641
-1.6447953 0.3066939 0.775122 0.88147837 -0.23964074 0.13580641
-1.6447953 0.3066939 0.775122 0.88147837 -0.23964074 0.13580641
-1.6447953 0.3066939 0.775122 0.88147837 -0.23964074 0.13580641
-1.6447953 0.3066939 0.775122 0.88147837 -0.23964074 0.13580641

-2.4876344 0.5618285 -0.93097824 -0.830419 -0.21278201 0.13007851
-2.4876344 0.5618285 -0.93097824 -0.830419 -0.21278201 0.13007851
-2.4876344 0.5618285 -0.93097824 -0.830419 -0.21278201 0.13007851
-2.4876344 0.5618285 -0.93097824 -0.830419 -0.21278201 0.13007851
-2.4876344 0.5618285 -0.93097824 -0.830419 -0.21278201 0.13007851
-2.4876344 0.5618285 -0.93097824 -0.830419 -0.21278201 0.13007851
-2.4876344 0.5618285 -0.93097824 -0.830419 -0.21278201 0.13007851

1.0575598 -0.7322829 3.0237055 -0.79152226 -0.29071283 0.14342545
1.0575598 -0.7322829 3.0237055 -0.79152226 -0.29071283 0.14342545
1.0575598 -0.7322829 3.0237055 -0.79152226 -0.29071283 0.14342545
1.0575598 -0.7322829 3.0237055 -0.79152226 -0.29071283 0.14342545
1.0575598 -0.7322829 3.0237055 -0.79152226 -0.29071283 0.14342545
1.0575598 -0.7322829 3.0237055 -0.79152226 -0.29071283 0.14342545
1.0575598 -0.7322829 3.0237055 -0.79152226 -0.29071283 0.14342545

-1.1341131 -0.9801103 -2.6960382 -0.96059066 0.23190421 0.12965563
-1.1341131 -0.9801103 -2.6960382 -0.96059066 0.23190421 0.12965563
-1.1341131 -0.9801103 -2.6960382 -0.96059066 0.23190421 0.12965563
-1.1341131 -0.9801103 -2.6960382 -0.96059066 0.23190421 0.12965563
-1.1341131 -0.9801103 -2.6960382 -0.96059066 0.23190421 0.12965563
-1.1341131 -0.9801103 -2.6960382 -0.96059066 0.23190421 0.12965563
-1.1341131 -0.9801103 -2.6960382 -0.96059066 0.23190421 0.12965563

-1.6752734 0.8181237 0.43407232 0.6287408 -0.29751143 0.128442
-1.6752734 0.8181237 0.43407232 0.6287408 -0.29751143 0.128442
-1.6752734 0.8181237 0.43407232 0.6287408 -0.29751143 0.128442
-1.6752734 0.8181237 0.43407232 0.6287408 -0.29751143 0.128442
-1.6752734 0.8181237 0.43407232 0.6287408 -0.29751143 0.128442
-1.6752734 0.8181237 0.43407232 0.6287408 -0.29751143 0.128442
-1.6752734 0.8181237 0.43407232 0.6287408 -0.29751143 0.128442

-1.3619902 -0.4263885 -2.9480991 -0.27016723 0.08908471 0.11784519
-1.3619902 -0.4263885 -2.9480991 -0.27016723 0.08908471 0.11784519
-1.3619902 -0.4263885 -2.9480991 -0.27016723 0.08908471 0.11784519
-1.3619902 -0.4263885 -2.9480991 -0.27016723 0.08908471 0.11784519
-1.3619902 -0.4263885 -2.9480991 -0.27016723 0.08908471 0.11784519
-1.3619902 -0.4263885 -2.9480991 -0.27016723 0.08908471 0.11784519
-1.3619902 -0.4263885 -2.9480991 -0.27016723 0.08908471 0.11784519

-2.3468099 0.7932952 -2.4286969 -0.72887003 -0.16008511 0.1277968
-2.3468099 0.7932952 -2.4286969 -0.72887003 -0.16008511 0.1277968
-2.3468099 0.7932952 -2.4286969 -0.72887003 -0.16008511 0.1277968
-2.3468099 0.7932952 -2.4286969 -0.72887003 -0.16008511 0.1277968
-2.3468099 0.7932952 -2.4286969 -0.72887003 -0.16008511 0.1277968
-2.3468099 0.7932952 -2.4286969 -0.72887003 -0.16008511 0.1277968
-2.3468099 0.7932952 -2.4286969 -0.72887003 -0.16008511 0.1277968

-1.8647866 -0.34745106 2.2263117 0.78317356 0.36294162 0.12959248
-1.8647866 -0.34745106 2.2263117 0.78317356 0.36294162 0.12959248
-1.8647866 -0.34745106 2.2263117 0.78317356 0.36294162 0.12959248
-1.8647866 -0.34745106 2.2263117 0.78317356 0.36294162 0.12959248
-1.8647866 -0.34745106 2.2263117 0.78317356 0.36294162 0.12959248
-1.8647866 -0.34745106 2.2263117 0.78317356 0.36294162 0.12959248
-1.8647866 -0.34745106 2.2263117 0.78317356 0.36294162 0.12959248

-2.0168946 0.026541185 -0.6758821 -0.9624722 0.3528019 0.12481886
-2.0168946 0.026541185 -0.6758821 -0.9624722 0.3528019 0.12481886
-2.0168946 0.026541185 -0.6758821 -0.9624722 0.3528019 0.12481886
-2.0168946 0.026541185 -0.6758821 -0.9624722 0.3528019 0.12481886
-2.0168946 0.026541185 -0.6758821 -0.9624722 0.3528019 0.12481886
-2.0168946 0.026541185 -0.6758821 -0.9624722 0.3528019 0.12481886
-2.0168946 0.026541185 -0.6758821 -0.9624722 0.3528019 0.12481886

-0.66220367 -1.2499323 -0.3007781 0.9171694 -0.19214587 0.14520678
-0.66220367 -1.2499323 -0.3007781 0.9171694 -0.19214587 0.14520678
-0.66220367 -1.2499323 -0.3007781 0.9171694 -0.19214587 0.14520678
-0.66220367 -1.2499323 -0.3007781 0.9171694 -0.19214587 0.14520678
-0.66220367 -1.2499323 -0.3007781 0.9171694 -0.19214587 0.14520678
-0.66220367 -1.2499323 -0.3007781 0.9171694 -0.19214587 0.14520678
-0.66220367 -1.2499323 -0.3007781 0.9171694 -0.19214587 0.14520678

-2.763827 -0.65206677 -3.1175253 -0.2848328 0.3494391 0.13053033
-2.763827 -0.65206677 -3.1175253 -0.2848328 0.3494391 0.13053033
-2.763827 -0.65206677 -3.1175253 -0.2848328 0.3494391 0.13053033
-2.763827 -0.65206677 -3.1175253 -0.2848328 0.3494391 0.13053033
-2.763827 -0.65206677 -3.1175253 -0.2848328 0.3494391 0.13053033
-2.763827 -0.65206677 -3.1175253 -0.2848328 0.3494391 0.13053033
-2.763827 -0.65206677 -3.1175253 -0.2848328 0.3494391 0.13053033

1.4767976 0.027536886 0.8463262 -0.6926094 0.4158494 0.115939625
1.4767976 0.027536886 0.8463262 -0.6926094 0.4158494 0.115939625
1.4767976 0.027536886 0.8463262 -0.6926094 0.4158494 0.115939625
1.4767976 0.027536886 0.8463262 -0.6926094 0.4158494 0.115939625
1.4767976 0.027536886 0.8463262 -0.6926094 0.4158494 0.115939625
1.4767976 0.027536886 0.8463262 -0.6926094 0.4158494 0.115939625
1.4767976 0.027536886 0.8463262 -0.6926094 0.4158494 0.115939625

-2.1902726 0.08338046 -0.6878295 -0.53434044 -0.21125302 0.124297515
-2.1902726 0.08338046 -0.6878295 -0.53434044 -0.21125302 0.124297515
-2.1902726 0.08338046 -0.6878295 -0.53434044 -0.21125302 0.124297515
-2.1902726 0.08338046 -0.6878295 -0.53434044 -0.21125302 0.124297515
-2.1902726 0.08338046 -0.6878295 -0.53434044 -0.21125302 0.124297515
-2.1902726 0.08338046 -0.6878295 -0.53434044 -0.21125302 0.124297515
-2.1902726 0.08338046 -0.6878295 -0.53434044 -0.21125302 0.124297515

-1.8980383 0.23013774 2.0674114 0.7329341 0.36778432 0.14891355
-1.8980383 0.23013774 2.0674114 0.7329341 0.36778432 0.14891355
-1.8980383 0.23013774 2.0674114 0.7329341 0.36778432 0.14891355
-1.8980383 0.23013774 2.0674114 0.7329341 0.36778432 0.14891355
-1.8980383 0.23013774 2.0674114 0.7329341 0.36778432 0.14891355
-1.8980383 0.23013774 2.0674114 0.7329341 0.36778432 0.14891355
-1.8980383 0.23013774 2.0674114 0.7329341 0.36778432 0.14891355

-1.1693113 1.1806632 -1.9305545 -0.23363556 0.37968692 0.12090855
-1.1693113 1.1806632 -1.9305545 -0.23363556 0.37968692 0.12090855
-1.1693113 1.1806632 -1.9305545 -0.23363556 0.37968692 0.12090855
-1.1693113 1.1806632 -1.9305545 -0.23363556 0.37968692 0.12090855
-1.1693113 1.1806632 -1.9305545 -0.23363556 0.37968692 0.12090855
-1.1693113 1.1806632 -1.9305545 -0.23363556 0.37968692 0.12090855
-1.1693113 1.1806632 -1.9305545 -0.23363556 0.37968692 0.12090855

-1.6030109 0.26059946 2.3986828 0.8693202 0.2099259 0.13676792
-1.6030109 0.26059946 2.3986828 0.8693202 0.2099259 0.13676792
-1.6030109 0.26059946 2.3986828 0.8693202 0.2099259 0.13676792
-1.6030109 0.26059946 2.3986828 0.8693202 0.2099259 0.13676792
-1.6030109 0.26059946 2.3986828 0.8693202 0.2099259 0.13676792
-1.6030109 0.26059946 2.3986828 0.8693202 0.2099259 0.13676792
-1.6030109 0.26059946 2.3986828 0.8693202 0.2099259 0.13676792

1.5090468 -0.706057 2.022389 -0.6690264 -0.32396024 0.11835566
1.5090468 -0.706057 2.022389 -0.6690264 -0.32396024 0.11835566
1.5090468 -0.706057 2.022389 -0.6690264 -0.32396024 0.11835566
1.5090468 -0.706057 2.022389 -0.6690264 -0.32396024 0.11835566
1.5090468 -0.706057 2.022389 -0.6690264 -0.32396024 0.11835566
1.5090468 -0.706057 2.022389 -0.6690264 -0.32396024 0.11835566
1.5090468 -0.706057 2.022389 -0.6690264 -0.32396024 0.11835566

-1.7676228 0.13079421 2.4020386 -0.28459233 0.22862726 0.11390668
-1.7676228 0.13079421 2.4020386 -0.28459233 0.22862726 0.11390668
-1.7676228 0.13079421 2.4020386 -0.28459233 0.22862726 0.11390668
-1.7676228 0.13079421 2.4020386 -0.28459233 0.22862726 0.11390668
-1.7676228 0.13079421 2.4020386 -0.28459233 0.22862726 0.11390668
-1.7676228 0.13079421 2.4020386 -0.28459233 0.22862726 0.11390668
-1.7676228 0.13079421 2.4020386 -0.28459233 0.22862726 0.11390668

-1.7014538 0.09881271 -0.7469961 -0.53747207 -0.26993364 0.1304599
-1.7014538 0.09881271 -0.7469961 -0.53747207 -0.26993364 0.1304599
-1.7014538 0.09881271 -0.7469961 -0.53747207 -0.26993364 0.1304599
-1.7014538 0.09881271 -0.7469961 -0.53747207 -0.26993364 0.1304599
-1.7014538 0.09881271 -0.7469961 -0.53747207 -0.26993364 0.1304599
-1.7014538 0.09881271 -0.7469961 -0.53747207 -0.26993364 0.1304599
-1.7014538 0.09881271 -0.7469961 -0.53747207 -0.26993364 0.1304599

-1.995616 0.3358674 0.81555045 0.8022517 0.047812663 0.14191677
-1.995616 0.3358674 0.81555045 0.8022517 0.047812663 0.14191677
-1.995616 0.3358674 0.81555045 0.8022517 0.047812663 0.14191677
-1.995616 0.3358674 0.81555045 0.8022517 0.047812663 0.14191677
-1.995616 0.3358674 0.81555045 0.8022517 0.047812663 0.14191677
-1.995616 0.3358674 0.81555045 0.8022517 0.047812663 0.14191677
-1.995616 0.3358674 0.81555045 0.8022517 0.047812663 0.14191677

-1.5525514 0.23870876 -1.2703215 -0.7075083 0.16374737 0.13378096
-1.5525514 0.23870876 -1.2703215 -0.7075083 0.16374737 0.13378096
-1.5525514 0.23870876 -1.2703215 -0.7075083 0.16374737 0.13378096
-1.5525514 0.23870876 -1.2703215 -0.7075083 0.16374737 0.13378096
-1.5525514 0.23870876 -1.2703215 -0.7075083 0.16374737 0.13378096
-1.5525514 0.23870876 -1.2703215 -0.7075083 0.16374737 0.13378096
-1.5525514 0.23870876 -1.2703215 -0.7075083 0.16374737 0.13378096

0.5715964 -0.08830783 -2.2354538 -0.90439814 -0.34058565 0.14758278
0.5715964 -0.08830783 -2.2354538 -0.90439814 -0.34058565 0.14758278
0.5715964 -0.08830783 -2.2354538 -0.90439814 -0.34058565 0.14758278
0.5715964 -0.08830783 -2.2354538 -0.90439814 -0.34058565 0.14758278
0.5715964 -0.08830783 -2.2354538 -0.90439814 -0.34058565 0.14758278
0.5715964 -0.08830783 -2.2354538 -0.90439814 -0.34058565 0.14758278
0.5715964 -0.08830783 -2.2354538 -0.90439814 -0.34058565 0.14758278

-1.5598712 0.21904418 -2.3113732 0.5239932 0.29377228 0.116643205
-1.5598712 0.21904418 -2.3113732 0.5239932 0.29377228 0.116643205
-1.5598712 0.21904418 -2.3113732 0.5239932 0.29377228 0.116643205
-1.5598712 0.21904418 -2.3113732 0.5239932 0.29377228 0.116643205
-1.5598712 0.21904418 -2.3113732 0.5239932 0.29377228 0.116643205
-1.5598712 0.21904418 -2.3113732 0.5239932 0.29377228 0.116643205
-1.5598712 0.21904418 -2.3113732 0.5239932 0.29377228 0.116643205

-1.6752352 0.45315066 -0.87765235 -0.91756815 0.26074225 0.14779373
-1.6752352 0.45315066 -0.87765235 -0.91756815 0.26074225 0.14779373
-1.6752352 0.45315066 -0.87765235 -0.91756815 0.26074225 0.14779373
-1.6752352 0.45315066 -0.87765235 -0.91756815 0.26074225 0.14779373
-1.6752352 0.45315066 -0.87765235 -0.91756815 0.26074225 0.14779373
-1.6752352 0.45315066 -0.87765235 -0.91756815 0.26074225 0.14779373
-1.6752352 0.45315066 -0.87765235 -0.91756815 0.26074225 0.14779373

-0.97402537 0.76057714 2.5470867 -0.23377044 0.29476833 0.13844167
-0.97402537 0.76057714 2.5470867 -0.23377044 0.29476833 0.13844167
-0.97402537 0.76057714 2.5470867 -0.23377044 0.29476833 0.13844167
-0.97402537 0.76057714 2.5470867 -0.23377044 0.29476833 0.13844167
-0.97402537 0.76057714 2.5470867 -0.23377044 0.29476833 0.13844167
-0.97402537 0.76057714 2.5470867 -0.23377044 0.29476833 0.13844167
-0.97402537 0.76057714 2.5470867 -0.23377044 0.29476833 0.13844167

-2.6616604 0.63654673 0.77201223 0.97816414 -0.27587566 0.117035136
-2.6616604 0.63654673 0.77201223 0.97816414 -0.27587566 0.117035136
-2.6616604 0.63654673 0.77201223 0.97816414 -0.27587566 0.117035136
-2.6616604 0.63654673 0.77201223 0.97816414 -0.27587566 0.117035136
-2.6616604 0.63654673 0.77201223 0.97816414 -0.27587566 0.117035136
-2.6616604 0.63654673 0.77201223 0.97816414 -0.27587566 0.117035136
-2.6616604 0.63654673 0.77201223 0.97816414 -0.27587566 0.117035136

1.0936266 -0.49354652 0.40947625 -0.7791063 0.22207627 0.14208287
1.0936266 -0.49354652 0.40947625 -0.7791063 0.22207627 0.14208287
1.0936266 -0.49354652 0.40947625 -0.7791063 0.22207627 0.14208287
1.0936266 -0.49354652 0.40947625 -0.7791063 0.22207627 0.14208287
1.0936266 -0.49354652 0.40947625 -0.7791063 0.22207627 0.14208287
1.0936266 -0.49354652 0.40947625 -0.7791063 0.22207627 0.14208287
1.0936266 -0.49354652 0.40947625 -0.7791063 0.22207627 0.14208287

-1.9453076 0.44714794 0.36703688 0.6653693 -0.29782885 0.14567278
-1.9453076 0.44714794 0.36703688 0.6653693 -0.29782885 0.14567278
-1.9453076 0.44714794 0.36703688 0.6653693 -0.29782885 0.14567278
-1.9453076 0.44714794 0.36703688 0.6653693 -0.29782885 0.14567278
-1.9453076 0.44714794 0.36703688 0.6653693 -0.29782885 0.14567278
-1.9453076 0.44714794 0.36703688 0.6653693 -0.29782885 0.14567278
-1.9453076 0.44714794 0.36703688 0.6653693 -0.29782885 0.14567278

-1.7560648 0.06827559 0.62350404 0.0069157686 -0.22668241 0.11336417
-1.7560648 0.06827559 0.62350404 0.0069157686 -0.22668241 0.11336417
-1.7560648 0.06827559 0.62350404 0.0069157686 -0.22668241 0.11336417
-1.7560648 0.06827559 0.62350404 0.0069157686 -0.22668241 0.11336417
-1.7560648 0.06827559 0.62350404 0.0069157686 -0.22668241 0.11336417
-1.7560648 0.06827559 0.62350404 0.0069157686 -0.22668241 0.11336417
-1.7560648 0.06827559 0.62350404 0.0069157686 -0.22668241 0.11336417

-1.6259633 0.19246821 -0.08556642 0.7843021 -0.16956255 0.1336414
-1.6259633 0.19246821 -0.08556642 0.7843021 -0.16956255 0.1336414
-1.6259633 0.19246821 -0.08556642 0.7843021 -0.16956255 0.1336414
-1.6259633 0.19246821 -0.08556642 0.7843021 -0.16956255 0.1336414
-1.6259633 0.19246821 -0.08556642 0.7843021 -0.16956255 0.1336414
-1.6259633 0.19246821 -0.08556642 0.7843021 -0.16956255 0.1336414
-1.6259633 0.19246821 -0.08556642 0.7843021 -0.16956255 0.1336414

2.6850398 -0.39459082 3.122815 0.98615956 -0.41813153 0.11269296
2.6850398 -0.39459082 3.122815 0.98615956 -0.41813153 0.11269296
2.6850398 -0.39459082 3.122815 0.98615956 -0.41813153 0.11269296
2.6850398 -0.39459082 3.122815 0.98615956 -0.41813153 0.11269296
2.6850398 -0.39459082 3.122815 0.98615956 -0.41813153 0.11269296
2.6850398 -0.39459082 3.122815 0.98615956 -0.41813153 0.11269296
2.6850398 -0.39459082 3.122815 0.98615956 -0.41813153 0.11269296

-2.3680499 -0.154867 -0.044511683 -0.14983596 -0.34020025 0.14168526
-2.3680499 -0.154867 -0.044511683 -0.14983596 -0.34020025 0.14168526
-2.3680499 -0.154867 -0.044511683 -0.14983596 -0.34020025 0.14168526
-2.3680499 -0.154867 -0.044511683 -0.14983596 -0.34020025 0.14168526
-2.3680499 -0.154867 -0.044511683 -0.14983596 -0.34020025 0.14168526
-2.3680499 -0.154867 -0.044511683 -0.14983596 -0.34020025 0.14168526
-2.3680499 -0.154867 -0.044511683 -0.14983596 -0.34020025 0.14168526

-2.221586 -0.29232925 -2.1660209 -0.76620424 0.18646659 0.12900499
-2.221586 -0.29232925 -2.1660209 -0.76620424 0.18646659 0.12900499
-2.221586 -0.29232925 -2.1660209 -0.76620424 0.18646659 0.12900499
-2.221586 -0.29232925 -2.1660209 -0.76620424 0.18646659 0.12900499
-2.221586 -0.29232925 -2.1660209 -0.76620424 0.18646659 0.12900499
-2.221586 -0.29232925 -2.1660209 -0.76620424 0.18646659 0.12900499
-2.221586 -0.29232925 -2.1660209 -0.76620424 0.18646659 0.12900499

1.3862236 0.8745731 0.76054305 0.60735613 0.36114028 0.113091774
1.3862236 0.8745731 0.76054305 0.60735613 0.36114028 0.113091774
1.3862236 0.8745731 0.76054305 0.60735613 0.36114028 0.113091774
1.3862236 0.8745731 0.76054305 0.60735613 0.36114028 0.113091774
1.3862236 0.8745731 0.76054305 0.60735613 0.36114028 0.113091774
1.3862236 0.8745731 0.76054305 0.60735613 0.36114028 0.113091774
1.3862236 0.8745731 0.76054305 0.60735613 0.36114028 0.113091774

-1.6906236 0.12513702 0.51871014 0.22847581 -0.21785405 0.12244465
-1.6906236 0.12513702 0.51871014 0.22847581 -0.21785405 0.12244465
-1.6906236 0.12513702 0.51871014 0.22847581 -0.21785405 0.12244465
-1.6906236 0.12513702 0.51871014 0.22847581 -0.21785405 0.12244465
-1.6906236 0.12513702 0.51871014 0.22847581 -0.21785405 0.12244465
-1.6906236 0.12513702 0.51871014 0.22847581 -0.21785405 0.12244465
-1.6906236 0.12513702 0.51871014 0.22847581 -0.21785405 0.12244465

1.3194166 0.6255451 -0.6532003 0.6758531 0.1663384 0.12937036
1.3194166 0.6255451 -0.6532003 0.6758531 0.1663384 0.12937036
1.3194166 0.6255451 -0.6532003 0.6758531 0.1663384 0.12937036
1.3194166 0.6255451 -0.6532003 0.6758531 0.1663384 0.12937036
1.3194166 0.6255451 -0.6532003 0.6758531 0.1663384 0.12937036
1.3194166 0.6255451 -0.6532003 0.6758531 0.1663384 0.12937036
1.3194166 0.6255451 -0.6532003 0.6758531 0.1663384 0.12937036

-1.660969 0.20377588 2.6771362 -0.31966263 0.35415205 0.1303047
-1.660969 0.20377588 2.6771362 -0.31966263 0.35415205 0.1303047
-1.660969 0.20377588 2.6771362 -0.31966263 0.35415205 0.1303047
-1.660969 0.20377588 2.6771362 -0.31966263 0.35415205 0.1303047
-1.660969 0.20377588 2.6771362 -0.31966263 0.35415205 0.1303047
-1.660969 0.20377588 2.6771362 -0.31966263 0.35415205 0.1303047
-1.660969 0.20377588 2.6771362 -0.31966263 0.35415205 0.1303047

-1.173653 0.48873365 0.61191726 0.9333864 0.2519074 0.14717844
-1.173653 0.48873365 0.61191726 0.9333864 0.2519074 0.14717844
-1.173653 0.48873365 0.61191726 0.9333864 0.2519074 0.14717844
-1.173653 0.48873365 0.61191726 0.9333864 0.2519074 0.14717844
-1.173653 0.48873365 0.61191726 0.9333864 0.2519074 0.14717844
-1.173653 0.48873365 0.61191726 0.9333864 0.2519074 0.14717844
-1.173653 0.48873365 0.61191726 0.9333864 0.2519074 0.14717844

1.4691969 -0.09514441 -2.6590586 0.81017774 -0.22947954 0.12792222
1.4691969 -0.09514441 -2.6590586 0.81017774 -0.22947954 0.12792222
1.4691969 -0.09514441 -2.6590586 0.81017774 -0.22947954 0.12792222
1.4691969 -0.09514441 -2.6590586 0.81017774 -0.22947954 0.12792222
1.4691969 -0.09514441 -2.6590586 0.81017774 -0.22947954 0.12792222
1.4691969 -0.09514441 -2.6590586 0.81017774 -0.22947954 0.12792222
1.4691969 -0.09514441 -2.6590586 0.81017774 -0.22947954 0.12792222

1.4422278 0.995183 2.3597991 -0.608342 -0.15480812 0.11083629
1.4422278 0.995183 2.3597991 -0.608342 -0.15480812 0.11083629
1.4422278 0.995183 2.3597991 -0.608342 -0.15480812 0.11083629
1.4422278 0.995183 2.3597991 -0.608342 -0.15480812 0.11083629
1.4422278 0.995183 2.3597991 -0.608342 -0.15480812 0.11083629
1.4422278 0.995183 2.3597991 -0.608342 -0.15480812 0.11083629
1.4422278 0.995183 2.3597991 -0.608342 -0.15480812 0.11083629

-2.7828236 0.9194558 0.18343072 0.7468573 -0.22903657 0.118895225
-2.7828236 0.9194558 0.18343072 0.7468573 -0.22903657 0.118895225
-2.7828236 0.9194558 0.18343072 0.7468573 -0.22903657 0.118895225
-2.7828236 0.9194558 0.18343072 0.7468573 -0.22903657 0.118895225
-2.7828236 0.9194558 0.18343072 0.7468573 -0.22903657 0.118895225
-2.7828236 0.9194558 0.18343072 0.7468573 -0.22903657 0.118895225
-2.7828236 0.9194558 0.18343072 0.7468573 -0.22903657 0.118895225

-1.9051301 0.3238287 1.5733443 0.61441094 0.11889709 0.14259261
-1.9051301 0.3238287 1.5733443 0.61441094 0.11889709 0.14259261
-1.9051301 0.3238287 1.5733443 0.61441094 0.11889709 0.14259261
-1.9051301 0.3238287 1.5733443 0.61441094 0.11889709 0.14259261
-1.9051301 0.3238287 1.5733443 0.61441094 0.11889709 0.14259261
-1.9051301 0.3238287 1.5733443 0.61441094 0.11889709 0.14259261
-1.9051301 0.3238287 1.5733443 0.61441094 0.11889709 0.14259261

-1.6210157 0.5089063 1.2069178 0.81050915 -0.2258141 0.11847521
-1.6210157 0.5089063 1.2069178 0.81050915 -0.2258141 0.11847521
-1.6210157 0.5089063 1.2069178 0.81050915 -0.2258141 0.11847521
-1.6210157 0.5089063 1.2069178 0.81050915 -0.2258141 0.11847521
-1.6210157 0.5089063 1.2069178 0.81050915 -0.2258141 0.11847521
-1.6210157 0.5089063 1.2069178 0.81050915 -0.2258141 0.11847521
-1.6210157 0.5089063 1.2069178 0.81050915 -0.2258141 0.11847521

1.4054238 -0.270848 2.43751 -0.75356936 -0.27207294 0.13743849
1.4054238 -0.270848 2.43751 -0.75356936 -0.27207294 0.13743849
1.4054238 -0.270848 2.43751 -0.75356936 -0.27207294 0.13743849
1.4054238 -0.270848 2.43751 -0.75356936 -0.27207294 0.13743849
1.4054238 -0.270848 2.43751 -0.75356936 -0.27207294 0.13743849
1.4054238 -0.270848 2.43751 -0.75356936 -0.27207294 0.13743849
1.4054238 -0.270848 2.43751 -0.75356936 -0.27207294 0.13743849

-1.4460102 1.0898625 2.5294878 -0.60448915 0.1709069 0.115548894
-1.4460102 1.0898625 2.5294878 -0.60448915 0.1709069 0.115548894
-1.4460102 1.0898625 2.5294878 -0.60448915 0.1709069 0.115548894
-1.4460102 1.0898625 2.5294878 -0.60448915 0.1709069 0.115548894
-1.4460102 1.0898625 2.5294878 -0.60448915 0.1709069 0.115548894
-1.4460102 1.0898625 2.5294878 -0.60448915 0.1709069 0.115548894
-1.4460102 1.0898625 2.5294878 -0.60448915 0.1709069 0.115548894

1.3850313 0.5623748 0.67296183 0.97394514 0.4198698 0.13692221
1.3850313 0.5623748 0.67296183 0.97394514 0.4198698 0.13692221
1.3850313 0.5623748 0.67296183 0.97394514 0.4198698 0.13692221
1.3850313 0.5623748 0.67296183 0.97394514 0.4198698 0.13692221
1.3850313 0.5623748 0.67296183 0.97394514 0.4198698 0.13692221
1.3850313 0.5623748 0.67296183 0.97394514 0.4198698 0.13692221
1.3850313 0.5623748 0.67296183 0.97394514 0.4198698 0.13692221

-1.5293293 -0.24681449 -1.7648549 -0.67420083 0.19390568 0.12698187
-1.5293293 -0.24681449 -1.7648549 -0.67420083 0.19390568 0.12698187
-1.5293293 -0.24681449 -1.7648549 -0.67420083 0.19390568 0.12698187
-1.5293293 -0.24681449 -1.7648549 -0.67420083 0.19390568 0.12698187
-1.5293293 -0.24681449 -1.7648549 -0.67420083 0.19390568 0.12698187
-1.5293293 -0.24681449 -1.7648549 -0.67420083 0.19390568 0.12698187
-1.5293293 -0.24681449 -1.7648549 -0.67420083 0.19390568 0.12698187

-1.7267052 0.31308746 -1.0970633 -0.5791783 -0.37450376 0.12878545
-1.7267052 0.31308746 -1.0970633 -0.5791783 -0.37450376 0.12878545
-1.7267052 0.31308746 -1.0970633 -0.5791783 -0.37450376 0.12878545
-1.7267052 0.31308746 -1.0970633 -0.5791783 -0.37450376 0.12878545
-1.7267052 0.31308746 -1.0970633 -0.5791783 -0.37450376 0.12878545
-1.7267052 0.31308746 -1.0970633 -0.5791783 -0.37450376 0.12878545
-1.7267052 0.31308746 -1.0970633 -0.5791783 -0.37450376 0.12878545

1.1955265 0.7490462 -0.13113026 -0.62374324 0.1676277 0.1168397
1.1955265 0.7490462 -0.13113026 -0.62374324 0.1676277 0.1168397
1.1955265 0.7490462 -0.13113026 -0.62374324 0.1676277 0.1168397
1.1955265 0.7490462 -0.13113026 -0.62374324 0.1676277 0.1168397
1.1955265 0.7490462 -0.13113026 -0.62374324 0.1676277 0.1168397
1.1955265 0.7490462 -0.13113026 -0.62374324 0.1676277 0.1168397
1.1955265 0.7490462 -0.13113026 -0.62374324 0.1676277 0.1168397

-1.7684779 0.12670605 -1.4441934 -0.5988106 0.39785203 0.13428473
-1.7684779 0.12670605 -1.4441934 -0.5988106 0.39785203 0.13428473
-1.7684779 0.12670605 -1.4441934 -0.5988106 0.39785203 0.13428473
-1.7684779 0.12670605 -1.4441934 -0.5988106 0.39785203 0.13428473
-1.7684779 0.12670605 -1.4441934 -0.5988106 0.39785203 0.13428473
-1.7684779 0.12670605 -1.4441934 -0.5988106 0.39785203 0.13428473
-1.7684779 0.12670605 -1.4441934 -0.5988106 0.39785203 0.13428473

2.7894332 0.22369285 1.5870619 -0.81280154 0.4183111 0.12611598
2.7894332 0.22369285 1.5870619 -0.81280154 0.4183111 0.12611598
2.7894332 0.22369285 1.5870619 -0.81280154 0.4183111 0.12611598
2.7894332 0.22369285 1.5870619 -0.81280154 0.4183111 0.12611598
2.7894332 0.22369285 1.5870619 -0.81280154 0.4183111 0.12611598
2.7894332 0.22369285 1.5870619 -0.81280154 0.4183111 0.12611598
2.7894332 0.22369285 1.5870619 -0.81280154 0.4183111 0.12611598

-2.3347766 0.52336824 1.4286636 0.6943687 -0.10058136 0.12654376
-2.3347766 0.52336824 1.4286636 0.6943687 -0.10058136 0.12654376
-2.3347766 0.52336824 1.4286636 0.6943687 -0.10058136 0.12654376
-2.3347766 0.52336824 1.4286636 0.6943687 -0.10058136 0.12654376
-2.3347766 0.52336824 1.4286636 0.6943687 -0.10058136 0.12654376
-2.3347766 0.52336824 1.4286636 0.6943687 -0.10058136 0.12654376
-2.3347766 0.52336824 1.4286636 0.6943687 -0.10058136 0.12654376

-1.8228865 0.3596565 -2.7311015 -0.9601578 0.17454445 0.1222358
-1.8228865 0.3596565 -2.7311015 -0.9601578 0.17454445 0.1222358
-1.8228865 0.3596565 -2.7311015 -0.9601578 0.17454445 0.1222358
-1.8228865 0.3596565 -2.7311015 -0.9601578 0.17454445 0.1222358
-1.8228865 0.3596565 -2.7311015 -0.9601578 0.17454445 0.1222358
-1.8228865 0.3596565 -2.7311015 -0.9601578 0.17454445 0.1222358
-1.8228865 0.3596565 -2.7311015 -0.9601578 0.17454445 0.1222358

2.7907767 -0.47961506 -0.73440236 -0.73255485 0.25805768 0.12124394
2.7907767 -0.47961506 -0.73440236 -0.73255485 0.25805768 0.12124394
2.7907767 -0.47961506 -0.73440236 -0.73255485 0.25805768 0.12124394
2.7907767 -0.47961506 -0.73440236 -0.73255485 0.25805768 0.12124394
2.7907767 -0.47961506 -0.73440236 -0.73255485 0.25805768 0.12124394
2.7907767 -0.47961506 -0.73440236 -0.73255485 0.25805768 0.12124394
2.7907767 -0.47961506 -0.73440236 -0.73255485 0.25805768 0.12124394

-1.4203703 0.70145816 -0.33830866 0.51023924 -0.12734218 0.14144553
-1.4203703 0.70145816 -0.33830866 0.51023924 -0.12734218 0.14144553
-1.4203703 0.70145816 -0.33830866 0.51023924 -0.12734218 0.14144553
-1.4203703 0.70145816 -0.33830866 0.51023924 -0.12734218 0.14144553
-1.4203703 0.70145816 -0.33830866 0.51023924 -0.12734218 0.14144553
-1.4203703 0.70145816 -0.33830866 0.51023924 -0.12734218 0.14144553
-1.4203703 0.70145816 -0.33830866 0.51023924 -0.12734218 0.14144553

-0.97245145 1.007933 -3.0504231 0.68539536 0.27959585 0.11387866
-0.97245145 1.007933 -3.0504231 0.68539536 0.27959585 0.11387866
-0.97245145 1.007933 -3.0504231 0.68539536 0.27959585 0.11387866
-0.97245145 1.007933 -3.0504231 0.68539536 0.27959585 0.11387866
-0.97245145 1.007933 -3.0504231 0.68539536 0.27959585 0.11387866
-0.97245145 1.007933 -3.0504231 0.68539536 0.27959585 0.11387866
-0.97245145 1.007933 -3.0504231 0.68539536 0.27959585 0.11387866

0.851067 -0.3876973 3.0559256 -0.947283 -0.38196555 0.14166798
0.851067 -0.3876973 3.0559256 -0.947283 -0.38196555 0.14166798
0.851067 -0.3876973 3.0559256 -0.947283 -0.38196555 0.14166798
0.851067 -0.3876973 3.0559256 -0.947283 -0.38196555 0.14166798
0.851067 -0.3876973 3.0559256 -0.947283 -0.38196555 0.14166798
0.851067 -0.3876973 3.0559256 -0.947283 -0.38196555 0.14166798
0.851067 -0.3876973 3.0559256 -0.947283 -0.38196555 0.14166798

2.3069289 -0.17027527 -2.4731784 0.47458926 -0.42200735 0.12336117
2.3069289 -0.17027527 -2.4731784 0.47458926 -0.42200735 0.12336117
2.3069289 -0.17027527 -2.4731784 0.47458926 -0.42200735 0.12336117
2.3069289 -0.17027527 -2.4731784 0.47458926 -0.42200735 0.12336117
2.3069289 -0.17027527 -2.4731784 0.47458926 -0.42200735 0.12336117
2.3069289 -0.17027527 -2.4731784 0.47458926 -0.42200735 0.12336117
2.3069289 -0.17027527 -2.4731784 0.47458926 -0.42200735 0.12336117

-1.7577825 -0.17267035 -0.8487383 -0.73367757 -0.27252716 0.13725385
-1.7577825 -0.17267035 -0.8487383 -0.73367757 -0.27252716 0.13725385
-1.7577825 -0.17267035 -0.8487383 -0.73367757 -0.27252716 0.13725385
-1.7577825 -0.17267035 -0.8487383 -0.73367757 -0.27252716 0.13725385
-1.7577825 -0.17267035 -0.8487383 -0.73367757 -0.27252716 0.13725385
-1.7577825 -0.17267035 -0.8487383 -0.73367757 -0.27252716 0.13725385
-1.7577825 -0.17267035 -0.8487383 -0.73367757 -0.27252716 0.13725385

1.0086008 -0.17497994 -3.073389 -0.1394456 -0.3021349 0.14945863
1.0086008 -0.17497994 -3.073389 -0.1394456 -0.3021349 0.14945863
1.0086008 -0.17497994 -3.073389 -0.1394456 -0.3021349 0.14945863
1.0086008 -0.17497994 -3.073389 -0.1394456 -0.3021349 0.14945863
1.0086008 -0.17497994 -3.073389 -0.1394456 -0.3021349 0.14945863
1.0086008 -0.17497994 -3.073389 -0.1394456 -0.3021349 0.14945863
1.0086008 -0.17497994 -3.073389 -0.1394456 -0.3021349 0.14945863

-1.816634 0.27733627 2.020765 0.7006877 0.18887597 0.120034456
-1.816634 0.27733627 2.020765 0.7006877 0.18887597 0.120034456
-1.816634 0.27733627 2.020765 0.7006877 0.18887597 0.120034456
-1.816634 0.27733627 2.020765 0.7006877 0.18887597 0.120034456
-1.816634 0.27733627 2.020765 0.7006877 0.18887597 0.120034456
-1.816634 0.27733627 2.020765 0.7006877 0.18887597 0.120034456
-1.816634 0.27733627 2.020765 0.7006877 0.18887597 0.120034456

-2.4199023 1.354138 -1.1916921 0.31096226 -0.09451477 0.11468811
-2.4199023 1.354138 -1.1916921 0.31096226 -0.09451477 0.11468811
-2.4199023 1.354138 -1.1916921 0.31096226 -0.09451477 0.11468811
-2.4199023 1.354138 -1.1916921 0.31096226 -0.09451477 0.11468811
-2.4199023 1.354138 -1.1916921 0.31096226 -0.09451477 0.11468811
-2.4199023 1.354138 -1.1916921 0.31096226 -0.09451477 0.11468811
-2.4199023 1.354138 -1.1916921 0.31096226 -0.09451477 0.11468811

1.0343468 0.33340615 -2.0794218 0.77484965 -0.38372913 0.11762318
1.0343468 0.33340615 -2.0794218 0.77484965 -0.38372913 0.11762318
1.0343468 0.33340615 -2.0794218 0.77484965 -0.38372913 0.11762318
1.0343468 0.33340615 -2.0794218 0.77484965 -0.38372913 0.11762318
1.0343468 0.33340615 -2.0794218 0.77484965 -0.38372913 0.11762318
1.0343468 0.33340615 -2.0794218 0.77484965 -0.38372913 0.11762318
1.0343468 0.33340615 -2.0794218 0.77484965 -0.38372913 0.11762318

-2.045476 1.3790028 -0.8196363 -0.75065136 -0.084441446 0.1340372
-2.045476 1.3790028 -0.8196363 -0.75065136 -0.084441446 0.1340372
-2.045476 1.3790028 -0.8196363 -0.75065136 -0.084441446 0.1340372
-2.045476 1.3790028 -0.8196363 -0.75065136 -0.084441446 0.1340372
-2.045476 1.3790028 -0.8196363 -0.75065136 -0.084441446 0.1340372
-2.045476 1.3790028 -0.8196363 -0.75065136 -0.084441446 0.1340372
-2.045476 1.3790028 -0.8196363 -0.75065136 -0.084441446 0.1340372

-1.9448029 0.25565016 2.3224065 -0.8660287 0.18021414 0.14763446
-1.9448029 0.25565016 2.3224065 -0.8660287 0.18021414 0.14763446
-1.9448029 0.25565016 2.3224065 -0.8660287 0.18021414 0.14763446
-1.9448029 0.25565016 2.3224065 -0.8660287 0.18021414 0.14763446
-1.9448029 0.25565016 2.3224065 -0.8660287 0.18021414 0.14763446
-1.9448029 0.25565016 2.3224065 -0.8660287 0.18021414 0.14763446
-1.9448029 0.25565016 2.3224065 -0.8660287 0.18021414 0.14763446

-1.7178277 0.5359137 -0.83987576 -0.8856907 0.27952272 0.14099057
-1.7178277 0.5359137 -0.83987576 -0.8856907 0.27952272 0.14099057
-1.7178277 0.5359137 -0.83987576 -0.8856907 0.27952272 0.14099057
-1.7178277 0.5359137 -0.83987576 -0.8856907 0.27952272 0.14099057
-1.7178277 0.5359137 -0.83987576 -0.8856907 0.27952272 0.14099057
-1.7178277 0.5359137 -0.83987576 -0.8856907 0.27952272 0.14099057
-1.7178277 0.5359137 -0.83987576 -0.8856907 0.27952272 0.14099057

-1.8368437 -0.47283757 0.6934906 -0.08328616 -0.24402891 0.14193761
-1.8368437 -0.47283757 0.6934906 -0.08328616 -0.24402891 0.14193761
-1.8368437 -0.47283757 0.6934906 -0.08328616 -0.24402891 0.14193761
-1.8368437 -0.47283757 0.6934906 -0.08328616 -0.24402891 0.14193761
-1.8368437 -0.47283757 0.6934906 -0.08328616 -0.24402891 0.14193761
-1.8368437 -0.47283757 0.6934906 -0.08328616 -0.24402891 0.14193761
-1.8368437 -0.47283757 0.6934906 -0.08328616 -0.24402891 0.14193761

-1.646942 -0.12046638 0.11088065 0.8153784 -0.064778745 0.112790674
-1.646942 -0.12046638 0.11088065 0.8153784 -0.064778745 0.112790674
-1.646942 -0.12046638 0.11088065 0.8153784 -0.064778745 0.112790674
-1.646942 -0.12046638 0.11088065 0.8153784 -0.064778745 0.112790674
-1.646942 -0.12046638 0.11088065 0.8153784 -0.064778745 0.112790674
-1.646942 -0.12046638 0.11088065 0.8153784 -0.064778745 0.112790674
-1.646942 -0.12046638 0.11088065 0.8153784 -0.064778745 0.112790674

-1.7864043 0.20410308 -1.1637754 -0.40308645 -0.39583635 0.115437955
-1.7864043 0.20410308 -1.1637754 -0.40308645 -0.39583635 0.115437955
-1.7864043 0.20410308 -1.1637754 -0.40308645 -0.39583635 0.115437955
-1.7864043 0.20410308 -1.1637754 -0.40308645 -0.39583635 0.115437955
-1.7864043 0.20410308 -1.1637754 -0.40308645 -0.39583635 0.115437955
-1.7864043 0.20410308 -1.1637754 -0.40308645 -0.39583635 0.115437955
-1.7864043 0.20410308 -1.1637754 -0.40308645 -0.39583635 0.115437955

-1.8401403 -0.22333235 2.5372372 -0.27673113 0.14668958 0.13067491
-1.8401403 -0.22333235 2.5372372 -0.27673113 0.14668958 0.13067491
-1.8401403 -0.22333235 2.5372372 -0.27673113 0.14668958 0.13067491
-1.8401403 -0.22333235 2.5372372 -0.27673113 0.14668958 0.13067491
-1.8401403 -0.22333235 2.5372372 -0.27673113 0.14668958 0.13067491
-1.8401403 -0.22333235 2.5372372 -0.27673113 0.14668958 0.13067491
-1.8401403 -0.22333235 2.5372372 -0.27673113 0.14668958 0.13067491

-2.739842 1.2120725 1.2508763 -0.5522282 0.25092542 0.13037825
-2.739842 1.2120725 1.2508763 -0.5522282 0.25092542 0.13037825
-2.739842 1.2120725 1.2508763 -0.5522282 0.25092542 0.13037825
-2.739842 1.2120725 1.2508763 -0.5522282 0.25092542 0.13037825
-2.739842 1.2120725 1.2508763 -0.5522282 0.25092542 0.13037825
-2.739842 1.2120725 1.2508763 -0.5522282 0.25092542 0.13037825
-2.739842 1.2120725 1.2508763 -0.5522282 0.25092542 0.13037825

