1.6757900448711522 0.6988833733319765 2.441552720066703 -0.7450901109444472 -0.22995915271085487 0.13937610812945597
2.158086297463167 0.340842384584124 3.0166038322042 -0.9537889633212413 -0.2465094889019387 0.14688403250356996
1.6757900448711522 0.6988833733319765 2.441552720066703 -0.7450901109444472 -0.22995915271085487 0.13937610812945597
2.158086297463167 0.340842384584124 3.0166038322042 -0.9537889633212413 -0.2465094889019387 0.14688403250356996
1.6757900448711522 0.6988833733319765 2.441552720066703 -0.7450901109444472 -0.22995915271085487 0.13937610812945597
2.158086297463167 0.340842384584124 3.0166038322042 -0.9537889633212413 -0.2465094889019387 0.14688403250356996
1.6757900448711522 0.6988833733319765 2.441552720066703 -0.7450901109444472 -0.22995915271085487 0.13937610812945597

-2.352980674335718 -1.0722180557670402 -2.4831410420926847 -0.332185248547712 0.03630424366061502 0.1318945679575514
2.233437195901353 0.030976774866168035 1.1722191440852952 -0.021399572591137395 0.4239033310682512 0.13054597545631583
-2.352980674335718 -1.0722180557670402 -2.4831410420926847 -0.332185248547712 0.03630424366061502 0.1318945679575514
2.233437195901353 0.030976774866168035 1.1722191440852952 -0.021399572591137395 0.4239033310682512 0.13054597545631583
-2.352980674335718 -1.0722180557670402 -2.4831410420926847 -0.332185248547712 0.03630424366061502 0.1318945679575514
2.233437195901353 0.030976774866168035 1.1722191440852952 -0.021399572591137395 0.4239033310682512 0.13054597545631583
-2.352980674335718 -1.0722180557670402 -2.4831410420926847 -0.332185248547712 0.03630424366061502 0.1318945679575514

1.408096030735083 0.6113686118520985 -2.5113249242561886 0.7743455554651723 0.03710509916832916 0.1493210395474544
2.2605629191929357 0.11415708150186665 -1.0230106288021033 0.845168762830191 -0.4154399403824879 0.13644514659789203
1.408096030735083 0.6113686118520985 -2.5113249242561886 0.7743455554651723 0.03710509916832916 0.1493210395474544
2.2605629191929357 0.11415708150186665 -1.0230106288021033 0.845168762830191 -0.4154399403824879 0.13644514659789203
1.408096030735083 0.6113686118520985 -2.5113249242561886 0.7743455554651723 0.03710509916832916 0.1493210395474544
2.2605629191929357 0.11415708150186665 -1.0230106288021033 0.845168762830191 -0.4154399403824879 0.13644514659789203
1.408096030735083 0.6113686118520985 -2.5113249242561886 0.7743455554651723 0.03710509916832916 0.1493210395474544

-2.3382259185501755 0.3682608935639903 2.574238068598692 -0.08851886651944986 0.3534402951900299 0.1424812357808222
1.8139255698427932 0.005174896230249201 -0.8581017135216391 -0.5878704124416486 0.3155167532167829 0.14247681512320848
-2.3382259185501755 0.3682608935639903 2.574238068598692 -0.08851886651944986 0.3534402951900299 0.1424812357808222
1.8139255698427932 0.005174896230249201 -0.8581017135216391 -0.5878704124416486 0.3155167532167829 0.14247681512320848
-2.3382259185501755 0.3682608935639903 2.574238068598692 -0.08851886651944986 0.3534402951900299 0.1424812357808222
1.8139255698427932 0.005174896230249201 -0.8581017135216391 -0.5878704124416486 0.3155167532167829 0.14247681512320848
-2.3382259185501755 0.3682608935639903 2.574238068598692 -0.08851886651944986 0.3534402951900299 0.1424812357808222

-1.840788672173805 0.3335812512600088 -2.6109750065224815 -0.9203497092693493 0.20838669661307607 0.1462019690999924
-1.8884773573556533 0.2534889306531637 -2.319366981215638 -0.7534727188336625 0.3804494803139745 0.14042592669600656
-1.840788672173805 0.3335812512600088 -2.6109750065224815 -0.9203497092693493 0.20838669661307607 0.1462019690999924
-1.8884773573556533 0.2534889306531637 -2.319366981215638 -0.7534727188336625 0.3804494803139745 0.14042592669600656
-1.840788672173805 0.3335812512600088 -2.6109750065224815 -0.9203497092693493 0.20838669661307607 0.1462019690999924
-1.8884773573556533 0.2534889306531637 -2.319366981215638 -0.7534727188336625 0.3804494803139745 0.14042592669600656
-1.840788672173805 0.3335812512600088 -2.6109750065224815 -0.9203497092693493 0.20838669661307607 0.1462019690999924

-2.276262954609442 0.5491937599764617 -1.0996559697547552 -0.014303650697308767 -0.23689323130242768 0.1434294734698254
1.5464967970501078 -0.07969252026920465 -2.8038888834342544 -0.36433450439643195 -0.11149621507608154 0.13055486368157523
-2.276262954609442 0.5491937599764617 -1.0996559697547552 -0.014303650697308767 -0.23689323130242768 0.1434294734698254
1.5464967970501078 -0.07969252026920465 -2.8038888834342544 -0.36433450439643195 -0.11149621507608154 0.13055486368157523
-2.276262954609442 0.5491937599764617 -1.0996559697547552 -0.014303650697308767 -0.23689323130242768 0.1434294734698254
1.5464967970501078 -0.07969252026920465 -2.8038888834342544 -0.36433450439643195 -0.11149621507608154 0.13055486368157523
-2.276262954609442 0.5491937599764617 -1.0996559697547552 -0.014303650697308767 -0.23689323130242768 0.1434294734698254

-1.581513355442442 -0.7701622525398635 3.0400556240417553 0.5648970475143014 0.025288374486661436 0.13929836267997592
-2.5327385682766734 0.3490809558580096 2.90335974421835 0.6897292947282639 0.3445605460655269 0.1356425204523627
-1.581513355442442 -0.7701622525398635 3.0400556240417553 0.5648970475143014 0.025288374486661436 0.13929836267997592
-2.5327385682766734 0.3490809558580096 2.90335974421835 0.6897292947282639 0.3445605460655269 0.1356425204523627
-1.581513355442442 -0.7701622525398635 3.0400556240417553 0.5648970475143014 0.025288374486661436 0.13929836267997592
-2.5327385682766734 0.3490809558580096 2.90335974421835 0.6897292947282639 0.3445605460655269 0.1356425204523627
-1.581513355442442 -0.7701622525398635 3.0400556240417553 0.5648970475143014 0.025288374486661436 0.13929836267997592

1.6870512234135455 0.9283717743626516 -0.7002291180912436 0.701658747030577 0.2898557301257354 0.13982714933996057
1.9910858211157927 -0.5318045054910554 -1.242472724339847 0.816546639142075 0.3122903152186337 0.13591770915548645
1.6870512234135455 0.9283717743626516 -0.7002291180912436 0.701658747030577 0.2898557301257354 0.13982714933996057
1.9910858211157927 -0.5318045054910554 -1.242472724339847 0.816546639142075 0.3122903152186337 0.13591770915548645
1.6870512234135455 0.9283717743626516 -0.7002291180912436 0.701658747030577 0.2898557301257354 0.13982714933996057
1.9910858211157927 -0.5318045054910554 -1.242472724339847 0.816546639142075 0.3122903152186337 0.13591770915548645
1.6870512234135455 0.9283717743626516 -0.7002291180912436 0.701658747030577 0.2898557301257354 0.13982714933996057

-2.0075426244195116 1.0690175250322431 -0.8548247226556835 0.5654542301084345 -0.07954232532479766 0.14165296702762095
-2.193059224954139 -0.6445038945478654 0.4790450823955328 0.3275261382734628 -0.13338156430489279 0.13880677721211102
-2.0075426244195116 1.0690175250322431 -0.8548247226556835 0.5654542301084345 -0.07954232532479766 0.14165296702762095
-2.193059224954139 -0.6445038945478654 0.4790450823955328 0.3275261382734628 -0.13338156430489279 0.13880677721211102
-2.0075426244195116 1.0690175250322431 -0.8548247226556835 0.5654542301084345 -0.07954232532479766 0.14165296702762095
-2.193059224954139 -0.6445038945478654 0.4790450823955328 0.3275261382734628 -0.13338156430489279 0.13880677721211102
-2.0075426244195116 1.0690175250322431 -0.8548247226556835 0.5654542301084345 -0.07954232532479766 0.14165296702762095

1.2948001987986983 -0.5236402525165323 -1.8509052532497048 0.7658332191010802 -0.36099893003190114 0.14487981445973203
1.8414830283091856 1.0896153759844254 -1.7261356906129426 0.6764874607603697 -0.4155886665488914 0.1306645162558463
1.2948001987986983 -0.5236402525165323 -1.8509052532497048 0.7658332191010802 -0.36099893003190114 0.14487981445973203
1.8414830283091856 1.0896153759844254 -1.7261356906129426 0.6764874607603697 -0.4155886665488914 0.1306645162558463
1.2948001987986983 -0.5236402525165323 -1.8509052532497048 0.7658332191010802 -0.36099893003190114 0.14487981445973203
1.8414830283091856 1.0896153759844254 -1.7261356906129426 0.6764874607603697 -0.4155886665488914 0.1306645162558463
1.2948001987986983 -0.5236402525165323 -1.8509052532497048 0.7658332191010802 -0.36099893003190114 0.14487981445973203

2.526794865734716 -0.32180908934061486 3.0361533996013774 0.788552848451887 -0.42122862128506067 0.13472911765289491
2.0028704356763445 1.0448374634557382 -2.720581325235769 0.867511537172221 -0.17485093723369938 0.1491195961164905
2.526794865734716 -0.32180908934061486 3.0361533996013774 0.788552848451887 -0.42122862128506067 0.13472911765289491
2.0028704356763445 1.0448374634557382 -2.720581325235769 0.867511537172221 -0.17485093723369938 0.1491195961164905
2.526794865734716 -0.32180908934061486 3.0361533996013774 0.788552848451887 -0.42122862128506067 0.13472911765289491
2.0028704356763445 1.0448374634557382 -2.720581325235769 0.867511537172221 -0.17485093723369938 0.1491195961164905
2.526794865734716 -0.32180908934061486 3.0361533996013774 0.788552848451887 -0.42122862128506067 0.13472911765289491

2.476673709697494 -0.579376887055526 1.5249452019575211 -0.8138341070819813 -0.16966884532646798 0.13446129759712583
0.6691031157450297 -0.3714128960061268 3.032442328933624 -0.9621315387001282 -0.1854775152264063 0.14248209376574864
2.476673709697494 -0.579376887055526 1.5249452019575211 -0.8138341070819813 -0.16966884532646798 0.13446129759712583
0.6691031157450297 -0.3714128960061268 3.032442328933624 -0.9621315387001282 -0.1854775152264063 0.14248209376574864
2.476673709697494 -0.579376887055526 1.5249452019575211 -0.8138341070819813 -0.16966884532646798 0.13446129759712583
0.6691031157450297 -0.3714128960061268 3.032442328933624 -0.9621315387001282 -0.1854775152264063 0.14248209376574864
2.476673709697494 -0.579376887055526 1.5249452019575211 -0.8138341070819813 -0.16966884532646798 0.13446129759712583

1.7154030121093544 -0.44520662654831655 -0.6113921317028507 0.7337749432016599 0.24962165322327357 0.14606809800708875
2.037143927664553 -0.9768161986988848 -0.7483197002034431 0.7929884593268011 0.22613339997988324 0.1408877330747108
1.7154030121093544 -0.44520662654831655 -0.6113921317028507 0.7337749432016599 0.24962165322327357 0.14606809800708875
2.037143927664553 -0.9768161986988848 -0.7483197002034431 0.7929884593268011 0.22613339997988324 0.1408877330747108
1.7154030121093544 -0.44520662654831655 -0.6113921317028507 0.7337749432016599 0.24962165322327357 0.14606809800708875
2.037143927664553 -0.9768161986988848 -0.7483197002034431 0.7929884593268011 0.22613339997988324 0.1408877330747108
1.7154030121093544 -0.44520662654831655 -0.6113921317028507 0.7337749432016599 0.24962165322327357 0.14606809800708875

1.7249873437540346 0.25209812497355694 -2.1669260983247747 0.18519768623444766 -0.307636747253358 0.14909860818527854
-1.6911691927425305 -0.49561428619721076 -0.036927939506317536 0.6899256552473302 -0.1751398020047965 0.14471151615849695
1.7249873437540346 0.25209812497355694 -2.1669260983247747 0.18519768623444766 -0.307636747253358 0.14909860818527854
-1.6911691927425305 -0.49561428619721076 -0.036927939506317536 0.6899256552473302 -0.1751398020047965 0.14471151615849695
1.7249873437540346 0.25209812497355694 -2.1669260983247747 0.18519768623444766 -0.307636747253358 0.14909860818527854
-1.6911691927425305 -0.49561428619721076 -0.036927939506317536 0.6899256552473302 -0.1751398020047965 0.14471151615849695
1.7249873437540346 0.25209812497355694 -2.1669260983247747 0.18519768623444766 -0.307636747253358 0.14909860818527854

-2.34851807586649 1.1423593189305943 1.2811475942097308 0.7005871905338132 0.04375813717100152 0.14442666326970469
-1.7964592162316757 0.46147382989728963 2.3249843561080277 0.988657162360413 -0.150587529898362 0.1498881353874117
-2.34851807586649 1.1423593189305943 1.2811475942097308 0.7005871905338132 0.04375813717100152 0.14442666326970469
-1.7964592162316757 0.46147382989728963 2.3249843561080277 0.988657162360413 -0.150587529898362 0.1498881353874117
-2.34851807586649 1.1423593189305943 1.2811475942097308 0.7005871905338132 0.04375813717100152 0.14442666326970469
-1.7964592162316757 0.46147382989728963 2.3249843561080277 0.988657162360413 -0.150587529898362 0.1498881353874117
-2.34851807586649 1.1423593189305943 1.2811475942097308 0.7005871905338132 0.04375813717100152 0.14442666326970469

-1.78328983841241 0.3356565613201643 2.8079755865814544 0.3725118518450973 0.10859430804418557 0.13250664222364364
1.8497257784734502 -0.07271714813430137 0.3919980159411886 0.8953355527670686 0.3256940679698491 0.14496202738272157
-1.78328983841241 0.3356565613201643 2.8079755865814544 0.3725118518450973 0.10859430804418557 0.13250664222364364
1.8497257784734502 -0.07271714813430137 0.3919980159411886 0.8953355527670686 0.3256940679698491 0.14496202738272157
-1.78328983841241 0.3356565613201643 2.8079755865814544 0.3725118518450973 0.10859430804418557 0.13250664222364364
1.8497257784734502 -0.07271714813430137 0.3919980159411886 0.8953355527670686 0.3256940679698491 0.14496202738272157
-1.78328983841241 0.3356565613201643 2.8079755865814544 0.3725118518450973 0.10859430804418557 0.13250664222364364

1.7867687203078502 0.0665883375657117 -2.3586100388908786 0.24459826870402013 -0.27168510201147306 0.14632365608657305
1.1068811424370206 -0.9736819773743328 -2.4181291774164673 0.6945645359043253 -0.29731200088661053 0.14255724942468684
1.7867687203078502 0.0665883375657117 -2.3586100388908786 0.24459826870402013 -0.27168510201147306 0.14632365608657305
1.1068811424370206 -0.9736819773743328 -2.4181291774164673 0.6945645359043253 -0.29731200088661053 0.14255724942468684
1.7867687203078502 0.0665883375657117 -2.3586100388908786 0.24459826870402013 -0.27168510201147306 0.14632365608657305
1.1068811424370206 -0.9736819773743328 -2.4181291774164673 0.6945645359043253 -0.29731200088661053 0.14255724942468684
1.7867687203078502 0.0665883375657117 -2.3586100388908786 0.24459826870402013 -0.27168510201147306 0.14632365608657305

-2.229823483554392 1.27019112317559 0.6731293458228619 0.6846544726029666 -0.1403718130711773 0.14197609955884452
2.5037378391168157 -0.2778393699079289 -2.9497982256356274 0.8947961717659099 -0.016172475885311233 0.1480205213857429
-2.229823483554392 1.27019112317559 0.6731293458228619 0.6846544726029666 -0.1403718130711773 0.14197609955884452
2.5037378391168157 -0.2778393699079289 -2.9497982256356274 0.8947961717659099 -0.016172475885311233 0.1480205213857429
-2.229823483554392 1.27019112317559 0.6731293458228619 0.6846544726029666 -0.1403718130711773 0.14197609955884452
2.5037378391168157 -0.2778393699079289 -2.9497982256356274 0.8947961717659099 -0.016172475885311233 0.1480205213857429
-2.229823483554392 1.27019112317559 0.6731293458228619 0.6846544726029666 -0.1403718130711773 0.14197609955884452

-1.6468783187575997 -0.36496341902978263 2.4779202920399097 0.3447444695910442 0.25600043642924863 0.13538748088696517
-2.265154560715394 0.31440510681307376 2.128121032939095 0.45240772362474246 0.42038406738449363 0.13125082098322632
-1.6468783187575997 -0.36496341902978263 2.4779202920399097 0.3447444695910442 0.25600043642924863 0.13538748088696517
-2.265154560715394 0.31440510681307376 2.128121032939095 0.45240772362474246 0.42038406738449363 0.13125082098322632
-1.6468783187575997 -0.36496341902978263 2.4779202920399097 0.3447444695910442 0.25600043642924863 0.13538748088696517
-2.265154560715394 0.31440510681307376 2.128121032939095 0.45240772362474246 0.42038406738449363 0.13125082098322632
-1.6468783187575997 -0.36496341902978263 2.4779202920399097 0.3447444695910442 0.25600043642924863 0.13538748088696517

1.8742911797109263 0.01725197144892474 -2.5233950149130795 0.8840623303985017 -0.23842226727015559 0.13449087407393262
2.40348950267505 0.54068711272826 -2.1781651842033924 0.9844142189957883 -0.3055601578028153 0.14815969363411716
1.8742911797109263 0.01725197144892474 -2.5233950149130795 0.8840623303985017 -0.23842226727015559 0.13449087407393262
2.40348950267505 0.54068711272826 -2.1781651842033924 0.9844142189957883 -0.3055601578028153 0.14815969363411716
1.8742911797109263 0.01725197144892474 -2.5233950149130795 0.8840623303985017 -0.23842226727015559 0.13449087407393262
2.40348950267505 0.54068711272826 -2.1781651842033924 0.9844142189957883 -0.3055601578028153 0.14815969363411716
1.8742911797109263 0.01725197144892474 -2.5233950149130795 0.8840623303985017 -0.23842226727015559 0.13449087407393262

1.7714074036824436 0.0037719740054481623 -1.0719371070911872 0.728304806793559 0.32242242480754524 0.14864829925318823
2.199632075019958 -0.2511875055288001 -1.4431486449267303 0.7621461896862527 0.3625717956542353 0.1346111016342223
1.7714074036824436 0.0037719740054481623 -1.0719371070911872 0.728304806793559 0.32242242480754524 0.14864829925318823
2.199632075019958 -0.2511875055288001 -1.4431486449267303 0.7621461896862527 0.3625717956542353 0.1346111016342223
1.7714074036824436 0.0037719740054481623 -1.0719371070911872 0.728304806793559 0.32242242480754524 0.14864829925318823
2.199632075019958 -0.2511875055288001 -1.4431486449267303 0.7621461896862527 0.3625717956542353 0.1346111016342223
1.7714074036824436 0.0037719740054481623 -1.0719371070911872 0.728304806793559 0.32242242480754524 0.14864829925318823

-1.5080539221394618 -0.5548612289323749 0.769647563338643 0.13303445698130956 -0.23179181070703692 0.1366698338993256
-1.8453768019689436 0.6293886344628372 -0.30479658270883825 0.6524250444078412 -0.10709818720279674 0.14248808342237057
-1.5080539221394618 -0.5548612289323749 0.769647563338643 0.13303445698130956 -0.23179181070703692 0.1366698338993256
-1.8453768019689436 0.6293886344628372 -0.30479658270883825 0.6524250444078412 -0.10709818720279674 0.14248808342237057
-1.5080539221394618 -0.5548612289323749 0.769647563338643 0.13303445698130956 -0.23179181070703692 0.1366698338993256
-1.8453768019689436 0.6293886344628372 -0.30479658270883825 0.6524250444078412 -0.10709818720279674 0.14248808342237057
-1.5080539221394618 -0.5548612289323749 0.769647563338643 0.13303445698130956 -0.23179181070703692 0.1366698338993256

1.5965607072404213 -1.2256546846824579 -2.62484950212359 0.24315645860416485 -0.17454760986982976 0.14539955744664113
1.6141911167429746 -0.950892485946175 -2.8690904209512067 0.415972974857334 -0.11467856194793724 0.1412721808072725
1.5965607072404213 -1.2256546846824579 -2.62484950212359 0.24315645860416485 -0.17454760986982976 0.14539955744664113
1.6141911167429746 -0.950892485946175 -2.8690904209512067 0.415972974857334 -0.11467856194793724 0.1412721808072725
1.5965607072404213 -1.2256546846824579 -2.62484950212359 0.24315645860416485 -0.17454760986982976 0.14539955744664113
1.6141911167429746 -0.950892485946175 -2.8690904209512067 0.415972974857334 -0.11467856194793724 0.1412721808072725
1.5965607072404213 -1.2256546846824579 -2.62484950212359 0.24315645860416485 -0.17454760986982976 0.14539955744664113

1.9499547444327379 0.16639908003977152 -0.72933176333356 0.5844594227388764 0.32390775577799213 0.14922873247421886
2.2494773696364314 0.6218630647510754 0.5319645295916616 0.991999611231384 0.27879360422690347 0.13096865601936594
1.9499547444327379 0.16639908003977152 -0.72933176333356 0.5844594227388764 0.32390775577799213 0.14922873247421886
2.2494773696364314 0.6218630647510754 0.5319645295916616 0.991999611231384 0.27879360422690347 0.13096865601936594
1.9499547444327379 0.16639908003977152 -0.72933176333356 0.5844594227388764 0.32390775577799213 0.14922873247421886
2.2494773696364314 0.6218630647510754 0.5319645295916616 0.991999611231384 0.27879360422690347 0.13096865601936594
1.9499547444327379 0.16639908003977152 -0.72933176333356 0.5844594227388764 0.32390775577799213 0.14922873247421886

-2.210821879109861 0.4466395207125181 -0.6047861383042261 -0.75421361815533 -0.177591274710878 0.13880198194629012
-1.9289266278645787 1.1789879715428504 -0.5677264859177488 -0.6385670115200303 -0.08825214864618236 0.14276680905129988
-2.210821879109861 0.4466395207125181 -0.6047861383042261 -0.75421361815533 -0.177591274710878 0.13880198194629012
-1.9289266278645787 1.1789879715428504 -0.5677264859177488 -0.6385670115200303 -0.08825214864618236 0.14276680905129988
-2.210821879109861 0.4466395207125181 -0.6047861383042261 -0.75421361815533 -0.177591274710878 0.13880198194629012
-1.9289266278645787 1.1789879715428504 -0.5677264859177488 -0.6385670115200303 -0.08825214864618236 0.14276680905129988
-2.210821879109861 0.4466395207125181 -0.6047861383042261 -0.75421361815533 -0.177591274710878 0.13880198194629012

1.7114789151845566 -0.6925665368479704 0.19677437430324043 0.6224813651662541 0.08447288916905804 0.13708153567637957
-1.6155325906752223 -0.427270945065078 2.42944762211414 -0.056720059786801946 0.23529425310460528 0.13656475963223585
1.7114789151845566 -0.6925665368479704 0.19677437430324043 0.6224813651662541 0.08447288916905804 0.13708153567637957
-1.6155325906752223 -0.427270945065078 2.42944762211414 -0.056720059786801946 0.23529425310460528 0.13656475963223585
1.7114789151845566 -0.6925665368479704 0.19677437430324043 0.6224813651662541 0.08447288916905804 0.13708153567637957
-1.6155325906752223 -0.427270945065078 2.42944762211414 -0.056720059786801946 0.23529425310460528 0.13656475963223585
1.7114789151845566 -0.6925665368479704 0.19677437430324043 0.6224813651662541 0.08447288916905804 0.13708153567637957

2.2577408448187564 -0.7221152368108981 2.899904675489945 -0.8985325472457001 -0.14139986159269724 0.14584975971247718
-2.1765072105724075 -0.729232308604232 0.8330262587064157 -0.9573496254525335 -0.20065686394793736 0.14243837029821435
2.2577408448187564 -0.7221152368108981 2.899904675489945 -0.8985325472457001 -0.14139986159269724 0.14584975971247718
-2.1765072105724075 -0.729232308604232 0.8330262587064157 -0.9573496254525335 -0.20065686394793736 0.14243837029821435
2.2577408448187564 -0.7221152368108981 2.899904675489945 -0.8985325472457001 -0.14139986159269724 0.14584975971247718
-2.1765072105724075 -0.729232308604232 0.8330262587064157 -0.9573496254525335 -0.20065686394793736 0.14243837029821435
2.2577408448187564 -0.7221152368108981 2.899904675489945 -0.8985325472457001 -0.14139986159269724 0.14584975971247718

-2.5120218960279828 0.6826813018354498 -1.1122154661022186 -0.875325530007169 -0.38791372730791573 0.14060391222434124
1.7543176801927856 -0.6172053892669324 2.4376581831536037 -0.5466604317852184 -0.3634988949073872 0.1391383612643001
-2.5120218960279828 0.6826813018354498 -1.1122154661022186 -0.875325530007169 -0.38791372730791573 0.14060391222434124
1.7543176801927856 -0.6172053892669324 2.4376581831536037 -0.5466604317852184 -0.3634988949073872 0.1391383612643001
-2.5120218960279828 0.6826813018354498 -1.1122154661022186 -0.875325530007169 -0.38791372730791573 0.14060391222434124
1.7543176801927856 -0.6172053892669324 2.4376581831536037 -0.5466604317852184 -0.3634988949073872 0.1391383612643001
-2.5120218960279828 0.6826813018354498 -1.1122154661022186 -0.875325530007169 -0.38791372730791573 0.14060391222434124

-2.767640866973916 0.7394592731847031 1.5205070948272752 -0.30065440797852966 0.3868907157875359 0.1345449163518749
-2.1237003818741265 -0.04425382459749187 -3.0620403319607474 0.0074774470174867255 0.19952251595187098 0.14333049971056536
-2.767640866973916 0.7394592731847031 1.5205070948272752 -0.30065440797852966 0.3868907157875359 0.1345449163518749
-2.1237003818741265 -0.04425382459749187 -3.0620403319607474 0.0074774470174867255 0.19952251595187098 0.14333049971056536
-2.767640866973916 0.7394592731847031 1.5205070948272752 -0.30065440797852966 0.3868907157875359 0.1345449163518749
-2.1237003818741265 -0.04425382459749187 -3.0620403319607474 0.0074774470174867255 0.19952251595187098 0.14333049971056536
-2.767640866973916 0.7394592731847031 1.5205070948272752 -0.30065440797852966 0.3868907157875359 0.1345449163518749

2.342472446231707 -0.4081822429265386 -0.7435332477171559 -0.28625770410582896 0.26681780720439874 0.1309542510040418
2.4310846418748184 0.6381219965863842 0.6934570322307264 0.010902436599987991 0.30723782719217585 0.13205886705338651
2.342472446231707 -0.4081822429265386 -0.7435332477171559 -0.28625770410582896 0.26681780720439874 0.1309542510040418
2.4310846418748184 0.6381219965863842 0.6934570322307264 0.010902436599987991 0.30723782719217585 0.13205886705338651
2.342472446231707 -0.4081822429265386 -0.7435332477171559 -0.28625770410582896 0.26681780720439874 0.1309542510040418
2.4310846418748184 0.6381219965863842 0.6934570322307264 0.010902436599987991 0.30723782719217585 0.13205886705338651
2.342472446231707 -0.4081822429265386 -0.7435332477171559 -0.28625770410582896 0.26681780720439874 0.1309542510040418

1.7671235014734017 -0.09738970786730415 -2.376357663421621 0.5092480858606658 -0.22927306752751353 0.13476346963514887
-1.6004693303904298 -0.29676415742567575 0.28006843405634296 0.7976187201519316 -0.05900454788012843 0.14465844709508047
1.7671235014734017 -0.09738970786730415 -2.376357663421621 0.5092480858606658 -0.22927306752751353 0.13476346963514887
-1.6004693303904298 -0.29676415742567575 0.28006843405634296 0.7976187201519316 -0.05900454788012843 0.14465844709508047
1.7671235014734017 -0.09738970786730415 -2.376357663421621 0.5092480858606658 -0.22927306752751353 0.13476346963514887
-1.6004693303904298 -0.29676415742567575 0.28006843405634296 0.7976187201519316 -0.05900454788012843 0.14465844709508047
1.7671235014734017 -0.09738970786730415 -2.376357663421621 0.5092480858606658 -0.22927306752751353 0.13476346963514887

1.7789433603633322 -0.1444913355391638 -1.9722550749142422 0.7541240608610541 -0.26555654948854374 0.13102960405501604
0.9347576650790672 0.3525568132542011 -2.4335090415978207 0.913835085233625 -0.0749106425342485 0.1394315721390888
1.7789433603633322 -0.1444913355391638 -1.9722550749142422 0.7541240608610541 -0.26555654948854374 0.13102960405501604
0.9347576650790672 0.3525568132542011 -2.4335090415978207 0.913835085233625 -0.0749106425342485 0.1394315721390888
1.7789433603633322 -0.1444913355391638 -1.9722550749142422 0.7541240608610541 -0.26555654948854374 0.13102960405501604
0.9347576650790672 0.3525568132542011 -2.4335090415978207 0.913835085233625 -0.0749106425342485 0.1394315721390888
1.7789433603633322 -0.1444913355391638 -1.9722550749142422 0.7541240608610541 -0.26555654948854374 0.13102960405501604

2.1522515295447273 0.5490873613231492 2.5871892613753764 -0.8062781201784872 -0.34864862143840014 0.14000000456513592
1.7537778128928858 -0.5768406650294128 1.9670338746951328 -0.9124038281120581 -0.383259750838984 0.1466083017184742
2.1522515295447273 0.5490873613231492 2.5871892613753764 -0.8062781201784872 -0.34864862143840014 0.14000000456513592
1.7537778128928858 -0.5768406650294128 1.9670338746951328 -0.9124038281120581 -0.383259750838984 0.1466083017184742
2.1522515295447273 0.5490873613231492 2.5871892613753764 -0.8062781201784872 -0.34864862143840014 0.14000000456513592
1.7537778128928858 -0.5768406650294128 1.9670338746951328 -0.9124038281120581 -0.383259750838984 0.1466083017184742
2.1522515295447273 0.5490873613231492 2.5871892613753764 -0.8062781201784872 -0.34864862143840014 0.14000000456513592

-2.0843082031007047 -0.71068334913546 0.45422100535044346 0.01682723430661938 -0.08357037371753773 0.13564388972469968
1.5190400301241151 0.6336967121659103 -2.230438332226526 -0.41248406297849727 -0.34576554860499786 0.14162796158228777
-2.0843082031007047 -0.71068334913546 0.45422100535044346 0.01682723430661938 -0.08357037371753773 0.13564388972469968
1.5190400301241151 0.6336967121659103 -2.230438332226526 -0.41248406297849727 -0.34576554860499786 0.14162796158228777
-2.0843082031007047 -0.71068334913546 0.45422100535044346 0.01682723430661938 -0.08357037371753773 0.13564388972469968
1.5190400301241151 0.6336967121659103 -2.230438332226526 -0.41248406297849727 -0.34576554860499786 0.14162796158228777
-2.0843082031007047 -0.71068334913546 0.45422100535044346 0.01682723430661938 -0.08357037371753773 0.13564388972469968

1.6558975801891938 -0.17688091362239147 -1.2249419316314958 0.08905492780275948 0.3924512096285038 0.1308396933667861
-2.486511874228667 0.6008880122013681 1.9436458687918288 0.46075422570974434 0.3802911467041288 0.141202058574841
1.6558975801891938 -0.17688091362239147 -1.2249419316314958 0.08905492780275948 0.3924512096285038 0.1308396933667861
-2.486511874228667 0.6008880122013681 1.9436458687918288 0.46075422570974434 0.3802911467041288 0.141202058574841
1.6558975801891938 -0.17688091362239147 -1.2249419316314958 0.08905492780275948 0.3924512096285038 0.1308396933667861
-2.486511874228667 0.6008880122013681 1.9436458687918288 0.46075422570974434 0.3802911467041288 0.141202058574841
1.6558975801891938 -0.17688091362239147 -1.2249419316314958 0.08905492780275948 0.3924512096285038 0.1308396933667861

-1.6416503980685422 -0.8948727957684941 0.053603650716882285 -0.7176715276810668 -0.20326965578298362 0.13327992402678085
2.0479255426350287 0.44071528256810505 -2.6606249890891966 -0.9913334799065455 -0.11942881359143409 0.1315283768794911
-1.6416503980685422 -0.8948727957684941 0.053603650716882285 -0.7176715276810668 -0.20326965578298362 0.13327992402678085
2.0479255426350287 0.44071528256810505 -2.6606249890891966 -0.9913334799065455 -0.11942881359143409 0.1315283768794911
-1.6416503980685422 -0.8948727957684941 0.053603650716882285 -0.7176715276810668 -0.20326965578298362 0.13327992402678085
2.0479255426350287 0.44071528256810505 -2.6606249890891966 -0.9913334799065455 -0.11942881359143409 0.1315283768794911
-1.6416503980685422 -0.8948727957684941 0.053603650716882285 -0.7176715276810668 -0.20326965578298362 0.13327992402678085

1.7056985813762795 -0.345811995846623 -2.732295662411042 0.6047336067057398 -0.11875872787379405 0.13305400636422907
-2.3292455137561285 -0.7535066444203172 0.517697156575149 0.7610901596785975 -0.1705639000349395 0.14792576963332338
1.7056985813762795 -0.345811995846623 -2.732295662411042 0.6047336067057398 -0.11875872787379405 0.13305400636422907
-2.3292455137561285 -0.7535066444203172 0.517697156575149 0.7610901596785975 -0.1705639000349395 0.14792576963332338
1.7056985813762795 -0.345811995846623 -2.732295662411042 0.6047336067057398 -0.11875872787379405 0.13305400636422907
-2.3292455137561285 -0.7535066444203172 0.517697156575149 0.7610901596785975 -0.1705639000349395 0.14792576963332338
1.7056985813762795 -0.345811995846623 -2.732295662411042 0.6047336067057398 -0.11875872787379405 0.13305400636422907

-2.673980579002094 -0.6436922841962638 0.48826470543383454 -0.39173516833583377 -0.29240773460029046 0.1407551437611824
1.6255532336107652 0.898766631552711 3.0683876592306056 -0.4723961673785062 -0.029876842815714677 0.1351061027282272
-2.673980579002094 -0.6436922841962638 0.48826470543383454 -0.39173516833583377 -0.29240773460029046 0.1407551437611824
1.6255532336107652 0.898766631552711 3.0683876592306056 -0.4723961673785062 -0.029876842815714677 0.1351061027282272
-2.673980579002094 -0.6436922841962638 0.48826470543383454 -0.39173516833583377 -0.29240773460029046 0.1407551437611824
1.6255532336107652 0.898766631552711 3.0683876592306056 -0.4723961673785062 -0.029876842815714677 0.1351061027282272
-2.673980579002094 -0.6436922841962638 0.48826470543383454 -0.39173516833583377 -0.29240773460029046 0.1407551437611824

1.7090149063090434 0.34031501525046554 -2.4479610777861396 0.7205510927142595 -0.35321684689856286 0.14734527937105768
1.470228920261007 0.003795397191165162 -2.481477527599454 0.6037314098659889 -0.3015425066764006 0.14280231813181107
1.7090149063090434 0.34031501525046554 -2.4479610777861396 0.7205510927142595 -0.35321684689856286 0.14734527937105768
1.470228920261007 0.003795397191165162 -2.481477527599454 0.6037314098659889 -0.3015425066764006 0.14280231813181107
1.7090149063090434 0.34031501525046554 -2.4479610777861396 0.7205510927142595 -0.35321684689856286 0.14734527937105768
1.470228920261007 0.003795397191165162 -2.481477527599454 0.6037314098659889 -0.3015425066764006 0.14280231813181107
1.7090149063090434 0.34031501525046554 -2.4479610777861396 0.7205510927142595 -0.35321684689856286 0.14734527937105768

2.405422363721747 0.8932170145437512 2.258320529387448 -0.6881975518632055 -0.3138770115245054 0.14367240903783782
1.342284604909418 -0.8828651650630762 1.4831515761973402 -0.6667823532324353 -0.41929826484231414 0.14681324306178456
2.405422363721747 0.8932170145437512 2.258320529387448 -0.6881975518632055 -0.3138770115245054 0.14367240903783782
1.342284604909418 -0.8828651650630762 1.4831515761973402 -0.6667823532324353 -0.41929826484231414 0.14681324306178456
2.405422363721747 0.8932170145437512 2.258320529387448 -0.6881975518632055 -0.3138770115245054 0.14367240903783782
1.342284604909418 -0.8828651650630762 1.4831515761973402 -0.6667823532324353 -0.41929826484231414 0.14681324306178456
2.405422363721747 0.8932170145437512 2.258320529387448 -0.6881975518632055 -0.3138770115245054 0.14367240903783782

1.1753210835793426 -0.4016890209546113 1.2260485914056547 0.8584632572660651 0.30010585234940473 0.13443173842360084
-2.5088838487822644 -0.4007961873031476 -2.51253411530631 0.5568796710784842 0.14964481056198198 0.1335303206569088
1.1753210835793426 -0.4016890209546113 1.2260485914056547 0.8584632572660651 0.30010585234940473 0.13443173842360084
-2.5088838487822644 -0.4007961873031476 -2.51253411530631 0.5568796710784842 0.14964481056198198 0.1335303206569088
1.1753210835793426 -0.4016890209546113 1.2260485914056547 0.8584632572660651 0.30010585234940473 0.13443173842360084
-2.5088838487822644 -0.4007961873031476 -2.51253411530631 0.5568796710784842 0.14964481056198198 0.1335303206569088
1.1753210835793426 -0.4016890209546113 1.2260485914056547 0.8584632572660651 0.30010585234940473 0.13443173842360084

1.2191749096736757 0.26482936588205247 -0.04290751194845131 -0.8589488686197044 0.1404055146814307 0.1448925947346782
1.9605716200786492 -0.920294967414535 -0.3418921258695289 -0.9877778223139871 0.22021172077288786 0.13679094733316743
1.2191749096736757 0.26482936588205247 -0.04290751194845131 -0.8589488686197044 0.1404055146814307 0.1448925947346782
1.9605716200786492 -0.920294967414535 -0.3418921258695289 -0.9877778223139871 0.22021172077288786 0.13679094733316743
1.2191749096736757 0.26482936588205247 -0.04290751194845131 -0.8589488686197044 0.1404055146814307 0.1448925947346782
1.9605716200786492 -0.920294967414535 -0.3418921258695289 -0.9877778223139871 0.22021172077288786 0.13679094733316743
1.2191749096736757 0.26482936588205247 -0.04290751194845131 -0.8589488686197044 0.1404055146814307 0.1448925947346782

-2.233401703669492 -0.8019712112569657 -0.5870225391429402 -0.9161542015817203 -0.3755972055483946 0.1331591788734332
2.47088377961609 1.4970233097090533 2.9408876002233213 -0.7022289233467232 -0.38398819331474854 0.13471188264318673
-2.233401703669492 -0.8019712112569657 -0.5870225391429402 -0.9161542015817203 -0.3755972055483946 0.1331591788734332
2.47088377961609 1.4970233097090533 2.9408876002233213 -0.7022289233467232 -0.38398819331474854 0.13471188264318673
-2.233401703669492 -0.8019712112569657 -0.5870225391429402 -0.9161542015817203 -0.3755972055483946 0.1331591788734332
2.47088377961609 1.4970233097090533 2.9408876002233213 -0.7022289233467232 -0.38398819331474854 0.13471188264318673
-2.233401703669492 -0.8019712112569657 -0.5870225391429402 -0.9161542015817203 -0.3755972055483946 0.1331591788734332

-1.802068824343345 0.37383728322091725 -2.2345754878771302 -0.3086360498399153 0.38449461738490287 0.13783193311057884
2.390774935251858 -0.5504844243371942 -0.09610421142717793 -0.7586009877484281 0.26901988537069876 0.1326677702640596
-1.802068824343345 0.37383728322091725 -2.2345754878771302 -0.3086360498399153 0.38449461738490287 0.13783193311057884
2.390774935251858 -0.5504844243371942 -0.09610421142717793 -0.7586009877484281 0.26901988537069876 0.1326677702640596
-1.802068824343345 0.37383728322091725 -2.2345754878771302 -0.3086360498399153 0.38449461738490287 0.13783193311057884
2.390774935251858 -0.5504844243371942 -0.09610421142717793 -0.7586009877484281 0.26901988537069876 0.1326677702640596
-1.802068824343345 0.37383728322091725 -2.2345754878771302 -0.3086360498399153 0.38449461738490287 0.13783193311057884

-1.7886648108606968 -0.1909080199500346 0.9087720867420782 0.754042020559577 -0.14686517058183635 0.1457664673689087
1.528433408042882 -0.7880294534626784 -2.2915946005762615 0.8772445749884449 -0.04569662422849774 0.13237621039623157
-1.7886648108606968 -0.1909080199500346 0.9087720867420782 0.754042020559577 -0.14686517058183635 0.1457664673689087
1.528433408042882 -0.7880294534626784 -2.2915946005762615 0.8772445749884449 -0.04569662422849774 0.13237621039623157
-1.7886648108606968 -0.1909080199500346 0.9087720867420782 0.754042020559577 -0.14686517058183635 0.1457664673689087
1.528433408042882 -0.7880294534626784 -2.2915946005762615 0.8772445749884449 -0.04569662422849774 0.13237621039623157
-1.7886648108606968 -0.1909080199500346 0.9087720867420782 0.754042020559577 -0.14686517058183635 0.1457664673689087

1.2507614313477142 -0.43315656986456574 1.0986620397205837 -0.8048117388190086 0.2887995733167332 0.1489718355927783
2.225244111804401 -1.1621610843855867 -0.3677559352497627 -0.9711989837875814 0.17518926154376357 0.14038545084411433
1.2507614313477142 -0.43315656986456574 1.0986620397205837 -0.8048117388190086 0.2887995733167332 0.1489718355927783
2.225244111804401 -1.1621610843855867 -0.3677559352497627 -0.9711989837875814 0.17518926154376357 0.14038545084411433
1.2507614313477142 -0.43315656986456574 1.0986620397205837 -0.8048117388190086 0.2887995733167332 0.1489718355927783
2.225244111804401 -1.1621610843855867 -0.3677559352497627 -0.9711989837875814 0.17518926154376357 0.14038545084411433
1.2507614313477142 -0.43315656986456574 1.0986620397205837 -0.8048117388190086 0.2887995733167332 0.1489718355927783

-2.0070654345991956 0.3602227996135681 -2.2178657638008774 -0.7097306252439122 0.2487374450054487 0.13028847683336006
1.8717103037659317 0.5653246075812065 1.1815317581708829 -0.9155945716050893 -0.004287286997301187 0.14382306571291278
-2.0070654345991956 0.3602227996135681 -2.2178657638008774 -0.7097306252439122 0.2487374450054487 0.13028847683336006
1.8717103037659317 0.5653246075812065 1.1815317581708829 -0.9155945716050893 -0.004287286997301187 0.14382306571291278
-2.0070654345991956 0.3602227996135681 -2.2178657638008774 -0.7097306252439122 0.2487374450054487 0.13028847683336006
1.8717103037659317 0.5653246075812065 1.1815317581708829 -0.9155945716050893 -0.004287286997301187 0.14382306571291278
-2.0070654345991956 0.3602227996135681 -2.2178657638008774 -0.7097306252439122 0.2487374450054487 0.13028847683336006

1.3186408567676966 -0.20314614597387626 3.038186221243963 -0.792047884573079 -0.158867195575075 0.1322896659014543
2.2333524415035475 -0.4281357231566075 2.559016924786869 -0.9160293320053544 -0.15417508956576165 0.1420351241597202
1.3186408567676966 -0.20314614597387626 3.038186221243963 -0.792047884573079 -0.158867195575075 0.1322896659014543
2.2333524415035475 -0.4281357231566075 2.559016924786869 -0.9160293320053544 -0.15417508956576165 0.1420351241597202
1.3186408567676966 -0.20314614597387626 3.038186221243963 -0.792047884573079 -0.158867195575075 0.1322896659014543
2.2333524415035475 -0.4281357231566075 2.559016924786869 -0.9160293320053544 -0.15417508956576165 0.1420351241597202
1.3186408567676966 -0.20314614597387626 3.038186221243963 -0.792047884573079 -0.158867195575075 0.1322896659014543

2.3577032354496623 0.18258473701773634 3.0235098654894323 -0.8415557658418142 -0.3495238658602936 0.1419348462175683
2.614761334631347 0.07428768546763508 -2.3643788290454677 -0.8540413741969969 -0.3391929455199712 0.14751565895888374
2.3577032354496623 0.18258473701773634 3.0235098654894323 -0.8415557658418142 -0.3495238658602936 0.1419348462175683
2.614761334631347 0.07428768546763508 -2.3643788290454677 -0.8540413741969969 -0.3391929455199712 0.14751565895888374
2.3577032354496623 0.18258473701773634 3.0235098654894323 -0.8415557658418142 -0.3495238658602936 0.1419348462175683
2.614761334631347 0.07428768546763508 -2.3643788290454677 -0.8540413741969969 -0.3391929455199712 0.14751565895888374
2.3577032354496623 0.18258473701773634 3.0235098654894323 -0.8415557658418142 -0.3495238658602936 0.1419348462175683

-1.8337267580275112 -0.43117063518087295 -2.30777951473834 0.16236208822961207 0.36965162781135186 0.14338081886361526
-1.7080744500846399 -1.0135397416478982 -2.4605748784946604 0.02348313842682076 0.17158124194067925 0.1388762175327043
-1.8337267580275112 -0.43117063518087295 -2.30777951473834 0.16236208822961207 0.36965162781135186 0.14338081886361526
-1.7080744500846399 -1.0135397416478982 -2.4605748784946604 0.02348313842682076 0.17158124194067925 0.1388762175327043
-1.8337267580275112 -0.43117063518087295 -2.30777951473834 0.16236208822961207 0.36965162781135186 0.14338081886361526
-1.7080744500846399 -1.0135397416478982 -2.4605748784946604 0.02348313842682076 0.17158124194067925 0.1388762175327043
-1.8337267580275112 -0.43117063518087295 -2.30777951473834 0.16236208822961207 0.36965162781135186 0.14338081886361526

2.671083318393764 -0.7562767988211301 2.0929769623331484 0.34986318750925804 -0.14692367222182956 0.13595538967385784
-2.7343541669576092 -0.5639434336849813 1.4894291548410505 -0.09963011756395201 -0.3304497910517563 0.13060432567779579
2.671083318393764 -0.7562767988211301 2.0929769623331484 0.34986318750925804 -0.14692367222182956 0.13595538967385784
-2.7343541669576092 -0.5639434336849813 1.4894291548410505 -0.09963011756395201 -0.3304497910517563 0.13060432567779579
2.671083318393764 -0.7562767988211301 2.0929769623331484 0.34986318750925804 -0.14692367222182956 0.13595538967385784
-2.7343541669576092 -0.5639434336849813 1.4894291548410505 -0.09963011756395201 -0.3304497910517563 0.13060432567779579
2.671083318393764 -0.7562767988211301 2.0929769623331484 0.34986318750925804 -0.14692367222182956 0.13595538967385784

2.3107418464184954 0.0031103253602513493 -1.938710728781912 0.23060797435504055 -0.3807076081408001 0.1463063205782695
-1.50872541498825 0.32250782645178244 0.5348586868807457 0.4214602973549151 -0.28582777106652557 0.14365566488136464
2.3107418464184954 0.0031103253602513493 -1.938710728781912 0.23060797435504055 -0.3807076081408001 0.1463063205782695
-1.50872541498825 0.32250782645178244 0.5348586868807457 0.4214602973549151 -0.28582777106652557 0.14365566488136464
2.3107418464184954 0.0031103253602513493 -1.938710728781912 0.23060797435504055 -0.3807076081408001 0.1463063205782695
-1.50872541498825 0.32250782645178244 0.5348586868807457 0.4214602973549151 -0.28582777106652557 0.14365566488136464
2.3107418464184954 0.0031103253602513493 -1.938710728781912 0.23060797435504055 -0.3807076081408001 0.1463063205782695

2.2865203396037597 -0.4689586478849901 -2.895183942445119 -0.9288198353103096 -0.27377874132410973 0.13867899687846424
2.8604726094440895 -0.44932819870206503 1.529213064541135 -0.49536761959472875 -0.30237254790688384 0.1402311494324035
2.2865203396037597 -0.4689586478849901 -2.895183942445119 -0.9288198353103096 -0.27377874132410973 0.13867899687846424
2.8604726094440895 -0.44932819870206503 1.529213064541135 -0.49536761959472875 -0.30237254790688384 0.1402311494324035
2.2865203396037597 -0.4689586478849901 -2.895183942445119 -0.9288198353103096 -0.27377874132410973 0.13867899687846424
2.8604726094440895 -0.44932819870206503 1.529213064541135 -0.49536761959472875 -0.30237254790688384 0.1402311494324035
2.2865203396037597 -0.4689586478849901 -2.895183942445119 -0.9288198353103096 -0.27377874132410973 0.13867899687846424

2.0914370617284295 -0.3819054383836133 0.2662551447260681 -0.9778414664024941 -0.04298831664185032 0.13557921293468086
2.1415915694673426 0.20933318626656103 2.178840844437405 -0.8922846789645575 0.2754986624971357 0.14503636879008147
2.0914370617284295 -0.3819054383836133 0.2662551447260681 -0.9778414664024941 -0.04298831664185032 0.13557921293468086
2.1415915694673426 0.20933318626656103 2.178840844437405 -0.8922846789645575 0.2754986624971357 0.14503636879008147
2.0914370617284295 -0.3819054383836133 0.2662551447260681 -0.9778414664024941 -0.04298831664185032 0.13557921293468086
2.1415915694673426 0.20933318626656103 2.178840844437405 -0.8922846789645575 0.2754986624971357 0.14503636879008147
2.0914370617284295 -0.3819054383836133 0.2662551447260681 -0.9778414664024941 -0.04298831664185032 0.13557921293468086

2.203268545188778 0.7443068356371965 1.8182231500034527 -0.8607025496375902 0.19129380726236173 0.14653157717670695
2.470626484785473 -0.4012053725012758 1.066643585012529 -0.7347270485555033 0.32639927876934505 0.14800933432483931
2.203268545188778 0.7443068356371965 1.8182231500034527 -0.8607025496375902 0.19129380726236173 0.14653157717670695
2.470626484785473 -0.4012053725012758 1.066643585012529 -0.7347270485555033 0.32639927876934505 0.14800933432483931
2.203268545188778 0.7443068356371965 1.8182231500034527 -0.8607025496375902 0.19129380726236173 0.14653157717670695
2.470626484785473 -0.4012053725012758 1.066643585012529 -0.7347270485555033 0.32639927876934505 0.14800933432483931
2.203268545188778 0.7443068356371965 1.8182231500034527 -0.8607025496375902 0.19129380726236173 0.14653157717670695

-2.329142056636528 -0.7810234070590435 0.6545202353423781 0.17140699438929008 -0.22463474734319133 0.132706541246041
2.095964982019362 0.47028211239827933 -2.1745997024123804 -0.14368398930837983 -0.1936800231956235 0.14992164909395783
-2.329142056636528 -0.7810234070590435 0.6545202353423781 0.17140699438929008 -0.22463474734319133 0.132706541246041
2.095964982019362 0.47028211239827933 -2.1745997024123804 -0.14368398930837983 -0.1936800231956235 0.14992164909395783
-2.329142056636528 -0.7810234070590435 0.6545202353423781 0.17140699438929008 -0.22463474734319133 0.132706541246041
2.095964982019362 0.47028211239827933 -2.1745997024123804 -0.14368398930837983 -0.1936800231956235 0.14992164909395783
-2.329142056636528 -0.7810234070590435 0.6545202353423781 0.17140699438929008 -0.22463474734319133 0.132706541246041

2.43138020633518 -0.21905242386425036 -1.0596920426614902 0.4680046132036181 0.321253473742914 0.14649673898869425
1.9794423461381472 0.18368360880318513 -0.019808235079755397 0.6191375114760943 0.2703801064172222 0.14581305673133466
2.43138020633518 -0.21905242386425036 -1.0596920426614902 0.4680046132036181 0.321253473742914 0.14649673898869425
1.9794423461381472 0.18368360880318513 -0.019808235079755397 0.6191375114760943 0.2703801064172222 0.14581305673133466
2.43138020633518 -0.21905242386425036 -1.0596920426614902 0.4680046132036181 0.321253473742914 0.14649673898869425
1.9794423461381472 0.18368360880318513 -0.019808235079755397 0.6191375114760943 0.2703801064172222 0.14581305673133466
2.43138020633518 -0.21905242386425036 -1.0596920426614902 0.4680046132036181 0.321253473742914 0.14649673898869425

2.014476965318203 -0.2231621318709735 -0.934160889242201 0.815489673380188 0.3392318850723508 0.1389034932746499
-1.995053369945614 -0.43220090973926967 2.4647881273652597 0.6706578949062965 0.3588653478240379 0.1447588748747618
2.014476965318203 -0.2231621318709735 -0.934160889242201 0.815489673380188 0.3392318850723508 0.1389034932746499
-1.995053369945614 -0.43220090973926967 2.4647881273652597 0.6706578949062965 0.3588653478240379 0.1447588748747618
2.014476965318203 -0.2231621318709735 -0.934160889242201 0.815489673380188 0.3392318850723508 0.1389034932746499
-1.995053369945614 -0.43220090973926967 2.4647881273652597 0.6706578949062965 0.3588653478240379 0.1447588748747618
2.014476965318203 -0.2231621318709735 -0.934160889242201 0.815489673380188 0.3392318850723508 0.1389034932746499

1.5937566055962484 -0.056671301651249104 2.145389426880012 -0.7795431294363953 -0.2583114052422236 0.13686227501866552
2.9027323305628037 -1.1048821810820406 1.321643463641525 -0.9114520149337972 -0.22378989972374097 0.13157966301510574
1.5937566055962484 -0.056671301651249104 2.145389426880012 -0.7795431294363953 -0.2583114052422236 0.13686227501866552
2.9027323305628037 -1.1048821810820406 1.321643463641525 -0.9114520149337972 -0.22378989972374097 0.13157966301510574
1.5937566055962484 -0.056671301651249104 2.145389426880012 -0.7795431294363953 -0.2583114052422236 0.13686227501866552
2.9027323305628037 -1.1048821810820406 1.321643463641525 -0.9114520149337972 -0.22378989972374097 0.13157966301510574
1.5937566055962484 -0.056671301651249104 2.145389426880012 -0.7795431294363953 -0.2583114052422236 0.13686227501866552

2.201251501241089 -0.42287788505337515 -0.9746500457227595 -0.43426855977940504 0.3313842104589907 0.14313447939063273
2.147947413967226 0.5595133458192854 -0.8045099301956402 -0.8747977609968877 0.4135897495106644 0.14837578132331747
2.201251501241089 -0.42287788505337515 -0.9746500457227595 -0.43426855977940504 0.3313842104589907 0.14313447939063273
2.147947413967226 0.5595133458192854 -0.8045099301956402 -0.8747977609968877 0.4135897495106644 0.14837578132331747
2.201251501241089 -0.42287788505337515 -0.9746500457227595 -0.43426855977940504 0.3313842104589907 0.14313447939063273
2.147947413967226 0.5595133458192854 -0.8045099301956402 -0.8747977609968877 0.4135897495106644 0.14837578132331747
2.201251501241089 -0.42287788505337515 -0.9746500457227595 -0.43426855977940504 0.3313842104589907 0.14313447939063273

1.2743865813590638 0.9656247493895288 -0.44555207308888 0.4062699651358994 0.292367915544817 0.13907883577442387
2.0602016494930924 0.20185572550485992 0.7335453153950958 0.4872895112731269 0.1348416194076294 0.14551891617266743
1.2743865813590638 0.9656247493895288 -0.44555207308888 0.4062699651358994 0.292367915544817 0.13907883577442387
2.0602016494930924 0.20185572550485992 0.7335453153950958 0.4872895112731269 0.1348416194076294 0.14551891617266743
1.2743865813590638 0.9656247493895288 -0.44555207308888 0.4062699651358994 0.292367915544817 0.13907883577442387
2.0602016494930924 0.20185572550485992 0.7335453153950958 0.4872895112731269 0.1348416194076294 0.14551891617266743
1.2743865813590638 0.9656247493895288 -0.44555207308888 0.4062699651358994 0.292367915544817 0.13907883577442387

2.182367371228694 -0.9804355763647133 1.8767275288979612 0.32692671618528646 -0.27990586678166784 0.13111814949797834
2.2609353057501855 -0.7103196914254685 3.0570281219069178 -0.37699147381014303 -0.33595980150304994 0.14235045392518508
2.182367371228694 -0.9804355763647133 1.8767275288979612 0.32692671618528646 -0.27990586678166784 0.13111814949797834
2.2609353057501855 -0.7103196914254685 3.0570281219069178 -0.37699147381014303 -0.33595980150304994 0.14235045392518508
2.182367371228694 -0.9804355763647133 1.8767275288979612 0.32692671618528646 -0.27990586678166784 0.13111814949797834
2.2609353057501855 -0.7103196914254685 3.0570281219069178 -0.37699147381014303 -0.33595980150304994 0.14235045392518508
2.182367371228694 -0.9804355763647133 1.8767275288979612 0.32692671618528646 -0.27990586678166784 0.13111814949797834

1.9770059302410237 0.17136720591409238 -0.5090045492226094 0.8280629090799461 0.11057843902862141 0.13044836750726377
-1.4679106040763994 -1.1234261087189454 2.555434908687861 0.812469363184159 0.13740884136599707 0.13428397515699708
1.9770059302410237 0.17136720591409238 -0.5090045492226094 0.8280629090799461 0.11057843902862141 0.13044836750726377
-1.4679106040763994 -1.1234261087189454 2.555434908687861 0.812469363184159 0.13740884136599707 0.13428397515699708
1.9770059302410237 0.17136720591409238 -0.5090045492226094 0.8280629090799461 0.11057843902862141 0.13044836750726377
-1.4679106040763994 -1.1234261087189454 2.555434908687861 0.812469363184159 0.13740884136599707 0.13428397515699708
1.9770059302410237 0.17136720591409238 -0.5090045492226094 0.8280629090799461 0.11057843902862141 0.13044836750726377

-2.180065490059149 -0.25224941201711965 -0.14850630400001635 -0.8010473642401701 -0.14647363495131005 0.13013592194874177
-1.8408131996062345 -0.23441791650827026 -0.061337581838364505 -0.9084001159493051 -0.05626217607446393 0.14446798662262994
-2.180065490059149 -0.25224941201711965 -0.14850630400001635 -0.8010473642401701 -0.14647363495131005 0.13013592194874177
-1.8408131996062345 -0.23441791650827026 -0.061337581838364505 -0.9084001159493051 -0.05626217607446393 0.14446798662262994
-2.180065490059149 -0.25224941201711965 -0.14850630400001635 -0.8010473642401701 -0.14647363495131005 0.13013592194874177
-1.8408131996062345 -0.23441791650827026 -0.061337581838364505 -0.9084001159493051 -0.05626217607446393 0.14446798662262994
-2.180065490059149 -0.25224941201711965 -0.14850630400001635 -0.8010473642401701 -0.14647363495131005 0.13013592194874177

-1.5475274528150749 0.6009179316159559 -0.11683486737777338 -0.8974922921081345 -0.07647320629685173 0.1311548236440987
-2.4060380923080813 -0.866610222381862 0.14676782231677907 -0.5043843822434633 -0.1865343054658345 0.13921221663874872
-1.5475274528150749 0.6009179316159559 -0.11683486737777338 -0.8974922921081345 -0.07647320629685173 0.1311548236440987
-2.4060380923080813 -0.866610222381862 0.14676782231677907 -0.5043843822434633 -0.1865343054658345 0.13921221663874872
-1.5475274528150749 0.6009179316159559 -0.11683486737777338 -0.8974922921081345 -0.07647320629685173 0.1311548236440987
-2.4060380923080813 -0.866610222381862 0.14676782231677907 -0.5043843822434633 -0.1865343054658345 0.13921221663874872
-1.5475274528150749 0.6009179316159559 -0.11683486737777338 -0.8974922921081345 -0.07647320629685173 0.1311548236440987

-2.960244910500715 -0.8758102418543191 1.6520171212460046 -0.21166324730824074 -0.2791733059307576 0.1465842987116546
-2.095204208306279 0.6205430212617983 -1.2843500430171453 0.37815661049060745 -0.2477395276154707 0.13594656385549264
-2.960244910500715 -0.8758102418543191 1.6520171212460046 -0.21166324730824074 -0.2791733059307576 0.1465842987116546
-2.095204208306279 0.6205430212617983 -1.2843500430171453 0.37815661049060745 -0.2477395276154707 0.13594656385549264
-2.960244910500715 -0.8758102418543191 1.6520171212460046 -0.21166324730824074 -0.2791733059307576 0.1465842987116546
-2.095204208306279 0.6205430212617983 -1.2843500430171453 0.37815661049060745 -0.2477395276154707 0.13594656385549264
-2.960244910500715 -0.8758102418543191 1.6520171212460046 -0.21166324730824074 -0.2791733059307576 0.1465842987116546

-2.765228517854595 -0.7680868697238064 0.5053168347962055 -0.2008900584569724 -0.2134925850599645 0.1343869897623021
1.6825502122243605 0.48153216581482067 2.0930870223510993 -0.02079061041799668 -0.2725601342389763 0.14817281150535327
-2.765228517854595 -0.7680868697238064 0.5053168347962055 -0.2008900584569724 -0.2134925850599645 0.1343869897623021
1.6825502122243605 0.48153216581482067 2.0930870223510993 -0.02079061041799668 -0.2725601342389763 0.14817281150535327
-2.765228517854595 -0.7680868697238064 0.5053168347962055 -0.2008900584569724 -0.2134925850599645 0.1343869897623021
1.6825502122243605 0.48153216581482067 2.0930870223510993 -0.02079061041799668 -0.2725601342389763 0.14817281150535327
-2.765228517854595 -0.7680868697238064 0.5053168347962055 -0.2008900584569724 -0.2134925850599645 0.1343869897623021

-2.0912391614843795 1.1803609771174646 1.3619535145641688 0.6409031824245321 -0.07954355427481574 0.13876905847068127
-2.679086761251472 -1.0652201405554882 2.9347635473537186 0.7136907799165884 -0.08697493130509476 0.13381087222174737
-2.0912391614843795 1.1803609771174646 1.3619535145641688 0.6409031824245321 -0.07954355427481574 0.13876905847068127
-2.679086761251472 -1.0652201405554882 2.9347635473537186 0.7136907799165884 -0.08697493130509476 0.13381087222174737
-2.0912391614843795 1.1803609771174646 1.3619535145641688 0.6409031824245321 -0.07954355427481574 0.13876905847068127
-2.679086761251472 -1.0652201405554882 2.9347635473537186 0.7136907799165884 -0.08697493130509476 0.13381087222174737
-2.0912391614843795 1.1803609771174646 1.3619535145641688 0.6409031824245321 -0.07954355427481574 0.13876905847068127

1.7560815334936852 -0.8292472795598992 -3.1308480438574353 -0.9111051974992013 -0.012559618387153804 0.1420806797257511
-2.8090783988536807 -0.5881865254421552 1.2541764812854572 -0.8925060680954575 -0.4211959328012228 0.13510846448870278
1.7560815334936852 -0.8292472795598992 -3.1308480438574353 -0.9111051974992013 -0.012559618387153804 0.1420806797257511
-2.8090783988536807 -0.5881865254421552 1.2541764812854572 -0.8925060680954575 -0.4211959328012228 0.13510846448870278
1.7560815334936852 -0.8292472795598992 -3.1308480438574353 -0.9111051974992013 -0.012559618387153804 0.1420806797257511
-2.8090783988536807 -0.5881865254421552 1.2541764812854572 -0.8925060680954575 -0.4211959328012228 0.13510846448870278
1.7560815334936852 -0.8292472795598992 -3.1308480438574353 -0.9111051974992013 -0.012559618387153804 0.1420806797257511

2.2936304253450057 -0.5722382508392161 -0.10393147573335765 -0.42478212606992255 0.21169286709755875 0.130676327821972
-1.9345948109951716 0.762697403899327 -3.056022685759109 -0.5288248367224416 0.08281436496522032 0.14487627765770225
2.2936304253450057 -0.5722382508392161 -0.10393147573335765 -0.42478212606992255 0.21169286709755875 0.130676327821972
-1.9345948109951716 0.762697403899327 -3.056022685759109 -0.5288248367224416 0.08281436496522032 0.14487627765770225
2.2936304253450057 -0.5722382508392161 -0.10393147573335765 -0.42478212606992255 0.21169286709755875 0.130676327821972
-1.9345948109951716 0.762697403899327 -3.056022685759109 -0.5288248367224416 0.08281436496522032 0.14487627765770225
2.2936304253450057 -0.5722382508392161 -0.10393147573335765 -0.42478212606992255 0.21169286709755875 0.130676327821972

2.3337678446283507 -0.6357011505821363 2.8485292358245586 0.5171979568214645 -0.14061710393043614 0.13451529580751387
2.1297675159896476 0.35707839081862414 -2.762030683286298 0.46658455175490293 -0.13875253344069616 0.13490300569712455
2.3337678446283507 -0.6357011505821363 2.8485292358245586 0.5171979568214645 -0.14061710393043614 0.13451529580751387
2.1297675159896476 0.35707839081862414 -2.762030683286298 0.46658455175490293 -0.13875253344069616 0.13490300569712455
2.3337678446283507 -0.6357011505821363 2.8485292358245586 0.5171979568214645 -0.14061710393043614 0.13451529580751387
2.1297675159896476 0.35707839081862414 -2.762030683286298 0.46658455175490293 -0.13875253344069616 0.13490300569712455
2.3337678446283507 -0.6357011505821363 2.8485292358245586 0.5171979568214645 -0.14061710393043614 0.13451529580751387

-2.4463592767949054 0.4691537875414071 -0.811427398255758 -0.5525788319737202 -0.26949142073323784 0.1340669156030696
1.2158831046344023 -0.4945951036244239 3.0308576427144596 -0.4531044141472399 -0.08500047290001922 0.1380281996237131
-2.4463592767949054 0.4691537875414071 -0.811427398255758 -0.5525788319737202 -0.26949142073323784 0.1340669156030696
1.2158831046344023 -0.4945951036244239 3.0308576427144596 -0.4531044141472399 -0.08500047290001922 0.1380281996237131
-2.4463592767949054 0.4691537875414071 -0.811427398255758 -0.5525788319737202 -0.26949142073323784 0.1340669156030696
1.2158831046344023 -0.4945951036244239 3.0308576427144596 -0.4531044141472399 -0.08500047290001922 0.1380281996237131
-2.4463592767949054 0.4691537875414071 -0.811427398255758 -0.5525788319737202 -0.26949142073323784 0.1340669156030696

-2.3167211861102697 0.6851267854053467 2.9631701156200836 0.5551274863304381 0.40973202490724464 0.13319771935768818
2.0927610225128053 0.7886641830883487 -0.04552966866405661 -0.08318132904440184 0.2878042973475211 0.14636846107706605
-2.3167211861102697 0.6851267854053467 2.9631701156200836 0.5551274863304381 0.40973202490724464 0.13319771935768818
2.0927610225128053 0.7886641830883487 -0.04552966866405661 -0.08318132904440184 0.2878042973475211 0.14636846107706605
-2.3167211861102697 0.6851267854053467 2.9631701156200836 0.5551274863304381 0.40973202490724464 0.13319771935768818
2.0927610225128053 0.7886641830883487 -0.04552966866405661 -0.08318132904440184 0.2878042973475211 0.14636846107706605
-2.3167211861102697 0.6851267854053467 2.9631701156200836 0.5551274863304381 0.40973202490724464 0.13319771935768818

2.6275595959932967 -0.7424161331346772 2.490697528900098 0.9469761131348605 -0.2362086761463723 0.14794103939321815
1.7756632032990471 0.24904662679528206 -2.6950299066541255 0.7343774849524414 -0.19242889535666263 0.13780727996355674
2.6275595959932967 -0.7424161331346772 2.490697528900098 0.9469761131348605 -0.2362086761463723 0.14794103939321815
1.7756632032990471 0.24904662679528206 -2.6950299066541255 0.7343774849524414 -0.19242889535666263 0.13780727996355674
2.6275595959932967 -0.7424161331346772 2.490697528900098 0.9469761131348605 -0.2362086761463723 0.14794103939321815
1.7756632032990471 0.24904662679528206 -2.6950299066541255 0.7343774849524414 -0.19242889535666263 0.13780727996355674
2.6275595959932967 -0.7424161331346772 2.490697528900098 0.9469761131348605 -0.2362086761463723 0.14794103939321815

-1.5293209278905482 0.3388979176250006 0.18560313493450634 0.10554108481784559 -0.07260622394283356 0.13889314753371923
2.4503104663922453 0.16521944373042666 2.7924399206115997 0.5780751696228993 -0.3010138590526075 0.14590896879324733
-1.5293209278905482 0.3388979176250006 0.18560313493450634 0.10554108481784559 -0.07260622394283356 0.13889314753371923
2.4503104663922453 0.16521944373042666 2.7924399206115997 0.5780751696228993 -0.3010138590526075 0.14590896879324733
-1.5293209278905482 0.3388979176250006 0.18560313493450634 0.10554108481784559 -0.07260622394283356 0.13889314753371923
2.4503104663922453 0.16521944373042666 2.7924399206115997 0.5780751696228993 -0.3010138590526075 0.14590896879324733
-1.5293209278905482 0.3388979176250006 0.18560313493450634 0.10554108481784559 -0.07260622394283356 0.13889314753371923

2.001340651774453 0.2829219642579231 0.557582726501193 0.012186827738810635 0.13091691301845731 0.13011364000679257
-1.9917669635392174 0.2952358655558734 2.596276541506059 -0.4004992424425038 0.3359864973229133 0.13425044124344895
2.001340651774453 0.2829219642579231 0.557582726501193 0.012186827738810635 0.13091691301845731 0.13011364000679257
-1.9917669635392174 0.2952358655558734 2.596276541506059 -0.4004992424425038 0.3359864973229133 0.13425044124344895
2.001340651774453 0.2829219642579231 0.557582726501193 0.012186827738810635 0.13091691301845731 0.13011364000679257
-1.9917669635392174 0.2952358655558734 2.596276541506059 -0.4004992424425038 0.3359864973229133 0.13425044124344895
2.001340651774453 0.2829219642579231 0.557582726501193 0.012186827738810635 0.13091691301845731 0.13011364000679257

1.8617398639183775 -0.8393087832589864 0.6997078744792036 0.4260395012644178 0.34474483749825097 0.14743652556198825
-1.9343709490460466 0.2920006025482668 -2.344802029768703 0.3483519871872781 0.3269559735102821 0.13557360789026535
1.8617398639183775 -0.8393087832589864 0.6997078744792036 0.4260395012644178 0.34474483749825097 0.14743652556198825
-1.9343709490460466 0.2920006025482668 -2.344802029768703 0.3483519871872781 0.3269559735102821 0.13557360789026535
1.8617398639183775 -0.8393087832589864 0.6997078744792036 0.4260395012644178 0.34474483749825097 0.14743652556198825
-1.9343709490460466 0.2920006025482668 -2.344802029768703 0.3483519871872781 0.3269559735102821 0.13557360789026535
1.8617398639183775 -0.8393087832589864 0.6997078744792036 0.4260395012644178 0.34474483749825097 0.14743652556198825

-2.079068522553829 -0.6089803224529432 -2.2556917749226013 0.843586341827597 0.30261081165179926 0.13311376337448577
2.0506283871076563 -0.9723513594841018 -0.9484353660532241 0.04455286273774306 0.12938680878061004 0.14236457425429178
-2.079068522553829 -0.6089803224529432 -2.2556917749226013 0.843586341827597 0.30261081165179926 0.13311376337448577
2.0506283871076563 -0.9723513594841018 -0.9484353660532241 0.04455286273774306 0.12938680878061004 0.14236457425429178
-2.079068522553829 -0.6089803224529432 -2.2556917749226013 0.843586341827597 0.30261081165179926 0.13311376337448577
2.0506283871076563 -0.9723513594841018 -0.9484353660532241 0.04455286273774306 0.12938680878061004 0.14236457425429178
-2.079068522553829 -0.6089803224529432 -2.2556917749226013 0.843586341827597 0.30261081165179926 0.13311376337448577

1.6219876536408186 -0.9225091039239846 -0.5705971807865197 0.9481863276384366 0.2434175872174017 0.14181154175326424
-1.5176180601288987 -0.23091912360522965 2.4088229956782587 0.7746887967289372 0.30896272559755594 0.14374431657919937
1.6219876536408186 -0.9225091039239846 -0.5705971807865197 0.9481863276384366 0.2434175872174017 0.14181154175326424
-1.5176180601288987 -0.23091912360522965 2.4088229956782587 0.7746887967289372 0.30896272559755594 0.14374431657919937
1.6219876536408186 -0.9225091039239846 -0.5705971807865197 0.9481863276384366 0.2434175872174017 0.14181154175326424
-1.5176180601288987 -0.23091912360522965 2.4088229956782587 0.7746887967289372 0.30896272559755594 0.14374431657919937
1.6219876536408186 -0.9225091039239846 -0.5705971807865197 0.9481863276384366 0.2434175872174017 0.14181154175326424

1.0725038038815453 0.2751875785962115 -0.6415580575891136 -0.1176749643223051 0.2113499784465246 0.13655301347123325
-1.6610139774319945 1.2915729534131248 -2.4216662723346474 0.4630897671204015 0.2387020103738562 0.1332289860432786
1.0725038038815453 0.2751875785962115 -0.6415580575891136 -0.1176749643223051 0.2113499784465246 0.13655301347123325
-1.6610139774319945 1.2915729534131248 -2.4216662723346474 0.4630897671204015 0.2387020103738562 0.1332289860432786
1.0725038038815453 0.2751875785962115 -0.6415580575891136 -0.1176749643223051 0.2113499784465246 0.13655301347123325
-1.6610139774319945 1.2915729534131248 -2.4216662723346474 0.4630897671204015 0.2387020103738562 0.1332289860432786
1.0725038038815453 0.2751875785962115 -0.6415580575891136 -0.1176749643223051 0.2113499784465246 0.13655301347123325

-2.537628143412829 -0.7403131721546866 -2.7146356876520246 -0.4120423949025024 0.2632274589150533 0.13781033046053007
2.1583765011090983 -0.49721814943894194 -0.8161408855078244 -0.5041444882084265 0.19571931489646133 0.13098662389990945
-2.537628143412829 -0.7403131721546866 -2.7146356876520246 -0.4120423949025024 0.2632274589150533 0.13781033046053007
2.1583765011090983 -0.49721814943894194 -0.8161408855078244 -0.5041444882084265 0.19571931489646133 0.13098662389990945
-2.537628143412829 -0.7403131721546866 -2.7146356876520246 -0.4120423949025024 0.2632274589150533 0.13781033046053007
2.1583765011090983 -0.49721814943894194 -0.8161408855078244 -0.5041444882084265 0.19571931489646133 0.13098662389990945
-2.537628143412829 -0.7403131721546866 -2.7146356876520246 -0.4120423949025024 0.2632274589150533 0.13781033046053007

1.6312446665437357 0.17706608062612622 -0.7977515256130447 0.7622797225113035 0.22439428671875816 0.14654211546120838
-2.085481070524744 0.2758589490868803 2.892153603178776 0.989586459809041 0.20640256345888897 0.14567082332167344
1.6312446665437357 0.17706608062612622 -0.7977515256130447 0.7622797225113035 0.22439428671875816 0.14654211546120838
-2.085481070524744 0.2758589490868803 2.892153603178776 0.989586459809041 0.20640256345888897 0.14567082332167344
1.6312446665437357 0.17706608062612622 -0.7977515256130447 0.7622797225113035 0.22439428671875816 0.14654211546120838
-2.085481070524744 0.2758589490868803 2.892153603178776 0.989586459809041 0.20640256345888897 0.14567082332167344
1.6312446665437357 0.17706608062612622 -0.7977515256130447 0.7622797225113035 0.22439428671875816 0.14654211546120838

2.3900220174307756 -0.7406818793899046 2.0103668184344765 0.45204279133446557 -0.3528899855088516 0.14820204968014983
1.8823134172242701 0.419238572150746 3.041921021615007 0.3798208785858743 -0.05438122514821986 0.13833173564401732
2.3900220174307756 -0.7406818793899046 2.0103668184344765 0.45204279133446557 -0.3528899855088516 0.14820204968014983
1.8823134172242701 0.419238572150746 3.041921021615007 0.3798208785858743 -0.05438122514821986 0.13833173564401732
2.3900220174307756 -0.7406818793899046 2.0103668184344765 0.45204279133446557 -0.3528899855088516 0.14820204968014983
1.8823134172242701 0.419238572150746 3.041921021615007 0.3798208785858743 -0.05438122514821986 0.13833173564401732
2.3900220174307756 -0.7406818793899046 2.0103668184344765 0.45204279133446557 -0.3528899855088516 0.14820204968014983

-1.686367365599228 0.5924181156067152 -2.8356796248111498 -0.7972298516844876 0.27828785850192894 0.1371470723491878
0.7965329891709405 -0.5135552379780852 1.4865375150473048 -0.6310580152736501 0.3810755460305232 0.1476465421626955
-1.686367365599228 0.5924181156067152 -2.8356796248111498 -0.7972298516844876 0.27828785850192894 0.1371470723491878
0.7965329891709405 -0.5135552379780852 1.4865375150473048 -0.6310580152736501 0.3810755460305232 0.1476465421626955
-1.686367365599228 0.5924181156067152 -2.8356796248111498 -0.7972298516844876 0.27828785850192894 0.1371470723491878
0.7965329891709405 -0.5135552379780852 1.4865375150473048 -0.6310580152736501 0.3810755460305232 0.1476465421626955
-1.686367365599228 0.5924181156067152 -2.8356796248111498 -0.7972298516844876 0.27828785850192894 0.1371470723491878

2.8690388846229853 0.24486996792039997 -2.2712665883790977 -0.7055952249902637 -0.36677087283941684 0.13054923382903544
0.8104099613476158 0.5826670243089956 2.5971583400935137 -0.8711282861584406 -0.19483226285425315 0.1371170278963051
2.8690388846229853 0.24486996792039997 -2.2712665883790977 -0.7055952249902637 -0.36677087283941684 0.13054923382903544
0.8104099613476158 0.5826670243089956 2.5971583400935137 -0.8711282861584406 -0.19483226285425315 0.1371170278963051
2.8690388846229853 0.24486996792039997 -2.2712665883790977 -0.7055952249902637 -0.36677087283941684 0.13054923382903544
0.8104099613476158 0.5826670243089956 2.5971583400935137 -0.8711282861584406 -0.19483226285425315 0.1371170278963051
2.8690388846229853 0.24486996792039997 -2.2712665883790977 -0.7055952249902637 -0.36677087283941684 0.13054923382903544

-1.4945111400350715 -0.8727531252494334 -0.7232664926639572 0.4566380894023629 -0.3925675661786273 0.1419268708584142
-1.5499248885422126 -0.30466625701321703 0.847002401406191 -0.31003020397190717 -0.183669441287029 0.14708211787714975
-1.4945111400350715 -0.8727531252494334 -0.7232664926639572 0.4566380894023629 -0.3925675661786273 0.1419268708584142
-1.5499248885422126 -0.30466625701321703 0.847002401406191 -0.31003020397190717 -0.183669441287029 0.14708211787714975
-1.4945111400350715 -0.8727531252494334 -0.7232664926639572 0.4566380894023629 -0.3925675661786273 0.1419268708584142
-1.5499248885422126 -0.30466625701321703 0.847002401406191 -0.31003020397190717 -0.183669441287029 0.14708211787714975
-1.4945111400350715 -0.8727531252494334 -0.7232664926639572 0.4566380894023629 -0.3925675661786273 0.1419268708584142

1.0804680795893062 0.05452014201912928 1.629758476190973 -0.9867908456087343 0.40081227569952566 0.13339428426953207
2.303629304950179 -0.6670309217455191 0.6065233440318001 -0.8323671319824896 -0.28101487608473 0.13947699289848667
1.0804680795893062 0.05452014201912928 1.629758476190973 -0.9867908456087343 0.40081227569952566 0.13339428426953207
2.303629304950179 -0.6670309217455191 0.6065233440318001 -0.8323671319824896 -0.28101487608473 0.13947699289848667
1.0804680795893062 0.05452014201912928 1.629758476190973 -0.9867908456087343 0.40081227569952566 0.13339428426953207
2.303629304950179 -0.6670309217455191 0.6065233440318001 -0.8323671319824896 -0.28101487608473 0.13947699289848667
1.0804680795893062 0.05452014201912928 1.629758476190973 -0.9867908456087343 0.40081227569952566 0.13339428426953207

2.493636006903381 0.8721943401276503 -0.8806301400860663 0.7727335667200728 0.401878314424008 0.13451034444151888
1.0867557184799272 -0.22432945820147435 -0.3256042668551063 0.814896928682598 0.11410819346189488 0.13689649966660028
2.493636006903381 0.8721943401276503 -0.8806301400860663 0.7727335667200728 0.401878314424008 0.13451034444151888
1.0867557184799272 -0.22432945820147435 -0.3256042668551063 0.814896928682598 0.11410819346189488 0.13689649966660028
2.493636006903381 0.8721943401276503 -0.8806301400860663 0.7727335667200728 0.401878314424008 0.13451034444151888
1.0867557184799272 -0.22432945820147435 -0.3256042668551063 0.814896928682598 0.11410819346189488 0.13689649966660028
2.493636006903381 0.8721943401276503 -0.8806301400860663 0.7727335667200728 0.401878314424008 0.13451034444151888

1.9716004353133563 0.7590046854793339 1.3833245762269917 -0.7415003667339449 -0.17373371177569863 0.13544108416833053
1.9965874614100052 -0.5277864891736117 0.5505795301382647 -0.8315261268870617 -0.2359391184820343 0.13950089238324415
1.9716004353133563 0.7590046854793339 1.3833245762269917 -0.7415003667339449 -0.17373371177569863 0.13544108416833053
1.9965874614100052 -0.5277864891736117 0.5505795301382647 -0.8315261268870617 -0.2359391184820343 0.13950089238324415
1.9716004353133563 0.7590046854793339 1.3833245762269917 -0.7415003667339449 -0.17373371177569863 0.13544108416833053
1.9965874614100052 -0.5277864891736117 0.5505795301382647 -0.8315261268870617 -0.2359391184820343 0.13950089238324415
1.9716004353133563 0.7590046854793339 1.3833245762269917 -0.7415003667339449 -0.17373371177569863 0.13544108416833053

2.129018769031218 0.18713675701354068 0.49961251894886594 0.5856675772339714 0.25022144485817455 0.14940544875199485
2.2826753113666785 -0.09964635108698754 -0.0913485563767969 0.7129340904992776 0.29830538584529875 0.13119982343330455
2.129018769031218 0.18713675701354068 0.49961251894886594 0.5856675772339714 0.25022144485817455 0.14940544875199485
2.2826753113666785 -0.09964635108698754 -0.0913485563767969 0.7129340904992776 0.29830538584529875 0.13119982343330455
2.129018769031218 0.18713675701354068 0.49961251894886594 0.5856675772339714 0.25022144485817455 0.14940544875199485
2.2826753113666785 -0.09964635108698754 -0.0913485563767969 0.7129340904992776 0.29830538584529875 0.13119982343330455
2.129018769031218 0.18713675701354068 0.49961251894886594 0.5856675772339714 0.25022144485817455 0.14940544875199485

2.683586845158103 -0.7633195730284461 -1.045483061284266 -0.21209132239367362 0.2950373516069651 0.13058971754239515
-2.6318252836152722 0.8148881306306573 1.6651465069646285 -0.4901364801878708 0.41015297514588467 0.14924339816306645
2.683586845158103 -0.7633195730284461 -1.045483061284266 -0.21209132239367362 0.2950373516069651 0.13058971754239515
-2.6318252836152722 0.8148881306306573 1.6651465069646285 -0.4901364801878708 0.41015297514588467 0.14924339816306645
2.683586845158103 -0.7633195730284461 -1.045483061284266 -0.21209132239367362 0.2950373516069651 0.13058971754239515
-2.6318252836152722 0.8148881306306573 1.6651465069646285 -0.4901364801878708 0.41015297514588467 0.14924339816306645
2.683586845158103 -0.7633195730284461 -1.045483061284266 -0.21209132239367362 0.2950373516069651 0.13058971754239515

2.2531954003289285 -0.4800662932842767 1.791518220188724 -0.8867107473777056 -0.41639677276275777 0.14600032421120815
1.847628471550234 0.6388898069339906 2.613058256085676 -0.6799314569428834 -0.13190752912086312 0.1468964690104608
2.2531954003289285 -0.4800662932842767 1.791518220188724 -0.8867107473777056 -0.41639677276275777 0.14600032421120815
1.847628471550234 0.6388898069339906 2.613058256085676 -0.6799314569428834 -0.13190752912086312 0.1468964690104608
2.2531954003289285 -0.4800662932842767 1.791518220188724 -0.8867107473777056 -0.41639677276275777 0.14600032421120815
1.847628471550234 0.6388898069339906 2.613058256085676 -0.6799314569428834 -0.13190752912086312 0.1468964690104608
2.2531954003289285 -0.4800662932842767 1.791518220188724 -0.8867107473777056 -0.41639677276275777 0.14600032421120815

1.9528987737398398 0.14360321009683463 -0.2430954862519014 0.7926876955905886 0.2444425542244602 0.1304811424852776
-2.1663535701496883 -0.17223420871757283 -3.1221306101535347 0.9250628015933883 0.12950624634448282 0.1437967351448102
1.9528987737398398 0.14360321009683463 -0.2430954862519014 0.7926876955905886 0.2444425542244602 0.1304811424852776
-2.1663535701496883 -0.17223420871757283 -3.1221306101535347 0.9250628015933883 0.12950624634448282 0.1437967351448102
1.9528987737398398 0.14360321009683463 -0.2430954862519014 0.7926876955905886 0.2444425542244602 0.1304811424852776
-2.1663535701496883 -0.17223420871757283 -3.1221306101535347 0.9250628015933883 0.12950624634448282 0.1437967351448102
1.9528987737398398 0.14360321009683463 -0.2430954862519014 0.7926876955905886 0.2444425542244602 0.1304811424852776

-1.9916629880058918 0.8106872384724069 2.456587391858787 -0.33112903820821654 0.41928756523725985 0.14763555818670285
-2.3372194095192533 0.709480501140467 2.056199362986 -0.3664367042975975 0.22869506884452906 0.13877876507657302
-1.9916629880058918 0.8106872384724069 2.456587391858787 -0.33112903820821654 0.41928756523725985 0.14763555818670285
-2.3372194095192533 0.709480501140467 2.056199362986 -0.3664367042975975 0.22869506884452906 0.13877876507657302
-1.9916629880058918 0.8106872384724069 2.456587391858787 -0.33112903820821654 0.41928756523725985 0.14763555818670285
-2.3372194095192533 0.709480501140467 2.056199362986 -0.3664367042975975 0.22869506884452906 0.13877876507657302
-1.9916629880058918 0.8106872384724069 2.456587391858787 -0.33112903820821654 0.41928756523725985 0.14763555818670285

1.7897372938408749 0.9687098568022219 0.0975038207455046 -0.9057205960033075 0.10963109645057012 0.13673758243202322
-2.0557660240172266 0.15202097332432757 -3.0735780623672637 -0.7095204056262348 0.2063197274186711 0.141439208328376
1.7897372938408749 0.9687098568022219 0.0975038207455046 -0.9057205960033075 0.10963109645057012 0.13673758243202322
-2.0557660240172266 0.15202097332432757 -3.0735780623672637 -0.7095204056262348 0.2063197274186711 0.141439208328376
1.7897372938408749 0.9687098568022219 0.0975038207455046 -0.9057205960033075 0.10963109645057012 0.13673758243202322
-2.0557660240172266 0.15202097332432757 -3.0735780623672637 -0.7095204056262348 0.2063197274186711 0.141439208328376
1.7897372938408749 0.9687098568022219 0.0975038207455046 -0.9057205960033075 0.10963109645057012 0.13673758243202322

1.3787312250712285 -0.7082468457492548 -0.07682067014947015 0.26039712919968905 0.27453276561531076 0.13746005979659073
-2.463860900246072 -0.8023370417351253 -2.4854935523959427 0.3299704462529408 0.12403025570251536 0.13377480681050494
1.3787312250712285 -0.7082468457492548 -0.07682067014947015 0.26039712919968905 0.27453276561531076 0.13746005979659073
-2.463860900246072 -0.8023370417351253 -2.4854935523959427 0.3299704462529408 0.12403025570251536 0.13377480681050494
1.3787312250712285 -0.7082468457492548 -0.07682067014947015 0.26039712919968905 0.27453276561531076 0.13746005979659073
-2.463860900246072 -0.8023370417351253 -2.4854935523959427 0.3299704462529408 0.12403025570251536 0.13377480681050494
1.3787312250712285 -0.7082468457492548 -0.07682067014947015 0.26039712919968905 0.27453276561531076 0.13746005979659073

-2.3045305517885173 -0.689277288357241 0.06118253271456497 0.8091928480965153 -0.20482492602345015 0.13944763070678237
1.511884701078773 0.07413933125261835 2.3493581422864467 0.7806242470115725 -0.24967484575795262 0.14300656668899184
-2.3045305517885173 -0.689277288357241 0.06118253271456497 0.8091928480965153 -0.20482492602345015 0.13944763070678237
1.511884701078773 0.07413933125261835 2.3493581422864467 0.7806242470115725 -0.24967484575795262 0.14300656668899184
-2.3045305517885173 -0.689277288357241 0.06118253271456497 0.8091928480965153 -0.20482492602345015 0.13944763070678237
1.511884701078773 0.07413933125261835 2.3493581422864467 0.7806242470115725 -0.24967484575795262 0.14300656668899184
-2.3045305517885173 -0.689277288357241 0.06118253271456497 0.8091928480965153 -0.20482492602345015 0.13944763070678237

-1.801802148419858 0.5576962823001165 0.9212904792141655 0.6784801557554943 -0.15145177421304667 0.1398324723739132
1.4815916963152957 0.02347954735559985 -2.358729801267833 0.6843663164255602 -0.39004712420828946 0.1367894590295566
-1.801802148419858 0.5576962823001165 0.9212904792141655 0.6784801557554943 -0.15145177421304667 0.1398324723739132
1.4815916963152957 0.02347954735559985 -2.358729801267833 0.6843663164255602 -0.39004712420828946 0.1367894590295566
-1.801802148419858 0.5576962823001165 0.9212904792141655 0.6784801557554943 -0.15145177421304667 0.1398324723739132
1.4815916963152957 0.02347954735559985 -2.358729801267833 0.6843663164255602 -0.39004712420828946 0.1367894590295566
-1.801802148419858 0.5576962823001165 0.9212904792141655 0.6784801557554943 -0.15145177421304667 0.1398324723739132

2.1808213440307753 -0.18075288318339092 -0.6332079427549594 0.9249108911475601 0.23657081366035126 0.14018777398663984
1.720891413881482 -0.01579058990383838 -0.6868781907662265 0.721617908412082 0.24330536643028022 0.14457262685252828
2.1808213440307753 -0.18075288318339092 -0.6332079427549594 0.9249108911475601 0.23657081366035126 0.14018777398663984
1.720891413881482 -0.01579058990383838 -0.6868781907662265 0.721617908412082 0.24330536643028022 0.14457262685252828
2.1808213440307753 -0.18075288318339092 -0.6332079427549594 0.9249108911475601 0.23657081366035126 0.14018777398663984
1.720891413881482 -0.01579058990383838 -0.6868781907662265 0.721617908412082 0.24330536643028022 0.14457262685252828
2.1808213440307753 -0.18075288318339092 -0.6332079427549594 0.9249108911475601 0.23657081366035126 0.14018777398663984

-1.9712691659265176 0.9793067809262386 -2.590410867382534 -0.04149971863034507 0.2990306578929754 0.1364064600262398
-2.1468996575763275 0.6269078600072285 -2.9347906753953703 -0.21151494619072309 0.24470930141488567 0.14090070117045364
-1.9712691659265176 0.9793067809262386 -2.590410867382534 -0.04149971863034507 0.2990306578929754 0.1364064600262398
-2.1468996575763275 0.6269078600072285 -2.9347906753953703 -0.21151494619072309 0.24470930141488567 0.14090070117045364
-1.9712691659265176 0.9793067809262386 -2.590410867382534 -0.04149971863034507 0.2990306578929754 0.1364064600262398
-2.1468996575763275 0.6269078600072285 -2.9347906753953703 -0.21151494619072309 0.24470930141488567 0.14090070117045364
-1.9712691659265176 0.9793067809262386 -2.590410867382534 -0.04149971863034507 0.2990306578929754 0.1364064600262398

