0 0 -0.3616348752926015 -1.1877180421557734 -0.8088940920829996 0
0 0 1.4028428571583094 -0.2707944822980599 0.725164215914332 0
0 0 -1.0775783885920514 1.3151599030474328 -0.3373106417895676 0
0 0 -1.1040141715691942 -0.01725022226524131 0.771167536481883 0
0 0 0.6283672408134766 -1.3532614325573522 0.7847991546055355 0
0 0 -0.9905353101045524 -0.4627233815401999 -0.7612736523189225 0
0 0 0.3255159899562754 0.6379844492301361 0.7402279215177352 0
0 0 -0.8150173710438348 1.2221480548415637 0.8044914978504099 0
0 0 -1.0724567488995544 0.3545232223449504 -0.7571497010364593 0
0 0 1.2751112871596066 1.353105098266824 -0.6927507015380298 0
0 0 -0.3762134670925834 0.9365980591356877 -0.8185434819747309 0
0 0 0.227663356067769 -1.3895708133775018 -0.4280080971730489 0
0 0 -1.5285371054315586 1.1791735743221385 0.7771821159972245 0
0 0 -0.7020968152155178 0.7262727631409882 -0.7727431160477636 0
0 0 -1.003360429299317 1.3726149057186572 0.26795606856101495 0
0 0 -0.6456274879906083 0.5122812205534448 0.8243159341294102 0
0 0 -0.1537080144683851 0.7655847625712917 -0.7435997063506159 0
0 0 -0.4569246579555657 1.3939984404265822 -0.312723893906496 0
0 0 0.16163305113859905 0.8137628206050918 0.7753364249046524 0
0 0 -0.7409175089013843 1.2580869915919999 -0.7942970800507927 0
0 0 -1.3459950754979118 1.3522164055850285 0.6093600690473884 0
0 0 1.4912647247032917 0.5059193908501742 -0.8232627935890934 0
0 0 0.14344390585561273 0.5943400740205604 -0.7982557370168799 0
0 0 1.4851734282769002 1.0630500600006856 0.8159102523131416 0
0 0 1.0422866351100843 -0.8367970621341092 -0.7907565070688639 0
0 0 -1.2768018262364051 0.419525284767988 0.7879066161675341 0
0 0 -0.9233234038304493 -0.8040983304293872 -0.7823465781737245 0
0 0 0.3737099180049088 -1.1048262690204673 -0.8081209891682934 0
0 0 -0.4107288854910929 -0.03132610487529508 0.7863141974927155 0
0 0 -0.7395074104872301 -0.06970934128762662 0.811822982835011 0
0 0 -1.020030592803461 1.0339877455200515 -0.7339769731219459 0
0 0 -0.36078528369360185 1.3948354538817656 -0.3363876737529199 0
0 0 -0.4989163836918842 -1.3070724138067729 -0.7642271011262218 0
0 0 -0.7664047139846345 0.12109038121337723 -0.7728536920962428 0
0 0 0.7050085847853165 0.7108062227300824 0.7508471670692104 0
0 0 0.573257706744017 -0.8224118060282422 -0.7798165116167683 0
0 0 1.147756382036472 0.8904410697804399 -0.7898237945912628 0
0 0 1.4105069150159633 -0.5412926227098074 -0.7482214323628441 0
0 0 -1.1391089022825438 1.1239896302678798 -0.7564471763571564 0
0 0 0.9905762627697836 -1.328993743024908 -0.22538830238901286 0
0 0 1.557438473084845 0.4917381209066294 0.7487177760339084 0
0 0 -1.0608379163539503 -1.1242651930082161 0.7373479924174838 0
0 0 0.6911797456033533 -1.345288387079745 -0.7307679336914852 0
0 0 -1.041103963015335 -0.9181683144632617 0.7793330228695113 0
0 0 0.6041176615537931 1.3168808682680009 -0.6150174543955831 0
0 0 0.5353397712071417 -1.179814114194428 0.8182420695308872 0
0 0 -0.15699399635394418 -1.3184209341069595 0.5643135149624299 0
0 0 0.8307395408189469 -1.0213405876102253 -0.7555875142035916 0
0 0 1.205816513803255 -0.9738218895086546 -0.8164974061615197 0
0 0 -1.1998438180459212 -0.3947062891207035 0.7626633743017556 0
0 0 1.3394657919768655 0.2390442904094936 -0.7356316373854127 0
0 0 1.108935338991512 0.7231342765360333 -0.7904791728089121 0
0 0 -1.3841590570500455 -0.646337030797087 -0.7567598139072215 0
0 0 0.20947571633457196 -1.3068182976241705 0.21636535132415458 0
0 0 -1.0289623644732249 -1.3695196188384007 0.2670155738743414 0
0 0 0.23789437738730923 0.06489642044207389 -0.8220973928905041 0
0 0 1.427869952330623 0.8397709899991892 0.8212398833006984 0
0 0 -1.1939040117467536 1.233489035516978 0.8010096995810189 0
0 0 -1.3932875244504461 -1.267305883198626 -0.7820997758191774 0
0 0 0.48376041999623665 -0.275834797501473 0.7844067648495519 0
0 0 -1.171630020276846 0.39053601165147045 0.7819863932439435 0
0 0 0.035508344830611716 -0.1899273039875442 -0.7598141468654176 0
0 0 -0.9601217289292215 1.1686578989551164 0.7349898807599599 0
0 0 -0.2302589240714441 -1.016968184937965 -0.7687024515577436 0
0 0 -0.22670593603504208 -0.8156696176372749 -0.7817866638002281 0
0 0 0.9133349242384643 -0.05603441355520844 -0.7959072346449235 0
0 0 0.5054676819830815 -0.5696886747255778 -0.7401494415721681 0
0 0 1.4602076330544405 1.3360544101180516 0.14475081970804637 0
0 0 1.4664093718433495 -0.7891258010926518 -0.7348592326428933 0
0 0 -0.7374340678983412 -0.7190421723772936 0.7833765552448216 0
0 0 -1.0649340123936208 0.5786188208417595 -0.7662068461091688 0
0 0 -0.6250621563833291 -0.698812687482599 -0.7259192352347615 0
0 0 -1.326748178274348 0.38836417366280584 0.802009678125281 0
0 0 0.21747788518518552 1.0650352093379196 -0.7992462492848016 0
0 0 1.4823674832808926 0.1790475839421395 -0.7823963182644124 0
0 0 0.08688096449072136 -0.16363133606624936 0.8044655771620977 0
0 0 0.3830596835259381 -0.13800602888926083 0.8044238145531918 0
0 0 1.0993415167340461 0.4224598537777824 0.7537037097434873 0
0 0 -0.7612192033420496 1.2796524034857806 0.7880825184996684 0
0 0 0.24192662027158263 -0.07281557862600962 0.7320282193506693 0
0 0 0.39156256212007134 -0.21148311475006176 0.7745303599408309 0
0 0 -0.8546175072844813 1.1041940610158176 0.7866196595181681 0
0 0 -1.2335562638606874 0.1548222676587261 -0.7302262419183212 0
0 0 1.3930352883844423 -1.049949991640339 0.8010917589005252 0
0 0 -0.8169899338299077 -0.8006430918994634 -0.7305221639660189 0
0 0 1.3050345166212134 0.16649310655681027 -0.7294500869355834 0
0 0 0.5595485766746262 -1.3725687901817318 0.04112467013636334 0
0 0 -1.483088111358055 1.320550000622368 0.35690777268316576 0
0 0 1.3131575307423806 -1.322730125836259 0.2492565703793761 0
0 0 -1.0826611585279704 0.5723423563909573 0.7457905192167008 0
0 0 -0.06668375955968697 -0.1668775526087134 0.7905301141528623 0
0 0 0.9534984863481775 -1.0990085163177545 -0.7282145733852807 0
0 0 -0.12489611511523036 1.014053463249344 0.7407552284003017 0
0 0 1.5424197458070035 -0.07447859281339708 0.8156368687699624 0
0 0 -1.535449997520297 -0.8278195187256181 0.8218745569063887 0
0 0 1.5486639443587364 0.372896242538028 0.7318136699178587 0
0 0 -1.5045199157252978 0.6781957396513993 -0.8227862926765311 0
0 0 -1.2357240252495014 1.3094547659431324 -0.5231636404283131 0
0 0 0.4208122704480637 1.1683815396106259 0.8243806755377807 0
0 0 0.24328656108010183 -0.5790473828670221 0.7834081672654851 0

