0 0 -0.8241678871449168 0.17104404452531774 0.4645492120732685 0
0 0 -0.9988689706723041 0.994826449479028 2.0514203571185314 0
0 0 -0.9677887050460985 -0.5823677600487254 0.6530389039054141 0
0 0 -0.3235001779861477 0.13833072228810894 1.9999246407543705 0
0 0 0.545866112803056 -0.1601341415225439 1.981731804351798 0
0 0 0.30886066039553217 -0.5466651207388582 0.40675549843128633 0
0 0 0.1996825459017455 1.6263349327500063 0.4338755334383708 0
0 0 -0.23741930077052942 1.423194479945604 0.4799601203011986 0
0 0 0.8442063233968526 0.25451940306295995 0.4740496488088577 0
0 0 -1.0899730787818096 1.9560694326772856 0.4319584602743145 0
0 0 -0.06942585983984562 1.749914850471091 2.0119767716161663 0
0 0 0.28437788896575666 0.40749578099141837 1.957135322775429 0
0 0 0.11069935109027695 -0.5809942536346178 1.1679672940626804 0
0 0 -0.42451501358094923 -0.568760223651833 0.6007613211314725 0
0 0 -0.027794079803796334 2.0577042943476584 1.71024676170138 0
0 0 0.14242674487152351 1.748786649510593 2.0422468550446933 0
0 0 -1.1490538957413854 0.3334591713840821 2.006492029261863 0
0 0 0.5701997596316786 -0.06870519664287245 0.4448448468609779 0
0 0 0.16860840894675322 0.805100505482983 2.052651551745498 0
0 0 0.8914096704385956 1.4177411997120348 0.4884261973449445 0
0 0 -0.34329795679221653 0.5427903500032294 0.4671776760442172 0
0 0 1.5342600771833985 -0.5932177085063945 1.3591090263545937 0
0 0 -1.146394792698172 0.8588431086603767 0.41560086897233006 0
0 0 -0.44096943393735866 0.6071770264030085 1.9843248861517888 0
0 0 -0.99306834068243 0.7534905699036039 0.45780619341488504 0
0 0 -1.367574789141526 2.092460798963317 1.3296681291514778 0
0 0 -1.0301514918862837 1.4443959833258484 0.4324976571961314 0
0 0 -0.5929678283553005 -0.2562768217343001 2.03906523195783 0
0 0 -1.520693587313379 -0.0269921672857385 0.4246990783553304 0
0 0 0.6136296462315562 1.3022200580898067 2.008564799546694 0
0 0 1.183998837183562 1.3885595904678874 0.41286489796501413 0
0 0 -0.33577579913929956 1.6156384323785449 0.4327390935797495 0
0 0 0.013532676906765406 0.3354588902747826 1.981667908030357 0
0 0 0.34514131287088956 1.4372297255929625 2.0375841128969387 0
0 0 -0.5732381252739499 -0.5723561284196537 1.1175212289694922 0
0 0 -0.14852968868689875 0.7923223084353648 0.45263736761492346 0
0 0 1.316340917748044 1.678488561494518 1.9586498726920163 0
0 0 -1.5462249350974524 0.4733062783872779 1.9929592408874481 0
0 0 -1.0983155428121656 2.130194876572154 1.1533841124049697 0
0 0 -0.544186831348205 2.0552966216969293 0.5489322025773341 0
0 0 0.940937124467736 2.053162947997233 1.576425754719283 0
0 0 1.2303393499177848 0.41024919736471377 1.953889949497814 0
0 0 -0.7226720449974234 0.804897430937219 2.0241142592941426 0
0 0 -0.981948220184211 0.8400565068036556 1.9683623817611233 0
0 0 -0.5839545158178767 1.9230888452528998 1.9786564879827602 0
0 0 -0.8131746291057095 1.025208720632127 0.46602471787561284 0
0 0 0.3343663258111147 0.01179974597241118 0.4863356877983124 0
0 0 0.4581980776915091 -0.6313010242011055 1.31062414635409 0
0 0 0.9943717045244176 1.0529437685183967 2.0298540781273053 0
0 0 0.621716434179604 -0.5870512503451806 1.2444689759409675 0
0 0 0.09280147585812015 -0.5811734071944872 0.8613728829794387 0
0 0 1.4385374573720018 1.2403902668442452 0.4831319089809568 0
0 0 0.9137183551340353 2.0003696296821767 0.44123419196778335 0
0 0 -0.18153233507577782 -0.5699688554794893 1.417430301300797 0
0 0 0.3979810002563122 2.050665997501572 0.44617488476913547 0
0 0 0.28919506063929856 0.6317829749399138 2.0444879608862547 0
0 0 0.952934680220324 2.0937154085265237 0.6902299758740118 0
0 0 0.5127159519536537 1.2748829434269862 0.42813414125252947 0
0 0 0.2890446493358132 2.147389762193365 1.8562363215298083 0
0 0 0.22360019529846875 2.1282078075908815 1.320305103940011 0
0 0 -0.6532822353516433 1.787151413117871 0.42683142496930004 0
0 0 -1.061839561582301 2.0703919542575773 1.5775402883885352 0
0 0 1.3863224448970137 -0.18186291475358585 0.43742349727668883 0
0 0 -0.4686625809724714 1.0432317358852528 2.0392625255194954 0
0 0 -0.9413726550684018 -0.09718746269362089 1.954432140249601 0
0 0 -0.3112508895038193 2.0996695642643743 1.5700576273261586 0
0 0 -1.1157486616179924 -0.014313515990369008 1.9599884282386226 0
0 0 1.0436629121389456 2.137115594666961 1.0587423670151344 0
0 0 0.5701556175138065 2.060312515536608 0.9778314851401941 0
0 0 -0.013242072797632787 -0.3847845252602067 0.49565102542627604 0
0 0 -0.5022160491729064 -0.0991583787918835 2.0322687847328407 0
0 0 1.4459721096885167 1.4374842822326228 0.4114152566084254 0
0 0 -1.2559816628530007 1.9744271978243713 1.995969644017358 0
0 0 -1.4328702302383043 -0.5634529234407575 0.7152354884205248 0
0 0 -1.074892262070728 1.7406947498837393 1.974652619190314 0
0 0 -1.4315447696775956 0.6237474819290767 2.031482840499206 0
0 0 -0.7540800388422052 2.143636335414556 1.764840789439712 0
0 0 0.8517916454595236 1.2107862948538033 0.44368250157852895 0
0 0 1.3089803853560982 0.8273656713400566 1.9903993298782816 0
0 0 0.6973901145003074 0.4043942452091652 0.4665924823891071 0
0 0 1.2614284671100928 1.7360000564313973 0.4373803541269702 0
0 0 -1.1106556712369493 1.335394944624517 0.4580120941313093 0
0 0 -0.5213176459159834 0.7326258434168134 0.44765858848969553 0
0 0 -0.9539559825993399 -0.6210230130885592 1.183824379218878 0
0 0 1.5698202066999238 -0.11118464498631964 0.4184686835566145 0
0 0 -0.21767921951408242 1.593712110055222 1.9649540236515515 0
0 0 0.8312826045007462 0.8472117013538552 2.0200349609425623 0
0 0 -0.5127007067142622 1.0027310330693957 2.0243184457847136 0
0 0 1.2329204569081345 -0.19770799626149116 0.48067815129131075 0
0 0 0.4280678768407389 1.1508015429374305 0.4138434399163601 0
0 0 -0.003745619471079875 0.1847327373485843 2.0233935119971522 0
0 0 0.2886967916882479 2.141211022801778 0.5753369891352687 0
0 0 -0.5126023193251863 1.0214471921802784 1.992974798900453 0
0 0 0.9544123795113175 -0.580685621267953 0.8698526299575131 0
0 0 1.0195852435637835 -0.5977802280811724 1.0266252435480299 0
0 0 0.97043636836769 -0.45654010683514157 1.971484205600982 0
0 0 1.0260772164564456 0.15957100130895907 2.0376394350357754 0
0 0 -1.5431876118630286 -0.6217124292450864 1.1983650571851223 0
0 0 0.24226610064930365 2.0988765846714186 0.8428248888021315 0
0 0 -0.623359705241788 0.28127344598797777 1.997868923757975 0
0 0 0.8342550742587309 2.067522418155169 0.612068522840027 0
0 0 -1.4532485267306576 2.14879643994032 1.718329041272289 0
0 0 0.4142246605719351 0.5810285004994147 1.9535535084910962 0
0 0 1.0302486206287989 -0.18655125517387816 0.4642581107404121 0
0 0 1.0435735784389197 -0.46276640985314366 0.4372868297596434 0
0 0 -0.3257982532042727 2.111097666740119 0.6940510566388367 0
0 0 -1.4965657176962808 2.136163308075256 0.7297208370712688 0
0 0 1.193764593565585 0.9809691201100399 1.9694787106736487 0
0 0 1.2659637369150154 2.066198049418627 0.8966481971794793 0
0 0 1.2910846080777483 -0.6126077172033866 1.9901594283678985 0
0 0 -0.0554146235320081 2.0686010644785604 0.7190140351618888 0
0 0 0.43877025241286916 -0.641316434057533 1.8652544553617052 0
0 0 -0.5495993354522724 0.9116488851799409 0.48718199900818504 0
0 0 -0.6634727393262424 -0.35539221006873833 0.46159708644214203 0
0 0 0.7809098433731085 0.022842039917261858 0.47159301135311793 0
0 0 0.856201248441776 0.08898016904886563 0.43496490714018166 0
0 0 0.3043253075246244 2.146450639463187 0.9871203956081285 0
0 0 -1.4854971881447403 -0.5687711152261818 0.6759802329227401 0
0 0 0.9299345506088645 2.083965648652252 0.8923709229405092 0
0 0 -0.912039714478711 0.9761726106811248 2.001070447367059 0
0 0 0.7589282460598192 -0.563144532698626 1.9608273386152548 0
0 0 -0.6128664454011395 -0.5829141967496345 0.7833767894358772 0
0 0 0.38198996128501195 -0.37642698884882386 1.9809899033707805 0
0 0 1.0549473806242533 2.0532616374719286 1.000238885783391 0
0 0 -0.7569936241574422 0.7054571315739537 1.98507135908854 0
0 0 -1.1965501116247736 0.9463533141227007 1.9557150160862635 0
0 0 0.8064387205174266 1.222873463115962 1.9557511516837143 0
0 0 0.23324663269207146 2.116272874129644 1.1470453487072063 0
0 0 -0.5148538701490837 2.1164790650585754 1.1783220897819984 0
0 0 -1.119302391670154 0.770771220291175 0.46366415164189234 0
0 0 1.40653180740683 -0.255128224188218 1.967599605954941 0
0 0 1.4715924672938554 0.8154571132916826 0.4871401073579842 0
0 0 -0.0400931285511501 -0.6006635303551986 1.6993502244220378 0
0 0 -1.2045601563518153 2.0943311960895947 1.1438847029945736 0
0 0 1.355503385194098 2.0955988690034695 1.8969563417797433 0
0 0 -0.48420121647664316 -0.2894545860606703 1.9780839716829441 0
0 0 -1.2041302912869254 -0.015529358231298529 0.4175040244673123 0
0 0 -0.9593929168034325 2.1013161070910256 0.9678328215729387 0
0 0 0.30205636741863007 2.0527094777629378 1.201442516434881 0
0 0 -0.33079907499802585 1.2527722781649233 1.9988072537717245 0
0 0 0.8371563218621727 -0.5566816929384601 1.0206883298357983 0
0 0 0.2241218455771563 1.6939864710671897 1.9697880087972206 0
0 0 -0.565328321977858 1.7335748478037416 1.9562841182779813 0
0 0 1.4091639446063762 2.0935938697891356 1.645081094629808 0
0 0 0.8931141062893873 2.1311447580259815 1.473575128719921 0
0 0 0.26970902897836724 2.112422558815622 2.003513463843377 0
0 0 -0.042679322496709915 1.2214219983362773 1.9961948319792602 0
0 0 0.7257200955732488 2.126255795201616 0.9726495511518702 0
0 0 -1.3962671713763561 1.234241201501951 1.9621702177037879 0
0 0 0.45441522651003474 0.20982900927384363 1.999867638077663 0
0 0 -1.423500510741176 1.2588225884673137 0.453999809754561 0
0 0 -1.5056521243654855 2.1307744026226816 1.2943776253840276 0
0 0 0.9986799011582543 2.0812862476689604 1.0651084056451405 0
0 0 -0.5063863708616723 2.05756307565352 1.295460479409658 0
0 0 -0.08519901108382233 -0.2060000692124615 2.00053346658169 0
0 0 -1.241245996001087 2.0939228268591874 1.3210867526310293 0
0 0 -0.05807081477116438 2.076172794643294 1.0102002310300708 0
0 0 -0.5001414637989812 0.3103153244539817 0.4376433551466219 0
0 0 -0.5041328719049583 -0.5784437491013839 0.5271157678221958 0
0 0 -0.3250164025186426 0.4237790637056986 0.5005314908488424 0
0 0 -0.9051270971100331 2.051724857087016 1.413596158849082 0
0 0 0.9829922499901258 2.093121377627777 1.4990619214069285 0
0 0 1.5472014850102078 0.059250848708695125 0.44936439121044547 0
0 0 0.05592163988334775 2.1146595224779023 1.199684341509303 0
0 0 0.5085644363857016 0.42239055262929337 0.4624267454782558 0
0 0 0.7227992866139141 0.4015849818748731 2.0168865374166973 0
0 0 -1.5633871162856747 -0.567170425596051 1.1407281399312732 0
0 0 1.2017146464248873 -0.6043296377195797 0.4376474104883077 0
0 0 -1.2330901616460066 0.024652512743003396 2.006961788565161 0
0 0 1.110677675851834 2.101266454229298 1.029670097237971 0
0 0 0.37262685386542915 1.3555404087894614 0.4645318452966998 0
0 0 0.044422381626570306 2.11697333109215 0.92164303814576 0
0 0 -0.8694797649854776 -0.48050696979889773 1.9729232474988307 0
0 0 0.08838032692494435 -0.2950279254856416 2.0360739330933724 0
0 0 1.240941355534483 -0.5993534421815947 1.518578310326671 0
0 0 -0.8761963947892224 -0.5756568142157847 1.1410441625467975 0
0 0 -1.0686107812868337 1.468008060140632 1.9987546647097227 0
0 0 -1.3904401770519093 0.8857337671081116 0.4967993563365719 0
0 0 0.536425061689938 2.1474576711610736 1.674286825618532 0
0 0 -1.3732869361043203 0.7382278844076386 0.4982715758700499 0
0 0 0.8942286076354322 1.5356412035316114 1.9787841994365856 0
0 0 0.2628938950359547 1.1952784497848452 2.014673951839253 0
0 0 -0.8060143543072021 1.2512767605444168 0.4863597860174498 0
0 0 -0.2955037139666683 -0.4926060453114991 0.4468785669175658 0
0 0 -0.707083708303982 0.21167821270043297 0.4619806728070309 0
0 0 -0.6221943328007544 -0.42805052490864326 2.0296369208469303 0
0 0 1.1214422190246358 0.8068436569769517 1.9899866218003137 0
0 0 -0.5082485261589844 2.0518106616878278 0.831043785927152 0
0 0 -1.5527897034123936 1.5468189013187612 1.9830111484525204 0
0 0 -0.5851780681300012 -0.5970168838748438 1.0630210554571156 0
0 0 0.12782027504134064 0.637342842099438 2.0436332131199295 0
0 0 0.9051341559043795 0.8573116735389632 2.052091879861881 0
0 0 0.42488626628382575 2.058450924607432 2.049552658009911 0
0 0 0.8373731159965727 -0.6039727743401087 1.018158894033547 0
0 0 1.0508942322885977 1.0829839510272503 1.9969623144077822 0
0 0 1.3136868705656863 -0.02782912128115378 1.995759773969286 0
0 0 0.9278977965032928 0.7599587122009603 0.4920408687114707 0
0 0 -1.4580399144715563 1.8760759041235369 1.9803418825175543 0
0 0 -0.639212466507899 1.910321826366695 0.4672360069539785 0
0 0 -0.8485287243184167 1.6748097740088579 0.40826513505248485 0
0 0 1.263915747635994 -0.6137613428896604 1.5551928918946119 0
0 0 -0.4387183699545223 -0.45661049846540935 0.47712240376806525 0
0 0 0.4566158310482882 2.109424282134656 1.7972516004925372 0
0 0 1.3845013176718726 0.28593530449920923 0.45834413727087386 0
0 0 -0.21581566608110148 0.9344413781639418 1.9781178404297135 0
0 0 0.33864651258457235 2.111866123550885 1.6651169777821033 0
0 0 1.3146256430960208 2.13106223235358 0.5803030240410976 0
0 0 -0.7061074246585938 -0.5726780672699929 2.0220263818650044 0
0 0 -0.4246506194714894 2.1365131918636164 0.8868424422621687 0
0 0 0.6599688986309356 1.5966549302226472 0.5013265731967788 0
0 0 -1.557757903280838 0.3008072128138426 0.42322994151329274 0
0 0 0.7934768781009627 2.08556853614426 0.7672817066242987 0
0 0 0.8161368671775566 1.3439295484924665 0.41719268468144377 0
0 0 1.3796065191225235 1.352831737066829 0.48533224341989367 0
0 0 0.6018741564258367 1.0367414668700945 2.0416383346547153 0
0 0 1.190933000935956 0.36784434248088904 1.9613243593202232 0
0 0 1.2313552120381948 -0.12488570987820546 2.0156201374500915 0
0 0 -1.5119914107607348 2.0666605106015847 0.5294817958520824 0
0 0 -0.9071371368213613 -0.5628140024930248 1.9119116969621035 0
0 0 -0.31084775555934185 2.115914601997304 1.6512366647743368 0
0 0 1.0137110182412865 -0.6312168279924686 0.8522885503281938 0
0 0 0.9226218981109784 1.578044302562412 1.971111212789797 0
0 0 0.8808995270121907 -0.5551573184678189 1.4127936355204396 0
0 0 1.3703872507978887 1.1649937781663888 2.052254762085677 0
0 0 -0.5805627306787826 1.4544823850309505 1.959275832884737 0
0 0 0.31711207253574636 0.3448171191885234 2.005875520317454 0
0 0 0.16112966038959775 0.9229112643868289 0.48749884894261175 0
0 0 -1.078892350023763 1.0308148670307151 2.0028633178943425 0
0 0 -0.5868307151024098 0.44659774556673726 2.0493349683336826 0
0 0 -1.5283729933285886 -0.45214997267983903 0.47993767330660053 0
0 0 1.1188283713026004 1.7081242067348572 0.4957468829345425 0
0 0 -0.5821860093888878 0.34033669548018 2.0211499509465187 0
0 0 0.3467462278784412 1.4818870344012762 0.4562427214307152 0
0 0 1.2282072441840595 2.1049075388848704 1.655328549008445 0
0 0 0.27635401150671624 -0.5602084038076933 1.6577572588529201 0
0 0 -0.20427374138219045 2.1408982827936756 1.1006513957022395 0
0 0 1.1213547651621076 1.0036631211885387 0.41790540776444507 0
0 0 1.06708505725198 1.4106289795010147 0.49683424191336767 0
0 0 0.9034125204455532 1.8229013359986606 2.017804899902946 0
0 0 -0.5455788352372513 1.066681129640325 2.0273519568664993 0
0 0 1.2821446839590402 -0.6311053354916927 1.6491104550856899 0
0 0 -0.7119001916190094 -0.5798055888896716 0.4531023128807594 0
0 0 0.7369596370775593 -0.622861646999253 0.5623050176196598 0
0 0 -1.0645537544330932 -0.595407102830902 0.7162728123370896 0
0 0 0.7126150467011776 1.7730092378217035 1.984189692445383 0
0 0 0.35766019078889566 -0.6276814178009289 0.8502502916339683 0
0 0 1.3652938523936333 -0.6055007200738041 0.9820849077921647 0
0 0 0.9241280868447084 0.4036407148274255 2.0529839457303765 0
0 0 -1.3251553678378596 1.270186114571222 1.9547225656959966 0
0 0 -0.09284876759803251 0.33616550639010534 1.9974106596014822 0
0 0 -0.06550599377982391 -0.3763732017256065 0.4547835135068673 0
0 0 1.5182899321220131 2.069394660091705 1.3361941493507956 0
0 0 -0.7896560675911808 -0.32207822004005027 0.49953562320607914 0
0 0 0.7455984821311543 2.0737048059967087 0.43117050030339166 0
0 0 -0.3763969195232646 0.06568857192716859 0.48849166300800373 0
0 0 0.07071350638253437 -0.6401446086989309 1.7492862950654144 0
0 0 -0.39572564866268856 0.4628362114027298 2.0082357561940505 0
0 0 1.3802523957376427 -0.0919747024095725 0.4697534147319862 0
0 0 0.5232610416877654 2.1310210571307855 1.5689863716354975 0
0 0 1.1836432663134522 0.42354119851058847 2.039578793323556 0
0 0 0.016131351498929414 -0.5057079322089735 1.9839077755746826 0
0 0 -0.5057797682225553 -0.5729691381988906 0.6077361790835756 0
0 0 -0.7982804972253016 -0.04423871032673676 1.9840877963809582 0
0 0 -0.5564163223962562 1.3206978227971409 0.5024620631983867 0
0 0 -1.5433196239649145 1.073000937012813 0.4854933276436423 0
0 0 1.149237619310528 1.6412443420218674 2.0380446051279457 0
0 0 0.7799988426583031 1.8417665187060177 1.9796922737371416 0
0 0 0.010190760743126193 2.14751363107068 0.8528371462959105 0
0 0 -1.4635704975915091 -0.5779902191985467 0.409700669095321 0
0 0 1.4145224974887842 -0.5578309549647131 1.4063179417221403 0
0 0 0.8582451727881439 1.7655277125832256 2.050616320906426 0
0 0 1.192682925773823 0.9673035768823111 0.4858195975459926 0
0 0 -1.1940427121298756 2.0915425756853883 0.5956548201270122 0
0 0 -0.5600280880198956 1.6485751971539762 1.9536554603325271 0
0 0 0.9429424513930194 2.1489772334086625 0.425847422827037 0
0 0 0.8830584434494839 2.0749053759424583 1.414850206296956 0
0 0 -0.8166718455227577 1.448868735180636 1.9844769651388208 0
0 0 -0.003649503439293156 2.099663993618834 1.1237252490812666 0
0 0 1.5491020215724531 1.9742664738062115 2.01481232688657 0
0 0 -0.08633084480631581 -0.5861295627810765 1.4275600971185287 0
0 0 -1.141727284263778 0.651845473252028 0.5019713708634748 0
0 0 1.2442389899637036 -0.11163441204680424 1.9652533371641412 0
0 0 0.042881692262702664 2.018886942720938 2.0373348718598856 0
0 0 0.7382819777603817 2.050205047603761 0.785796270070609 0
0 0 0.029466294396204074 0.055017260769391174 0.497085818357458 0
0 0 1.5279439499730638 -0.10661646793637325 1.9752320085200363 0
0 0 1.5671515829017757 0.8092208549130357 0.4200725128068199 0
0 0 -0.4521011059220035 -0.6034773140088787 1.9312020273317068 0
0 0 0.3042496125820653 2.1212242596523545 1.8015377088199782 0
0 0 1.40750958683277 -0.21951720158047594 2.038239076010678 0
0 0 0.5512470172861001 0.6267220588362237 1.9761838901217719 0
0 0 -0.3022366070522484 -0.5743656478920813 0.8556294935800564 0
0 0 1.5051060848423075 -0.638932562582361 0.9328918413180907 0
0 0 -1.416008286801096 2.091883330115173 1.5274644094192729 0
0 0 -0.26412123247472885 2.0990580381738404 0.8466236994784562 0
0 0 0.556909027422877 1.3219245217238862 0.4750194743346251 0
0 0 0.1601499017421566 -0.566782685333008 0.9676977564028716 0
0 0 -1.4681185278543134 -0.1833773568735818 0.498790917622691 0
0 0 -1.2599567313859914 2.1176331174539933 0.8499907274918603 0
0 0 -1.1877612048350772 1.1797789904126306 0.47809199114220857 0
0 0 1.033599418175334 2.074488501686109 0.6256419409528079 0
0 0 1.5297290394959067 -0.578700087352821 1.323472755616713 0
0 0 -0.9267748554583184 0.3636652900085968 0.4382853584698615 0
0 0 -1.4901442065165362 -0.5818021303416006 1.2025405102620637 0
0 0 -0.7572602019937175 2.0815529393866328 0.4366099407472338 0
0 0 1.1275861763889332 0.09335235536294884 2.0015490419438 0
0 0 1.0318996873397044 1.3909171863278453 0.46088098606580796 0
0 0 0.5626045618833118 -0.5455085027262474 1.9631967452611612 0
0 0 0.9324960730760248 2.0591627224987175 1.7931923829687486 0
0 0 -0.6079033673043684 0.5330911097649451 0.43707409967574873 0
0 0 -0.06928814259301697 1.7628142270677964 1.9821101910357022 0
0 0 0.4138537178787005 -0.5789528331083167 1.0022127884377032 0
0 0 0.48320036018295287 -0.14515732015097538 1.9606798581261593 0
0 0 -0.07970542772693268 2.0722328629280433 0.925218549729209 0
0 0 1.3400426192146644 -0.4075537402359124 0.5007551802995819 0
0 0 1.4671802514563312 1.1311495711761614 1.988883824573969 0
0 0 -0.49595757563382636 2.0590346192830866 0.4821146848555732 0
0 0 0.5344856744345856 1.3533138644826466 0.41750250405637945 0
0 0 1.2789901515861293 -0.13442868009471143 2.037747387866499 0
0 0 0.1320368913941381 -0.6103686342314176 1.103025070680941 0
0 0 -0.4279981011167897 -0.23151035375247764 0.48917702372772176 0
0 0 -0.4526087028305059 2.1084187310203104 0.9653940264073279 0
0 0 -0.6224172206074547 -0.4453679183808046 0.4776169035029185 0
0 0 -1.2639618956420275 0.9300584512831325 0.43335209731236235 0
0 0 -0.83515636454499 2.078322939462055 1.5550645012672168 0
0 0 -0.762062196042015 -0.023205611947135774 1.9584307984087221 0
0 0 0.9565377623138174 2.08116208062353 1.7600692921305647 0
0 0 -0.6468928507423586 0.10761525919740211 1.9641589356176845 0
0 0 -0.0585230494075244 -0.5941121607616862 0.4388582198819996 0
0 0 -0.0403954552265926 -0.5517246266912532 1.4511195392573086 0
0 0 0.7612942341642559 -0.22690702367976967 1.9538424808194366 0
0 0 1.2133828606854467 2.126307923463152 1.3973229754909484 0
0 0 -0.38455454824603974 -0.5984666196447885 2.028013077064743 0
0 0 -0.2581270820108499 -0.5691940317322126 1.5698175505225844 0
0 0 -1.117643710876377 -0.5723741501998978 0.715036620259536 0
0 0 0.6602868189396185 1.8422145281342905 2.0283728194709396 0
0 0 0.3359011175710833 1.254306758410846 2.014141432699393 0
0 0 0.8345556687079538 0.021474689394961555 0.4037397752427031 0
0 0 -0.9273996624581513 2.1185758074472925 0.5353783354814895 0
0 0 -1.4416181507461587 0.25201338858404165 0.4296083425352717 0
0 0 -0.5225866024710446 -0.2955405609770696 0.4921692001717435 0
0 0 -1.2852526178962393 -0.6138712527836088 0.5863840494496411 0
0 0 -0.5650129273016202 2.1483682762147636 1.0062303296750272 0
0 0 -0.6975349762336823 0.8685429911297671 0.46277621030912774 0
0 0 -0.14278264839983779 1.3765919655602017 0.49268527199562784 0
0 0 0.06159826228018339 2.084345630710499 1.5266360177357403 0
0 0 -1.0772300321016561 2.0578396352828623 1.0512841779066502 0
0 0 1.2818514907391494 0.16815925068539717 1.9586972370744087 0
0 0 0.2854707514786283 0.8657533651015694 2.0344948551728566 0
0 0 0.035070242418167474 0.6903117414709365 2.0472000583288548 0
0 0 -1.3428182038014784 1.4054208213760886 2.0176136470728263 0
0 0 1.3709962633915591 -0.6189659232914437 0.6426202390744331 0
0 0 0.8477640856904833 1.8246617652385113 2.040140067154483 0
0 0 -0.18283568719826615 -0.26132483596237366 2.0362166270389648 0
0 0 0.6002631758225463 2.013060076945771 0.49880086853177696 0
0 0 -1.3038595924836756 -0.5783416017218472 1.5338610686787615 0
0 0 0.43060758087471607 2.132810734219859 1.6852876741656766 0
0 0 -1.5382756944417235 1.91355259725718 0.4468234012134471 0
0 0 1.24209867975706 -0.5831899091250594 1.4893717578914927 0
0 0 1.0873972097192297 0.6316897626570093 1.9610160468991773 0
0 0 0.54925683026865 -0.5445134455076734 2.0316902473415426 0
0 0 1.362798708104334 -0.18282733788833627 0.4448337173595027 0
0 0 -0.699569878250914 1.6063279826129866 0.497676598730162 0
0 0 -0.7560626834207604 -0.5883911863093707 1.6825337640653442 0
0 0 0.08478911919647758 0.044039841864169205 2.041963594804443 0
0 0 1.5029239547035766 0.7505097435046197 1.9728514511304354 0
0 0 0.28418092039413545 -0.31172927794170446 2.010986100702099 0
0 0 -0.02141081781665677 1.92310701809237 2.029799776776794 0
0 0 -0.5068034331570328 -0.600139244554043 1.07496459028228 0
0 0 0.4349556155338581 0.14954778277802228 0.5026799682771187 0
0 0 1.4931669949025719 2.117849639695093 1.1183749513732844 0
0 0 1.3958858887721446 -0.33856210745648285 0.4823499753360102 0
0 0 0.7670263940029485 1.1375078534392093 0.44554637401414476 0
0 0 -1.4865827372135691 -0.6126711543806884 0.7378542854215722 0
0 0 -0.5426203510223822 0.21793832328831164 2.0012908900790776 0
0 0 1.1966148316547747 0.601614930642985 1.9943580307176818 0
0 0 -0.5966463315629127 0.34597533242035106 0.4169518381453946 0
0 0 -1.181163328359459 -0.5833931355667907 0.9598325451701525 0
0 0 -0.8713605149416346 -0.4697646574456664 1.9728740208056592 0
0 0 1.3211727135201268 0.13281871610708984 1.9772310672522369 0
0 0 1.4923807091633767 -0.5925887455828203 1.356031651927712 0
0 0 -1.0515703284753997 2.1428631668458475 1.0396331780571737 0
0 0 -1.5552873410619215 -0.6260886362936859 1.3588544871986952 0
0 0 0.9927680036886999 2.1227878012280463 0.8790365571803275 0
0 0 0.5844868893295012 -0.5949890162427349 0.938591583924498 0
0 0 -0.031275311400580375 1.6018538355759364 0.4585389057877295 0
0 0 0.23874890627720613 1.1176030697821733 0.47388940597008133 0
0 0 0.5155355845391658 -0.6207972557882842 1.8011972991262388 0
0 0 1.2084174035561084 -0.03482206672983468 1.9668264633540415 0
0 0 -0.8283107878606432 1.8677997596450824 2.0071387138612833 0
0 0 0.30948443556179006 0.7198602185710734 1.9799496046579956 0
0 0 -0.5301007172129504 1.6244958533763085 0.4292622801076307 0
0 0 0.6832037689767074 0.4144163535796541 0.45588852745097597 0
0 0 -0.32798941732599474 -0.39677793719990784 0.4616151343127668 0
0 0 1.5314673033391566 2.069208096445649 1.7789341058403396 0
0 0 1.0374739151970696 1.3610502768304888 0.45532568233574255 0
0 0 0.9468962670725847 -0.5625356264566941 1.9252824509074442 0
0 0 -1.137134079858732 -0.10108783008576672 0.44124795141026774 0
0 0 0.5302966764806225 0.029871308483157777 2.030320095941859 0
0 0 0.7778363459331419 1.9934015460865038 1.9663764591062995 0
0 0 1.161776902227626 -0.553708221135816 1.2952889934872036 0
0 0 1.1830867032730237 1.022567966384506 1.955959515005858 0
0 0 -1.1429154470269203 1.179388026131152 0.41883658758565057 0
0 0 -0.7851001801354945 2.1199791683628506 1.9312146513680855 0
0 0 0.41621882395679877 -0.07175099073660918 2.0140766699433197 0
0 0 0.54920943109251 -0.5555992352609584 0.7864181548462472 0
0 0 -1.255356064084901 -0.6051741572392431 1.533091294253894 0
0 0 -0.02126520047968916 2.100983043337438 0.8465219425289339 0
0 0 1.1994406183173618 2.0971233120149986 1.365221683414528 0
0 0 0.2974747181755484 2.106131261682866 1.6899363385422261 0
0 0 0.7903294061410762 -0.5600664375400488 2.049531333596019 0
0 0 -0.6546572261919438 1.9140836510828476 2.0263684933579516 0
0 0 1.0610150150553315 0.7475402618792224 0.41557411111728404 0
0 0 0.22031025469009613 2.131587543516302 1.9887508984210982 0
0 0 -0.12614049451103715 2.099088004737803 1.7676860306552853 0
0 0 1.4913877736644743 -0.6054317126119957 1.654549009781182 0
0 0 0.8731567535602163 0.10810529569020266 0.4130601717353538 0
0 0 -1.245503995756069 0.648736225523171 1.960448225607832 0
0 0 0.6016857069794495 -0.604383223238492 1.3029967863121432 0
0 0 0.9981362450800142 1.525076851521286 2.012440635018452 0
0 0 -1.2186684048912282 -0.5527099980426184 0.920522716355857 0
0 0 -0.32075223295271327 0.5375524694546936 1.9834426118926234 0
0 0 -0.3979994238307192 0.29492074556331316 1.995193086401052 0
0 0 0.6521978245580495 2.0622391924809476 0.9788683903139935 0
0 0 -0.7866379051122429 0.6164832436742846 1.9602640568671947 0
0 0 1.491446203006034 -0.6235654988622297 0.5788560924695416 0
0 0 1.103634218875989 -0.555684298977482 1.3941459766476079 0
0 0 -0.3117483502779992 -0.566485618109615 1.0794312557162864 0
0 0 -1.2465867699462068 -0.6003311541099208 0.8429463072806269 0
0 0 0.406135804065916 2.1420536277381483 1.3552412923878967 0
0 0 -0.1526804359199334 2.1271439396572864 1.7974959308599585 0
0 0 0.8163577946344307 1.2217954100658255 0.49480874265322206 0
0 0 -1.0983955754353247 -0.592266403567377 1.8721223707752668 0
0 0 -0.2611774733060279 -0.6224618539360318 2.0130867054516113 0
0 0 0.09170075841800585 0.6388787782462619 1.9876657654520247 0
0 0 0.3324514386110764 1.0557732540542277 1.975996295115742 0
0 0 -1.4642323115822604 0.6501016526706394 0.4175119852693743 0
0 0 1.2982665877608728 2.054064621063432 1.609680697732614 0
0 0 -0.9982553513264751 -0.5651568886692291 1.506119782598638 0
0 0 1.0991494222661276 1.7216704286903177 0.4673439267481062 0
0 0 -0.40245667969582444 0.05103958980765433 0.41753256606556 0
0 0 1.115847182491847 -0.6492013041894906 0.9503802551300192 0
0 0 0.6040974736469376 1.4110372110233573 0.49835632698230103 0
0 0 0.018136569432361416 1.7323401872234336 0.47247029347816705 0
0 0 1.383235952032528 2.109829640572437 1.0202658726042255 0
0 0 -1.103648593141346 1.1957621868409691 1.9969107031700932 0
0 0 1.1349952756533135 2.056556187927167 1.8237239419900142 0
0 0 -1.1286465114026591 1.6125470619605518 0.45374573290515396 0
0 0 -0.3997419894948513 -0.6006171334564114 1.4042344187538238 0
0 0 -1.2128328755694078 2.139984874930361 0.9084427286470813 0
0 0 -1.0771596893156743 -0.15840966925316713 0.4269970892154966 0
0 0 -0.23187631312131063 -0.6461639187214319 1.4968970151991359 0
0 0 0.4436374000383583 -0.23255078579809063 0.4487766996422088 0
0 0 0.44321733414096887 0.13844464807799384 1.9714347146782725 0
0 0 0.9156290281126216 -0.5521064075023356 0.7123323630798881 0
0 0 -0.8485185715773088 1.730918774012267 0.47975067232375945 0
0 0 1.024552110687008 -0.21384920397810592 0.46943332769072665 0
0 0 -1.1562868641651955 1.3858516344543732 2.0187914675263596 0
0 0 -1.2324933953245094 0.2899814751523625 0.4991598228453701 0
0 0 -0.8375105585615781 1.1480533635537102 2.0298129972355667 0
0 0 1.2409175711771643 -0.34603148047004306 0.43891319219065217 0
0 0 1.065942598349777 1.5323944530203668 2.0520083357864247 0
0 0 -0.06156570636173697 -0.1834732884773942 0.48007052087022106 0
0 0 0.6256735796724957 2.1015152872845437 0.6892578541395742 0
0 0 -1.2952768459022712 1.1760748129366159 0.42087417305056785 0
0 0 0.44275847616377906 2.098279300338922 0.9987985677275841 0
0 0 1.055615713935309 -0.3743428698043132 0.4757006931128215 0
0 0 -0.19091565946743638 1.4138403429440167 2.0047316132448962 0
0 0 -0.9162143729146023 2.1308105441180962 1.5010804322368636 0
0 0 0.3557924804008057 1.9587429871411681 0.4936900614752979 0
0 0 -1.1712670591448342 2.0699792451240477 1.8913701930285265 0
0 0 1.1043663273749242 -0.6247715431557035 1.5247263184661033 0
0 0 -1.1751971158867112 -0.6190762007777608 0.560313873274328 0
0 0 0.7926816298172619 0.1994801458514167 0.48518551981693137 0
0 0 1.270684045176247 -0.6321255004500543 0.858480220734631 0
0 0 1.1626861618164912 0.2443451531357116 1.9898450023934746 0
0 0 0.8115768622912074 -0.5897751044056885 2.0306466371182683 0
0 0 -0.6772302282580609 1.909669216036095 0.4373452800511495 0
0 0 -0.7904493729437367 1.932680803919734 0.4188935224412651 0
0 0 0.6919883719907007 0.5745316138589507 1.9965775043887448 0
0 0 0.5483345614319743 2.1150019958297963 1.4782284682702014 0
0 0 0.26561579533970026 -0.49360058948580177 2.0300705914201425 0
0 0 -0.3601558462958758 1.4255987993600998 0.47504005676799255 0
0 0 0.5664351920736075 2.109110016936146 0.6478290407541091 0
0 0 1.5270988704056179 2.0532165081625937 0.6465980731872685 0
0 0 1.3957400008095622 0.5445406541104514 0.4821395818788303 0
0 0 -1.5089037707306194 2.0750874818523206 1.4501019026641275 0
0 0 0.35473828899272664 1.6923653795694296 0.48033824277323167 0
0 0 1.190913055877933 -0.610695179662095 1.985429211025184 0
0 0 0.5616002901450039 2.0710963539581186 1.8102991661300611 0
0 0 -1.1076004737080576 -0.5537187788029856 1.1783744068186395 0
0 0 -0.40019051572685593 1.8124862400309116 2.037229353137615 0
0 0 0.5892795572164666 -0.35868340670013876 0.49766882028953363 0
0 0 -0.05076081749157857 1.2043292649239248 0.44491230079300026 0
0 0 -1.2197800412027726 1.02922766004916 0.47092282114347905 0
0 0 0.13652543068152778 1.5445543163361222 0.4629417563446635 0
0 0 -1.4016028221476353 2.0869001168479957 1.1878418560325825 0
0 0 0.46650899897616815 1.2996050310922418 2.046779001710377 0
0 0 1.337020221981379 0.27979249400932704 1.9652409176786074 0
0 0 0.7155359613427392 -0.5807980713030714 0.8263669548299531 0
0 0 -0.2171361906681999 1.9462440940740724 0.42945545907100346 0
0 0 -0.5588712123832376 0.209424819590469 0.4637574607724868 0
0 0 0.4488265561580529 1.6681836173095526 0.4876966644695703 0
0 0 -0.6338417394255239 -0.5477315054484335 2.007689042450856 0
0 0 1.511637135504944 1.22827103626916 2.02725430225228 0
0 0 -0.49995539390019506 2.1058189636210742 0.9937097497866763 0
0 0 0.1727076819022726 2.0909669722390407 1.6823889053896297 0
0 0 -1.007551123199472 2.125060309096583 0.97468755996796 0
0 0 -1.1190822153103464 1.8815452412742621 2.0279332327037554 0
0 0 -0.27450173271138434 0.8516117659211999 2.014416587545818 0
0 0 0.6824890947635569 2.047944561859187 1.98358472321944 0
0 0 -1.156823182201096 1.3532396293517115 1.9755029865335272 0
0 0 0.7109284587088549 -0.22450474157594713 0.47005064629618987 0
0 0 0.38682932063527864 0.2957855170774054 0.4403994953212411 0
0 0 -1.3248853086508272 -0.5513338530273748 1.5555391006604122 0
0 0 0.09738898436568677 1.213507612061785 0.458154863985737 0
0 0 1.2887150620755419 -0.1953436223355247 0.458156195734018 0
0 0 -0.8191975243247626 -0.16235408506368154 1.9740906055152279 0
0 0 1.1326675090903464 -0.3588009947824544 1.983175559468303 0
0 0 0.41790463978810766 0.782802851408458 0.47018688929370667 0
0 0 -1.2279151966501103 1.2878801906184962 0.4912263074539036 0
0 0 0.6440916031435844 0.6480038847863363 2.003925963663324 0
0 0 -1.3522322273516156 2.1267741333065815 0.4862944809404097 0
0 0 0.04005348645023421 2.0401687622918656 0.4567904772674748 0
0 0 0.2163027561709916 1.345132056502956 1.975265985989047 0
0 0 -1.28863340645558 -0.24635468553415274 1.9791079290141629 0
0 0 -1.1618858883484233 -0.08553434775594715 0.4916325186910028 0
0 0 0.06785206106662112 0.14288790489022518 0.40432197547372595 0
0 0 -1.148588470182336 1.3001613361998368 0.4438362612359611 0
0 0 -0.018172804130417664 -0.5994106220444413 1.2480466324887103 0
0 0 -0.9284894151049179 0.10216261435628538 0.4609506925471547 0
0 0 1.467635083409495 0.2335338178315206 1.9871464472737386 0
0 0 -1.4334218384543898 1.764072172235873 2.003658411321403 0
0 0 1.2841507479163128 -0.5405124802631343 0.441842552122493 0
0 0 -0.9765354114200326 2.138596674919686 1.3377061960149956 0
0 0 -1.1246547324575884 1.133368481243401 2.005059357166725 0
0 0 1.4151833909216984 -0.26167952763139746 1.9683323911542958 0
0 0 -1.0477859093863522 0.5757585331182509 2.032089422306921 0
0 0 1.488831627506522 0.4293426627050402 0.4483142769298124 0
0 0 0.824168692694049 -0.3886267381423354 0.4785235262670151 0
0 0 0.7416299535155795 -0.5688327377206306 1.1786644070101917 0
0 0 -0.5670877417994309 -0.5684525597792816 1.4642897240999213 0
0 0 -0.7970437655498539 0.5265336358544097 0.4449104626354613 0
0 0 -0.3046344857966783 1.2503211594744421 1.9729636846543346 0
0 0 1.0098691537102042 1.817836615695285 0.44413405150174545 0
0 0 0.641593011619014 1.535391675386135 0.423517449340711 0
0 0 -0.9343083062179509 1.8171279006342564 0.4569557368125272 0
0 0 -0.2693631279872841 -0.09215377711993822 2.0030172506585235 0
0 0 1.1458386299149201 2.11074468237403 1.5439146286899141 0
0 0 -1.473784578328484 2.138673859230252 1.6171831932225469 0
0 0 -0.15359025086853828 1.185099423900498 2.0055659504883647 0
0 0 -0.3797164699319213 -0.6026245390725684 1.0009775750501837 0
0 0 -1.0880563631922278 0.16041156704551762 2.000289502218052 0
0 0 -1.5480232837792047 0.5741181995481806 2.045185758063856 0
0 0 -0.27031056362973005 1.1798498829400965 1.9813730108925678 0
0 0 -0.8625689333526619 1.5834221734120353 0.4454754531441447 0
0 0 1.1010400564159664 2.0825169957644967 0.5658045908969842 0
0 0 -0.14076286538829552 0.04380806339875165 0.44569094104784734 0
0 0 1.0030586056734956 -0.4742931962484018 1.993468054707505 0
0 0 -0.7139270864858456 2.0629041728312902 0.8672054176044895 0
0 0 1.0544231922770044 2.0606419055188185 0.9172931675553218 0
0 0 0.48472908937573367 0.9840059217914898 2.004986084439321 0
0 0 -0.6369745232150376 0.6690272721950794 0.4938422472896 0
0 0 0.4000514622277127 0.4497301283149808 0.43446995229817686 0
0 0 0.2833859020348095 -0.4305373170279967 2.010550438212138 0
0 0 -0.6944251574667222 1.6828353556975657 0.40994060000090937 0
0 0 0.18243162920273415 0.8519347611575268 0.4378023222065536 0
0 0 -1.313581119531141 0.23313348002410228 0.46309955242295664 0
0 0 -0.38626263927711757 1.2451028578201746 0.4531151732650426 0
0 0 -0.9475102111463252 -0.5475214267546424 1.96651672827948 0
0 0 -0.2999878552066242 0.9155868622084284 2.050875440840886 0
0 0 -0.5648374275903048 -0.5756379340878446 0.603455089084885 0
0 0 -0.1803822900147296 0.025958424100706257 0.4782927743417339 0
0 0 0.9507943693910379 1.708840877854293 0.4308155152547364 0
0 0 -1.2200139155932093 0.663035004422428 0.4112669349339708 0
0 0 1.094434909222155 -0.6202301331008302 0.6975429057868157 0
0 0 0.9846410716571654 1.7047216606646993 2.005969685750123 0
0 0 0.714033858048059 -0.6291607082562634 1.6944444886485075 0
0 0 1.270308788816621 2.1133407217354354 1.156998007213138 0
0 0 -0.8903466527490448 2.1189778753698345 0.718072959880282 0
0 0 -1.2068014980784496 -0.5685561882752215 1.6709765594639763 0
0 0 -1.0714455562719718 -0.09339521236729087 2.028123066192811 0
0 0 1.3406112656566522 1.081870190941218 2.0088408821227546 0
0 0 -0.5846313312702517 0.35275494436815436 1.9724168495748122 0
0 0 1.0910825917269813 -0.6409690599141893 1.3690722819960726 0
0 0 1.3584416423463295 2.112902841346872 1.493222869232368 0
0 0 -1.5015941043320336 -0.5612725413332558 1.18303095656544 0
0 0 0.49527500113331024 -0.6411733155205683 1.1554584326392292 0
0 0 -0.6955771475145006 2.1208079930532575 0.7329219918755788 0
0 0 0.8737692481834562 0.3463162261726729 0.4568540511392474 0
0 0 1.4274197113752933 -0.5966247774645956 1.7144003568414747 0
0 0 0.6736030696467208 1.0044569127393999 2.0362128264392014 0
0 0 0.5056381679393995 1.7109116512080862 0.4429526173457833 0
0 0 0.23262595950916953 1.0077552371099372 0.4838670739932913 0
0 0 1.0182095637506503 2.0519261480273188 1.1679932961970614 0
0 0 1.283964287553939 1.780677671031144 0.473360725843302 0
0 0 -0.7922532480415734 -0.280922566069995 2.0380260769600835 0
0 0 1.0724737523119443 -0.5651409931681892 0.7630591698725651 0
0 0 -1.5090420249315482 -0.6004195376548263 2.0364099932685797 0
0 0 -0.17367705745269424 0.5962744155911113 2.0093610130624002 0
0 0 1.4763531695828163 1.6753689388628643 0.50293160534089 0
0 0 -0.08076283964554731 -0.5758839063377699 0.7504656818344977 0
0 0 0.8505339252386235 0.5946913426162044 2.0296381313283707 0
0 0 0.8821678876797869 -0.17574663888035214 0.4087280400264115 0
0 0 -0.4864234114936852 0.8304818070168469 1.9803617268126703 0
0 0 -0.5220077281511304 -0.43007909097302166 0.4523213041687606 0
0 0 -1.1881811238371756 2.1037660394042508 0.5342463289157817 0
0 0 0.9606985577689593 -0.5763233767743636 2.0179073425188188 0
0 0 -0.8988891371119353 0.1359732464794794 0.48193356013921285 0
0 0 -0.9260388924896945 1.9769888991050257 0.4618322210851201 0
0 0 0.20319844311508106 -0.60639250228791 0.5614033670371796 0
0 0 1.3881240764162475 2.1472904214855024 1.4381480969623854 0
0 0 1.002616703687925 2.087684033073697 1.016142093221111 0
0 0 -0.26595407860588716 2.1182696659085187 1.6645912256813367 0
0 0 0.8542398924008827 2.085584463752902 2.0218698900665197 0
0 0 -0.33757887114285534 1.2740780287856739 0.4777500132674648 0
0 0 0.4313061522782813 2.126086239087042 1.8659891585034765 0
0 0 0.5368474232054945 0.8011611820564215 0.5018006067980766 0
0 0 0.9604987865180594 2.103079489707107 1.4217693657409247 0
0 0 0.5605945278164652 2.1044931732494714 1.2467840914718313 0
0 0 -0.9110712595458542 -0.322422337676479 2.003533022379247 0
0 0 1.5085353832379873 1.5730750600296066 0.4790580702880879 0
0 0 -0.5782538504994739 -0.5688810635829347 1.6464091181629494 0
0 0 1.0379831822507688 -0.6131642253307379 1.7626943205745134 0
0 0 -0.8052484903937026 0.6287500374621171 0.4103470875340963 0
0 0 -0.6480225879200902 2.0460519603415044 1.9843183229783472 0
0 0 0.9500227935152057 0.1826942511876012 0.4640116317463343 0
0 0 0.11944429886051111 1.6103403511131955 2.0386424530066685 0
0 0 -0.5622330495909322 1.4005393027811373 0.40382777540317594 0
0 0 -0.9673170530754148 1.3394485096429418 1.992992266503794 0
0 0 0.050402877595896234 0.38847780468946824 1.9557454856670056 0
0 0 -0.6038131120698531 -0.6140126247071822 1.0168771040759834 0
0 0 -1.4028120235493688 0.9698316978084045 0.4646990017734931 0
0 0 0.38272522243416107 1.3227001454309306 0.45854653667817 0
0 0 0.13995892418622446 1.120651873837632 2.0155089870347114 0
0 0 1.3878777952273351 1.6631396623519616 0.4372907802875935 0
0 0 0.0945992645114786 -0.6402101464049283 0.8182801568253218 0
0 0 -0.03180535997393674 1.8597744256847466 0.466862471012782 0
0 0 0.6595196534106922 0.8268838041487021 0.467883908797464 0
0 0 -0.21333500802950778 -0.6411763041992937 0.9855964610911603 0
0 0 0.921017681348864 1.4693996875260253 0.43812571834513614 0
0 0 0.5195581890386922 -0.5598880759954892 1.4964110396904438 0
0 0 0.06905174038374517 -0.6269109877298471 0.5399161591420769 0
0 0 -0.9100084357074334 1.5353567476446337 0.4285107222169817 0
0 0 -0.7730555323412452 -0.5548421678570004 0.7480765430504491 0
0 0 1.4225213256876876 2.089403378986493 1.1945934094507866 0
0 0 0.3315761176621381 2.0301574881881477 0.44085879470121325 0
0 0 0.9693635935913516 2.1245006278860386 1.9750089951229697 0
0 0 -0.43238181421397526 2.0339528036920393 1.9659469887041814 0
0 0 -0.17660273705742502 1.6971827908330044 2.019009068618254 0
0 0 -1.0762743583263819 0.9534050880471283 1.974349419481779 0
0 0 -1.1956671012642552 -0.5075752825571931 0.4240411972422524 0
0 0 -0.2928753231769179 2.0570522572637238 1.0730092747409463 0
0 0 0.4009661969611693 2.1250155738593604 0.5622970983388453 0
0 0 -0.6269760839787353 -0.27185815378741607 1.9558650004912004 0
0 0 1.4969625015178618 0.06884052459368883 1.9834394971933733 0
0 0 0.34827368543702586 2.0606573717460464 1.6330469867926025 0
0 0 -1.0434146234483852 -0.5726580738694524 1.561118139853043 0
0 0 0.1015687972181556 0.9081432514702577 1.9698238932808732 0
0 0 0.9109189472853925 0.5009878864059127 1.9769625288511592 0
0 0 1.4269910295625556 1.1933570168917 1.9619505220846882 0
0 0 -1.1935449795013322 -0.2064582297405031 2.0111344423100745 0
0 0 0.5165333524076998 2.1300965936266376 1.9936590485503383 0
0 0 1.296831372666964 -0.6231019937050097 1.253566771034405 0
0 0 0.13811661937084074 -0.4150428629085643 1.9986119682165917 0
0 0 -0.13624998237545216 -0.5737819165079607 1.6919297401802271 0
0 0 -1.3499687110307081 2.0085789085709136 0.43625369520561597 0
0 0 0.9996859409846994 -0.594908642586145 1.1676519295050887 0
0 0 -1.2139785788724335 0.9536139890523121 0.4859684527358151 0
0 0 -0.05372530528285102 -0.6296594591184907 1.0207965428706935 0
0 0 -0.6784144688100603 0.12051987265597452 2.040581010776841 0
0 0 -0.938245136907056 2.052956685166631 1.4210340329743183 0
0 0 -1.0626037994075481 0.9845715789520764 1.9966822528911985 0
0 0 1.5464697101542266 1.0658357235888165 0.4507511695908416 0
0 0 -0.21262108671890956 2.118271882718333 1.7871244215090565 0
0 0 1.5697054295351411 2.1436800067462625 0.6731121617004923 0
0 0 -0.1132667237503624 -0.6061128039702566 0.744445521673327 0
0 0 -0.9428514551121571 1.6621644426768076 0.41586374431186346 0
0 0 0.7398532078450626 -0.20566348874954243 0.45929410367252865 0
0 0 -1.338615271782753 0.49419102043723107 2.022940422968285 0
0 0 0.3247994590258121 1.0223043672912449 0.42787096960503757 0
0 0 -1.1444659405201398 2.0712096567525555 0.9676727505963008 0
0 0 1.1490691199301302 -0.3053011191499997 0.45730410684512357 0
0 0 -1.2534821862858 -0.6349757457833056 1.1925484644064175 0
0 0 -1.5381930148173557 2.083143216155465 0.897275483973091 0
0 0 -1.4448597321197187 -0.6404611305215948 0.4558332681922963 0
0 0 0.9477465392108031 0.6938189593622968 0.49198708403272107 0
0 0 1.0289636942729379 -0.6186882665001343 1.9734161178873517 0
0 0 0.8733915830437202 1.4987843399115748 0.4937425701460443 0
0 0 -0.7592428401198932 -0.3876610605078892 2.0116014097318033 0
0 0 -1.0020532968579614 1.1903343053007072 2.0529964439419572 0
0 0 -0.08517532457953947 2.0925428221035123 1.4191782710813876 0
0 0 -0.336111011238202 2.0839189455814657 0.7795264918271672 0
0 0 0.06888856594600168 -0.5867912531820534 1.7820937485274817 0
0 0 0.0215374166050597 0.49279594691828366 0.44636292423793966 0
0 0 1.3460149881770427 -0.005135705684572778 1.9846633443814232 0
0 0 -0.5792234904845098 -0.5752957568508246 0.8017064792857127 0
0 0 0.4720984864610367 0.5831187030763414 0.4805830866617765 0
0 0 -1.2645670175701362 2.1080727566372124 1.4030114959523818 0
0 0 1.1084803845458806 -0.41875271831689287 0.41347384735406656 0
0 0 0.6123696981121958 0.7561199834592656 2.024493229967985 0
0 0 1.5622249623792874 0.10949730030160487 2.006016949894933 0
0 0 -0.8504213046491682 2.0609989457986475 1.683634162619864 0
0 0 1.3770977174880579 2.093857802418328 0.8757531419915843 0
0 0 0.24211114152801483 -0.5919702603416419 0.7319994794836611 0
0 0 -0.5431975415117041 0.23730582296789604 1.9742872756079153 0
0 0 0.8495799179311816 -0.6485581427592129 1.5916309552397263 0
0 0 0.01653430188823135 1.2806109935142371 1.9924770595298853 0
0 0 -1.027395511107952 1.3106581541610693 0.4955961732375449 0
0 0 0.9881666361787884 1.795936036807037 2.029381248542652 0
0 0 -0.3370503368446438 0.2534853621487191 1.9826986361197605 0
0 0 -0.8181577695445315 0.3762470723215591 2.0213812655525936 0
0 0 -0.7220865882403213 0.41909424950635044 0.43358985612304435 0
0 0 -0.4888522362486243 0.14820925617577008 0.49567017521773626 0
0 0 1.1731845858020082 -0.6046808440496039 1.0531862085937298 0
0 0 1.4542047615828446 0.9375228526031876 0.414121610897333 0
0 0 -0.757264905072302 1.2654153256406449 0.47634503423698504 0
0 0 -0.4796360118623344 -0.6162809208852862 1.0209985533801 0
0 0 -1.471215221357766 0.25932227486782367 2.031630515724853 0
0 0 -0.6990227176688005 2.077880223961228 0.8986788523174167 0
0 0 -0.4942996115326441 1.0153326037172268 1.9917058966753607 0
0 0 0.9568179594535007 -0.6413647072366977 1.3319926574760046 0
0 0 -0.7256350162354492 -0.5644345098380839 1.3308020129914557 0
0 0 -0.18494824429416368 0.6236300169439568 1.9739347399460478 0
0 0 0.36102858932374904 0.6451216383707059 2.052245741406646 0
0 0 -1.403770122815312 2.0649211389288578 1.039967940586073 0
0 0 -1.5080517802755655 0.16909472866906838 2.00399760820916 0
0 0 -0.20391342773051369 1.1933136759784968 0.49048522074164846 0
0 0 0.6585770724513162 0.05682245755627657 0.4545257000181636 0
0 0 0.05756465885436657 -0.4559101507032721 0.408259400043972 0
0 0 1.106791766305752 -0.562156805181506 1.2149115983796597 0
0 0 1.1774252889047747 1.294118515131735 0.4072214023751266 0
0 0 -1.4920966393942434 2.05026590312129 1.1624584422648705 0
0 0 -0.30592760371757666 1.621185863618418 1.9731903482301771 0
0 0 0.8721450252785501 2.1235321607502042 0.7932073214733975 0
0 0 0.9457772625073408 1.0506240343343638 1.9772193598107504 0
0 0 -0.31969910765248133 0.040018812163693074 0.49130599195875424 0
0 0 1.1502432208888944 -0.4085500813061538 2.000094569460384 0
0 0 -1.4227389583379009 -0.5295879250556248 2.012981083701563 0
0 0 0.02326065262992083 0.5121236761836987 0.49059654410601683 0
0 0 -0.8607256159411829 0.14494908776398308 0.4865574197831166 0
0 0 -0.6705084480841694 -0.2354547459215819 2.0314371574962524 0
0 0 -0.8494077906427463 -0.34813367231021974 0.46113137159783935 0
0 0 0.40974127487359224 1.1961322210964704 0.47137547489548626 0
0 0 0.19840165909992957 2.1321104791666823 0.6434444104692993 0
0 0 0.2366496518021175 0.8258258645396275 0.42153489743112615 0
0 0 1.564266838627793 0.25941575743842926 0.4452503058276912 0
0 0 0.6010798448976948 1.3871541153333704 2.018922452455727 0
0 0 -1.3024538502126601 2.1300229119016323 1.7934627098932132 0
0 0 -0.9064271804900312 1.928704607625958 0.45965369742033824 0
0 0 0.9107731051750569 2.091739637039317 1.9577772753521259 0
0 0 -0.6973149128113092 2.088059038186982 0.8293150724907399 0
0 0 0.895250457775925 1.2078541740792157 2.0147870704432567 0
0 0 1.203633226340258 -0.5505173779211026 0.7287788164862794 0
0 0 -0.22398485737294194 -0.6131634213135266 0.8385710066141316 0
0 0 0.16980782528326555 0.8454773032419785 0.49639063856129684 0
0 0 -0.22264911147212518 -0.6273424018840541 0.8871188299119473 0
0 0 -1.4267807262933392 -0.5878364515357071 0.715695637592261 0
0 0 0.1506082990988995 2.1334853281516786 1.137952019734727 0
0 0 -1.2422794825831263 -0.6255964650346666 2.0400439622545985 0
0 0 1.0750844572390972 -0.19235745233938528 0.43192223246382844 0
0 0 1.0803122451250684 0.03490255333788572 0.457540721692008 0
0 0 1.151184805845987 2.0439136880012088 2.0078393623211612 0
0 0 -0.6870392110202951 2.0607740204821985 1.2401032900059632 0
0 0 -0.11556720126159292 -0.6149608867454011 1.6549685751502152 0
0 0 1.2414507392850873 1.8840343882828112 1.9795461149905536 0
0 0 -1.5312620980316107 1.7214836813833247 1.9809970984387917 0
0 0 -0.14888486905746157 -0.6167715367913078 0.5316022153993633 0
0 0 0.6963330782407633 1.1857367124571512 0.42815370679340026 0
0 0 -0.012934943805233301 0.5122762030665045 2.016989302177057 0
0 0 -0.528142020620767 1.0104686407969987 0.46236400132551037 0
0 0 0.9917083859181273 -0.5608072118613852 0.5071358569774141 0
0 0 0.36323998149815995 2.0644482069531787 0.7363252910131876 0
0 0 -0.26566041067400215 2.060980877879762 0.8276984063701684 0
0 0 1.0125128617966546 -0.6405016869791842 1.5542221181016287 0
0 0 -1.035320853549985 0.4871427702754134 0.47249866738757595 0
0 0 -0.5123582138890674 0.6106356240017814 2.0225660054564796 0
0 0 0.0414272792302246 -0.5885251503377189 1.9634621552606506 0
0 0 -0.1869683513067597 1.6349815499725084 0.5028411201700134 0
0 0 -1.2402182773912762 0.37561328251288717 0.41039807315286314 0
0 0 -1.3909577522783663 -0.5208867787549349 2.0068542269661074 0
0 0 -1.277643165518041 -0.563504539726615 1.3800212517324302 0
0 0 -0.530078527840748 0.1410039253783999 2.034378610346198 0
0 0 -0.8663530375772638 0.05972586526864698 1.95364713345147 0
0 0 0.4458641478435217 -0.6465221339487479 1.678855819664817 0
0 0 -0.16701727020986468 2.1441628959834107 1.4245721716484634 0
0 0 1.488227905116808 2.0839017613896846 0.5846991517021564 0
0 0 -1.5463231895926637 0.9857703438014775 0.4794317217403119 0
0 0 0.9415101608291869 -0.13665921519137536 1.985403817973224 0
0 0 1.4600922804758438 1.8296754606485581 1.9914294062117395 0
0 0 -0.9601145402952305 1.2938220581255093 0.4786508487575709 0
0 0 0.20923208601724808 2.0931748708656848 0.9185454917445199 0
0 0 -0.5792473511163694 1.4691811055495287 2.010832193172707 0
0 0 0.34570814563385444 -0.6059689590077997 0.71136292356722 0
0 0 -0.7159362252632957 2.0991614670597656 1.8299429164128638 0
0 0 0.14645693988842612 2.0975882155880727 0.9611302907121712 0
0 0 -1.4246807949593863 0.25309798758609836 0.40702697400620036 0
0 0 0.1686246170509471 -0.43363023602211914 2.0406226197394908 0
0 0 0.4931357149568849 1.547617478197018 0.4504789166082145 0
0 0 -1.0607084926663246 2.1124451945315563 1.0735098382351063 0
0 0 0.21029496595125985 -0.6232098102701844 0.868285285660644 0
0 0 -0.48806944895484583 -0.4469268542395537 2.049649070843892 0
0 0 -1.535687207435839 1.4060324288063122 0.44106163373750806 0
0 0 -0.7845332144050423 2.0853552359887297 1.6738924822337635 0
0 0 -0.7961226135539904 1.3655240167274736 1.9725715246702484 0
0 0 -0.12429121304737256 -0.6306505812365482 1.0355998829116078 0
0 0 1.1189776449170132 -0.6104968152731367 0.9791838669762 0
0 0 -0.07882327365754338 0.330247121721439 0.4457247124161443 0
0 0 1.1692324282520086 1.3667495923699144 2.0485344549030007 0
0 0 -0.26145453013984254 -0.6218359068177906 1.7080590101459283 0
0 0 0.6542341340705153 -0.5039782417407679 2.030119537686728 0
0 0 0.24147969209936648 2.1389371424884356 1.931971404254593 0
0 0 0.8809601702574645 1.405978596496731 0.48168463094301406 0
0 0 0.9375631349869322 0.13818000917506457 0.446605528615341 0
0 0 0.05638325444029002 0.01272103897375032 0.4133954782197059 0
0 0 0.6627785208275259 2.1333858460591832 0.9851422042440025 0
0 0 1.3941180436891654 -0.6168414355645686 1.0930958970366729 0
0 0 -0.4347493114633212 0.9316785805001091 2.035080296205009 0
0 0 -0.7375266383717937 -0.02955774864228322 2.0012661833615315 0
0 0 -0.30409442163741973 0.901567092370748 0.4203441955629228 0
0 0 -0.0728243645632829 0.16677162907713727 0.47770817950184596 0
0 0 -1.0501848456495992 -0.6066663647789785 1.6447014302663319 0
0 0 -0.6956883297469794 0.7660563346899345 0.45532905054190254 0
0 0 0.36666075056063674 -0.5681165017825585 2.0054451524339205 0
0 0 -0.9180823122993675 1.1531015376687004 2.044986485025584 0
0 0 -0.16030009037813886 1.841828450403414 0.4748422995679129 0
0 0 -0.7091171678470438 0.5491181179661904 2.0457896259142916 0
0 0 -0.7388574975354485 1.7000433055360544 0.49027424453600965 0
0 0 0.7591819321478783 2.1184836114459524 0.9034268022953595 0
0 0 -0.7785986030839676 0.6215361159799189 0.4456868586030929 0
0 0 -0.7761983534462121 -0.5850351929507798 1.8567477644242867 0
0 0 0.7020953627730111 1.9937956545998177 0.4046996990130811 0
0 0 -0.21094561931638478 -0.611739621126344 1.6216113116120792 0
0 0 0.8886339769094027 0.005885892153988492 1.9794744343762558 0
0 0 -0.1515615309253895 -0.4758181288495844 0.44974256946815927 0
0 0 -0.11730015499125379 0.49443743459353384 2.0078721463513602 0
0 0 -0.29286806939603305 0.20238879555361022 2.0337494849325495 0
0 0 1.0237993307713418 1.692739175553281 2.0126183050871678 0
0 0 0.9135160438285586 2.1449344817369633 1.212366201038934 0
0 0 0.07833163442094615 1.116328981539702 2.0129502884908534 0
0 0 -0.9992704032177038 -0.5899907974299932 1.7128405217942129 0
0 0 0.5467328235302369 -0.06644762769241597 0.48465951394134277 0
0 0 -0.08630596990333128 -0.579703136962431 1.3106758678096058 0
0 0 1.1067970420159345 -0.2873899401363056 2.0274068298531667 0
0 0 -1.1872921231509614 -0.0821470906972368 1.9933074541981917 0
0 0 1.5292489781616685 1.4446396687616623 2.02414332662582 0
0 0 -0.10382036547233398 0.2535381943410576 0.4034529357678841 0
0 0 -0.663178912705282 0.8525495876071036 0.4865400874903191 0
0 0 0.9505270946224673 0.9850760989343763 0.422665403630179 0
0 0 1.2830231726129013 1.4609331620390307 0.4780505956433446 0
0 0 -0.3886292542216372 -0.6407478318626147 1.0952032809938408 0
0 0 -1.0899974406413424 0.3790547444706055 1.9786198542661348 0
0 0 -0.5645381322168812 1.2981501114488292 0.43078125440545 0
0 0 -0.6063358521754908 2.12369280143915 0.8698100038116022 0
0 0 -0.5240340092659159 -0.6213129579348047 0.9284866853162149 0
0 0 0.8375873037348525 -0.49305150800443176 1.9808951809043047 0
0 0 0.19554144281290053 -0.5159028695013559 2.0009112330043743 0
0 0 -0.6357628920096767 -0.635200650787938 2.0515488280831695 0
0 0 0.22728348744353855 -0.5638238657338814 0.800866372986205 0
0 0 -1.4654097066231933 1.2350849410026086 0.4253340233661048 0
0 0 -0.21779836814256592 -0.5236859374312441 0.44491771792525225 0
0 0 1.492345819592059 -0.6186406160119846 0.5036389621433304 0
0 0 0.4955484411768727 1.713180602348736 0.48512403508180746 0
0 0 1.266677982203713 0.8385268558952061 0.43751652167544386 0
0 0 0.9163466692845281 0.24014301579799568 0.48618366731372253 0
0 0 1.5411251593797481 -0.5304677535456945 0.4900861451842069 0
0 0 -0.5967887524843846 -0.6242435976393321 1.296995301087166 0
0 0 -0.17504602706294525 0.947667489752694 2.021853125787643 0
0 0 0.07664928435643548 -0.5621544146966324 1.359511094450341 0
0 0 0.7941399938460179 0.4310117071072368 2.0251782763598856 0
0 0 1.0849196780262842 1.5279960255696141 0.4031076451019884 0
0 0 -1.2995071610710585 2.1121570954808977 1.199063873235667 0
0 0 1.423557303482934 0.9888503179458028 0.42761424112447133 0
0 0 0.8273478826935654 0.3007491327165145 0.4574751520614474 0
0 0 -1.1373746282002986 2.058183520207457 0.860988876049988 0
0 0 1.4052629167659143 0.04157159244824993 0.4736910889228194 0
0 0 0.5478784144291096 -0.5860439969972402 1.222696210212154 0
0 0 0.6231995330609328 1.160578871757186 0.4468632646752042 0
0 0 -1.267070515555429 0.4806420240447895 2.00634438728044 0
0 0 -0.7900695503269972 2.0727122889236735 0.8812190082844913 0
0 0 -0.489728184305374 0.7358388659727542 2.020170275717306 0
0 0 -1.2319195533685234 -0.5756159790911042 1.1290389269230985 0
0 0 0.838250564833209 2.013302048827245 0.5023174889981271 0
0 0 0.8689926471776857 0.583097698014841 2.042543500991951 0
0 0 -1.5136840354445265 1.2406298168887429 0.42941836549430423 0
0 0 0.735936739907495 2.0276418694842224 1.9636970389981476 0
0 0 -1.4060512773378495 2.037533120694169 0.49295267899441 0
0 0 -0.5114321299599371 -0.5641494191209804 0.8155136800026672 0
0 0 -1.1084152230356605 -0.5518115625432749 1.6702552020423047 0
0 0 1.2275773554313458 1.4675986476939047 1.9664171719461998 0
0 0 -1.0034959670996262 -0.5736592809341872 1.4343834330691752 0
0 0 0.5423634225917517 0.2945553011784069 0.4773836591333055 0
0 0 -0.7947647950460449 2.0890388723991906 1.7340043131839944 0
0 0 -1.4919060333184937 0.5615407591809998 0.44101231045540856 0
0 0 -1.110304338332682 1.9549204915006222 1.9837891064797695 0
0 0 -1.5139821065981902 2.0742922970439803 1.173058401145698 0
0 0 -0.8712761705553156 -0.6055555751095556 1.0308084746911368 0
0 0 -0.2587431072077535 -0.6270308765720154 1.2772395290340701 0
0 0 -0.14621409262228302 -0.13058035039749671 1.9749333256890989 0
0 0 0.6391223976487321 2.067962739369702 1.864211555438088 0
0 0 -0.7375222347988415 1.8429467868625304 1.9655382640941341 0
0 0 0.9018319530721088 -0.635780751093209 1.1845635785973039 0
0 0 0.3784647253544571 0.01021207649093625 0.48542631242720125 0
0 0 0.5582248527756066 -0.4343434356537439 1.9699201548946237 0
0 0 1.552736565809524 0.32702841769176516 0.49265226780461235 0
0 0 0.5598304345651646 0.8774028909866343 0.47668185365436255 0
0 0 -0.10577960360578098 1.2709805648551424 0.47551898748344457 0
0 0 0.06908060129002402 2.131697973698684 1.7424383797010146 0
0 0 0.04078229810729028 1.2207349559234617 0.4278140445196178 0
0 0 0.22546631492183367 -0.4907652423381441 1.9873881702349834 0
0 0 1.494575117346845 1.8576218483266882 2.0381172981747198 0
0 0 -0.1532173069578442 2.145384216627914 1.1368804181274657 0
0 0 -1.4220992566756303 -0.6450734267605978 1.9603782906210296 0
0 0 0.0434436442104591 1.5000842577111888 1.982960815543307 0
0 0 0.1812939930852775 -0.44191742644496057 2.0037916967131433 0
0 0 1.4505288246339076 0.8915643291696287 0.446794376965722 0
0 0 -0.06275749107338346 0.2514233577421121 2.016924997832818 0
0 0 -0.0566507384154864 0.1687967420608495 1.9974135848212295 0
0 0 0.00504734445413213 1.9361222064630355 0.47879240948063073 0
0 0 -1.4821697409902677 1.7162281376077908 1.9854082935938095 0
0 0 -0.09617231585960351 1.4217408430981153 1.9861727358441161 0
0 0 0.6236559625842752 2.129771797829953 1.938478727321953 0
0 0 0.8083932494017914 2.148166104395713 1.7871689880659454 0
0 0 -0.8900216654261242 0.7718077368373801 1.9758523919963744 0
0 0 1.075202042107104 1.6645275936318413 2.0318006120161263 0
0 0 -1.4210666858412708 1.6489317866823325 0.42665611206482024 0
0 0 1.19063124407791 1.0357426723919196 1.9653254171807504 0
0 0 -1.2480111637715243 2.0876572712202255 1.332754231622066 0
0 0 -0.31412438280033483 1.4206777533794261 0.49182004219531883 0
0 0 -1.0333442516772462 -0.6428840903603623 1.7481838349390348 0
0 0 1.0773494881771448 2.012448543462522 1.9579887056563479 0
0 0 -0.6416980373587796 2.0687529559571 0.7242029201564866 0
0 0 -1.2548248961202675 -0.5578009788003602 0.6523263410791172 0
0 0 -0.1724743350116671 1.5364034748727249 0.43709539154099564 0
0 0 1.2835521315690825 0.13638879296786466 0.4794334806615955 0
0 0 -0.7817488981464454 1.1705369797353014 0.48048012216676805 0
0 0 1.4856601449391542 1.343031472313034 0.41202292938720175 0
0 0 -1.187978377369575 1.982229796282806 0.42396422860469796 0
0 0 -0.004211045228495136 -0.5563026216920317 1.2377238782277593 0
0 0 1.4321018326359027 1.1953734613967557 2.0467035026617864 0
0 0 -1.3100009087719509 -0.49275441168544676 0.45086499982400696 0
0 0 0.8570240356967367 -0.6467309656843849 1.9135257582638745 0
0 0 0.3167719432160834 -0.3700341073390987 0.46238754862223586 0
0 0 -0.6115151884499147 1.9133266139709255 0.4975365619195422 0
0 0 0.44931100600756135 2.1293808752175503 0.888960113595936 0
0 0 0.3564586671854415 -0.6145592133361779 1.5122800074890304 0
0 0 0.6570527638019086 -0.3264265150745518 0.454125349407131 0
0 0 0.7561539989120338 -0.3690574422690238 1.9973243327731183 0
0 0 1.0737972077217397 1.7516185749420445 0.45213242670800136 0
0 0 -0.11165213649590555 2.1397408854733113 1.7188718530112304 0
0 0 0.2153771903821562 -0.5571201555330836 1.922979658195701 0
0 0 -0.024155498592873803 1.4327613298539463 0.45892939742558103 0
0 0 0.27384135998117 2.083058295448332 1.2351784392457699 0
0 0 -0.037103779188176755 0.22511816726427925 2.023766323393651 0
0 0 -0.7271567442212056 -0.2963184192821724 2.027979242935363 0
0 0 -0.2216753550385515 2.147518387997808 1.3638647758456373 0
0 0 1.1727642045991047 0.22705767318178582 0.49744451994262817 0
0 0 1.4522188919541255 0.08773206859979088 1.9920380204935706 0
0 0 -0.9997473189374246 0.04837567341574711 1.9852232039135114 0
0 0 -1.3599176705373237 -0.6027793838790403 0.5309565651436998 0
0 0 0.9909848523139226 -0.5780022797891982 1.4041589364757132 0
0 0 -0.34127217849058544 -0.5510450154407045 0.7912302589897247 0
0 0 -0.9756231179496051 0.27742626130747805 0.43225433407282754 0
0 0 1.4237050600464607 2.0949345488452105 1.3824918298638202 0
0 0 -0.8011951853631748 2.0623740255904432 1.556192746684581 0
0 0 1.0668700087491887 2.1198096917195546 1.3651584244954376 0
0 0 1.2841052966986966 2.091521403403996 1.1109599988987318 0
0 0 1.3427628969455516 2.1084291161762945 1.7868779015657092 0
0 0 -0.19382098328875363 2.03831000980869 0.4431024256163383 0
0 0 0.3154949012810311 -0.6478521253169232 1.5586346949515875 0
0 0 -1.4291034978222619 0.4350651444065563 2.043018135064782 0
0 0 0.6994511135442276 0.3295788514099689 1.9884282171108707 0
0 0 0.11217252705740677 -0.6008326657240315 1.661631234205038 0
0 0 0.8166837969695608 1.8209176711385877 0.4304395194455318 0
0 0 0.33475412672088356 -0.5721545455817112 1.303562968143399 0
0 0 0.07161606237331908 0.5787546047104131 1.979178126654782 0
0 0 -0.6074953462679853 -0.6096974667784163 0.9065324520582603 0
0 0 -0.270260339189913 -0.5907782987779044 0.9997324392955941 0
0 0 0.3240426866159376 -0.5988311533331536 1.2020643919297744 0
0 0 0.8821678736633989 -0.33160425342698097 0.40727568226376887 0
0 0 0.7123720329249861 2.1066096660032194 1.2028007107433165 0
0 0 1.0940057136676704 -0.2120092403171704 1.9957952367624148 0
0 0 0.2256751832537809 -0.10232727192647917 1.9900670540565826 0
0 0 -1.1169646888601157 -0.5805021466303921 1.7861195559044898 0
0 0 1.0304975963286331 0.5161962268722455 1.9832432919977603 0
0 0 -1.0686590085915375 -0.4544320472926766 0.4913619672755418 0
0 0 1.4413938964387074 -0.6126301951696973 0.8102119793917717 0
0 0 1.3880764676817976 2.1162481813875402 1.8363319744783255 0
0 0 -1.1545729838238263 -0.5732333593103414 1.9430263282449507 0
0 0 0.13820213654449165 2.055054792770026 2.0179909691701927 0
0 0 -0.7543573551281133 2.063340735763201 0.4677440611313166 0
0 0 -1.0294223251863168 -0.5859759925036587 1.2823780704660384 0
0 0 0.039494348833341686 2.1473699572644733 1.7478827692282934 0
0 0 0.41642776301944107 -0.6228199567668775 0.7720499351583979 0
0 0 0.7714887661140564 1.6369558469005863 1.969075626165579 0
0 0 -0.5575066914859552 1.6775794553942351 0.47544778752519723 0
0 0 -0.028232122072226584 0.42910971964634903 0.42901332649732005 0
0 0 -0.06849658741733955 1.9434621891806432 2.0471886750017654 0
0 0 0.09564914346181741 -0.2701128466762184 2.0385823971224477 0
0 0 -0.9762215636501563 1.0534748388554651 0.40433033350161784 0

