0 0 1.242397450658057 1.4774591628391485 0.8994099307230757 0
0 0 0.5905392888417529 0.2036128145179018 1.7430612419503515 0
0 0 0.29268823097656727 1.097986598432473 1.9153420208842777 0
0 0 -0.18774091506190915 0.14030528387089647 0.6934780303204119 0
0 0 0.5330109751129033 1.2161075885194452 0.6155128938690514 0
0 0 -0.2586103814131291 0.18697755549809636 0.7087073137233029 0
0 0 0.1697343449394897 0.13908714730834237 0.694287173354172 0
0 0 -0.535175513003517 0.3374417054730645 1.9501657685359 0
0 0 -1.116761372241088 0.015506413620856918 1.0260178915026286 0
0 0 -0.15527749451827155 0.3305758563357176 0.5860791187973307 0
0 0 -0.25452037095251967 0.26113906355457445 0.5629325525543497 0
0 0 -1.4911305435201576 1.399658300103105 1.6772471674693845 0
0 0 1.2917160869498723 0.21696569079299532 0.7051507562362963 0
0 0 1.5320293420844004 1.4857228060628116 1.4202223538265357 0
0 0 0.8010936329053973 1.3263140922997345 0.7099434590151944 0
0 0 0.9311197405801814 0.0031335796682258055 1.0404360616074806 0
0 0 0.19305498213641026 0.26169671465284 0.5564559085999913 0
0 0 0.5709576638761611 0.18700668464126058 1.8082417636742332 0
0 0 -1.4189322809085259 1.5330160220231035 0.9718601029236205 0
0 0 -0.8937694555071101 1.4070805095004102 1.6917060285081011 0
0 0 -1.2496806389030146 1.295494633786149 0.6622532926953153 0
0 0 0.3165635642299003 0.00647212176027534 1.5222802533424207 0
0 0 -1.3749815319701981 1.1951989399018907 0.6206037932291422 0
0 0 -0.3907061901821618 -0.07915795677321547 1.3600383227604427 0
0 0 -1.3791239031117326 1.4642786162516432 1.6078734577896823 0
0 0 1.267008247630618 0.8634838188416116 1.9818568623670534 0
0 0 -0.848878635984189 0.1408564270677044 1.8006647533216098 0
0 0 1.1642367273743925 1.300692909616985 1.7902220125007564 0
0 0 0.6365363610892518 -0.0807322924156012 1.2109061897021038 0
0 0 -1.2848651677464886 1.2416827022018577 1.809981775832826 0
0 0 -1.4057786620424413 0.23896251164474547 1.893978497235719 0
0 0 -0.31654900562755217 0.10946085926692417 1.727494351858854 0
0 0 0.9150381767884039 0.8029823180271609 2.0508114220681914 0
0 0 1.378141923733121 0.9827509498142665 0.5124998671748416 0
0 0 1.3551690768916207 1.3259875501559386 0.6841733853569238 0
0 0 -0.28204697735533624 0.1382488975094217 0.7082517081401769 0
0 0 1.1559391050073424 0.007876743959791876 1.520925240926457 0
0 0 -0.3103655091316069 1.5817815563161657 1.2023126912777233 0
0 0 -0.8796368842724064 0.1616750367072448 0.7699346644018674 0
0 0 -1.0893802313641632 1.0892080508305428 1.894266562725318 0
0 0 1.3542721718334123 -0.0548160215197907 1.0454212876032778 0
0 0 0.5138431612083525 0.4272892793712503 0.4525688457266194 0
0 0 -1.3709672260214067 1.0758289052319658 1.9014818790495427 0
0 0 0.5285332383586168 0.9481918730150096 0.446017524511522 0
0 0 0.4401428704817323 -0.018778268360020056 0.8906161994611339 0
0 0 1.3332809777262855 0.9772538178520421 0.4623687900749601 0
0 0 1.1414564940847964 1.5438699306211663 1.4510265417937165 0
0 0 -0.20026748329643151 1.0021588263564796 2.0008471515487507 0
0 0 -0.4004297083452082 0.021041167288690765 1.4021492371721833 0
0 0 0.7430921844938632 0.6275050685591113 2.0032717384611844 0
0 0 -0.5865869597751496 0.5904341499783894 0.43088945182486715 0
0 0 1.3183922120622902 1.1440994451714182 1.8713540693767474 0
0 0 -1.3718368010729034 0.7764043068408966 0.38916953080742334 0
0 0 1.2587802083605761 0.8153872335989719 0.41904456782625277 0
0 0 -0.030495575606097614 1.2895263194447297 1.8697761913145448 0
0 0 1.2409606692446995 0.2455517345190663 0.6130456924711105 0
0 0 0.45273657331462624 0.7804295727050692 0.3933061660927789 0
0 0 -0.2916859164784782 1.3722648356828928 0.7390884486811038 0
0 0 1.5143546094078348 1.4493263433223025 0.7707420758322613 0
0 0 0.011678371058787107 0.8107085988998605 0.46253162602798703 0
0 0 -0.2218343261146256 1.084872675044677 0.5347015693525715 0
0 0 1.003740552344989 1.3531446213432412 1.7160308893257175 0
0 0 -1.546900601839773 0.5570671661451901 2.0108851422079033 0
0 0 0.24646685292697135 0.9443049721465823 2.0277170464592706 0
0 0 -0.7660353107020555 0.13032409225818153 1.7081538222664876 0
0 0 -1.5163332118676938 0.9886707965032389 0.4350121977967334 0
0 0 0.7215250183831601 0.5476257030516932 0.4839772924499677 0
0 0 0.9738789843419422 0.8113676805551714 0.47199009535697223 0
0 0 -0.08450272317616192 1.4518677836734306 1.673456697299061 0
0 0 -1.2957536771106921 1.4260159772921748 1.700098088532337 0
0 0 0.01922861737119641 0.01946248318760524 1.5342290793740214 0
0 0 -0.630376853300491 0.0029122872503701824 1.111601397034557 0
0 0 -1.540970268044237 0.05533450132442885 0.9327013182327498 0
0 0 1.1615758012601614 0.15327316707247118 0.7811564137886958 0
0 0 1.5146069919124865 0.004333025391988765 1.1366086870255918 0
0 0 -1.279965343397562 -0.03891531570692264 1.1814400619224006 0
0 0 1.1253803078868887 1.0177411376787846 0.506422121435221 0
0 0 0.8320924817318724 1.3951626411009292 0.7499880264263716 0
0 0 -1.4192327513589877 -0.05948259084389085 1.3732131539096215 0
0 0 -0.45956271243239266 0.9329985982909555 1.9717689655535793 0
0 0 -1.056705936313156 0.12260324921785781 1.6374238589083745 0
0 0 -0.5890486267250467 1.48575160150443 0.8835578404378972 0
0 0 -0.8780354484821009 0.02529690633564463 0.8429782689326851 0
0 0 0.8579019810174224 0.570222449293319 1.959610906157071 0
0 0 1.2188314681415986 0.059308196651271405 1.619202089700982 0
0 0 0.2944387396633923 0.08233976695775413 1.7346789231553474 0
0 0 0.5012606858131479 0.3132037169395829 1.8546477810557755 0
0 0 0.8914036722054375 1.1324775926303863 0.5779886131738644 0
0 0 1.0481848481403273 1.5470426184990242 1.2157257690759604 0
0 0 0.08295253159080151 0.9135225815239775 1.9769407986847827 0
0 0 1.318514150192546 0.23650461848639925 0.69359739277691 0
0 0 -0.3108198208634927 1.3722862655638766 0.7442432888358271 0
0 0 -0.2490820023045528 0.5211547393818299 0.4617006691406039 0
0 0 0.817468448920573 0.8131784857300716 0.45631616320076873 0
0 0 -0.7212594043794762 1.5385196454441121 1.206895047854396 0
0 0 -1.5652437551771858 1.0826791534926705 0.48604117849577166 0
0 0 0.17761389942221517 0.02447367392886801 1.4600044765202123 0
0 0 -1.1385896250313385 0.3174740373636587 0.5937976549419349 0
0 0 0.7267195429401263 0.3559003575168453 1.862183939862291 0
0 0 1.1979860156076052 -0.03886647350107275 1.4423289734791591 0
0 0 1.344655834004151 0.24139827535624836 0.6787173684616199 0
0 0 0.01058880640745663 1.18315766958409 0.5988276254858023 0
0 0 -1.3141295328267515 0.6372901639638744 0.40195380901491273 0
0 0 1.3651429822481354 0.34227716147833925 1.88133333337205 0
0 0 1.57016233441239 1.4723027796239885 1.651633948653571 0
0 0 0.13697814116534235 0.27424621137742144 1.8679046926468486 0
0 0 0.6303949278719547 1.487096574368152 0.9532335250591106 0
0 0 1.4351149594035189 0.5614525406136389 1.9514603034579143 0
0 0 -0.93761677102587 0.9643210422242103 1.9766499928000032 0
0 0 1.1720353223392812 1.555478050583806 1.128480832209269 0
0 0 -0.6297287906740012 0.9711844381240223 2.0193043199302516 0
0 0 1.3454459961294511 0.6219970823390577 0.48135187480497754 0
0 0 0.9900455009346047 0.14116059208409948 1.6643231890132977 0
0 0 1.1051359955735958 0.8520392843638164 1.9868048776805458 0
0 0 -0.3289837185582605 1.5031862053692948 1.3265922322130002 0
0 0 0.6683276180538789 0.3333345634816409 1.8453475104684869 0
0 0 0.5439801035256631 1.472607185761948 1.3957888223221016 0
0 0 0.3834439495054851 0.023411214675652436 1.4271925140256165 0
0 0 -0.4339685485423368 0.15911648906227327 1.7613474666411504 0
0 0 0.7560219010587397 1.5066236411623288 0.9773026259347233 0
0 0 -0.6740484814431406 0.6131101523630128 0.4785867368398655 0
0 0 1.0401803332654658 -0.017784074883636425 1.0275891621114355 0
0 0 0.027116999956453558 0.7106522677916907 0.4717355178375119 0
0 0 -0.11297693566230493 -0.027753685158712238 1.2135479159974145 0
0 0 0.5827571979479806 1.3236902883898516 1.7543087756113707 0
0 0 0.9678672724825588 0.531152894987259 0.5122536540626996 0
0 0 -1.2830215711557125 -0.004148102430561518 0.9661366511108318 0
0 0 0.09093231513385636 1.3296335331175513 1.7870824535731034 0
0 0 -0.7134007675593675 1.4783464104689064 1.408911419224686 0
0 0 -0.37853139934099156 1.1718807232322066 0.5208252572450921 0
0 0 -0.2510915868620862 1.4967788109116142 0.8437071681991091 0
0 0 0.914667961927091 1.1067414818554886 0.5381294287223855 0
0 0 1.3186983121429585 1.281289619768034 0.7092545963038026 0
0 0 0.9987490947751856 0.807655244261184 0.4714308382187218 0
0 0 -0.8293794000335952 1.4766228666836696 1.3912570454141204 0
0 0 0.2516841812052324 1.5259978998300694 1.4628035820150453 0
0 0 -0.8281979366314858 0.4625615960840842 1.929708667242052 0
0 0 1.2294858463417877 0.18495876044088633 0.6483168772305749 0
0 0 0.5679842430302862 1.4585080679999685 1.5911965699986887 0
0 0 0.05170096025308579 0.6383853463542148 0.4731697375525816 0
0 0 -0.5640048177923804 -0.04692567274228532 1.1215311684313096 0
0 0 -0.5227294866339678 1.5497230477013182 1.3397646828738707 0
0 0 1.0766988964622861 0.477871469624502 2.012389650006729 0
0 0 -0.9295869076624649 0.7994935452308489 0.44662660007709487 0
0 0 1.4123147911132423 1.3107199192290415 1.775555514865522 0
0 0 -0.405001431139993 1.0445545500206679 0.5007940584650512 0
0 0 0.10882762616981734 0.6172084659166277 1.9960325345490086 0
0 0 -1.2491343120761265 1.460550764790242 1.5061886934499147 0
0 0 0.9806791854413754 0.4987439687054548 0.4594513201837582 0
0 0 -0.14605528118236366 0.32385032808904407 0.6149342664781282 0
0 0 0.79611951349756 0.00019809675736670584 1.4283894758225295 0
0 0 -0.5992763687262106 1.539939868302174 1.3114818910921744 0
0 0 1.0653720112957048 0.8285748293012436 1.9913436488827625 0
0 0 -0.3496514375315054 1.3253308148102558 1.7794947133239085 0
0 0 -0.312004353966721 1.5880401557164 1.1849721743489356 0
0 0 1.0447306813739758 0.8351741160154152 0.46588754712327207 0
0 0 0.03535533140607261 0.0031958871377264497 0.9856915115220002 0
0 0 -0.29356010944351985 -0.06137569370827234 1.299241931669884 0
0 0 0.1978404983202784 0.5159133188671076 0.47432610140578046 0
0 0 0.2945455144829958 0.3130033711315256 0.6147695578603852 0
0 0 -1.5009359908943893 0.9345917560792725 0.5046602642931965 0
0 0 0.45029233239907507 0.1257792927134953 1.6335521018863246 0
0 0 -0.16334504747735856 0.8843764102435383 0.42803636789337773 0
0 0 0.9863757588089817 0.9072832922858085 2.018461264614062 0
0 0 0.624792919150237 0.8471994559946179 2.0623172116972257 0
0 0 1.2590877477664275 0.20226589983290877 0.7167929547836249 0
0 0 0.3492583155775464 0.17330504438755845 1.7666899250608048 0
0 0 -0.42301253668323846 0.060124526606137874 0.8292962557863988 0
0 0 0.07303696315738328 0.39955491382359404 1.904791769900228 0
0 0 0.08086885431718271 1.0766601455353593 0.479691502185434 0
0 0 0.4955024378451105 1.4449758375835837 1.6191684751723896 0
0 0 -1.228464197589105 -0.0043555296481337935 1.2361636430330274 0
0 0 -1.4621704233885473 0.8153244985050895 2.0381541127916862 0
0 0 -1.3018315156225388 0.872870033113591 0.4457266590506582 0
0 0 0.6972696850514915 0.4811660542203098 1.9917276091831049 0
0 0 0.4394555129194817 0.21758377467722345 1.7587263071526569 0
0 0 -0.05600175409456187 0.2848972741823732 0.5459289065930827 0
0 0 0.3946881453597444 0.4545716676952 1.9613098608649147 0
0 0 0.5877844923469633 0.07774853474540089 0.7364756416626593 0
0 0 -1.542599701244442 1.4452477560114358 0.9354462041828642 0
0 0 1.1970518948211049 0.11579183423723549 1.739513932532657 0
0 0 -1.1515184769494533 1.1075272126894153 1.961800655558771 0
0 0 -0.8572391430698261 0.5696366812873122 2.026997890876437 0
0 0 -0.8243394754341422 1.4385820196844166 0.8175686922005574 0
0 0 1.4306876354607567 1.5720907467811749 1.08153590050912 0
0 0 -0.9592300106698782 1.3612439326014374 1.6645055260529256 0
0 0 0.6210823263647511 1.4074475134955833 0.8500167601035057 0
0 0 0.0789592531465575 -0.08400801754717835 1.2703491705434717 0
0 0 -0.7986871953553385 1.4925574549470277 1.4706292031679422 0
0 0 1.3861751410343226 0.5224348716117982 0.4444684869616401 0
0 0 0.440753169967671 -0.030589178606078682 1.4646848949212692 0
0 0 -1.155478513394023 0.1028883333812124 1.6048529277160228 0
0 0 -0.2662982726891099 0.9362405028185181 1.9578224223211644 0
0 0 -1.241180051252866 1.4541434361282053 0.8800651240463817 0
0 0 0.26802942999314316 0.36828152380005263 1.9739831780663724 0
0 0 0.3114734448645058 1.4395602157436405 0.9373524245296205 0
0 0 0.6962732461382664 1.0085576213388738 0.4495233621443132 0
0 0 0.5981187318509007 1.3099347754744053 0.6209009942357824 0
0 0 -0.9708984989196581 1.22300638896791 1.8274431658239059 0
0 0 1.5578386170434868 1.4432494671692782 0.7693623543294282 0
0 0 0.809022523660373 1.1823498876791736 0.550657745500031 0
0 0 -0.6867320827367106 0.2649207698089593 0.5855162418338739 0
0 0 -0.5487304921804943 0.8415073863387456 0.45184195605426936 0
0 0 -0.2591605515919231 -0.05958660443667263 1.2643242558945038 0
0 0 -0.83599795822501 0.01677163159818318 1.5887543950087237 0
0 0 -1.027034385834749 1.423759952139334 0.7277530228407268 0
0 0 -0.6530880393544964 0.5573102160295236 0.4718319672021084 0
0 0 0.8207272586714063 0.9972639256121031 0.478850998231514 0
0 0 -0.39163912595240524 0.003304907506647803 1.3589497299922835 0
0 0 0.015875816648573737 -0.0065584385245088805 1.1420758023421589 0
0 0 0.28296868995589497 1.5356963560828443 1.4624110459520505 0
0 0 -0.8827509079155178 0.5406967692299267 0.5137334542969092 0
0 0 0.6079537564145898 1.4824932459101108 0.9807428801498435 0
0 0 1.5009219962389206 1.0142164972645837 0.4463841160542936 0
0 0 1.4217972070471312 1.2606187218175313 1.823226027563213 0
0 0 0.6756572163300061 0.5036374981762449 0.45660564270019655 0
0 0 -0.9924658153674709 1.4581278918124743 0.8339348867060936 0
0 0 -0.2164700162365536 0.10639896547527572 1.713813511904343 0
0 0 -0.421740850308707 1.1956683970074258 1.9211511902419571 0
0 0 -0.17916918299566276 1.4001015532631804 1.6134271482728693 0
0 0 1.112430069541941 0.2994898198450243 1.8550674287514477 0
0 0 -0.0529643613178159 1.5189664079619947 1.3892580952828781 0
0 0 -0.7253623571757629 1.388200671214796 1.6380566417847027 0
0 0 0.0697752699562404 0.529898974357979 2.0036539021799276 0
0 0 0.6549521209038103 0.05630985899990182 1.629415954904014 0
0 0 -1.483121452061838 1.2016685939469174 0.5821966202815791 0
0 0 1.5691248158597069 1.248401510182293 1.88986883571548 0
0 0 -0.7494608539958235 0.9892411571304754 0.4930192517128631 0
0 0 -0.5346990952170874 1.3620122629295706 1.7082286011962104 0
0 0 -1.4640185362708977 0.16821987419652285 0.7133255992251724 0
0 0 -0.045487556723415645 1.2321903394248899 0.5922890229082981 0
0 0 0.2172143541731908 0.0703241129677229 0.9295566917432503 0
0 0 0.617057030778501 1.3281739174696359 1.7451718475045745 0
0 0 0.1942194354795419 0.29337546883223137 1.909897426584513 0
0 0 -1.0690797597805863 -0.013762050098588774 1.1734881324558848 0
0 0 0.21465474346359237 1.296488285884867 0.6583172699348828 0
0 0 -0.26514963176331485 1.5055040913324933 0.8907731341977236 0
0 0 0.3970284452217634 1.0306938925285964 1.9238231529181353 0
0 0 -1.5343787920525664 1.5252012177119108 1.502868263671762 0
0 0 0.30390392840435787 1.2045215162602754 0.5359024714807883 0
0 0 0.2927655693321598 0.008458072360222113 1.2422057716009165 0
0 0 0.42207073134618933 0.15379129451405726 1.7752656905708704 0
0 0 -0.4702700732071985 0.3185418693263728 0.5692994609212196 0
0 0 -0.5662840146134518 0.01962272001613463 1.4194407674892502 0
0 0 -0.9343274485794909 1.5270591640659368 0.9460807610963271 0
0 0 1.1392655359321884 -0.04563290518342633 1.0745336773730367 0
0 0 -1.5369186239827153 0.12403022513432982 1.7048269155802596 0
0 0 -0.9244074923060631 0.7376457517094559 0.4157191508446326 0
0 0 1.2420499547507227 0.9028681927065656 1.9697874733764351 0
0 0 0.6960641384491248 1.5133390305431607 1.0080497322569169 0
0 0 0.8514099888989843 1.5730082343774867 1.236936893036727 0
0 0 -1.3041308620203784 0.00860285058156196 1.2690578628460203 0
0 0 -0.1289043095924598 1.4970940645803026 1.1314382524798063 0
0 0 -0.2496889266892559 1.5080924406701373 1.2637621545673552 0
0 0 -0.43216658351391524 -0.007875364759352799 1.364602928644559 0
0 0 -0.32694024197240745 1.5010349106897198 1.1411484837644497 0
0 0 0.08395612363057503 0.20973124230922857 1.838829051317381 0
0 0 -0.6510844509544966 0.8053274562228103 2.05776771408473 0
0 0 1.1763954945856998 0.41924614460838655 1.9884514729814255 0
0 0 0.5602606031667099 1.4965502600783793 1.3887312265585399 0
0 0 -0.8364746218080122 0.5019490743707464 1.9912524918503858 0
0 0 0.46148410909493 -0.07538835400108612 1.1236643197406675 0
0 0 1.167565342154393 1.4655533766624629 1.4518156001219755 0
0 0 -0.564207630856491 -0.053312978604976635 1.1091523371396548 0
0 0 -0.5643171140096643 1.5102503521541704 0.9529979743597328 0
0 0 0.04301885219806567 -0.020460532451960223 1.0933866264528498 0
0 0 0.6489945709170355 1.4547240567763893 0.7709590903743704 0
0 0 -1.4028221507777734 0.6335844952578308 0.48241502830941074 0
0 0 -0.21219077741097125 1.190998388884025 0.5529195890415814 0
0 0 -0.8274712342833629 0.8378883120865136 2.012441453650629 0
0 0 0.10243298453486971 0.6982548375271479 1.9911941469868815 0
0 0 -0.2390074376510274 0.7877237132864355 0.4242566851841849 0
0 0 -1.2572697249856142 0.9843161935872821 2.0128636448350603 0
0 0 1.5278967186894254 1.4031501061110045 0.7658237137493087 0
0 0 0.05063122653789831 0.06920764411597002 1.6987474728932677 0
0 0 -1.3394469050716626 0.49302390224407483 0.4594217621088169 0
0 0 -0.31927250505713123 0.9925650604458902 1.9621435708274633 0
0 0 0.14217065803521045 0.2536549021315812 1.8259233421234315 0
0 0 0.9628674941246054 -0.019337999690095864 0.9125918817340655 0
0 0 1.3477811103668196 1.4452008832215997 1.6743805070147055 0
0 0 1.2033423329372641 0.14739274056387763 1.718699255087649 0
0 0 -1.276872743285331 1.4272761718686784 0.8278602008249518 0
0 0 -0.8064477437149227 1.1735986998734917 1.9526456006749178 0
0 0 -0.06643231246977455 1.440136438473837 1.508357480462724 0
0 0 0.4016540086219518 0.26542318672715065 1.872481071598366 0
0 0 -0.3982873585794844 1.2689695372312184 0.6601767927910313 0
0 0 -0.3365759724507691 0.36552037630410367 0.51268964624895 0
0 0 1.0069186958267142 0.9253140297983572 0.4740851269619526 0
0 0 -0.6271651413211023 0.015738983196030176 1.103606424316325 0
0 0 0.4786632576010539 1.2024026338323783 1.821916427070804 0
0 0 0.4223373586879482 0.5772723372065369 1.971623271430145 0
0 0 -0.9845851081010002 1.1842155831784795 0.5637260477684353 0
0 0 -0.17119654148706598 1.1519955910515216 1.908568500437824 0
0 0 1.5602833853938773 1.3961138223249154 1.6713825345453959 0
0 0 0.2634135725874436 1.498312263511536 0.9078120263637781 0
0 0 1.0776674865084361 1.4085148240709613 1.6796430328707772 0
0 0 0.4095512746878911 0.9889460552368832 1.9995520432869258 0
0 0 0.38524528241733624 0.4404949543804212 1.9791575269517745 0
0 0 0.39186885542293903 0.6822736420909801 0.435119766627615 0
0 0 0.007178085986964344 1.100476234596108 0.4756554013477641 0
0 0 -1.3428125267325943 0.1588039119041772 1.78396737259456 0
0 0 1.0850433831320365 1.4335774146008164 0.928098661289128 0
0 0 0.2907381744392574 0.033388197736106795 0.9622156870205854 0
0 0 -1.2188271311620358 -0.007423913896570045 0.9373725627225934 0
0 0 -1.5246727928276402 0.05842833535067016 0.8729047569466248 0
0 0 0.1282054100259833 1.4423881878991487 1.6562200423067686 0
0 0 -0.821932196553048 0.026945543156520646 1.056006893338358 0
0 0 -0.6531860960192885 0.6921542063055981 0.4185016501378004 0
0 0 0.19814358794541675 0.33571893247022855 1.8502203050523436 0
0 0 0.7571827618130911 1.293165948475503 0.6780358388928288 0
0 0 -0.00015476225211208394 0.15049602128838646 1.7573802603306405 0
0 0 0.32493737691036095 1.2770631492593194 0.5926552175796951 0
0 0 -1.148186098727801 0.25877057682407245 1.799591432365763 0
0 0 0.27545215167163173 1.0059861810309028 0.43347084396385327 0
0 0 -1.0425859623325349 1.5237936974098933 1.0014075763061285 0
0 0 0.15382363725557724 0.047188054378281885 0.8240062080835967 0
0 0 0.033117881842702035 -0.03377542364482966 1.1876022256426377 0
0 0 0.37503679573718385 0.7282284623788552 0.4083437065591736 0
0 0 -0.9954222518034609 -0.012065739981589996 1.4326503397569208 0
0 0 1.1661560898098409 0.11074528345928658 1.7692072726208168 0
0 0 1.4310611119775376 1.4740129314890673 0.8692157050330563 0
0 0 -1.1485886744912523 0.11306812541768374 1.611533071508703 0
0 0 -1.1281070150438137 1.5593125824533427 1.2666199443998896 0
0 0 0.05713295526869833 1.2671879240771469 0.6828045620009676 0
0 0 -0.6891716171676364 0.030379288708046626 1.5919761326863315 0
0 0 0.9268140195448566 1.4324876351025677 1.5280319731648746 0
0 0 0.7831739114856981 1.5048228798540082 1.2042474598604644 0
0 0 0.37365054046426294 0.8892649298447618 0.4092978219208441 0
0 0 -0.7122089363328226 1.4937462332545897 0.8829534832894794 0
0 0 -1.2369890836892181 1.4841609231566821 1.511673195010356 0
0 0 1.0391737230469853 0.8379266250831584 2.0631627575772313 0
0 0 1.1274014336319116 0.3681325941589027 0.5430451174148078 0
0 0 1.3988108324682074 -0.043772240225413483 1.1532474476484782 0
0 0 -1.5297045229543114 0.3351920026148083 1.9321529794805734 0
0 0 -0.52295527833467 1.4908017538183316 1.2838614055147348 0
0 0 -1.1244282880307623 1.4662424202897801 0.9019927510300871 0
0 0 -1.2457115346204646 0.577013022986042 0.4604387246128637 0
0 0 0.649460193351707 0.5103158841690902 1.976610376370983 0
0 0 -0.03881966681626192 1.2107023760660844 1.9133729292384407 0
0 0 -0.19765164320645412 0.3132790063125383 0.5643812404734765 0
0 0 1.5160774304510878 1.5660965422847521 1.0571532644704218 0
0 0 1.2717587520147169 0.01642210065227423 1.4501536075588182 0
0 0 -0.1551742747259457 1.5034399036840558 1.2928455824574936 0
0 0 0.8372915376931402 0.4914020657776668 0.5060168971363435 0
0 0 1.3527995447316568 0.8503479137641895 0.4886147234154272 0
0 0 0.09990811096121988 0.05851913343225734 1.6568118069191904 0
0 0 0.4049094559190547 0.1511987250602439 0.6637138980855679 0
0 0 -0.36775853388731483 0.9279789221375784 2.0248629098767394 0
0 0 -0.7462010930214056 1.2981333260792782 1.7361247738529042 0
0 0 -1.5201937769731226 0.6782824506778106 0.43978334674467956 0
0 0 -0.05394666363143341 0.0021423338760404587 1.1065018059403686 0
0 0 -0.19243680843096733 0.8557502371240706 0.45860745954267257 0
0 0 -0.9335523335561718 0.11817393800630227 1.6836188031142352 0
0 0 -1.4168406066763095 0.5812829574478069 0.4055317404018963 0
0 0 1.4520069611397557 0.9456183060323702 0.4791873676435312 0
0 0 -0.3672491094835908 0.46287894322461987 1.9697883673945609 0
0 0 1.4619214149196216 1.4903104089067292 1.0397119436013034 0
0 0 0.07314638028016351 -0.017719633717126593 0.959295945157585 0
0 0 0.75706452945552 1.132794837548343 1.9143132759512025 0
0 0 1.1699111970531852 0.0178318061713324 1.0534154508294247 0
0 0 -1.141552352192876 0.6196782626709402 0.4082919811353247 0
0 0 -1.510167789603299 0.32125719756044063 0.5665324861918318 0
0 0 -0.4866529102288637 0.3914764284339294 1.8914491327832872 0
0 0 0.027465557692385678 0.2825875494656648 0.5337971934272513 0
0 0 0.7846865122882067 0.5556426136396845 0.5081480279384144 0
0 0 -1.5587975010247082 1.4907992940421755 1.2777942500314696 0
0 0 -0.8825043857774427 0.975199708291573 2.029506217100549 0
0 0 -0.24444648111122458 1.047860322658711 0.49729545285611576 0
0 0 -1.4358908834026183 1.5436814127922676 1.0119032209485512 0
0 0 0.7350272604730606 0.39227310531482434 0.5698266092438583 0
0 0 -1.4510698622806242 0.43253587658521564 1.9095014258680352 0
0 0 -1.0348827278019632 1.3267925654340447 0.734407324039642 0
0 0 1.2426784144048888 -0.011221704470239291 1.157063044982487 0
0 0 -0.778696872981033 0.04038261152034228 1.6738383739094571 0
0 0 -0.7885246761307295 1.5142609165355627 1.2507716067637646 0
0 0 0.9880580808939534 0.039855989730102515 0.9025083591253833 0
0 0 -0.6079366945632017 0.3428287624035017 0.6032650465630499 0
0 0 -1.5260704287114923 0.7970751032842834 2.064742416799617 0
0 0 0.47122151835451165 1.056615722600675 0.477624807138302 0
0 0 -0.6089634034444212 1.3995742769275563 1.635802804615734 0
0 0 1.2696565164166298 -0.0025695748331509005 0.998479029326893 0
0 0 1.3949331828823772 0.29180040482345115 1.8924186479950567 0
0 0 -0.3769601446897204 0.31663196823845013 0.5372679901103045 0
0 0 -0.6861854790312722 1.0897703820814804 0.5306463952115213 0
0 0 -0.48366092569787966 1.1281265786953647 1.9072709417550446 0
0 0 -0.05786700370192088 1.5257874221744196 1.1247746173120643 0
0 0 0.7687284411056563 1.3859239736388123 1.748604791414557 0
0 0 0.31245002389994436 0.4957674655327552 0.4338544748048807 0
0 0 -1.360745142064891 1.3960944340467307 1.7111903478187016 0
0 0 0.23904619287421225 0.8794550766381788 0.40499058485170014 0
0 0 -0.10662305293214569 -0.032627402009653084 0.9776542809117714 0
0 0 -0.06878746139446568 0.8613070068781887 2.0123439938891323 0
0 0 1.554007949686644 1.418644156127316 0.8009743725464158 0
0 0 0.5180635398490194 0.5745298714502426 0.46371012192323424 0
0 0 0.8687883585223655 1.0280120269040764 1.9478674094695436 0
0 0 -0.5494047365102881 0.6343465962569919 0.39659546634250964 0
0 0 -0.07825002037555695 1.551948495715397 1.3510279779234993 0
0 0 -0.15310276483516705 1.4172076125314836 1.6908188306751426 0
0 0 -0.0985893370359916 1.313865743356006 1.7523144989996677 0
0 0 0.8427834135003822 0.11078217357046227 0.6967904850386261 0
0 0 -0.46763232182004777 1.0108012252186793 2.0186939156649655 0
0 0 1.0106098186452148 0.3841446580105348 0.544079225404242 0
0 0 -0.7568975825398119 1.332530787854482 1.8193093319859703 0
0 0 0.4775506606587099 0.3464352909094938 1.945219753523718 0
0 0 -0.10348639698839235 0.1143750835538635 0.8425915733243164 0
0 0 -0.1963214440304477 0.52413651110171 0.42588784017326764 0
0 0 0.1792734168225092 0.9727465438844458 1.97906593935721 0
0 0 -0.7025182082173297 -0.04263082822013464 1.207836101540253 0
0 0 0.15380189857121995 0.6793703602367915 0.47712290825051273 0
0 0 -1.2943780793764472 0.9969014871039559 1.9655642270004878 0
0 0 -0.36060804774078625 1.5200699865376022 1.151374024576082 0
0 0 -1.556161299142196 0.47233969470736986 1.9565261318684746 0
0 0 1.26740753195125 1.485853677372264 1.0518530870917373 0
0 0 -1.041235070885955 -0.08535851405481187 1.3006206652768546 0
0 0 1.084188286695131 0.5159386245229735 0.43796431067075436 0
0 0 1.518009409340221 0.6252039505184945 1.9933299329039984 0
0 0 -0.4241237122989392 1.2022118006240883 0.5456767285179692 0
0 0 0.6139189300065642 0.24819305319509044 1.9012254109504871 0
0 0 0.8257836469399935 1.2930167529174568 1.775711392251531 0
0 0 0.7682872864240875 0.008335929340108739 1.3744953742679515 0
0 0 -1.0163873864439652 -0.06164404647194133 1.209282699376451 0
0 0 1.5176080448924547 1.4896725629720966 0.8938764060478367 0
0 0 0.34053154420284515 1.13255822392376 0.5131187966785975 0
0 0 1.402953193209839 1.4779518152933526 0.843142112174408 0
0 0 -0.5291144508841978 0.0023110884075147053 0.9075010311664017 0
0 0 1.3966511954118213 0.46172826525434174 2.0142395510062774 0
0 0 -0.8013059167864425 -0.08493025074693794 1.2373607358989143 0
0 0 0.577451174112932 -0.040681468599430226 1.24124095861596 0
0 0 -1.3223830793449054 0.13762326973663397 1.7779125914119471 0
0 0 -1.3286975188999672 0.21172913971259366 0.6947540006814017 0
0 0 1.4584203056288976 0.39045200545330133 1.9049377216665409 0
0 0 1.5204607974797097 1.4633300062507462 0.8184627288031652 0
0 0 -1.0953323725855846 0.2650337313763297 1.8121033251003893 0
0 0 0.025152179936809738 1.4798801469013652 1.362544821598284 0
0 0 -1.4894200917802836 0.4306903417028614 1.987402013202686 0
0 0 -1.040204904811221 0.026088349964628832 0.9287326321519068 0
0 0 0.8234626759356449 0.4630189943898721 0.5055309246385729 0
0 0 -1.5431432505708085 1.4301827377276828 0.7907390545257095 0
0 0 -1.5563241767380167 0.0035162889550033327 1.1983264138944176 0
0 0 -1.3427719431457537 0.48874610394950985 0.5314531805216715 0
0 0 -0.01030260766803548 1.3362824317166593 0.7588600668183489 0
0 0 -1.5243272657408993 1.4254797871741323 0.8648022428071205 0
0 0 1.2369347383831033 0.10447418230788375 1.6897104433743801 0
0 0 -1.0586926759746171 0.21087986322652963 1.735903917192208 0
0 0 0.010399520569007503 0.20866365118787256 0.6597683445530007 0
0 0 -0.9469753448237199 -0.033354101596733354 1.4457782703349558 0
0 0 0.6138003025743566 1.4623635374993138 0.8563513092557924 0
0 0 0.9626611697342424 -0.0043165558263792425 0.9269687559046152 0
0 0 -0.6439936563383472 0.32066058788304386 0.5850880817559497 0
0 0 1.4926162690558806 0.27633653170381384 1.8691146135508818 0
0 0 -1.1124512306981191 1.418116475156936 0.7320846293782166 0
0 0 -0.022579581873304777 0.0016925605935553811 1.2258800696487575 0
0 0 1.5253017056014917 1.3986969722504723 0.8434943738659328 0
0 0 -1.550349334289312 -0.053703622955943664 1.0872083917240585 0
0 0 -1.344239432924294 1.3381373259408935 0.6504341647822448 0
0 0 -1.461378921243978 0.6473234239055924 1.968535551020735 0
0 0 -0.983972850969252 1.5708146129564442 1.2314244922129682 0
0 0 -0.5743742619822485 0.7866171188765576 0.4824954265334289 0
0 0 0.384640393566015 1.4652868625335282 0.9432213052676646 0
0 0 -1.1455283493621176 1.5024142200490842 1.0624258915564906 0
0 0 -1.2787239113460929 1.4538240807266067 0.7770153806069008 0
0 0 -1.383963473933298 -0.010748070976844493 1.135258008332965 0
0 0 -0.06520534247498433 1.5245838865443695 1.0295575289838974 0
0 0 1.0053887442853826 1.2071799948669921 0.5871783060288743 0
0 0 -0.6649988758556888 1.414010698261764 0.7925133223775197 0
0 0 -0.06801467497075642 1.4321807655251577 0.8556089604950206 0
0 0 -1.1727437314861517 0.489661598600096 0.44240435099271735 0
0 0 -1.3651851996478583 1.5438135716567258 1.1335798488627917 0
0 0 -0.33336942694686145 0.3672070989672829 0.5178868382179889 0
0 0 1.1128491396684144 0.8711365391420498 1.970794854166194 0
0 0 0.45539953241624875 -0.04001478390788149 1.3137333075653967 0
0 0 -0.3409003556854291 1.4876438003795065 1.2996045503986018 0
0 0 1.069089467562995 1.3814056865443138 1.761156986843745 0
0 0 1.41669956564647 1.4574460514967749 0.8466597110335099 0
0 0 -1.5631742943365594 1.4642691189897543 1.444115764145945 0
0 0 -0.9994440292357182 -0.016593476004732377 1.137717173344197 0
0 0 -0.9075166267182578 0.9540846792325937 0.48285940665889615 0
0 0 -0.7245995768272803 -0.014792985383813684 1.573116345509308 0
0 0 1.5602872616356942 0.23189925106125764 0.6735732249272386 0
0 0 -0.8707377536144741 0.3304959113499173 0.5700028388288831 0
0 0 0.536862842966352 1.5220439972111024 1.2117260643030459 0
0 0 -0.8518877274364088 1.3515303310520854 0.763160988276369 0
0 0 0.6869172084869208 1.3734617557378952 1.7024527660420188 0
0 0 1.286018281750013 1.0910930764243782 0.5444685962130351 0
0 0 -1.0953299392616387 0.042333462536352506 0.7840635801137036 0
0 0 -1.3606203700743005 1.1411702223280442 0.5067317932242648 0
0 0 -0.8167613498276012 1.398075840639685 1.7515637224088791 0
0 0 0.6164405788597227 -0.04348134665650727 1.1197978264807957 0
0 0 0.4443224181062444 1.530501578414535 1.2661271216115864 0
0 0 -1.546248137521837 1.363202541269917 1.729073433024563 0
0 0 0.36851607696161515 1.3578987900360469 1.6808776211475274 0
0 0 1.0065906417171462 0.30500860220390136 0.6237702955874347 0
0 0 -1.2537056188657134 1.4780608543260945 1.511442805178286 0
0 0 -0.6705075171178487 -0.01070206884133662 1.1676765852392972 0
0 0 -1.3735876765785162 0.5411036460168752 2.0279582318592597 0
0 0 -0.40748334375094375 0.03038573212253226 1.4250642554053532 0
0 0 -0.8213385707896169 1.3886796922255529 1.7434209661515458 0
0 0 0.5748467185557846 1.2508165022962305 1.893723431877668 0
0 0 0.37025374907579933 1.4041264709345764 0.7444655419512565 0
0 0 -0.012166981457639281 0.2160808186310651 1.8297897537158356 0
0 0 1.4105694827756512 1.1816071539705024 1.9392500097049845 0
0 0 -1.453553668627624 -0.030469983248243793 1.5151866340176408 0
0 0 0.2723451433124642 0.11205310533329449 1.7562955282039008 0
0 0 -1.0987498065672874 0.5001224548222548 0.47849251352576727 0
0 0 -1.0175338275136583 0.00055175126474305 1.130875414248728 0
0 0 -1.4888233195027358 0.13757795777959214 0.7547069816822355 0
0 0 -0.11487307521495804 0.6445270083244253 0.43971978761460295 0
0 0 0.22886608903976136 1.4517187952836088 1.6281659514238775 0
0 0 -0.24229276889921803 0.15721579722483825 1.7621431725886052 0
0 0 0.5588932519348924 0.8403346793123536 0.4087774702157432 0
0 0 -0.8174919885380079 0.30463692364853523 1.821033034563344 0
0 0 -1.1104384782551067 0.3082626362662411 0.5419495660852511 0
0 0 1.24625967761411 0.9475497409408665 0.470587142524199 0
0 0 0.20692787746508534 -0.015806818079156182 1.5154851121729471 0
0 0 -0.2668496213783098 0.9759861653911124 1.958063826911046 0
0 0 -1.1606896028794593 0.16364807182391106 1.7387020484457505 0
0 0 -0.43286925749937244 0.9438084127913293 2.029749181243773 0
0 0 -0.7912589074376127 1.5201286090433095 1.4099242429478 0
0 0 -0.26404887824956025 0.8410508746693147 0.4415501073482937 0
0 0 1.4503705532996123 -0.027715894709304578 1.3566717720437982 0
0 0 0.3087966915330378 -0.013873901278224632 1.532979722010474 0
0 0 0.48736982106000815 0.2723555946703018 0.6489899699874204 0
0 0 -1.0044584107550076 0.9097008991252807 2.0384047030465635 0
0 0 1.0082725538857331 1.2476313250221713 1.8649359107574575 0
0 0 1.3081744232138526 1.4376600914154838 0.8272453513537132 0
0 0 -0.2738593799412312 0.0793330567598648 0.8822377149990797 0
0 0 1.4180495411506149 0.6704591512621825 2.0062071630681473 0
0 0 1.2648234707394397 -0.05162670397380209 1.120490831923572 0
0 0 -0.43687374656874645 0.8291515997905807 0.4381400759172589 0
0 0 -1.0347922344542253 0.23122776315922378 1.8501824213309996 0
0 0 -0.7615776376979632 0.6234981879577431 1.9638522001682417 0
0 0 -1.4414110688728863 1.1886024385417717 0.6011688380312753 0
0 0 0.0978988624559387 0.09848803230449032 0.7407752677821182 0
0 0 -1.2533671105139845 1.1758545553692537 0.5296844766726063 0
0 0 1.269415901386532 -0.0575520836138651 1.088139559628249 0
0 0 -1.066360085790319 0.6568573977601581 2.0498514993367443 0
0 0 -0.8337608878847951 1.5493079177336715 1.3584426045218791 0
0 0 -0.6103875682386616 0.36403329578061233 1.8975536320794464 0
0 0 -0.6498101327818353 0.007338782957634349 1.2184781056538991 0
0 0 -1.4775246005969294 0.48721728613856874 0.4840707163957645 0
0 0 0.07459042652172498 0.8456481352217956 0.4286629169358903 0
0 0 -0.4459555456647968 1.4192007887381526 0.8825209416369499 0
0 0 -1.0943633081446653 1.2815723646811021 0.6192726532632187 0
0 0 0.780454306690161 0.06900533287172372 1.7118927643117638 0
0 0 -1.5524095014764774 0.8897793713454756 0.4715732193681449 0
0 0 0.39404378479558266 1.5360658357037513 1.3591214540474739 0
0 0 0.694665354632642 1.3009443115558592 1.799530859546772 0
0 0 0.37888289354872917 0.537718080039048 2.01294897572293 0
0 0 -0.20209515481189744 1.5055917937512908 1.210717503007806 0
0 0 1.1317260821237567 0.0865956456772291 1.6354130709766075 0
0 0 0.8394612996533857 0.16943733679673179 1.741517362453057 0
0 0 1.5182822897868844 1.4724107730049716 1.559178245587582 0
0 0 -1.5487089332147967 1.3184373956007047 0.6199603449299694 0
0 0 -0.3465245517532598 1.2426464586677948 0.5891223068490921 0
0 0 0.7282674324015197 0.6609590486357342 2.0124859470510783 0
0 0 -1.200190666535098 1.392608919431856 0.7318087348894151 0
0 0 -0.2198394145391458 1.0732827179770403 1.8952120775298753 0
0 0 0.4793786517399896 1.2878989157055512 1.7474354096219862 0
0 0 -1.217438081780843 0.6954701009141638 2.01900795723282 0
0 0 -1.2780958563823916 0.11475279908234559 1.7189793149032997 0
0 0 -0.34950291566039926 0.792356497505648 2.0405053102062922 0
0 0 1.1786036219269853 0.6263016636732852 2.021100073990875 0
0 0 -0.4770329887307938 1.1196699052568633 0.5335670419632713 0
0 0 0.6892599530203194 1.53463821832987 0.932278311676435 0
0 0 -1.4258458908904013 1.4326141960318048 0.8947112901087004 0
0 0 1.3893880890633543 1.184397647358252 1.9194180238768968 0
0 0 0.7294481803744164 1.5368493527053462 1.1700465918272156 0
0 0 -0.24767132089764132 0.5469705161794509 1.9694695541604423 0
0 0 -0.8155827813074437 1.4986431651988972 1.3046980975832438 0
0 0 -0.040489202534244484 0.1758759539447613 0.6992438755257763 0
0 0 -0.610658613156323 0.03802051629078329 1.469155256468538 0
0 0 1.3084504902431262 0.06576729462370812 0.9434937446888458 0
0 0 -0.12040507603524087 0.09155039270183629 0.7807083009968088 0
0 0 1.0312125188720676 1.406997281071273 0.8115320407286107 0
0 0 0.11291318290366403 0.7233565219921834 2.0419685179165716 0
0 0 -1.3729051275152155 0.04832739941607134 0.9489009936932432 0
0 0 0.8184319000491 0.40120818081212295 1.92069834883972 0
0 0 -0.3497197421756828 1.1831835451528023 0.5395256013651469 0
0 0 0.5542677674976515 0.032177240384613115 1.4448456442162771 0
0 0 0.4569248705988387 -0.05833651340977031 1.1297441326041413 0
0 0 -0.49451172746536365 0.8140007211467244 0.3975580274604421 0
0 0 0.9269112785491962 1.1798260208415936 0.512855590715946 0
0 0 1.162574128834886 -0.005758101735034549 1.4854847797881545 0
0 0 0.9110488812527664 1.4945881913397314 1.3640464668738617 0
0 0 0.29646879685422145 -0.053439296961928506 1.1298557857414118 0
0 0 0.1762478252608355 1.4972773156857582 1.5724149501266609 0
0 0 0.12511250748528124 0.641779400966899 0.44717957363369587 0
0 0 0.110226820397479 -0.02349728434291609 1.4335057370545223 0
0 0 0.7462544912725435 1.525682922121093 1.0195338272865406 0
0 0 -1.268715770561223 0.26171435416348515 0.6379905331465119 0
0 0 0.6162161338981731 0.046001890548593605 1.5755103884637434 0
0 0 -1.0791419300661702 0.011268545580437883 1.0292330770907607 0
0 0 1.4635153898460391 0.4332118808188407 0.5328814562170306 0
0 0 0.2684541154957547 1.4957845808078627 1.5765192588622785 0
0 0 0.57092620604632 1.0071201076185057 1.9476016061496055 0
0 0 0.12665161044183693 1.1861054734576868 1.8852324967666614 0
0 0 0.7649757337218412 -0.035926152489837104 1.1743802596249082 0
0 0 -1.2282533254917052 1.0795657550070392 0.5551128789895177 0
0 0 -0.8893661452966477 0.6739839848101516 0.486598410006417 0
0 0 0.7139365123027761 1.468321001839128 1.5151863624373756 0
0 0 0.6396335636499191 0.23359584532772504 0.6204917536450866 0
0 0 -1.380962002113682 -0.07078381444286208 1.1488028596815592 0
0 0 0.24180084724205608 1.4208557682354903 1.6137310932928186 0
0 0 -0.40930500804024517 1.4999399391683514 0.935842568576414 0
0 0 -0.7925452618972075 0.5753134263665751 1.9714076384215862 0
0 0 1.475536274520243 -0.013519580770394168 1.2068336502809283 0
0 0 0.1295677170656495 0.348125190242238 0.5605523404587092 0
0 0 0.8333632533790096 0.6691642931903574 0.46825293632796394 0
0 0 0.3182299294830242 1.538879125769021 1.3831276008334572 0
0 0 0.20469258651672773 0.7546850199236816 0.4091623499455712 0
0 0 -0.21493992244262516 0.6588855771637022 0.4351890484243981 0
0 0 -0.17240875850103055 0.7138085603855395 0.4213305021335536 0
0 0 -0.7378526422416122 0.2862483366174854 0.6194405745113 0
0 0 0.5910438504055961 1.5390300120862368 1.450090779651764 0
0 0 -1.533972576731993 0.5143205447033085 1.947648177930152 0
0 0 0.439658541850509 0.46943390302607646 0.5263270201516431 0
0 0 0.446269716867584 -0.03937022954426572 0.973578609689804 0
0 0 0.3894137421195438 0.7066578153522662 2.029268540220179 0
0 0 -0.18005488784542556 0.000957310258922206 1.5293703906773743 0
0 0 1.1347180578455198 0.7936469758410374 2.0239477155357077 0
0 0 -1.2590273969720718 -0.022758476899678692 1.350783593211888 0
0 0 0.8364981814951737 0.341498892784483 1.9316610057134704 0
0 0 -1.1466869872506693 1.001249514068558 0.45579350005036656 0
0 0 -0.38063445758438497 0.047014611648559246 1.606944152027578 0
0 0 0.7336587472004084 -0.018173665261481453 1.3274164598247367 0
0 0 -0.4647983841693868 1.0017538835712276 1.9392807981308189 0
0 0 -0.3651279624300623 1.4490176289501662 1.5056398831619482 0
0 0 -0.18072690839191607 1.1694557560789 0.6113618688023059 0
0 0 -1.0424062331504884 -0.02781297642913605 1.3121360758060614 0
0 0 -1.0431792685960084 1.1920696601436491 1.8682178276381625 0
0 0 0.9362447853094675 0.5446346554102875 1.9721168857400746 0
0 0 0.3789707885138993 0.4942446757969211 1.9706328599037883 0
0 0 0.7293738986097957 1.1932304866055288 0.5301031660055783 0
0 0 1.5457223107363642 0.45197771412440235 0.48938010656764774 0
0 0 0.6341822149482348 -0.004279364259388463 0.969782903288345 0
0 0 -1.1923379228902231 -0.003916856386834144 1.5378808613100574 0
0 0 -0.8087792103680873 0.36731402261495616 1.868339986049629 0
0 0 1.005312679687294 -0.033049020425548026 1.1871806332634844 0
0 0 0.9251858127737931 -0.048087896536285424 1.4824455707651276 0
0 0 -0.29164178811215 0.7484286287973952 0.43362037989044444 0
0 0 -0.08584612338093023 1.3425477167166215 1.7042889421062464 0
0 0 -1.3749301171228003 0.05286776995546405 0.8756887590926202 0
0 0 0.5611306200431798 1.3064646457880666 1.7981327784644732 0
0 0 -0.4883481380572261 0.6662886031058585 2.0121162676861775 0
0 0 1.142187912531965 1.117755817262705 0.5825268482548325 0
0 0 0.2644327745423978 1.1437045709245557 0.5091130698344593 0
0 0 -0.1425491455900263 -0.006189597720570483 1.577956559764824 0
0 0 0.38852820803810184 -0.023127787048865645 1.0507879786293013 0
0 0 1.338814808812406 1.486311222283653 1.444342681850919 0
0 0 -0.6477316452860469 0.0017412949094929298 1.524860230234822 0
0 0 1.2545496646719414 0.4145191228578739 0.5422154049411125 0
0 0 -0.1759726744294865 -0.03814790380249755 1.3688470280443628 0
0 0 -0.9381987498794354 0.12495740734819605 0.792979423829864 0
0 0 0.8648789579433314 0.058891285467033705 0.869572472720375 0
0 0 1.145491921640084 1.210364007048202 0.6389531208128305 0
0 0 1.270646500339362 0.5706912448916984 0.4156079757017298 0
0 0 0.0776159097463891 0.9973443106187471 1.9384404607668992 0
0 0 -0.3895445736299006 -0.019286304758758366 0.9989630664199147 0
0 0 -1.4506521277728637 1.0803369727144894 0.5224613199719128 0
0 0 0.6909755219166458 0.7255308686801393 2.059282486772974 0
0 0 0.1292425544805691 0.06656606711349489 0.8132235651298487 0
0 0 0.36109925424861244 0.07786003518028328 0.8847804429259807 0
0 0 0.6683116401728317 0.13039105438793874 0.7616611324806897 0
0 0 0.6468121436467613 0.27868534831257874 0.6131900759308113 0
0 0 -1.230066094423734 0.29346638377068474 0.6060882138927763 0
0 0 1.3041669797756317 0.7386208601947039 2.0558820652590164 0
0 0 0.23619175322155894 0.0424384904677354 1.6675248930409041 0
0 0 -0.9373954284440249 0.5036621431793282 0.5176683701603064 0
0 0 -0.033948556261721885 -0.0010041390105124393 1.3133972706985073 0
0 0 -1.4889080993070782 1.5049118662098022 1.2851105011276223 0
0 0 -0.06838884619280883 1.430257226948429 1.6333386752184071 0
0 0 -1.3540724461847007 0.4804036651453405 2.005664018820424 0
0 0 -0.26958325590235055 0.24968363423848228 1.8137978593382758 0
0 0 1.0607779986221222 0.2033314525788602 0.6994012472644864 0
0 0 0.4990454859521094 0.38722377785821194 1.89390768401314 0
0 0 -0.44553954975807253 0.2641177203344328 0.668735332493856 0
0 0 1.4921425672051725 0.42453567650768675 0.5484378198726839 0
0 0 -0.7200066945059969 0.9021846032092398 2.0126177305262756 0
0 0 -1.1036788989449 1.1892005879640963 1.9198665572867522 0
0 0 -0.07083289618458632 0.14935950483955995 0.7035440486889023 0
0 0 1.35781108928066 0.09788408317383734 1.586932610490455 0
0 0 0.006945578112859341 1.1135181572174437 1.9268957614697326 0
0 0 -0.0682075133082376 -0.03633592051379553 1.4158497747076924 0
0 0 1.5195607424879083 1.4021766403146445 1.6610636907959035 0
0 0 0.9455923912123652 0.3167613574821031 0.5937903454457372 0
0 0 -1.392529467676175 0.1913965517659334 0.6148739796392505 0
0 0 -0.11988366386994143 0.06030281190037723 0.8065699366425029 0
0 0 -0.47803033681149576 0.9468375003631988 2.0045171705026674 0
0 0 -0.876936203839399 1.4391882252102366 0.8330096992956593 0
0 0 -1.2549483166829771 0.09559329308623454 1.653170154176849 0
0 0 -0.42846563354635614 -0.056046063298176185 1.3562636859979929 0
0 0 0.6761919297984353 0.15920311642116813 0.6762623112113394 0
0 0 -1.4425458638280053 0.008147286178229907 1.4027173516712717 0
0 0 -0.6522175320943279 1.5336930570344984 1.4385884415075252 0
0 0 -0.006831406382553862 1.4512869613215527 1.5636721732729135 0
0 0 -1.558758256198393 1.0262093786726663 0.45360576118504525 0
0 0 -0.9138717687722386 0.04725056585570675 0.8774562198451805 0
0 0 1.272430189475953 0.2042670407033712 0.7117007775391873 0
0 0 0.23148646369951997 1.2528761335678322 0.6632643851983188 0
0 0 -0.48332847948558166 1.409400549570492 0.7454276097725263 0
0 0 0.21356266004782465 0.20328159084474562 1.7496579052199324 0
0 0 -0.7982476217534673 1.253352861364967 1.8529343207179636 0
0 0 -0.8232161658251759 0.32356882648570867 0.5151622902997747 0
0 0 0.8847155281302457 -0.04653548952180986 0.9947281319789429 0
0 0 -0.48992816027621844 0.530805256627949 0.464584165434172 0
0 0 1.3809658989107434 1.4537234933061556 1.5715475359018252 0
0 0 -1.3394803374001414 1.074099316733904 1.897476995620309 0
0 0 0.30113446296649693 1.4744345220054766 0.9169305797086947 0
0 0 -0.2493275006365625 0.6303914249149993 0.47709334507747825 0
0 0 0.5311243551720923 0.575612816661144 0.4408223177616599 0
0 0 1.1678242598649744 -0.035553106408797164 1.4206388972924413 0
0 0 0.8463321702608302 1.4542626603498585 0.9000049227097884 0
0 0 -1.2803625447084144 1.036504841877318 1.913183129386473 0
0 0 -0.37913872287197914 1.2395772918888002 0.5572978639133515 0
0 0 0.7982435533046823 0.6968194186078878 2.031591512695784 0
0 0 0.4750289140520816 1.4227959369404581 0.8069737211577694 0
0 0 0.8458559259431251 -0.01912742983911231 1.090357748314141 0
0 0 1.493522516536499 0.6391279887782952 1.9928192492704087 0
0 0 -1.5225221356296863 1.5272695348923464 1.0383747216226473 0
0 0 0.354521083660875 0.7291222010356084 1.972494461670951 0
0 0 -0.3997118715099248 1.5112337764746626 1.5056051350314137 0
0 0 -0.31544587815869596 0.5010120716563911 1.9341913666509174 0
0 0 -1.2540258470829273 1.4216866265365562 0.7644284374946401 0
0 0 1.146217064132414 1.3768708354626429 0.7699990532058675 0
0 0 -0.24932706003879912 -0.02860403321835825 1.360434158754801 0
0 0 0.05627864163271945 0.22992382139564105 0.6534033117697616 0
0 0 0.3119482479182272 0.8232726964571255 0.48969079713304264 0
0 0 -0.9363482997148539 0.8690711338790376 1.9903666336366186 0
0 0 0.7269673301939266 1.1938800119377768 1.8997598308157033 0
0 0 0.18584909483691536 1.4836980038240941 0.9278505621383129 0
0 0 -0.73621730760086 0.6915590744413764 2.0408485876195783 0
0 0 0.011332227861125421 -0.011128780529561455 0.9308426434021095 0
0 0 -0.3630879058051335 1.1811591763342775 1.9461168954561074 0
0 0 0.9316577218875244 1.295151749304991 1.7860102371843993 0
0 0 0.9454573331651588 1.4425599808998548 1.517784833851445 0
0 0 1.227894693450549 1.5468064265268056 1.1682357598351742 0
0 0 -0.794663446375443 0.47247767818838365 0.4796570871569722 0
0 0 -0.729863405945876 0.21711093039239537 0.6501921742660571 0
0 0 -1.422566437736968 0.8066306322007857 2.0589324410048873 0
0 0 0.9995840687118855 1.3421777742859606 0.6418472458989002 0
0 0 1.2678121771147248 0.04360561739564306 1.5022668780388009 0
0 0 -0.4089377043398976 1.3735138357884749 1.6649548572269397 0
0 0 -0.6942546663951326 1.5618748164291958 1.32806674843866 0
0 0 0.3868548308906341 1.1082247848482578 1.883215098482332 0
0 0 -0.2943314184602548 1.5600919875134824 1.070805633603857 0
0 0 -1.1161755975138226 1.4601536292978397 1.4470887739436287 0
0 0 -0.8590083602068983 -0.026019986565628317 1.129715543122692 0
0 0 0.06958763749694064 0.9226431107136729 1.969501723978036 0
0 0 -1.2268735496918897 1.3513366448431352 0.6755282537635466 0
0 0 0.7425101943727985 0.3808687334410696 1.9589084855770702 0
0 0 -0.28923920653618795 0.041938926282363176 1.538908200518374 0
0 0 -1.1575869690620832 0.04650589788085513 1.6011909519125815 0
0 0 -0.11474017662824743 1.3433725092366973 1.6899171663091135 0
0 0 0.9642161090220429 0.44624391307335554 1.9329049525495434 0
0 0 1.5065128111813428 1.5175372828965423 1.4757183426511726 0
0 0 1.0093422363347289 -0.021962112679608348 1.2596851738726194 0
0 0 -0.028359806259532716 0.06462952910993747 0.8132389407664493 0
0 0 1.5318928825813365 -0.003997826248117953 0.8953936408488767 0
0 0 -1.550671295106853 -0.029634498315766034 1.2264691597285897 0
0 0 -1.459664885486533 0.03212101085186314 1.6217499593178832 0
0 0 -1.1500576815908394 0.5805854176696239 1.9678341964451485 0
0 0 -1.3933010949584312 1.4588389195633074 1.4679623417780643 0
0 0 -0.50516679475761 1.3838608096388636 1.740425134528524 0
0 0 -0.11186002465254008 0.6680585062435719 1.9884638752841108 0
0 0 -1.4155248615268816 1.2512208723721527 0.6006621271324297 0
0 0 1.237973401609573 0.9606701307153248 0.44666388728193385 0
0 0 -0.6455758099350519 0.004137669123489007 1.5624709431106705 0
0 0 -1.1856334405823816 1.061543556729975 1.9308904084075365 0
0 0 -0.6059729217169624 0.21799131346898748 1.8050800715776778 0
0 0 0.2007390724370699 1.4775775833105977 1.0877581753580605 0
0 0 0.8345048090161851 0.3260597645527715 0.5702022211731036 0
0 0 0.9528203500539005 0.12361145974913401 1.7750362349775464 0
0 0 0.5273898952556522 -0.06342066459340523 1.3090807112479763 0
0 0 -1.4259900009927517 0.3870050321723335 1.9593741571220071 0
0 0 0.9146982235364218 1.4156794673776645 0.8183313607538054 0
0 0 0.4444819265293507 0.251403991544259 0.5573477481229234 0
0 0 -0.8804774263711534 1.3528506255072446 1.6650264656731362 0
0 0 -0.0954396278389007 0.24890972214353058 1.8438213862758364 0
0 0 1.1055494928562717 0.7825099511639261 0.481049839006753 0
0 0 -0.6739122797891082 0.49863098923545146 1.9805554287493483 0
0 0 0.4575581823989343 1.0476249535078677 0.507436541367225 0
0 0 -0.047222493249532205 0.041989038447676874 1.6418320975404819 0
0 0 0.4695682291963936 0.3193484276870697 0.5722165960829655 0
0 0 -0.4760693120986732 0.16416141707185417 1.8099778136789908 0
0 0 0.8040247380004741 1.1309262474810904 0.49958282218198 0
0 0 1.3000105479879323 0.3553927291769371 0.49166956231834336 0
0 0 0.3180618160650275 0.1441273937888068 1.6998018429733182 0
0 0 -0.3693890497198795 1.5352037597740353 1.4494933255297693 0
0 0 -0.05918494654100992 0.03987780507126393 1.5893500502623195 0
0 0 1.1153603014029763 0.9590368542946643 0.5079460786553955 0
0 0 0.3864197733738042 1.5135199674031317 1.3694801835566957 0
0 0 1.262568952752348 1.488706361156051 1.5429931130042769 0
0 0 -1.0321131759716975 -0.060059094709762895 1.0242913446673196 0
0 0 -1.2973114697935757 0.05589655334185817 0.8487696273394255 0
0 0 -1.0132470175123796 1.4954441133977046 1.0927929962324257 0
0 0 0.8354956922026076 1.1307809417493542 1.92225959034934 0
0 0 -1.0659114296913117 0.6186297804791354 2.0102336583146916 0
0 0 1.419041049195203 0.055072867811160275 1.5507220562245165 0
0 0 -1.3303768233449775 1.3458114668145305 0.7536518278724107 0
0 0 -0.7380742622356674 1.3444787279248922 1.7496698834780746 0
0 0 -0.9143402796671961 0.508981315353943 0.5051214006439616 0
0 0 -1.4627305732335936 0.5250685565485259 0.43818934923799335 0
0 0 -1.306239084366681 0.5898263462541229 1.9986578295613127 0
0 0 -0.13849472349307845 1.4736298391671077 0.9976430093665998 0
0 0 -0.23400276993204794 0.27220103519000477 1.8316498311360088 0
0 0 0.12665896791118092 -0.02437033710737546 1.1053791802030217 0
0 0 -0.8835647076223367 1.1480032387469854 1.941288185385257 0
0 0 -0.7425923269982374 0.8458462248734423 1.9886813863068424 0
0 0 0.27144207273593457 1.3409917363535933 1.72118361755392 0
0 0 -1.1124472214000063 0.8281745616024178 0.4820041243749146 0
0 0 1.4384453068530663 0.7748521608144144 0.42938067720012474 0
0 0 1.3877026906471932 0.04803622113977113 0.8834006293262575 0
0 0 0.9322400455037587 0.254484971871506 0.5639127390903135 0
0 0 -0.7221402835318035 1.2877355793392011 0.6688393912019295 0
0 0 -0.2773556676661957 0.05909477296750931 1.5022025365994267 0
0 0 0.45527003918732234 0.027554892217664162 0.9240806405528148 0
0 0 -1.3391179133400752 1.2711028218034617 0.6766936871863386 0
0 0 -1.50157890362682 0.7889247807097457 0.3994896346704331 0
0 0 -0.1450607099505603 1.4861347215541154 1.5920275402757005 0
0 0 1.2986820976284021 1.4644686596362535 0.8708445650623392 0
0 0 -0.7798286283205357 0.052640009396463405 1.5954781779435743 0
0 0 -0.7736032375310261 0.8362993162065671 0.4626723430819313 0
0 0 0.09287993713377607 1.1642986220008256 1.9523252875362127 0
0 0 1.4011267866311519 0.10147368041084837 0.8195683046937969 0
0 0 1.3995546725765116 1.189256199126983 1.9230179271609709 0
0 0 1.0054217107985024 0.17591849063813936 1.8250199942269334 0
0 0 -0.979816655705994 0.3441414767474707 1.906159036190753 0
0 0 -1.0155657601912442 0.21193690947288857 0.7018965243272711 0
0 0 -1.2335058082241217 -0.026848193909728812 1.3884215831534694 0
0 0 0.1047697461811623 1.1122034572139634 1.9371506337249635 0
0 0 -1.363902718873398 -0.05870505657709513 1.067075964590997 0
0 0 1.343796467823689 0.8117487420739011 0.46967877496688615 0
0 0 -0.8835312613361781 0.19771356945291962 0.6972727154205708 0
0 0 1.2173316623617905 1.448814332825822 0.9623606126029696 0
0 0 1.2361692570670417 -0.054807562716161495 1.2831985183961043 0
0 0 -0.4307118284627365 1.1319160231619938 1.9346601373764418 0
0 0 -1.036620102805151 1.3182646051467244 0.7180150244740893 0
0 0 -0.639610301340799 0.15199107517210486 0.7400239023432802 0
0 0 1.5309377237011792 0.9865692639547857 0.5183287447578334 0
0 0 -0.12541581258246004 0.15285525685806023 0.6504779475884641 0
0 0 0.22778755074559842 1.4072775681256324 1.6871643292117318 0
0 0 1.4529174730817283 1.2898051753225375 1.8239832308114745 0
0 0 0.8716235637637468 0.8902724363369274 1.9760129515965916 0
0 0 0.6566690761305702 0.5028502579668308 0.4526527449287767 0
0 0 -0.5349732998565677 1.5242890457151264 1.530477251318751 0
0 0 -0.6552874110254518 -0.004938204541587776 1.3621592765356438 0
0 0 -0.17252404241654706 0.026987781807822686 0.9024374795070234 0
0 0 0.8867752357014549 1.260345263927054 1.890108639370947 0
0 0 -0.2929975917493659 1.5829170584222139 1.2854878865856063 0
0 0 -1.0346323288064414 0.3356652950244515 1.865999460953229 0
0 0 -0.2709446322505811 0.9377832157731238 2.0344913679891627 0
0 0 -0.721315203014068 0.9251690897637315 2.0033662473586764 0
0 0 -0.8121063346428746 0.3435128006784612 0.5018919454681633 0
0 0 0.48676642274966575 0.34416190056440427 0.5981945169598147 0
0 0 1.0536222398350903 0.7416088275657484 2.04649487837575 0
0 0 0.7547454331388468 0.02960664161886062 1.470709957778097 0
0 0 -0.7799941951504435 -0.07489231699474164 1.2317138544235728 0
0 0 1.1208631562033196 0.45595912008058287 0.4559303586071429 0
0 0 1.45815325981143 1.532379704147262 1.0309533009632545 0
0 0 0.4298368167867852 0.7101672595579199 0.41063756815630015 0
0 0 -0.5986288862895078 0.45553326890332585 0.44302345953990907 0
0 0 -0.5926407681100786 1.079037490647448 0.4634261284053951 0
0 0 -0.04430286704361586 0.6561221523819715 0.46074953231856086 0
0 0 1.3087050858152063 1.5609027310147034 1.346382882403593 0
0 0 0.6989774406116651 0.8801247021013264 2.0028257901849784 0
0 0 -0.8114137584455744 1.2351425426471996 0.6221925634214128 0
0 0 -0.5927045161382823 0.6154828734295628 1.970366644457925 0
0 0 -1.5404652461447212 1.2097055705616782 0.5379162854112497 0
0 0 -0.6774760571814238 1.3085473420641072 0.6639489840027389 0
0 0 1.557890499409651 1.5506103515790224 1.3625951514118535 0
0 0 -0.21075134055390454 0.23702809927195734 1.8315302010821721 0
0 0 1.4780985077044009 0.741453743904253 0.42160641767350526 0
0 0 -0.6499710863422208 0.49196677126186356 1.955577203046007 0
0 0 -0.07207603803506157 1.2924623906554107 1.8350600099061993 0
0 0 -1.4581013799161016 1.4299597578655185 1.5246926794444962 0
0 0 1.0783932864865493 1.5170010814711437 0.9627326963307316 0
0 0 -0.03772592323014634 1.4437446685454394 1.6609724301392328 0
0 0 -1.5016793935864807 -0.06370020767284224 1.066024446421235 0
0 0 -0.0875951531082173 0.14654916463101253 1.8047210054285685 0
0 0 0.8367403327926719 0.7096021516266459 2.0587001060149515 0
0 0 0.5253686954961778 0.027027469603975396 1.560466636420668 0
0 0 -1.4797208938991826 0.35241375668004404 1.8562345685968127 0
0 0 0.6944795635199816 1.149420630832033 1.8663344324429896 0
0 0 -1.1864206542555262 0.29016531903134735 0.5813159392447592 0
0 0 0.34874248402945374 0.13774925262715487 0.7553428099362658 0
0 0 0.9375943796227153 0.14808444298321366 1.6871240941452885 0
0 0 1.015484658250331 0.15566011881298836 0.6743651046303575 0
0 0 1.450100718015173 0.32942047566160587 1.8738291010824726 0
0 0 -1.449383071185811 0.5365891120617403 2.023276903059081 0
0 0 0.4261999752409422 0.5779409574741159 2.0289438514728095 0
0 0 -1.0793829888083268 0.08208941809435544 1.7196044654139038 0
0 0 -0.1259080480531214 0.882471024649662 2.0355576871436085 0
0 0 -1.4242232995338004 0.03421114525284208 1.4948400592217745 0
0 0 1.1325069592190125 1.5676747525390076 1.2809946398466132 0
0 0 0.8752294768010067 0.9327414087044502 1.9785265501373017 0
0 0 -1.4116218047062343 1.268207418048584 0.6194348327241086 0
0 0 -0.40272328130576773 1.2732626877694475 0.6159328085426216 0
0 0 -0.9725305745147438 1.4920401580299267 1.1280657723394445 0
0 0 -0.4520067467004729 0.7144366122885105 0.44618292720625297 0
0 0 0.5776362371682318 0.019162997910203594 1.086281933746167 0
0 0 -0.23400968023265523 1.4495090956672532 1.6056917897853564 0
0 0 0.789981695007945 1.1983786163622976 1.9187620062913753 0
0 0 0.4839422907071551 1.004410989101307 0.4514053903467339 0
0 0 -0.4775045254670207 1.1601154894403063 1.8742873274712135 0
0 0 0.9462912220331381 1.2370709036617793 0.5772569183042043 0
0 0 0.20615717181396653 0.6058070897988737 0.43808085896176796 0
0 0 0.8855379900071219 -0.040962247942739616 1.2549453634625727 0
0 0 1.2491046994082478 0.6044531219767681 2.0354558842573196 0
0 0 -0.15386967015648279 0.013200803809688466 0.9172557762591423 0
0 0 -1.0113702335089372 1.1871855815349828 0.5347104638469119 0
0 0 1.4201781514448562 1.5030044407025587 0.9855822383796835 0
0 0 0.2987492835332328 0.5753030498836409 1.9493826584690195 0
0 0 0.7540755714384915 1.332665764482885 1.74332199853619 0
0 0 -0.22574227706676142 1.291123624151815 0.6892705495718535 0
0 0 0.28185853851196696 1.5435160897566036 1.2105460544276712 0
0 0 1.5029219745852584 0.0963375013771649 1.6991575037505455 0
0 0 1.566068231157241 0.3598726713823707 0.5520187204766146 0
0 0 -0.5683159601623335 1.505575508679323 0.8856479620424335 0
0 0 -1.3527927903530095 -0.08297010399367821 1.2897059387753598 0
0 0 -1.2571053159638426 -0.031513079433505675 0.9887730062013933 0
0 0 -1.018670067897357 0.8426066066480827 0.4379610373100594 0
0 0 -1.1373862791839053 0.9449034488185627 0.46569900326134683 0
0 0 1.359604970495376 0.7468938808311215 2.0595993776602692 0
0 0 -0.5142971057942474 1.5727125753551954 1.2337005540131751 0
0 0 1.4090294677085025 1.52169491570469 1.2171580382508336 0
0 0 0.8056413630704435 1.5335233739081966 1.1095136207991294 0
0 0 -1.289996105275498 0.03702636977008056 1.5269543180436087 0
0 0 -1.53404441436193 0.685360263012694 0.40873267437545235 0
0 0 -1.3628041191995905 0.47410149132273605 1.9290501922338223 0
0 0 1.1827134669134187 1.5421942369312323 1.1893732568261517 0
0 0 1.1688537882474455 1.584437473979984 1.2705236167367873 0
0 0 -1.3108801618095056 0.03102333194963569 1.0452949245126937 0
0 0 0.23723314862042422 1.450917322199071 1.495646583138607 0
0 0 -0.9074239056208626 1.1449317366423206 0.5839287760318101 0
0 0 1.5205901509618944 -0.04448400242391504 1.1349532200241401 0
0 0 0.6113825969738138 0.31389379801484024 1.9059037902080673 0
0 0 1.3110136573814506 -0.06547718526027801 1.1056420486060472 0
0 0 -1.306344518720271 0.1311026709390709 1.6889757887175487 0
0 0 1.4152433353098095 1.1960231480505443 1.8623831900760655 0
0 0 -0.3233295903496869 -0.014343818614111936 1.1281062961622794 0
0 0 -0.21176341882316319 0.014853382854995822 1.016256694589114 0
0 0 1.2490099501903873 -0.06330787547554939 1.3236710909178149 0
0 0 0.4997806517891754 -0.008896867050494084 1.2436596992642044 0
0 0 -1.0157739091776468 -0.06580804840469323 1.4208965494934325 0
0 0 0.09766119400844708 0.6270870503543595 2.002722908506854 0
0 0 -0.7347815946981822 1.563113029011704 1.2097446244529673 0
0 0 0.06904583709062329 1.3728878763227033 0.7641131715120246 0
0 0 -0.8939862284102857 1.4813320485060988 0.9102950433388246 0
0 0 0.12449580270597527 0.05852811956128334 1.6476421943391977 0
0 0 1.008060214667386 1.3835770573863355 1.6502073174513083 0
0 0 -1.185089352493075 0.21928135878066846 0.5842856818493626 0
0 0 -0.6982653948657774 0.12807784851378 1.6332852884537337 0
0 0 1.2226311327491985 0.7334784350010715 2.063194209877853 0
0 0 -0.34103593591809167 1.1467254007549972 0.5225863721354114 0
0 0 0.4184571042098537 0.0629158682404668 1.566430825043258 0
0 0 0.9067858137892726 0.5367234652782709 0.48350561645035983 0
0 0 0.456250075274093 0.04617075403687543 1.5884982088721529 0
0 0 0.16986803648287485 0.8426421082416875 0.4601558192921972 0
0 0 -0.3242000918199923 0.35979430672418267 0.535448566395333 0
0 0 -0.8661980926535011 0.6008495632331197 0.42413818939537473 0
0 0 -0.5314687798423454 0.6512564557561389 2.011006213439445 0
0 0 0.571761633528054 1.085789927523497 1.9883679162588703 0
0 0 0.9899393110247487 0.8450795042199583 0.48593160963672255 0
0 0 -0.5988125800472126 1.5045295441449311 1.3864843152999864 0
0 0 -0.8946230061924795 1.2859469678079642 0.6692150463587443 0
0 0 -1.5129589532423464 -0.029463451257391804 1.4825269367988179 0
0 0 1.211188944892089 1.128601891605852 1.924834920041857 0
0 0 -0.570989979096714 1.118233481143355 1.9102589733188324 0
0 0 -0.4338707720917563 0.5214345041148657 0.5215288228901948 0
0 0 1.3029043029423781 0.08074701731744083 0.7959334579128805 0
0 0 -0.7826762191474602 1.0964492739937939 0.5008626268991335 0
0 0 0.06720036266880802 0.9125897898452399 2.0343781784618313 0
0 0 -1.0455748268021638 0.24711012275901112 0.5803250198315996 0
0 0 -1.1862883770992618 1.5322245323120796 1.3589451949804154 0
0 0 -1.134997555064974 0.1628308737483526 0.6960219953665657 0
0 0 -0.5833441216120266 0.2099550704640336 0.5937441213307035 0
0 0 0.01824119175457839 0.013908582375412815 1.4325903741655643 0
0 0 -1.2338950394562154 1.5292666270102635 1.0669157676830199 0
0 0 -1.0606217900076402 1.522844318959431 1.0137313139686879 0
0 0 -0.5851967439768296 1.0988141891299281 0.5294471195414758 0
0 0 1.1175856261604853 0.7247989071347023 1.98107298973217 0
0 0 -0.10644664059215359 0.04671574840373194 1.6629696069759041 0
0 0 -0.33758606004236147 0.09527848553850327 1.5835029561336187 0
0 0 -1.2107398666043043 0.9052820404117108 0.49636302466916515 0
0 0 0.8856250755846333 1.2464650146543823 0.601176273067878 0
0 0 0.6105003993701033 0.12642844590382063 0.7148348102716402 0
0 0 -0.582795758974354 1.4201918041184762 1.622458010072422 0
0 0 -0.2353362517433144 -0.009190797692481545 1.1925633188848124 0
0 0 0.6782330261823444 0.45448768579250615 0.5205968876228018 0
0 0 -0.27931567199368557 0.8376638261445505 0.40496891147124603 0
0 0 -1.0004935267149386 0.37958786052310417 0.5118084131757279 0
0 0 -0.7073707974473009 -0.002485548320026898 1.1426723445322926 0
0 0 -0.07657732266535366 1.154069361292814 0.497326462191493 0
0 0 1.4431906416817823 -0.05698912095583808 1.3260926694672195 0
0 0 1.3667506705828263 1.4350494147996429 0.842169623997334 0
0 0 0.9095643333219092 0.6075690377524275 0.4883812635505189 0
0 0 -0.5577151574840373 0.8184081700203361 1.973852493230241 0
0 0 -0.4397997480294491 0.8766836857594064 0.451253538800264 0
0 0 1.5256033526444042 0.9198755959041162 2.0089567482238446 0
0 0 -0.028767396608963436 1.4429450856509722 1.4986037959669145 0

