0 0 1.0409169776283829 0.7673253909979676 0.4059362110696374 0
0 0 -1.4512974272401786 2.074158716853579 1.7736141780783292 0
0 0 0.5616815949447527 -0.562588487506055 0.6101660312733586 0
0 0 -1.0475235474145834 0.09208685042801845 0.4646928349542314 0
0 0 -1.1492308601143746 -0.009930780638157888 0.4855957131405616 0
0 0 -1.208876390668854 2.0783855749234323 1.0584428102934482 0
0 0 -0.723297153449815 0.5683472339980584 1.996353093199703 0
0 0 -0.984913554980335 -0.6301904739769759 1.9936951302678183 0
0 0 -1.1246967667895982 2.084825117833474 1.9551379779265459 0
0 0 0.4916197118218051 0.3199827577518225 2.005532971823468 0
0 0 -1.003468269235361 1.3807818618006134 0.40997041546696955 0
0 0 1.5047209631700413 0.338618042242291 1.9654046239361302 0
0 0 1.3379943384177566 2.1078243104215035 0.9030786898822404 0
0 0 -0.47500858183042727 -0.5564694904731233 1.5605635608137214 0
0 0 -1.4704471011830524 -0.6483815178360997 0.8989630397138686 0
0 0 -0.4135077419874431 0.11047838707844015 0.4047113875928565 0
0 0 -0.8006415850890053 1.7532184376377715 1.9978544640141656 0
0 0 -0.9215534210738946 2.1072253519998614 0.5205456637043415 0
0 0 0.9778570086232894 -0.5683284805519964 1.5816116863820482 0
0 0 -1.3693027823695858 2.0661881395466573 1.2589800377772702 0
0 0 -0.9469777430389417 -0.5548159940130297 0.5198528875702186 0
0 0 -1.1499692658688911 0.5825848003054344 0.4077575632723073 0
0 0 1.1205708399291865 1.2781243359124743 0.45639566110918484 0
0 0 1.124290262883843 2.0559094540554526 0.7338284939487956 0
0 0 -0.8230090105372907 -0.6400926170298169 1.4415325199194782 0
0 0 1.0921585748287463 1.9842536652580132 2.0106957872018913 0
0 0 -0.6521502377593538 -0.28331560439449577 0.418059978804211 0
0 0 0.5403017055665891 1.7714201162438894 1.9945608203220617 0
0 0 0.6223946195885235 2.087067925911318 1.0906109382013895 0
0 0 -0.3759221527462222 1.1737281016220162 0.4828341377600506 0
0 0 -1.5561314979276273 2.0880687635559765 0.6238959790251022 0
0 0 -1.5487824459922988 2.055638139328644 0.8566507467330696 0
0 0 -1.2700865514866568 2.1443754101916026 1.4385741890080175 0
0 0 -1.2183687382731465 0.6372602557585885 0.45237614275836224 0
0 0 -0.5149329678034167 1.3885678275099738 0.4241074441852013 0
0 0 -0.2537748146060206 -0.30110161716186723 0.4043761804977267 0
0 0 -0.708330346668254 0.7136981377478395 1.990275875452601 0
0 0 0.8661398001894618 0.7569872096262327 2.0203358137348717 0
0 0 0.26386250091054464 -0.6364187760651083 0.8859447547395218 0
0 0 -1.3591593482963515 1.7568355056618292 2.0219493051473334 0
0 0 -0.9602843377916067 2.0520924551083337 0.5531321695160579 0
0 0 0.8088016147304677 2.061492208525017 1.4171183990581329 0
0 0 0.9496499928997482 2.0104577670472485 0.4657546365601153 0
0 0 1.1766834335906031 0.7754783284030544 2.02756751471007 0
0 0 -0.7045507915006024 1.5132625389614873 2.0463791543655914 0
0 0 -1.140162584932711 1.3212487094088254 1.953303818992103 0
0 0 -1.3789198505144435 0.8909349542835139 0.47991984353260564 0
0 0 -0.047248523322987124 2.131923163936973 0.8350544455519342 0
0 0 0.19247257154506636 -0.5900162137683924 1.2259285860957227 0
0 0 -0.1859356674364916 1.0606641918230229 2.040434956904651 0
0 0 0.19097204660877876 -0.42943167465920107 2.005080571435431 0
0 0 0.9535211833873194 0.7098497596560012 2.004765786266527 0
0 0 -0.5590390092156179 -0.108313717402577 0.44028700923162 0
0 0 -1.0565397450664462 0.8395904274371571 0.41591967903576077 0
0 0 1.4977793062601803 2.0857369442530262 0.6548865041885608 0
0 0 1.4688139025952522 2.1213304851586963 1.5812375931776572 0
0 0 1.4822969281327314 -0.5840661400835419 0.6871923512857088 0
0 0 -1.315023423225943 2.063879098081567 1.006514767444442 0
0 0 -0.9591755350728027 0.33177088789028186 0.4251470492977295 0
0 0 -0.09808042587054544 -0.49438082457760246 0.4937862477175198 0
0 0 -1.4803480080819162 -0.6447883753685242 1.325577053680477 0
0 0 -0.7239825504041659 1.441450553688972 0.4738699818004921 0
0 0 -1.4588372752874033 -0.18771970377789915 1.9560967940752447 0
0 0 -0.2995301069824674 1.4701016805908498 0.4804575832481969 0
0 0 -0.5371163777559325 2.053636876580062 1.7181011294833517 0
0 0 0.39144424765172037 1.943253203766177 0.4064208092127779 0
0 0 0.5007100020583635 1.9929114457962778 0.4623919924416825 0
0 0 0.5187025922017936 -0.6132534759513169 1.5326680990642323 0
0 0 -1.4294784788211952 0.9432746409286172 0.4463757565770867 0
0 0 -0.3217238152526165 0.8369243613763893 0.4308197466998671 0
0 0 -0.9661044053957173 1.0072683427186087 0.47529984710787865 0
0 0 -0.5594631069734008 -0.0423588916207307 1.9897499701434518 0
0 0 1.569209572640919 1.7062516181335103 0.46033361236666814 0
0 0 0.6191590482999452 2.1009300763075727 0.4176226353092358 0
0 0 0.034390561955906396 1.4530500329171143 0.4803844176038303 0
0 0 -0.3552868776340301 1.9167723146615792 1.9889769850053973 0
0 0 0.645336765471459 -0.6172364989797698 1.7300894178081523 0
0 0 -0.7665427108482008 -0.5779665929068252 1.7024112915734102 0
0 0 -1.3876837080707127 -0.3942449836540516 2.049541049923178 0
0 0 -0.15240284855968778 -0.6030974216798459 1.2815586327637507 0
0 0 0.48849048045655286 0.7204335840181224 2.016927737670848 0
0 0 1.449401933023974 2.1173777211110116 0.5175348418025758 0
0 0 -0.9500764085861897 1.827627523182709 0.4734829009697099 0
0 0 -0.4055411318826938 1.6878781572545483 0.4232686661618217 0
0 0 1.079449834871014 -0.5482135935257721 0.4405874082822825 0
0 0 -0.9943803413694999 2.0618037884341076 1.4449177328205138 0
0 0 -0.17203115153281812 2.078203826886301 0.9066022866231596 0
0 0 -0.1238161702285383 -0.6327256222698001 1.0116029236684003 0
0 0 -1.3279880650793867 0.16886180061685152 1.9629246793370094 0
0 0 -0.6667728631958261 -0.22578048169360088 0.40794986221213725 0
0 0 0.3224891823734297 -0.25666135080168084 0.4404970398870166 0
0 0 0.47674728119166954 1.275473575012907 0.4728276019130293 0
0 0 -0.1553594992661813 -0.62287257646195 0.8499439796033363 0
0 0 0.5772763707080402 1.7508402501393807 0.4689283077792935 0
0 0 0.6738714270522954 0.708295348479284 1.9555801008571758 0
0 0 -0.3563377810956059 2.0697514419466776 1.3718667580973158 0
0 0 -0.427087784837896 -0.615761512102583 1.4048670452888028 0
0 0 0.22433485430578592 1.4067592548443004 2.0154444181944253 0
0 0 -1.4026386063978242 -0.5808435215005552 1.79512638169236 0
0 0 1.0236138535444783 -0.21312457046797495 1.9787669341744047 0
0 0 -0.6561996294632172 -0.04408639564139838 0.4861025459480439 0
0 0 0.9367693928179888 2.091263284754226 1.6611757651508345 0
0 0 0.6922445895832747 -0.09156661766859853 1.9725888538037297 0
0 0 -1.3663850461846048 2.1256235283603155 1.7384538022472713 0
0 0 -1.2412644305861678 -0.5656919051521565 1.5265532900837173 0
0 0 -1.206081324208731 -0.6035587920858687 1.1389591281802502 0
0 0 0.4753670294916459 0.5884935322207798 0.47640427960463405 0
0 0 1.1685329406828053 1.5398942126964659 2.0081829713130843 0
0 0 -1.2667020941047706 0.7813292680728721 1.9961473750009213 0
0 0 0.2797905590421057 1.0553090384454304 0.43904365979983695 0
0 0 0.5691754785868226 2.102335071435083 1.9615150282492622 0
0 0 1.5171304287547285 -0.6064745104567304 0.5929233995698692 0
0 0 0.394667047773116 0.5657380999845036 2.0482288084483806 0
0 0 1.1488746391981186 2.109921824051108 1.130738913782446 0
0 0 0.3236707246048067 2.1159919183566416 0.5113724929927499 0
0 0 0.682441390816408 1.5569461228068324 0.49585747974708083 0
0 0 0.03867828817854213 2.066917437648185 1.5137137737116502 0
0 0 0.7915605038271645 2.1078062487666323 0.5552454997172336 0
0 0 -0.02354110927941999 -0.1260823395785804 0.403820395859426 0
0 0 0.7608685442654699 -0.5698549134345399 1.2558602938191914 0
0 0 0.00569302695052043 1.448609940732996 1.9748134884751303 0
0 0 -0.6621603472207289 0.0955425049066585 0.49208097600904877 0
0 0 0.7530254309725106 0.9294991714764764 0.44872341922246617 0
0 0 -0.17927029473651346 0.4761627713711427 0.45331820876571216 0
0 0 -1.0622862566216438 0.871459952197017 0.4833117518865715 0
0 0 0.5695147592726002 1.1896238635142287 0.40602976304159155 0
0 0 -0.39947820266828726 0.5576982149862699 1.9767191752261684 0
0 0 1.0392789466833086 -0.5535823339623096 1.6412366648441634 0
0 0 -0.20961956370042323 2.103397279532084 2.021353878722534 0
0 0 -0.40659502078715026 2.059530831921075 2.000345033719717 0
0 0 -0.4732085097773231 2.0923541215241404 1.3882526127102708 0
0 0 0.8362136705353285 -0.5312079733031256 2.051392310753058 0
0 0 -0.13289033266598138 0.5583113035370479 0.48503403310143933 0
0 0 1.036733102510818 -0.18201899432678603 2.0434983320467905 0
0 0 0.1292501259676433 -0.6328955890476697 1.3030205529114531 0
0 0 -0.7374684877475687 -0.43507802250038186 0.4591567965465879 0
0 0 -0.9791440212794471 0.011889579497110114 0.44997304843180874 0
0 0 0.7547859699837391 -0.6370081098600271 1.204411280568483 0
0 0 -1.5124081951749049 -0.6214890239382407 1.2697209355174852 0
0 0 0.7286166854696585 2.0980306100852593 0.5291789385365953 0
0 0 0.8917337259048259 1.6116527869369353 2.014514681654278 0
0 0 0.18200939002252126 0.18869995426065322 1.9834921535681418 0
0 0 -1.2597422919104018 0.2762074323256476 0.4845205898047774 0
0 0 1.5487564107205185 -0.6251060380503379 0.9175298914517424 0
0 0 -0.03539493287642026 -0.5887310302460111 1.934138428207252 0
0 0 0.9469221025992312 1.8897332309162744 0.4240252214293061 0
0 0 0.2946773803012974 -0.5798100077550814 1.9566387096904034 0
0 0 -1.5511849609281687 -0.0012150577946391516 1.9673867659988529 0
0 0 -0.8256154193992028 1.3493422317803705 2.047902392600654 0
0 0 -0.7669449586581778 2.092913452603982 1.7153964039030274 0
0 0 0.39833199810553555 0.8164925684943369 1.9691887662225485 0
0 0 -0.1054639378070319 1.0717759158673137 1.9544012698664077 0
0 0 -0.6264298675398807 0.6488503380630302 1.9899138713373148 0
0 0 0.38136157188138275 0.6940250594299793 0.47326772317473886 0
0 0 -1.1837373577721075 -0.6067722592338589 1.400643544671305 0
0 0 0.2869198878787571 -0.6498154673899517 1.6246365666669056 0
0 0 0.6197604535975403 2.1314592666724113 1.6329836120829018 0
0 0 -1.2800379993409854 -0.5884566686882424 0.6960918462209916 0
0 0 -0.8068139300179781 0.2300669768658129 1.9895760912679528 0
0 0 -0.6970470383197538 -0.5841061986519824 0.9023421248622194 0
0 0 -0.9628609600580041 -0.0935486657520952 0.5016777542206079 0
0 0 -1.1538967648996368 0.633705207856829 1.977066124009178 0
0 0 -0.7885153269428207 -0.5764090367041734 1.8387205459092175 0
0 0 1.3498325532032602 2.1361689420586982 0.810703436393625 0
0 0 -0.9125636539094703 -0.5683134534846741 1.5106177870448563 0
0 0 1.2066748593155139 1.7309311783752144 2.0407749820938648 0
0 0 1.3602045823137523 1.1261131159489404 0.4833661731705772 0
0 0 -1.2468994496166657 0.5809738750417377 2.031978512701716 0
0 0 -0.9037201907453283 2.0479926407964815 2.0146590430673705 0
0 0 1.3174570712869742 0.9125199755981148 2.046832062775598 0
0 0 0.5291592839739647 2.108291587706009 0.5546726404318413 0
0 0 1.014349083666557 2.1175984188949406 0.5574830587641465 0
0 0 -0.637321689895606 1.5032156384766486 1.964750704750731 0
0 0 -0.7643646233050841 2.103082519349233 0.5144527722419061 0
0 0 0.598972769813364 1.1448611753582913 1.9540366988913678 0
0 0 0.286489548107542 0.2883381467009829 2.028952087305527 0
0 0 -1.225340922498411 0.9799802441954462 0.4141037905188848 0
0 0 -0.50814110279305 0.30411277312147056 0.4689527073899792 0
0 0 -0.8035965784329128 0.9118317579116912 0.40742364426584987 0
0 0 -0.4936254801679696 2.1107197031813683 1.3601685660126077 0
0 0 0.21236064511647545 0.8490824966959458 2.038494334820875 0
0 0 -0.6832401104122586 2.1227923964019118 0.5337435065935368 0
0 0 1.2422879080733549 -0.5804604485172971 1.7686485359089847 0
0 0 -0.1166456083087486 0.4489905659500467 0.4200880164625529 0
0 0 0.06758386633892854 2.122360079956473 1.5436012549004678 0
0 0 -1.3235290466446277 -0.5719258322470115 0.674405998990833 0
0 0 -0.49241284576691347 -0.5757242759553267 1.7992154495491741 0
0 0 -0.7327547562683672 0.07527434087461116 0.4580284634969767 0
0 0 -0.34941473591269445 1.3843748523215957 0.4347589277385472 0
0 0 0.8186621425320211 0.4471296650422969 0.4436220603442267 0
0 0 1.0316486538534946 0.8965490477327995 0.4249386210304784 0
0 0 -0.2586071711282867 0.4477526394975493 1.9979519126398402 0
0 0 -0.6653189704083241 0.12886171914949263 0.48014741831984575 0
0 0 1.4830632329947884 -0.6219203614567517 0.8792849125676128 0
0 0 -1.0506329619579198 2.097674449017526 0.7826782900953393 0
0 0 1.1273187530415094 2.1338653502209213 1.466060826604819 0
0 0 1.3179509450711704 -0.6093527687412745 0.5682191379522631 0
0 0 -1.2487860305019125 1.8618573486881267 2.0059360242974225 0
0 0 -0.33031114591602506 2.114951167434324 0.8480571157388155 0
0 0 0.07741082402531596 0.4801711539221767 0.4084783799883066 0
0 0 -0.20043061111351346 2.064103561032418 1.2399364115547273 0
0 0 -1.3646050425212386 0.151333382810514 0.4640042112088477 0
0 0 0.9294774805885999 1.3845091374071827 2.018701430908684 0
0 0 -1.2013501976269092 2.054356630133209 1.4112162835054873 0
0 0 1.4304975183190094 -0.5515134005428288 0.43735191348174507 0
0 0 0.3097173373193478 0.3128080377759407 0.49499733161842896 0
0 0 -1.2845445193194747 0.2318240375169437 1.994417351729631 0
0 0 0.7653451797436674 1.6375089274290564 0.42123737903380265 0
0 0 -1.0902238046668664 -0.5760214158932311 0.8602429681221163 0
0 0 1.439546434863467 -0.10002823355679047 2.039267414204387 0
0 0 0.8530097585670076 -0.6235182700091264 1.3667681199100552 0
0 0 -0.20667035028783576 -0.5969142890131585 0.5912622613131692 0
0 0 1.0424737021651374 -0.6081207970224956 1.6123693259777185 0
0 0 1.242160788700493 -0.5549692733459808 1.744701118691812 0
0 0 -1.114149753974076 1.5156355278473181 0.4805696468947829 0
0 0 1.35226590223483 2.0979632216688513 1.5386003241753954 0
0 0 1.3167408483234726 1.1965326631295123 2.013446211747103 0
0 0 0.551463915650106 2.1173379594770383 1.6414739665880373 0
0 0 -1.3112360210033047 -0.013127821279197982 0.47208325313711774 0
0 0 -0.19960464583348236 2.134159417024781 1.6867253776025128 0
0 0 -0.9070817803865237 -0.6061538755969726 0.6827627357066832 0
0 0 -0.08005727608361757 0.39652961103463513 0.48908797096341017 0
0 0 -0.33415763513533636 1.4548634445025306 2.011395591109015 0
0 0 -0.7386488671546866 1.4406791067879194 0.4844373236396021 0
0 0 -1.3299390915345086 1.8418314770748554 1.9574948024260501 0
0 0 -0.0877801941068368 -0.6054842096615676 0.6702503819788976 0
0 0 0.423791169562445 -0.6470539240860282 1.1229821803636124 0
0 0 0.9784835669226237 -0.4082490669074572 2.038730374691517 0
0 0 -0.46217049462031645 0.08212035195623646 0.4292238075780992 0
0 0 1.1096860143329277 2.070685670806454 1.1514933011800825 0
0 0 -0.18842930572807015 1.7353421532709044 0.4360125185829439 0
0 0 0.24901745375078366 0.8725239520780972 0.4405693168869972 0
0 0 0.6277245877984412 2.144003352337311 1.8981368920017996 0
0 0 0.6599178786724758 -0.5522910247219299 0.899385699381031 0
0 0 1.292618584156486 0.47409243426027925 0.4882149966654732 0
0 0 -0.3071178790863114 -0.6121499347110151 1.738897510130347 0
0 0 0.9781724289873428 2.086581458700293 0.8699025194356984 0
0 0 0.4189106302415653 2.0724679092589184 1.500151538391394 0
0 0 -0.85407718638854 1.9985195079465183 2.045071960281365 0
0 0 -1.2287122690070884 2.069661379283178 1.7730740297602006 0
0 0 -1.3557363202355739 -0.5982645543923661 0.6043020842662121 0
0 0 0.001452600520880143 1.8193501484964207 1.962464791517844 0
0 0 -1.1142543842684678 -0.1797320530189137 2.037320303438948 0
0 0 -0.41464430940507535 1.2792127941632965 0.4437439699574456 0
0 0 -0.4930966200228637 0.6844843565575884 0.4882026203290395 0
0 0 -0.5296018439340882 0.2431347346244659 0.495576956757497 0
0 0 1.4603100713012807 1.795814848341475 0.4641594546006894 0
0 0 -0.02430900133954661 1.7660068993673208 0.47681753053477394 0
0 0 0.8635895805467442 0.4136485919595726 0.45691289225268206 0
0 0 -0.5435648248075646 2.1115641536762597 1.4127132507583111 0
0 0 0.30770933711245263 0.062058780514148926 2.0226875464172833 0
0 0 -0.8035506028199387 2.0973035867176315 1.5215386511153668 0
0 0 0.6548368341398825 2.13346998809315 0.44115070707279846 0
0 0 -1.3945454309366754 0.8409964087363473 0.46344639344032945 0
0 0 0.5557996489922483 -0.5664500188276174 1.0810268019612779 0
0 0 0.573161147743181 1.252313532223831 2.0167269374650805 0
0 0 0.7822458301067097 -0.5862199296850452 1.377867467721353 0
0 0 0.8001886432417291 1.4807942241618488 0.4685612749433621 0
0 0 1.1648489731795229 -0.6214606307111867 1.394880658772487 0
0 0 1.3785275762050815 2.0916486993844736 1.4895194574432686 0
0 0 0.2511186054730967 1.7091871170982273 2.0297511891461397 0
0 0 0.4827972168749728 -0.046454925019764004 0.4720864902383328 0
0 0 1.26109056469264 -0.5773878401275181 1.3590456375919866 0
0 0 0.587964409615048 -0.6211953494086024 1.822392517322772 0
0 0 1.1912829886893594 0.2470691639060575 0.4640185058967071 0
0 0 -0.15792397873613617 2.1057464517638103 1.813301094153116 0
0 0 1.528340632036763 0.7721013563564729 0.499692818980637 0
0 0 -0.31683560633641616 2.1020906670510704 1.3723891454524542 0
0 0 0.4024615196925889 0.6861980511182222 1.9607744629011585 0
0 0 -0.0890198943462508 -0.1589925091165414 2.0136318330497947 0
0 0 0.3388163534998163 0.6659201678375695 0.4679489920327977 0
0 0 -0.7136070038701382 -0.0029405883829896062 0.4921649079607623 0
0 0 0.1631890384809227 2.0862687152380794 1.9171885017432997 0
0 0 0.35723572398986514 2.071701740526338 0.927079254027485 0
0 0 -0.2763484163978127 -0.5756939880720022 1.9518383446329868 0
0 0 -0.5540516297242344 2.068796588279243 0.535041538494473 0
0 0 0.5067383917320742 0.06073808519778434 0.4691911847129441 0
0 0 0.4425485081002596 -0.02798944523865743 0.4307803483174658 0
0 0 0.45007143769662417 -0.6007930301809257 0.9234838228646262 0
0 0 -0.22702104837379777 0.6261777615291588 1.9849813959044897 0
0 0 -0.09299034925878602 0.20674916934960497 1.979975847474209 0
0 0 -0.9483334918685499 1.854350807821383 0.4789182067008003 0
0 0 0.9137893969252704 1.4079895314481243 0.4555057686729187 0
0 0 0.8615960453975315 2.0768683818592786 1.3431330526668397 0
0 0 -1.5418111160551748 -0.6056326447535856 1.046598034555501 0
0 0 1.0149458225802888 0.020155300840765555 2.008143961536158 0
0 0 -1.4042995731158074 -0.5875176375391578 1.2249278803607595 0
0 0 1.0685284879086092 2.1075593874783345 1.4981884175840594 0
0 0 -0.5183950942230002 -0.6327696810151011 1.9175428324562658 0
0 0 -0.6701994463233908 -0.1845536988619385 0.40405210171018746 0
0 0 -0.9235816324155721 -0.028923066267052433 0.47945064256792436 0
0 0 1.1921205171148035 1.6235388100928534 2.020063312509359 0
0 0 1.023119056310665 0.6968813846989383 0.4805216120182241 0
0 0 0.6927584528984059 2.135414870541398 1.5711597232427017 0
0 0 -0.5033836572462518 -0.22414216088735706 2.0283384872692944 0
0 0 -0.5479899725420045 -0.5764886003762222 1.7847638781231137 0
0 0 1.134405095786362 -0.6171695647853466 1.9188266906085343 0
0 0 0.20362444018317438 -0.029909895317907553 0.4536804485740039 0
0 0 -0.9504897751627703 0.020276893311762745 1.96745124469776 0
0 0 0.8955277406799924 2.1096873033096024 0.6296054486880694 0
0 0 1.4212249525150424 -0.6239704761700344 1.8644527845747192 0
0 0 1.3827282923268998 -0.005577289715893219 1.998571399661836 0
0 0 0.909598582751812 -0.29594897236167905 1.9906969136258117 0
0 0 -0.16438225997728528 1.1026418433753895 2.0357746957012455 0
0 0 -1.5573571845250045 0.10955829454898869 2.0435044987884448 0
0 0 1.54372514843236 0.23514766725831204 1.9612006497162024 0
0 0 0.8829307526381966 -0.5617655541060897 0.5332938607219986 0
0 0 0.18045813554936196 1.88940405801384 2.0443570194724274 0
0 0 1.5639971836626465 -0.16987818443551883 2.034309274932268 0
0 0 0.4551912191219798 1.915102748536105 2.017793515163098 0
0 0 -0.22125907750607432 2.0999471655712205 1.7983970963001144 0
0 0 0.6026022164155904 -0.646713510066595 1.0714206198323275 0
0 0 1.4265831983358757 2.116241920698127 1.9617157858534697 0
0 0 1.3771461097779372 1.9496564319053051 0.43593223842994977 0
0 0 -0.42243140424338543 0.562134000888328 0.451573810261637 0
0 0 0.5049363889365561 2.11850706142517 0.7600024408302251 0
0 0 1.085652337526354 -0.5328937034892078 1.9661118018874513 0
0 0 -0.9855532847265669 -0.5510981728753184 1.7013941575702256 0
0 0 -0.046293771717951016 0.6079182472774236 2.0525556589555034 0
0 0 -0.6020441076192532 1.2597925816841429 1.9566030192630377 0
0 0 1.1219152646266464 0.41260788251120306 0.49333713824365344 0
0 0 0.9386593768328138 1.6149788728589367 0.4883331496325063 0
0 0 0.5214598150036713 -0.6091828304797711 0.9307762861253488 0
0 0 -1.0427104290284357 -0.5928611083770345 0.7335282773202001 0
0 0 -1.2879927988125683 2.133028359087721 0.8021918343210331 0
0 0 -0.7314267565698881 -0.5893241138880443 1.7276296860975329 0
0 0 -0.9730880485106593 0.5029433189373618 1.9732807540300845 0
0 0 1.0437008290434182 1.9010515954880767 0.41223820776323183 0
0 0 -1.4944903229463375 -0.6114443490088108 0.9571415100634744 0
0 0 0.2723104512963146 0.3862388787885438 2.042750144897224 0
0 0 0.33762723396046823 1.6413874660876153 2.032823635030213 0
0 0 -0.365242934407918 2.066294944243114 2.035689832104773 0
0 0 1.2027815143612264 -0.5818804969707894 1.7948384920855744 0
0 0 1.4869493750324438 2.0790627185400323 1.0801222425602108 0
0 0 0.6577079286326675 2.098918842767294 0.734858021495906 0
0 0 0.08730736324801924 -0.644536926655157 1.2136926965093737 0
0 0 0.7519488029713752 1.7461359824837313 0.4422843317944668 0
0 0 1.4989840522862434 -0.63093300315356 0.44054134128750055 0
0 0 -0.749073515704554 2.0571469842364416 0.8321935951084631 0
0 0 -0.3940460236761638 1.4151447061655364 0.5019867870880068 0
0 0 0.9477144094137735 -0.07437618744012953 0.4776093538267705 0
0 0 0.6190937719648493 -0.286415078023617 2.040806954361608 0
0 0 -1.247582278428387 0.7714430721497214 1.9587454077626312 0
0 0 0.1945371939597802 1.910795158724339 1.9719909678121486 0
0 0 -0.18836584077019713 1.9305281930843676 0.4948141322258359 0
0 0 -0.9485379204930076 2.100424604171618 1.20535706356026 0
0 0 1.2582154844757771 -0.5065800501759188 2.048410193520018 0
0 0 -1.1956933247126946 0.25342135363837814 1.9748716016784025 0
0 0 0.8216050122580487 0.43770019986196806 1.975000461290425 0
0 0 0.7393259099874094 2.067418166189407 0.8952930328298451 0
0 0 -1.1723114911165355 1.059761754203566 2.033617694790379 0
0 0 0.8010413786339146 0.8969338086436045 0.44146943199433974 0
0 0 -0.5139142670397123 -0.15668166504208159 1.9989518380952025 0
0 0 -0.5632263905640393 0.2569546387073436 1.9866336825572324 0
0 0 -0.03692649173350526 -0.41830645392575994 0.4608822815295833 0
0 0 -0.7453508299565059 1.2925899972371213 0.4396736450415626 0
0 0 -0.8269521087700832 1.795124089813705 0.4687410339978084 0
0 0 -1.4692238108794442 1.4581577511752923 2.0516367354605496 0
0 0 0.5249272050700307 2.1092144897026666 1.3124715641090003 0
0 0 1.2533229405960506 -0.47552748420501434 1.9890985675184816 0
0 0 -1.3199991927425418 -0.4145742383836477 2.0476224024981944 0
0 0 -0.5595725240824434 1.4968356319168674 0.4534607209484951 0
0 0 1.3299364636652613 0.719224304658507 0.46497193668325587 0
0 0 -0.005072986846388794 -0.43818485666456963 2.0056933564398576 0
0 0 -0.09427693621848321 1.3629215592722372 0.468449941656227 0
0 0 -0.9991794340960357 -0.13007315068843328 1.9886367033117711 0
0 0 1.3533235484541541 1.0534246749638085 2.0096842729662225 0
0 0 1.3524614102722445 0.87214621945947 0.4623839885364004 0
0 0 -1.2089156147484363 2.124133480921594 2.0172127770235373 0
0 0 0.5507031569636962 2.0351331866252336 0.4341926738494535 0
0 0 0.34747410508762444 1.747781594105316 1.990859043129366 0
0 0 0.08061332082045003 -0.5945626020618691 0.616831982587493 0
0 0 -0.04338219747262961 0.12833106205280076 2.0323610806390393 0
0 0 0.04561935345439183 -0.558642598477745 1.0285017253828395 0
0 0 1.3193571118786283 -0.29175006220354716 0.4614728679117266 0
0 0 -0.33750083237726414 1.6616874295344208 1.966558112034721 0
0 0 -0.34374363224850435 1.1504128058510517 1.972720702138325 0
0 0 1.1619212675882507 2.05995714351571 0.5990028579637041 0
0 0 -0.6130380613683524 2.0346168853493767 2.012981648055147 0
0 0 -0.5069207118191474 -0.6248396858157335 1.4509485623972243 0
0 0 1.1023386899985388 -0.564929531323805 1.3298827381630893 0
0 0 -0.39350922823716905 0.5813154242056213 0.45537802096601976 0
0 0 -0.20938619070750653 1.617270319961326 2.0044913893293383 0
0 0 1.0432983364152295 2.1488018870052943 1.3880146907353974 0
0 0 -0.4322966234056498 1.0350658304384825 1.960667677243603 0
0 0 -1.3208190373948363 2.099135362511548 0.9021157694212928 0
0 0 -0.4843922015817106 2.1342960358276652 0.7374236513044019 0
0 0 1.1294514538249922 2.1337374600003507 1.8292462474383582 0
0 0 1.4218959634794195 2.0786446941474015 1.4857163853685758 0
0 0 -0.9207248418031055 -0.4043402273434926 0.45328125581144607 0
0 0 1.3503300512311807 -0.5632528683658082 0.998282027889279 0
0 0 -0.5708377945452802 2.0314697878861256 1.9996382644758222 0
0 0 1.3909042321097993 0.35605019764691825 1.991496037934776 0
0 0 0.5792203937861271 2.065691750380684 0.6622850305459551 0
0 0 -0.24966167626681668 0.3932144493448395 2.0212200696422498 0
0 0 1.0997730232637215 -0.5527115774300775 1.8354850498409618 0
0 0 1.1447602785009083 0.08840569269332565 0.41664235820822804 0
0 0 -0.18720983176957007 -0.4707446840420073 2.0011544000850097 0
0 0 -0.5419667562869319 -0.552216306846097 1.0547033819769904 0
0 0 1.1240647918178612 -0.5657861649334577 1.1292556277601924 0
0 0 -1.4879632048519307 -0.49684187909305 0.4895235530929961 0
0 0 -0.10331985332849802 -0.5653584814256158 1.8164146464351159 0
0 0 -0.47796957862994116 -0.6368838437514153 1.4947473677432859 0
0 0 0.8137098403518457 2.1138755164484677 1.818617957664779 0
0 0 0.838623433644273 1.72819765299015 0.5014889759446522 0
0 0 1.5286111004062883 0.7543018446718595 0.46274426021570236 0
0 0 0.13626780836047114 1.5060875838627312 2.013196560305503 0
0 0 1.3242317884470078 1.8519548763762923 2.0090980918845145 0
0 0 0.11491000629973724 0.20368153124231325 0.43059509630376525 0
0 0 -0.788417782987027 -0.6144291776786306 1.7544577043439733 0
0 0 -0.6420256720262282 1.2071392100598168 0.458628271475381 0
0 0 1.425510532589878 1.7184884528457476 1.9719274124062642 0
0 0 0.01710129407886174 -0.2761727433340053 0.47851220286800045 0
0 0 -0.24147596110526948 -0.3386811736104298 0.42450104303670033 0
0 0 -0.7339110019258261 2.0537695419551807 0.6969132526850008 0
0 0 -0.9773036155126059 -0.6432398403257726 1.7141993846274843 0
0 0 -0.13688994286380374 1.696829678309397 2.0023586576667833 0
0 0 -0.7889151864735814 -0.5794441015790717 1.6425229515009507 0
0 0 0.2578024430442616 1.9978073108323644 1.9796821944316876 0
0 0 -0.8151154699328977 2.1028680063054743 0.8624731728408802 0
0 0 -0.3236933989800337 0.7869255291155139 0.48202372181906106 0
0 0 -0.3541376849373905 2.1153055338088653 0.8844216445247322 0
0 0 -0.7462104277724256 0.5901664538937028 0.4613900399349037 0
0 0 1.0898734902332001 2.0960457658607377 0.8018643892868342 0
0 0 -0.8856710489796725 -0.12412166365837807 0.4432157448798688 0
0 0 -1.3689163366955026 0.24649966834354586 1.9661839517851294 0
0 0 -1.1300192255443011 0.18905430702951342 0.49610000895917605 0
0 0 -0.6395681869433053 0.7482704395818061 0.5027461686876606 0
0 0 1.2558975199930837 -0.4816441808103682 1.9725358551960408 0
0 0 0.6670151829056916 2.069439657123028 1.4894086924934138 0
0 0 -0.7829782745959639 0.49515771847089884 0.4037509880833061 0
0 0 -0.8555204975471752 1.8806308070390483 2.0163960753477035 0
0 0 -0.6017850343113145 2.145102388572734 0.9974991615663461 0
0 0 -0.7898911502010811 -0.09164981168989961 1.9610756062145853 0
0 0 0.5160889178034553 -0.5500642578665593 1.1336426593429128 0
0 0 -0.8456006704849749 1.756178476206627 0.5022520002790998 0
0 0 -1.0817903368408974 0.6811294982451641 2.0423791402342197 0
0 0 0.7579484807333614 -0.6377591560480769 1.0420580299076065 0
0 0 0.9255194575699353 0.8797379029032169 0.44885098520824507 0
0 0 1.4685133830389714 -0.6164479482958625 0.8134365781233934 0
0 0 0.31692448758502256 1.4641238454967562 0.44643540018006334 0
0 0 0.4074318567520403 0.8722859584065827 1.9738704982763118 0
0 0 -1.410115532856193 -0.3563157627537399 1.9983945018675213 0
0 0 1.2139785885612975 -0.00784072997974683 1.991914510338073 0
0 0 -0.6226778763133956 0.6955875845435573 1.9923435133473757 0
0 0 -0.8544599054949249 -0.5744694368423746 0.6543571708835803 0
0 0 -0.04216019891034506 0.1822045169488664 0.4291965498648578 0
0 0 0.985956694556021 2.063272481995895 1.0983849921171869 0
0 0 0.30465785244646293 0.5865906862110593 1.9756688641262874 0
0 0 -1.3239238822694146 1.125014382325827 1.9779483594514744 0
0 0 0.4022121674301702 1.2662826278137653 1.9697516658995797 0
0 0 -0.1945284738211872 -0.5815141039313827 0.9964875604400335 0
0 0 -0.15048310321089975 1.713991965423615 1.987157597099924 0
0 0 0.3997084737192642 0.8100863647494707 2.001644999528128 0
0 0 0.40975039729018414 -0.5768795160787614 0.9198784745106979 0
0 0 0.6975821030704643 2.0849435273042514 1.7646863056668656 0
0 0 -0.3938666290693509 1.0127436251424102 0.42273211827987067 0
0 0 -0.09653555610382036 -0.24560249185072602 2.048355838104766 0
0 0 -1.5424750860854337 -0.5960889646645178 0.7964891090788191 0
0 0 -1.2063033524651792 -0.5991571966900859 2.0410237112186973 0
0 0 1.506956796321166 1.1794005308403928 2.0324452729463562 0
0 0 -0.6678318793359583 0.7985500966421082 2.012429123547206 0
0 0 -0.7574005676327095 0.010494769283194372 1.9842789935738199 0
0 0 -0.24161464995204152 1.408583962242536 1.9740784410772112 0
0 0 1.2516478561263353 0.2440155255336951 0.4442730090343202 0
0 0 0.6091381473144248 0.03525819572382949 0.42204088570750864 0
0 0 -0.8532858253026814 1.362674107387106 2.047861309800113 0
0 0 0.9222266441595246 -0.3330995933315315 0.4731225342459827 0
0 0 -1.172491985571122 0.036243296282085335 0.4432386350237397 0
0 0 0.02425815629113126 0.4564963490030789 0.4884982793130672 0
0 0 0.3131304619119617 1.2540842981358278 2.0116646676550847 0
0 0 -0.49037710032876336 0.024726458932831874 1.96792672927521 0
0 0 -0.5531996580489977 -0.02416198957723581 0.4830040366120294 0
0 0 0.6476188271475753 2.091564451207935 0.9407784679285217 0
0 0 -0.5596043114465699 -0.375470027078034 2.0220590394964217 0
0 0 -0.7790191247214876 1.4133454748793006 0.45055979820746495 0
0 0 1.002581111247872 2.079754371696854 1.7596969282510013 0
0 0 1.257437328955353 -0.5534623317209906 2.045003853772484 0
0 0 -0.16419862541056252 1.8963917350683037 0.4230804514356913 0
0 0 0.9592870337816786 -0.3596849735320473 0.42749772083184334 0
0 0 -0.3368990001917782 0.644739153169273 2.0526089542693633 0
0 0 1.1598026104758623 1.0650786156697345 1.9601668691524994 0
0 0 -1.361191751168295 2.1086070536477948 1.0824665570202137 0
0 0 -1.0813968488005916 1.7210870874264284 1.9554415497387563 0
0 0 0.21741721656714286 -0.519613918440305 2.0501900205230386 0
0 0 1.3554106266156638 -0.317855783350786 0.4447101994377355 0
0 0 0.8043789694824133 0.40744628744041733 0.4566779449219922 0
0 0 0.7190999903880222 1.0461531295331281 1.9829554115668593 0
0 0 0.8218805311964967 -0.6271999292510375 0.6003583016841914 0
0 0 0.33216495759045883 -0.6230635363076553 0.93727893810379 0
0 0 -1.0758582260656873 2.088543378996267 1.942563615492557 0
0 0 0.5132806800486014 2.1199088859070576 1.8100009620187751 0
0 0 -1.0547807611767532 -0.0024936127770266436 0.501018596546302 0
0 0 0.7286489235805544 1.987022064492251 0.4352659685991943 0
0 0 0.17033865977633145 0.19614376181414794 2.0346220598780795 0
0 0 1.456396174637697 0.9693398712969394 1.9806187838383087 0
0 0 0.4409189607756674 2.095790636218075 1.4398674100759792 0
0 0 1.2698287916181332 2.130102722573338 1.9913905438789283 0
0 0 0.5659014096484065 1.625906850951168 0.4979614376687461 0
0 0 0.9358933197699391 0.5903637023918966 1.988932241764788 0
0 0 -0.23247637401466492 0.576225723502664 0.47133008580172464 0
0 0 -1.0368517367639465 0.4470054276421457 0.43245591675359574 0
0 0 -1.0443395116967378 0.6468508091664873 0.48243711134888767 0
0 0 -1.4468329612610515 -0.09370272585683836 2.0129112859912768 0
0 0 -1.2326396404890245 1.320871970731379 0.4061514311638197 0
0 0 -0.30237866653504386 -0.38487722635857446 0.4292691802175822 0
0 0 0.22871607389987525 1.762095901926781 0.45950683326891983 0
0 0 -0.6834889811597328 -0.6194342929880987 0.9536038578372549 0
0 0 -1.5421923425238133 1.0309923841053352 2.043979051746568 0
0 0 1.4698200249336355 0.15316069609052463 1.9950613899624423 0
0 0 0.803137128330345 2.076122552867593 1.2295265860740172 0
0 0 0.43283640149075664 -0.3309657176745695 0.4581248513915066 0
0 0 -1.4622372670534598 -0.09915914343254817 1.979022006637264 0
0 0 1.548985860076796 -0.6452396609925481 0.859813417010449 0
0 0 -0.5493913923206177 1.7250931109610625 1.953862578213819 0
0 0 1.2584115333133683 1.1996633842654698 0.47253139514410847 0
0 0 0.5447435462269978 1.1015829125044316 0.47137557445455147 0
0 0 -1.0537354383459991 0.3967617146995527 0.4189717051913303 0
0 0 -0.29896896327673184 1.0063830340010966 2.0116992139191465 0
0 0 0.14852564623641995 -0.4913574228906614 2.039394729182766 0
0 0 0.01565117126678306 0.9339692045433574 0.46880560302286367 0
0 0 -0.981867065467196 1.5504201102448454 1.9845182280629352 0
0 0 -0.5286936238318944 -0.5936154891333192 1.9027896433150975 0
0 0 1.1503658029140076 -0.28785293425704284 1.9753212015841648 0
0 0 -1.2146614343849358 1.3775903476341775 2.0291430265252615 0
0 0 0.5720685153187306 0.45875247436791255 2.030785748548716 0
0 0 -1.0481175169478514 2.057665914872852 0.9413051807974353 0
0 0 -0.021538031196132845 2.087531206157746 1.9233341102596013 0
0 0 -0.6291462995176988 2.0122693092529857 0.4411739976115021 0
0 0 0.31821501359078996 -0.35302253542680573 0.4996165472923292 0
0 0 0.710483657911559 2.113515728916632 1.8317471980546915 0
0 0 -1.3043860761812922 -0.6272893304765033 1.0644232392939803 0
0 0 -0.35235069345904835 -0.44351520281061796 0.47585880654618873 0
0 0 -1.0173453559023453 1.9829928188329469 0.4419208180991372 0
0 0 -1.4031029973638989 -0.6136345367832001 1.6566271905322605 0
0 0 -1.4354264051887087 2.0785865513669717 0.681259910350758 0
0 0 -1.3209958788461271 -0.5721038895577808 2.0296015867216366 0
0 0 1.314105010390199 1.3765732156141828 0.4263389367619388 0
0 0 -1.36574584785805 2.0530575572957623 0.6895222767901998 0
0 0 1.5409653220135908 -0.498399296212225 0.4368555495231282 0
0 0 -1.3273702690313065 0.25993894716400723 0.4159624653965013 0
0 0 1.1684731378039515 2.095759608849277 0.4849262192338242 0
0 0 0.3245421725619806 2.0998892564144986 0.751898526217216 0
0 0 -1.517910277163507 -0.5801519215988165 1.0855519422715432 0
0 0 -0.8522004782524655 -0.5559428991962558 0.9715204494417267 0
0 0 0.8261287041374485 1.1498023705778235 2.0510816443716804 0
0 0 0.9474954503322448 0.4452772777336387 0.4893305977297656 0
0 0 0.21553405221371125 0.5618930438329865 0.48904539206204756 0
0 0 0.48937205844501985 2.0843299814251672 0.7710318817375087 0
0 0 -0.27556153878737244 -0.565669426187694 0.6251979199818601 0
0 0 -0.26221966407947783 0.5096915928935895 1.9995097258037502 0
0 0 1.4740384371360693 2.053766283367082 1.9084186772104823 0
0 0 -0.5481809839180853 2.1299670554848658 1.8508053509149414 0
0 0 -1.5167939422638386 -0.1980745830895907 0.4095172771176735 0
0 0 -1.3600482981653883 2.062784403626415 1.1076310317587654 0
0 0 0.4099190831022006 -0.5661168320709247 1.090265085378067 0
0 0 -1.444563413886387 0.9251524856989604 0.440717254527898 0
0 0 -1.1264000955459301 2.119186624142478 0.6125644563043549 0
0 0 0.40693282911171313 -0.24878816911064305 0.4552904547330081 0
0 0 -0.45539333252067205 0.3729267390368687 1.9557325069205271 0
0 0 0.12268927317327916 1.824050275355474 2.043848113542249 0
0 0 0.9447781301127467 -0.05228022533704291 0.4554019753743126 0
0 0 -1.1579374725468408 0.6684635785180775 1.974871980758794 0
0 0 0.98982681696363 1.9815110392197817 0.43695980761069975 0
0 0 -0.22853392034637388 -0.5658181293636988 1.73877097368081 0
0 0 0.4175412592393557 -0.055367855357000284 0.40562430188471776 0
0 0 0.9769780451469678 -0.6132170348154793 1.016685057845232 0
0 0 -0.3835705851231339 2.0922665925736545 1.1189953880198167 0
0 0 -0.4895506451768159 0.875914620532626 0.45600136960279436 0
0 0 -0.7796107136965446 2.1157568011209684 0.4162490501426964 0
0 0 1.508640789038961 -0.6296606143103598 1.3233864488486824 0
0 0 -0.9295838921340425 0.45108994871665975 0.48790507776892 0
0 0 -0.962067229721688 -0.18057396208501286 1.984453704221079 0
0 0 0.04560842332275228 0.4733942643487057 1.9776689959655394 0
0 0 0.046355114434592615 0.7447979317906785 1.9796560927070361 0
0 0 0.13139438720628815 1.9830345285185376 1.9953506667654015 0
0 0 1.2062233921205459 -0.6331014335939043 1.8038193154762316 0
0 0 -0.16953932408803563 2.149783869021909 1.8351962796196168 0
0 0 -0.6726977589935235 1.1171661767646082 0.44158342389215166 0
0 0 0.5434050737013862 2.114603016716943 1.1915485393569012 0
0 0 -0.20120373795584623 -0.6396977485513744 1.1934027526749844 0
0 0 0.8205240149543602 -0.32170537098691687 0.4034805123805655 0
0 0 -1.0262234208299608 2.1310689137341976 0.8515356072423135 0
0 0 0.4841931901748864 -0.1687129856391234 2.00371756084251 0
0 0 -1.4094334788638505 -0.5015471669662492 0.42593516096374917 0
0 0 -1.0018416432739496 2.0791480554044925 0.6028962302736578 0
0 0 -0.27384679494769393 -0.6476435787739332 0.8175368120487488 0
0 0 0.3190761619208251 0.4344753929530746 0.46737981574105103 0
0 0 -0.5621448622072027 1.2213670703004966 0.4966589025444538 0
0 0 1.4367183330701012 2.072818932897646 1.6401680258604094 0
0 0 1.196856451048919 2.060746920544468 0.49828972252283954 0
0 0 -1.3185129290531425 0.3728993993001761 1.957625349612099 0
0 0 0.805319886631978 -0.10542309246908887 0.4857321189653392 0
0 0 -0.5255466219708322 0.9348793895486014 0.4243545281343122 0
0 0 0.9151332879514564 -0.4660022655803 0.41694848251265815 0
0 0 0.6037378531792363 -0.5976963102040647 1.6635780638906665 0
0 0 0.9302252468488317 2.1063262954779454 1.3830910111544124 0
0 0 -1.247022461285105 1.4023395702542334 2.017061221594779 0
0 0 -1.429008938156345 0.45172020855054895 0.42822428685346314 0
0 0 0.22008265532307503 0.8149804103285803 0.45570333742016367 0
0 0 -1.4054560111789782 2.0677805274296475 1.5775222173428323 0
0 0 -0.1845046766909162 1.0893663779901483 2.04535544462491 0
0 0 1.5489763579368532 -0.5915368430993213 1.1812204586533468 0
0 0 -0.9832575042463314 0.7341990246269252 2.0499008749904117 0
0 0 1.0589013192561012 1.0846713577187952 1.9576040891902333 0
0 0 0.3824643431884711 0.6147420889471233 2.043460976386932 0
0 0 -0.7452931780273707 0.5928722638698887 2.0277280390964822 0
0 0 -0.20669652990585674 0.9888638606053708 1.9899330891654488 0
0 0 -1.0309499242144042 -0.47835434051865233 2.0275539665247537 0
0 0 -0.9705368010210038 0.62051324500829 0.4295042530968045 0
0 0 0.20665842549671187 -0.4483489901860003 0.48404498286211106 0
0 0 -1.5449922689901914 -0.49213503210105003 0.4445018549567943 0
0 0 -1.555744769205467 -0.018149671980494664 0.412452187299172 0
0 0 -0.6926889733256857 -0.6378091439249074 0.4877808902419266 0
0 0 -0.9785153864834116 -0.4024148287728455 0.4974546058182898 0
0 0 0.2252957913257052 1.5425664171090319 1.9596624716604656 0
0 0 -0.8984761660567402 0.5616355438134395 0.49796118224610664 0
0 0 1.1585220585276015 0.10221432661336627 2.0244886946157465 0
0 0 -0.9820747760884789 0.9067651813970152 1.9837557598930373 0
0 0 0.4426584361462176 -0.1104173515113942 0.4887872023999845 0
0 0 -0.7810764318168744 -0.595407889218988 1.0585832649738234 0
0 0 0.7380722616301978 1.1197441792484113 0.4661736397070628 0
0 0 0.18142093554822813 2.110955471613215 1.0554142936142115 0
0 0 0.8771876842930042 1.8223682322365906 1.9629670946936062 0
0 0 1.2367265810842634 0.24977360043098706 0.4136119164220544 0
0 0 0.540691573064561 1.4735106978373442 2.030906355755858 0
0 0 -0.4887097491341319 -0.3201927032040013 2.010455462755389 0
0 0 -1.4258890766196455 -0.6136212862078696 1.7846099400251048 0
0 0 -0.8129791835546837 -0.16697157111111904 0.4307946243618632 0
0 0 -0.40918475106687113 -0.5669611654712783 0.4424959432222315 0
0 0 -0.0025306542271927857 0.07822941609727896 2.0140602216234393 0
0 0 1.3956475735068996 2.121705628048264 0.9303298554241423 0
0 0 -1.4194672772657042 2.0895505404406842 1.9033795771316662 0
0 0 0.09144805573608217 1.6578099762170442 0.4337234859229928 0
0 0 0.932662379279896 -0.05555533976376392 0.4538011947104267 0
0 0 -0.1673953451943353 -0.5742707220047607 0.8213851879840717 0
0 0 0.8704621749797261 -0.3227417195257636 0.43006901886934057 0
0 0 1.3111680947714426 1.4515081632466178 2.020999858563537 0
0 0 1.4585344186238989 2.1255356955976272 0.7896983125362895 0
0 0 1.5705299073180257 0.9854093015727052 0.440369583111473 0
0 0 -1.4776828077836301 2.0648886540598497 2.006778593950683 0
0 0 -0.47428800281035177 1.7312802414228126 1.9682474368577978 0
0 0 0.23923112103452127 -0.10507018728036133 0.44387079528834783 0
0 0 -0.3567653384120204 1.5352662616610047 2.0281336210851633 0
0 0 -0.9798752492569431 1.706546288072129 2.008355031095412 0
0 0 -1.1343679216034013 -0.567885150113387 0.6356369228250525 0
0 0 -0.7462363644169041 0.7168872667171613 0.5008189576127579 0
0 0 -0.8490628535557924 1.663094393309238 1.9703900119105033 0
0 0 1.4592238047374853 -0.24748767731754717 1.9858790589470063 0
0 0 -0.22102063623143087 -0.10544698070269498 1.9624861416491122 0
0 0 -0.024676100127526857 2.104630260008823 1.554943859933952 0
0 0 1.05053718688505 0.47113782504730106 1.9991221220217668 0
0 0 -0.869564503310349 -0.5945096025416685 1.6158781183841295 0
0 0 -1.2643258007622427 0.3132267162219713 1.9570049332902828 0
0 0 -0.6109387809756082 -0.5853220075662589 1.4827499037494145 0
0 0 -1.286876510740726 2.128456861579444 1.501516469253394 0
0 0 0.27400008647404595 1.3808916537080411 2.0249439301191847 0
0 0 -0.9952663155203967 -0.6292847600425124 1.7286778826881881 0
0 0 -0.7889891930312652 -0.6242258915545607 1.5267304019189256 0
0 0 -0.2120320000610092 -0.1960321900048727 1.999479782439558 0
0 0 1.388213452331188 2.0907996991788753 1.38436097503739 0
0 0 -1.3548868995011245 0.8321056842224182 1.9745584115694177 0
0 0 -1.5316544074463663 -0.5635755610458626 1.9851255104183296 0
0 0 1.3415826592215399 -0.605498939875392 1.1528245701869426 0
0 0 -0.770461264735308 0.0990581782134341 2.0179547871409595 0
0 0 1.10996347543362 1.4355082666316825 1.9705671889709928 0
0 0 -1.4185157218452027 2.0868946219898916 1.4303348223638381 0
0 0 0.5725861381232007 2.145816853435134 1.3402586569470376 0
0 0 0.6874608463920735 -0.43059497672047176 1.9611899251261335 0
0 0 -1.440841694845383 2.1121611106823233 0.519901984206931 0
0 0 0.16774075637969976 -0.631510456242192 0.4293283238254648 0
0 0 -0.6746516510564906 -0.6345402196408245 0.7684644472201949 0
0 0 0.3387450392901237 -0.6477920414458704 1.2682239436035576 0
0 0 1.0563926259083707 -0.5666009212790124 1.3968063650304434 0
0 0 -0.9721233803112467 0.8821481266825812 0.42362238508401573 0
0 0 -0.25189673416821523 1.3628485693156753 2.003733186206123 0
0 0 -0.5208362377827644 -0.6466084916292236 0.8353238249970496 0
0 0 1.1313393994717331 1.2235627568155643 1.9557075310600502 0
0 0 -1.33508558989603 1.6727431129282675 1.9953755497194758 0
0 0 -1.2915096121819798 -0.1473387773804833 2.0334325237862503 0
0 0 1.5510837231655636 2.0590552968121276 0.5829800790280821 0
0 0 -0.4491890563486989 0.26666215583125474 0.42367400049079706 0
0 0 0.7847513592770756 2.0718284901208 1.8845033294391846 0
0 0 0.7622699242111795 -0.3191725583432139 2.039235750336525 0
0 0 0.647449624497562 2.1401894115969045 1.3337433747624232 0
0 0 0.5361234845935114 -0.2591333321169582 0.45190095770922545 0
0 0 -0.5681923616815012 0.26465257170197565 0.4668635030507232 0
0 0 0.9503084402963604 -0.41249911985263576 0.48731437421684753 0
0 0 -1.3383375952501277 2.1142591914794506 1.153483728789871 0
0 0 -0.46925580216512963 -0.6302698134866274 1.0435267044564862 0
0 0 -1.4509750297462207 0.6182477117187681 0.48602789064811547 0
0 0 -0.14106311873433475 -0.593660419136917 1.7440812173491353 0
0 0 0.3767541151354854 0.3964143590773219 1.997110409518728 0
0 0 0.843133933706083 0.35062142970233723 1.9954203772558692 0
0 0 -0.5272604394651719 0.5080136208604178 0.5011139424701705 0
0 0 0.12879393958907004 -0.5639507603742024 0.6977876696758826 0
0 0 0.25692565283825997 2.0557024088610323 0.5578813322311111 0
0 0 -0.9182369092619673 -0.5972580990462395 0.9682455538563196 0
0 0 -1.2908657858922867 1.8298452443130222 0.4903721894467643 0
0 0 0.8795945868009203 -0.6402682344371575 2.0288016870372427 0
0 0 0.5728928614535045 -0.6058205101142762 0.6953321035203915 0
0 0 0.1416856966831812 -0.6018113173793656 1.6441957165807515 0
0 0 -0.46088384680713634 2.1093648698738034 1.3736530109848404 0
0 0 -0.7626914934370096 -0.07637765138536823 2.0418423351766597 0
0 0 -0.9568149209593262 0.43024125552374715 1.9593432047565542 0
0 0 0.9234405389617235 2.054510465645808 1.4777060732756138 0
0 0 0.38726096113824093 0.7631137124320124 0.4795399311217968 0
0 0 -0.946807235248517 0.24433525912158605 2.041343636836436 0
0 0 0.6398147903019047 0.0721250341427202 2.0052848940677577 0
0 0 -0.37122605672683884 2.051911241600469 1.3853321618070846 0
0 0 -0.5844888233736876 1.9418250592976365 1.9594500890549946 0
0 0 -0.960694844154584 2.1054081509817246 1.9035748920420228 0
0 0 0.5298940443537803 1.9201066941054836 0.46745714278291095 0
0 0 -0.8953544261482003 0.8920764024948724 1.9850873588879323 0
0 0 -0.1174132496806688 -0.6450891074021068 0.40357861041068854 0
0 0 1.0129366264204651 0.14403212542783328 1.9550748880032218 0
0 0 1.4646851630765414 -0.578918781631355 1.6948338638899318 0
0 0 -0.5442191955837969 2.1232488732728 1.1845761413246005 0
0 0 0.9097691888166874 0.3978998846885843 1.9733959445560365 0
0 0 -0.7620367843219346 -0.6148129531363622 1.0253328684346559 0
0 0 0.9101538300398402 1.2655665153338975 2.015754026683604 0
0 0 1.0420278527189724 0.13165062246026638 0.48006209349946094 0
0 0 -1.2877659249018791 1.9416147839926456 0.44889846760785834 0
0 0 0.657313909276537 -0.6408702207097516 1.7313019768658666 0
0 0 0.6073419590367206 2.112968301798528 1.6512856764007457 0
0 0 -1.1699444530363499 0.39783862918600654 0.42316463658030046 0
0 0 -1.38138315155671 2.0599037702197056 1.4176105788263853 0
0 0 0.8413587414313302 2.100574852835496 0.5386455609771592 0
0 0 -1.0718907432497613 -0.25237023319088503 0.45520017838648386 0
0 0 1.471569169682284 -0.5915988612890772 1.434497817183789 0
0 0 -0.11553081159293077 0.4593509976969983 2.0521958280382413 0
0 0 1.0988420598227884 0.14565042439315168 0.4034508745015547 0
0 0 1.4631135004220917 -0.477777746834088 0.45268141023088015 0
0 0 -0.21834269662724637 -0.5908409519446685 0.7858960402548889 0
0 0 0.5033871825599516 -0.5592718463830002 0.48121723732508737 0
0 0 0.5850995969765389 0.5503416098059992 2.035516251620294 0
0 0 -1.5464998864984052 -0.6263145035817523 1.8127970928110002 0
0 0 1.512840878722327 -0.26423923308197783 1.9821920339407466 0
0 0 0.7859914012144769 -0.6217873215279468 1.391937637000448 0
0 0 1.5484306857399486 -0.5968955140441752 1.9993157540962465 0
0 0 -1.3338391931189963 1.2775525367713956 2.028493322458296 0
0 0 -0.44025446074876684 -0.6484950052638585 0.9403935179226997 0
0 0 -0.4585520629841884 -0.5555062251453067 1.033193167376528 0
0 0 0.888881509948181 1.3695204312438873 2.0244632472428874 0
0 0 1.2173568047717476 1.7152121414397767 2.0353514356980527 0
0 0 -1.3489429776222317 -0.5591394742245681 1.303506485989264 0
0 0 0.7468416525250179 1.8030169645915544 2.010710829091116 0
0 0 0.7234257078869426 -0.5939497192428462 1.292043849136824 0
0 0 0.1712743735884441 1.9728147068360322 0.40967113157145874 0
0 0 1.5301329751493027 -0.6279063871004575 0.608469699829438 0
0 0 0.11263954774329998 2.0566842807618286 0.41582776365113083 0
0 0 -0.0155797357381251 2.114088073620546 1.7459376926684156 0
0 0 -1.3909243633301653 -0.6448502828732885 1.9071349779050732 0
0 0 -0.5033208785031849 2.0347504318325678 0.42905929620673167 0
0 0 -1.287770048030883 -0.6388234651285818 0.8765087335581832 0
0 0 0.7043707722913526 2.0130989048937584 2.014301495024598 0
0 0 -0.6377008144891672 2.05053786245176 0.46358755143651886 0
0 0 -0.20270874848643716 -0.5996720824145676 1.7514047607572745 0
0 0 -1.3950815974050546 -0.5837247401034715 1.5937998419914885 0
0 0 0.38406586375175533 0.9968616995281547 0.4790675482003207 0
0 0 -1.034122478519369 0.7846798543178644 0.4069969226117669 0
0 0 -1.15210899687126 -0.5702549613214292 1.342822557235725 0
0 0 -0.6568799095217757 0.94715141624989 0.44211392122182713 0
0 0 0.8710449666193449 1.542828848184855 1.9779097175016784 0
0 0 -1.2078329773311518 1.979645610084874 2.0117469349388104 0
0 0 -1.3037407647573525 0.050226178820443335 1.9927114211527575 0
0 0 -0.030505119077338216 1.4157834086436187 2.0225894458122107 0
0 0 0.6509970937037837 2.0925469869576445 2.004504668759947 0
0 0 -0.22804533549894712 2.1185047131346564 1.8679088595973377 0
0 0 0.05463780547077546 1.4064117901775128 2.023838103511768 0
0 0 0.9638001388813602 0.32069809329926213 2.047992251268421 0
0 0 1.3251140585540644 0.36441700518503617 2.015980391356572 0
0 0 1.357002600528098 0.7190424682318348 0.4626315116032865 0
0 0 1.0333177033570915 2.0897009064728156 1.2435747482716395 0
0 0 1.26424036709041 1.5318100634848342 1.9846522025369098 0
0 0 -0.21638242422032694 -0.5792891079047122 1.949811622690754 0
0 0 -1.5499818927436197 1.324298604237934 1.9566551333265045 0
0 0 0.5820534787672278 -0.2583207544348416 2.016211009876877 0
0 0 0.08908390790121468 1.2607849193211005 0.49778416713859786 0
0 0 -1.4459965813878344 -0.6033671484093237 1.130423787632811 0
0 0 -1.1770501085154599 -0.5623970113143975 0.6897486921208644 0
0 0 -0.25992238439414916 0.14428897772114235 0.46279645858157714 0
0 0 0.145497009959066 1.9660722014460974 2.0475593113433592 0
0 0 -0.5910952308647648 0.11393495935853792 1.9657141539611547 0
0 0 -0.8881987867428914 -0.39488565792325625 2.029852711932417 0
0 0 0.40433909721395156 2.097742297633652 1.8689411017620043 0
0 0 1.0033480019227476 -0.26299666191639703 0.4121888303760828 0
0 0 0.7616470877653492 0.16299354697429358 0.49813611829133086 0
0 0 -0.7809376883444362 2.130122177705392 1.7389253633236108 0
0 0 -0.2878821951114716 -0.5986529218508596 0.41335802770885754 0
0 0 -0.3188312545271099 -0.6015589310371887 1.5110929650071616 0
0 0 0.17828971408056238 2.0979826935101196 1.3380480196762696 0
0 0 -0.3316669223406601 2.0062438238624685 0.4320829704716449 0
0 0 0.14881358573864545 2.09485315717069 1.9399504861087657 0
0 0 -0.7092957244119196 -0.5532637714183513 1.6893902425173157 0
0 0 0.32303148121461445 0.38728974723158527 0.49896306394372336 0
0 0 -1.3282481985481294 -0.6256075402428269 0.8834110817080296 0
0 0 1.0660088946292183 -0.17184722179516598 0.4621887923358553 0
0 0 -0.6867854571749089 0.4064358871881443 1.9548936727895079 0
0 0 0.63306703620073 0.134316864198472 0.4054545297436414 0
0 0 0.6031534458314667 -0.6004072856550122 1.8105162104868566 0
0 0 -1.3337900294223974 -0.28501688900308353 0.4204336498633534 0
0 0 -0.5627529978526407 -0.6043480061467943 0.7078912841402529 0
0 0 -1.2557510236451135 -0.5810561799800653 0.9334263430651705 0
0 0 -0.5393902511380588 0.21054394864723025 0.4484252826421007 0
0 0 0.23127470818442641 -0.6307041114398504 1.8385931725664402 0
0 0 -0.7495677177470087 2.1075823650820853 1.1382771068658952 0
0 0 -1.240646288498837 1.4064075028884337 2.010119557820692 0
0 0 0.8444003756931906 -0.2197184568831716 2.0500491670200995 0
0 0 1.3699053177080986 2.121955681866127 0.4644355184092226 0
0 0 -1.0492473954889787 1.6039411943075372 0.4072115003237291 0
0 0 -0.3747627932792472 1.0938078057738136 0.4179745196164474 0
0 0 0.355696830927535 0.9187907528202297 1.9852987213671254 0
0 0 1.1892612682820949 -0.047801126221885815 2.019307877658149 0
0 0 1.197114535504903 1.3845689202001625 1.9828544455964283 0
0 0 0.9399266706134908 1.0635940190928896 2.000498012444995 0
0 0 -0.9713958082759663 0.6547136211492184 0.44027878187131475 0
0 0 1.4233372627517094 1.8497746630297296 0.42292507002477797 0
0 0 1.495616407199932 1.925926199347425 1.954052503558627 0
0 0 -0.7435561350355018 -0.5933105368424272 1.0430477463212773 0
0 0 -0.3765153898479632 2.0233069980869303 1.9803010085547759 0
0 0 -1.527388696014083 1.4621809277100513 2.0504770329127924 0
0 0 0.22197216071391535 1.489551105874164 1.9756428768551013 0
0 0 -1.0766523178885183 1.546040316886889 0.43004668029508986 0
0 0 -0.6764877881115363 2.0737526372976998 1.5356051527414947 0
0 0 0.3622261488141234 -0.5586294651521841 0.9222477442039463 0
0 0 -1.0221982098758509 2.062344217807526 0.6739002396042357 0
0 0 -1.4044192026129856 0.0352502265719411 0.43576002092607424 0
0 0 -1.3985491448625698 1.31514652503678 0.43825100044605103 0
0 0 -0.2532675160821367 1.2635745995366534 2.0087691072591665 0
0 0 -0.8370240071998006 1.0773480053657496 1.995879263981902 0
0 0 -0.06678734225266303 -0.07083592441176667 2.0508850116516717 0
0 0 -0.03916088587136879 1.67038528172693 1.9609090958013313 0
0 0 -0.7757229146040935 -0.6309177495125036 1.486118421953744 0
0 0 0.3846423903828653 1.3999332099833788 0.4983403894228403 0
0 0 -0.5095581328030874 2.1141754331490925 0.6604111660553663 0
0 0 0.9871774644227473 2.108349511799009 1.0317697473638048 0
0 0 0.40959458773896174 -0.10901664589147098 2.051664758311628 0
0 0 -0.09719364005626652 -0.6238353747987129 1.5425239936594173 0
0 0 -0.7299605113700527 1.432271596078592 2.021958587286144 0
0 0 0.30005430383509646 0.4796364159861708 0.4368911159458573 0
0 0 0.017545717118189863 2.1285814021140492 0.9507306100685232 0
0 0 -0.6172313217486893 1.459986048527411 1.9895384856607063 0
0 0 -0.061654158356996946 1.0367678490814218 0.42879133583720375 0
0 0 1.556378167466994 2.0802322711297307 0.8543492246258442 0
0 0 -0.11938284372760766 2.0158521899903015 0.47764409404193386 0
0 0 -0.5785895995146623 1.4398594102873794 0.44752110418100066 0
0 0 -0.47059452102993027 0.6492974564410345 0.42585810602028407 0
0 0 -0.048227038526781785 -0.6386985794102635 1.2820965458993347 0
0 0 0.4730579711621443 0.19951113533459397 1.9540969524657688 0
0 0 0.6260709552645136 -0.4835081652119422 2.0344662883398823 0
0 0 0.12144332696274884 2.144859830742538 1.716716357584243 0
0 0 -0.2856171070629734 2.044317501899271 1.9902646188710675 0
0 0 0.059609012407502826 1.8082651656180253 1.9843021696534269 0
0 0 -0.5068762868117187 1.2530461780535112 0.4749657202597424 0
0 0 -0.7643034693891774 2.0864845335763738 0.48427990091723605 0
0 0 1.3310272058289008 -0.5043129829695425 0.47959252141525144 0
0 0 -1.5252244239284458 -0.07293755743074648 2.040369797325163 0
0 0 0.4442449242697091 1.6030234758826738 2.0004505241314785 0
0 0 -0.9435911398776209 0.671928489121989 2.0498156537884773 0
0 0 0.3428095727093383 1.0965414894213608 1.978867638221152 0
0 0 -1.2115874693751945 0.6841510071709693 0.4863635110977521 0
0 0 1.0585372933280284 -0.22826414930375394 2.002746206916752 0
0 0 -1.556182164279382 -0.6324696716873544 1.5541031740111804 0
0 0 1.2009536211169949 1.8511040932261904 1.9954757422073393 0
0 0 -0.283611281478378 1.763617818007485 2.0100262564970643 0
0 0 0.7147045049216127 -0.5766785946502961 1.8738530142858643 0
0 0 1.346858659191747 0.2520132590332407 0.479049056727363 0
0 0 -0.8291977482027203 2.062151501692173 1.839773255341026 0
0 0 -1.124191193298556 1.6970884670189295 0.4760854730537524 0
0 0 1.5546554703341209 -0.03323052180508079 1.958767191560136 0
0 0 0.053223383106499655 -0.02474676324343572 1.9784232438518352 0
0 0 -1.393468858942441 0.1332782321247662 2.0510952751669413 0
0 0 -1.3841539801752707 -0.3483414956674211 0.4149906888850282 0
0 0 -0.646346209672878 0.913236134526257 0.48409887202088964 0
0 0 0.7513512789605241 -0.5964403567865963 0.5635964295816376 0
0 0 0.5112039191740947 1.754923922842855 0.41467187533285577 0
0 0 -1.5142529820469204 2.12461743625024 1.3287482116027642 0
0 0 0.9641111087226695 0.5715121422106311 2.0396765741773373 0
0 0 -1.5522603239998995 1.9965149180538255 0.40934165601795225 0
0 0 -0.6651770247446571 1.4505926973266507 0.49852624602101314 0
0 0 -0.08320417615175746 2.1328248190860295 0.7224617681872655 0
0 0 -0.18713676690880798 2.018168586891372 0.44851547292153393 0
0 0 -0.8951131326975095 1.98256162920735 0.40455725640860396 0
0 0 -0.27337962681029215 1.895731996222507 2.02452659011547 0
0 0 0.5958210107614108 2.060377316388241 1.640449186699471 0
0 0 -0.863580417570763 -0.15451016048704258 1.9984620488564866 0
0 0 1.323604943476794 2.1198014055828174 1.2981723070946645 0
0 0 0.5512607080358873 0.2375551440178142 0.42116795491533643 0
0 0 -0.5865048174728602 0.8396462499899897 0.491102955153239 0
0 0 -0.7989195757281304 2.0517034322894743 1.602582035386774 0
0 0 -0.23930264243832733 -0.3784033409067691 0.4599941625190783 0
0 0 -0.026187954466430075 -0.6093786468142242 1.3300247509820513 0
0 0 -0.31492395280552987 0.5861824299050911 0.40469458044953077 0
0 0 -1.176152161393016 1.182684719540835 1.9641588777850814 0
0 0 -0.7998844603171855 0.8895783829047073 0.42239187838809356 0
0 0 0.9884287956804596 -0.5615271804167279 0.672679795394536 0
0 0 0.8875110749494906 1.2730060817840705 0.43382327473966886 0
0 0 -0.3521732949400411 1.4030475457626115 0.4742744207328129 0
0 0 -0.1483293119117577 2.057927364679667 0.91655287578311 0
0 0 -1.3418056324375065 1.6525245443343668 0.42900168352187584 0
0 0 0.3402634324417857 1.552371627471253 0.4364346161568705 0
0 0 0.8097724255526604 0.9094825202943249 0.48409072881147386 0
0 0 1.4874564467800733 -0.6328897172576413 1.4057557078693814 0
0 0 -0.48971958467452303 0.8619138617199911 2.0327304167488136 0
0 0 0.8182479450215543 0.14284359572305916 0.4070211821660972 0
0 0 0.689290254728316 1.192948969012604 0.49092348469408154 0
0 0 -1.517084662113708 2.1349448384361267 1.6446385527279404 0
0 0 0.38486920019863247 -0.04434348081252737 0.4850907146260154 0
0 0 -1.1103084470656006 1.0247638089271032 0.4391056216684375 0
0 0 1.2157153823155675 1.1124964190701736 2.0097396093146602 0
0 0 0.44837727217031764 1.1234119599993015 0.4671950533737459 0
0 0 0.9160926031120686 2.127404916403934 1.4666488565248055 0
0 0 0.5467285109207065 1.244355149667627 0.4208475868962531 0
0 0 -0.5795406263388704 0.7112624263989442 2.018419563794456 0
0 0 0.46903257329499315 2.1134327205123986 1.0205550788476345 0
0 0 1.5123533166982472 1.4132350988442235 1.9614208416373327 0
0 0 -0.9119226346477289 0.019949177521283445 0.45311707823559 0
0 0 1.3966445586247742 -0.4525780541429132 0.5012518636888378 0
0 0 -0.528766468842989 1.7043160160451347 0.4858104928195378 0
0 0 0.7470951929266967 -0.5210694368036815 0.4228190229617306 0
0 0 -0.9832044131518326 -0.11561736205303408 0.4827998684730559 0
0 0 0.36902287906737463 -0.6072167761650114 1.7400989514163168 0
0 0 0.9305765947561442 1.5428739566379501 0.4275778272801163 0
0 0 0.0061422068541527874 -0.6233703937032671 1.6934433017776023 0
0 0 0.40496621558354784 0.19030844726509466 1.9758675040967875 0
0 0 0.3380248072898382 1.0242335134755165 0.44945207874784143 0
0 0 -0.7551084273594887 0.37941462854043184 0.4412650513666052 0
0 0 0.9441706061902075 -0.05981955140588879 0.4562144720156327 0
0 0 1.5067049126151053 2.0617209573627093 0.9355625118596596 0
0 0 -1.2668435002077767 1.0067687833711094 1.9816888776977013 0
0 0 -1.5470578447499999 1.987198410188755 1.998506373894835 0
0 0 -0.4845794342666585 -0.6296913626780063 1.2112728656137755 0
0 0 1.169215557036635 2.1462113949676604 0.8442060586868569 0
0 0 -0.2551558609494251 -0.24173964913241663 2.0503177411045397 0
0 0 0.7460199455958749 2.0902829501758813 1.9787104903456427 0
0 0 0.1996497006433544 2.076446904778277 1.7476601403827658 0
0 0 0.49314662467313086 -0.6445445539713814 0.8745869318450112 0
0 0 0.6887975791663381 2.0882991223979923 1.8897511911667662 0
0 0 0.3544201901450983 2.053021922592792 0.5558608244540054 0
0 0 1.225944876212882 0.5208383540076578 0.43300585904311284 0
0 0 -0.14454276115404796 -0.5950280384366373 1.4971392084411335 0
0 0 0.23009449617952216 1.5030563747318275 0.47886685976544496 0
0 0 0.3713993326587488 2.129365263836884 1.9047929987808176 0
0 0 -0.1183408448871448 0.3485605103742858 1.9790433692852405 0
0 0 -0.7306702435508696 1.56390310351817 0.4731786888308712 0
0 0 -0.5628453925355612 0.8663956680293654 2.0419650451110494 0
0 0 1.082167589129826 -0.09235378186949306 1.9599042777162254 0
0 0 0.14416611435455962 -0.12099972886479482 0.5017811723102928 0
0 0 -0.5949127532998213 2.0725002877716596 1.2990062912085936 0
0 0 1.3915874753861552 1.955270904422495 2.0392833114866353 0
0 0 0.6918018048199381 2.107775736242189 1.4162752646409347 0
0 0 1.2317303924730392 -0.5948414150567489 0.8178190513930205 0
0 0 -0.2960226294991093 0.654372917007346 0.4708373251666683 0
0 0 0.8517783744081013 2.137194225926141 1.095406437208862 0
0 0 -1.1350962900748536 1.68220547728502 0.40516323922837105 0
0 0 0.4893309166777762 1.8053326513742969 2.0112342481010064 0
0 0 -1.1584707630939857 0.687474666202768 2.0112426475640084 0
0 0 -0.3262969916450684 2.073782277276693 0.4978215815471694 0
0 0 -0.3675479105434356 -0.643827914722213 1.2740335602789647 0
0 0 1.459167167679115 -0.00019636926683685996 0.4305119271627198 0
0 0 -0.9836371149021106 1.288179261220226 1.991932075171047 0
0 0 0.5969956837267936 2.149942035196947 0.42608949843714683 0
0 0 -0.11074879591721087 -0.33385746058772536 0.4549303385963086 0
0 0 -0.982211068305201 1.7136610075663887 0.41917390163877166 0
0 0 1.4715780024849394 2.1243185091666605 1.9452093244241722 0
0 0 1.109630612237209 0.1329251456139161 0.418481751634154 0
0 0 1.1535596425158388 0.8888764180698578 2.030361100305743 0
0 0 0.9132928894513563 -0.6010626215902513 1.0126558338150515 0
0 0 -0.38545028169742257 2.128712064917449 0.8926371541716923 0
0 0 -0.46849323638503937 -0.6039498592235995 0.6002351516985779 0
0 0 1.5414442991478001 -0.5610315241441812 0.6584458989551794 0
0 0 -0.225096605342467 1.0029536450273548 0.45695538558868054 0
0 0 -1.2473165095963266 -0.14893428158427868 2.0384576875095664 0
0 0 0.3270286908845712 1.0800978076692154 2.002073009433909 0
0 0 -0.6144480057393933 0.821079272759931 1.9969787486482966 0
0 0 -0.07314698937494435 -0.5531824658286073 1.067141071483964 0
0 0 1.5046467032616815 1.2791251724709223 2.004142425023586 0
0 0 0.5763842731977098 2.061184352635193 2.0500521497598547 0
0 0 -0.637848198401867 1.3131204734747357 0.4060054153518725 0
0 0 -0.46217865444751505 1.548210526581528 2.0288533161338105 0
0 0 0.2833922509205782 2.079970343210735 1.3779930141125392 0
0 0 -0.7823016605060037 -0.6339776095030292 1.0672280761065145 0
0 0 -1.1782101046474842 -0.6207663504425514 1.309576581446756 0
0 0 1.5475860413617593 0.41764710166836816 0.4719500185619143 0
0 0 -1.250405857793604 0.1914304894944414 0.440449787157725 0
0 0 -1.4491298550903688 2.056438490924693 1.6337317026399085 0
0 0 0.2938795538332095 0.08846401955454575 1.9589167810520083 0
0 0 0.07326827537629965 2.0513335231122283 1.940324896778437 0
0 0 0.5658789589141753 1.7011865288180819 0.4928347430360699 0
0 0 -1.2541506621256024 -0.6267678540625308 0.7299688539476381 0
0 0 0.8084114602449977 2.108614317859802 0.6315510106402807 0
0 0 -0.4841839623818689 -0.4243256009237919 1.9871738313002427 0
0 0 0.9489115634521506 -0.5821679428177313 0.8096237097039045 0
0 0 0.7878654760588821 -0.6213541762521584 1.1587417501811172 0
0 0 -1.2462001463207386 0.03732154691235556 1.954045622544623 0
0 0 -0.9041800213551813 0.2730813891099839 2.0196334856745795 0
0 0 0.3849119810989372 0.5546807781410259 2.0055863377522773 0
0 0 0.8542728213631992 0.3624874307697238 2.027045470772503 0
0 0 -0.5053641548806904 1.5955332912762359 0.4534138501834618 0

