0 0 -2.663963556832702 0.7547383420098599 0.48964810246303736 0
0 0 -2.971847333848227 0.03410264901366733 0.4110773106055007 0
0 0 -2.255018893177308 -0.5570527110411283 1.3129406099142145 0
0 0 -2.957040433484571 2.1218064717691933 0.6083071577438183 0
0 0 -1.0660623604711703 0.5434124853291291 1.9840136047675674 0
0 0 -1.103463090809388 2.1310179016014357 1.2674040152223005 0
0 0 0.8368637713801994 2.0910927313864303 1.538488886175152 0
0 0 -0.6094966333579714 2.073989740248382 0.42358620793998414 0
0 0 2.0399998421830468 2.030057391356344 2.0321878745033994 0
0 0 -0.723872486893455 -0.6496744038392239 0.846330561527105 0
0 0 -1.9704804987300897 2.120884200213331 1.6417840703340778 0
0 0 -0.6692252119659234 0.11146440298340365 2.0327812008913235 0
0 0 -0.5587050251912804 0.24372317232433194 1.9874857004105513 0
0 0 -2.7727837875493515 -0.603002630935862 1.9741378544863135 0
0 0 2.992414555108545 1.6948509120943396 1.9811907042495693 0
0 0 0.7818493314814852 0.667597471475218 0.47672910206605246 0
0 0 1.145868267415354 -0.38902182403496344 1.9716099123520772 0
0 0 -1.9433558920745646 2.0518174860632445 0.6333220627352141 0
0 0 1.8863256090098766 2.117865837853744 1.3197614430560285 0
0 0 -2.7326780235601866 1.7196332549321134 0.5009896908730209 0
0 0 -1.4034792128908156 2.1468217869174437 1.72730665920549 0
0 0 -0.7536680791390458 2.0758869451464887 1.4729282162584714 0
0 0 -2.260962069822431 -0.5671686595398502 0.9710678239849541 0
0 0 1.2203285706016258 2.0869082170513016 1.5398132446662427 0
0 0 -0.5511212525496423 -0.6487154028409394 0.8279021861224731 0
0 0 -2.99098661189117 0.8575047216404561 2.010154456124593 0
0 0 2.128289971268174 1.154818844198528 0.4938843062869399 0
0 0 0.3150868062775811 1.8518334377137304 0.4031431445895176 0
0 0 0.30128498457314334 0.26887686517643805 2.033251245312325 0
0 0 0.05184456184028141 -0.42026260947292493 2.011065499612814 0
0 0 0.14260373156101913 0.4668472444897285 1.968146778107183 0
0 0 1.8275133663812815 -0.6107021670125896 0.5741464787627433 0
0 0 0.2506195319628639 -0.21986581549531803 1.9533372998810368 0
0 0 -0.3127533402717755 2.0505490044855037 1.1555008490151568 0
0 0 -2.62614644441045 -0.5725200000958026 0.8285175070660871 0
0 0 -2.5394061186208976 2.0582914675348514 0.9715259225506064 0
0 0 -2.705975590419789 0.6029059768410145 0.41670169479018293 0
0 0 1.9924620853852302 2.1234496641169667 1.7499715074439104 0
0 0 -2.816008608368412 1.8598016826254715 2.025171519822916 0
0 0 2.8033971094456174 0.6690192276210944 1.9630115964020365 0
0 0 -2.3265144427454585 0.5007504521219575 0.4164006296091267 0
0 0 -0.5188389269285083 0.1562290076458167 0.4610870922489322 0
0 0 2.1190808745747773 -0.5721506558851439 2.0004154085404817 0
0 0 0.10750206468632761 0.4868708916157305 2.0210017763162953 0
0 0 -0.5992407548692689 0.3836597690464547 0.4055782715529218 0
0 0 2.892161853975826 2.0945620346301954 0.8241328067582283 0
0 0 1.9845323788090896 1.6427709705079356 2.0057173194589044 0
0 0 -2.950710443087479 0.9869230537853939 1.9717552629971085 0
0 0 2.9649253981916948 1.6495993628725751 0.4818174286099981 0
0 0 1.9619404813112542 2.091209552044241 1.29817769912364 0
0 0 -1.5006506851569423 0.7612818135081605 1.9928646533590282 0
0 0 -0.3394838008375052 1.2335657440782624 1.9637861701201287 0
0 0 2.0441886805951555 0.7402751194399524 2.018984861509864 0
0 0 1.2688639235975065 0.04907257959550837 2.035252765502026 0
0 0 1.5753011756611635 2.0364654438459295 0.49183258699741594 0
0 0 1.6608481885684823 -0.6190649677868136 1.8571456043072143 0
0 0 -2.016831573470194 -0.34832719410236823 0.500002009529054 0
0 0 -2.736223098431226 1.826263735978136 1.9958091653723506 0
0 0 -1.9177574951268146 0.5999366351416886 2.0327928931750123 0
0 0 0.13948198936574707 -0.6362889533217835 1.0978598369418167 0
0 0 1.4153343243856993 1.6967783876983071 0.43001429908713695 0
0 0 -2.3196996896227575 0.09220881608915077 0.4437658054274226 0
0 0 0.5769054487187133 2.0643792987237672 0.9076370684564574 0
0 0 0.30276295444058254 2.0820732981103287 1.8235726079408539 0
0 0 -0.20342078993690915 1.9455159272403886 0.40386458508172407 0
0 0 -2.091881569880228 -0.20564846362966116 0.48234870622595905 0
0 0 2.9262316232585874 -0.6099515946480003 1.1287191134013428 0
0 0 1.4139226862006193 1.769074588231822 0.4859258735609896 0
0 0 0.28333331220113767 0.9429910173609299 0.4326159822636034 0
0 0 -1.2229988173669237 2.0943389845683438 0.9145477660603217 0
0 0 0.2682489391114977 2.120786032202071 1.8643317399786585 0
0 0 1.2354287328535039 -0.6359350834328432 1.7289412794818924 0
0 0 1.1838752225790632 -0.5549115745772393 1.7629201057398587 0
0 0 -3.0428591525115882 1.5397762771718944 0.48095662742090206 0
0 0 -1.9496578096177173 1.049683944275374 1.9834747194005773 0
0 0 -2.3779208216903056 2.1347786540078255 1.7101796012721528 0
0 0 -2.5292342654919038 2.147085123620906 0.9303985462717961 0
0 0 -2.5648121976314866 1.9985327677088323 2.028251166293183 0
0 0 -0.4793429417516957 -0.5906598485301973 1.271208539324614 0
0 0 2.277759587198588 -0.14059904725283268 0.4369613876106332 0
0 0 -3.120932188529978 -0.45880650533199985 2.006555334333667 0
0 0 3.0840923328609495 1.4574162679646372 1.9747433220695996 0
0 0 1.3429429552708587 0.8720814077103747 0.42279712980756 0
0 0 -1.8871820986957664 2.008367915658111 0.47039050853499087 0
0 0 1.334823018421222 1.8548126481890554 0.4739961301866359 0
0 0 -1.0678288991583527 -0.5929568210859073 0.426656958647358 0
0 0 2.885532929409604 -0.2861942807586759 2.0313095880496648 0
0 0 -1.0004304313530743 -0.5263587594659849 2.042103055154973 0
0 0 -2.4472344385696694 0.536516292109759 2.004479469134399 0
0 0 2.137587004711662 0.6857800729831303 0.4753103064382018 0
0 0 1.1168786419957968 1.0527400560602633 0.501260797189532 0
0 0 -2.1666434850230774 2.148072671588621 1.0114701462844842 0
0 0 1.6662829867469418 1.4722601321711644 0.42160901228957126 0
0 0 2.850919363812368 -0.6203765305184257 0.9308944525344766 0
0 0 -1.4507775422972868 1.6553720116392807 1.9881559541248457 0
0 0 -1.3399777484092608 0.5855945738270603 1.9786502676720712 0
0 0 -2.8959439982426227 -0.4148130527274785 1.9824469852771345 0
0 0 0.8606569796794741 0.3088779129462025 1.967326907193438 0
0 0 1.9106871150744906 0.26028101489142874 1.9901572266702134 0
0 0 1.1476186422027403 -0.02074269546616525 2.0255142820582206 0
0 0 -2.2070995536948934 0.365830305939305 0.49222676058087056 0
0 0 0.5770815090840529 1.0510122062276412 0.4684288159561725 0
0 0 1.7126127296567208 -0.38568971070632996 2.0527536465269436 0
0 0 2.8502297694953267 0.11889049784709183 2.006316101340234 0
0 0 0.9389459022657238 -0.5576542880922852 1.3251476033421454 0
0 0 -1.3511388811290126 2.088163062699862 1.0141241382765322 0
0 0 -0.546288994578898 1.542357916786569 0.48049624359045495 0
0 0 0.6401062648779412 2.0939157217948607 1.953953446521081 0
0 0 -1.6336683722542429 -0.5017338204073238 1.974496406928782 0
0 0 1.8706566323600216 -0.07349262163809178 1.9654189352587643 0
0 0 -0.21316474896898585 0.5701535434332239 1.9797719400793041 0
0 0 1.4267034026022536 0.702436166846149 0.4036372710262064 0
0 0 2.414261627761598 -0.6325084877238825 1.935541980935402 0
0 0 -2.7039937748155585 -0.6404207746607151 1.05301199522592 0
0 0 2.6582452689358984 -0.6116793628721966 0.9207031891175709 0
0 0 -1.1499692626557303 -0.596497442747473 1.9090521549542387 0
0 0 -2.8702121833480465 1.053336028530704 0.48864609184208174 0
0 0 -2.5905074918638866 0.17026315972623018 0.46065501046525525 0
0 0 -2.0384820373151316 0.5289998022862572 0.47133883760510054 0
0 0 -1.443429189597484 1.6656239011829006 0.48497224220071455 0
0 0 -1.305417258370261 -0.017051525212066432 2.044163607219574 0
0 0 0.20422651252520652 1.6740480452624424 2.0316001473419028 0
0 0 1.4404250388484083 1.1632073395990672 0.4889753947287362 0
0 0 -1.8204014580856862 -0.5979738449172998 1.2955974089458455 0
0 0 0.2461241016820841 1.3524796039812883 0.47132090899052526 0
0 0 1.8830584876384968 -0.5782114117659563 1.8280279163066635 0
0 0 1.0489708642466153 -0.5694222528146371 1.0234083981014288 0
0 0 -2.570193608891291 2.148596907266195 1.2179053581201147 0
0 0 0.47473317842913465 0.5989390710841913 1.9639043466531552 0
0 0 1.0652165863514602 1.6990753791914341 0.4727876662313576 0
0 0 2.175516939810307 1.786016065060623 0.4528997065874525 0
0 0 1.8553051441835686 1.7605296928813032 1.9582917642511304 0
0 0 1.3934338459936741 -0.5825454837549624 2.045890976095952 0
0 0 2.286240045124682 2.1004893407561847 1.7843625379810355 0
0 0 -2.969959585699369 2.0570536419107337 0.6317185624756265 0
0 0 -0.1974874920231513 1.4641904252614062 0.43962198659385476 0
0 0 -1.3193281107020387 -0.5994150146055779 0.8455769061069376 0
0 0 1.2912196221772092 2.13741279038779 1.2981709840452784 0
0 0 1.5704286309388742 0.37610118662944125 1.9669726933668759 0
0 0 2.711622501672501 0.4054205365964033 2.0219786762216043 0
0 0 -2.257607747286907 -0.6273354807468674 1.413270462460583 0
0 0 0.8102003960845185 2.057502313814475 1.6312733283537355 0
0 0 -2.2270547682847086 2.0632533592671933 1.2065637141436096 0
0 0 -2.030710811649224 -0.5726720665405738 0.8564514112532153 0
0 0 -0.49857325442556233 1.3341047369468306 1.9698336910131187 0
0 0 2.9625387872136857 -0.5851525141662353 0.7632899464197052 0
0 0 1.1686602566938866 2.063517750163289 0.751726223685732 0
0 0 0.1364220847753983 1.5340595077973116 2.0317986317915495 0
0 0 -2.554011597805663 2.0611874777377155 0.5112718216418536 0
0 0 -1.2826572463348196 1.8494840887532151 0.5015003911705177 0
0 0 2.780689184992764 0.42941696927981954 1.9908384088218096 0
0 0 1.069747885421954 0.7488580053489293 0.48887351312789584 0
0 0 -0.5307121595934703 -0.5521557908057613 1.5606049738711376 0
0 0 0.7131129815966943 2.055000040845405 0.5036711663523057 0
0 0 -2.0763012480039187 0.5767268411593554 1.9535840093634536 0
0 0 2.80696941165922 1.1818695534284942 0.49825220178923835 0
0 0 -2.466510984461299 0.9946845941571505 0.4859583594399405 0
0 0 -3.066855963224094 0.7123630265343215 2.0438790359085424 0
0 0 -2.1241933263478736 2.1305430419375906 1.4973877766425436 0
0 0 1.6367758782235144 0.9642611614853793 2.002302599373372 0
0 0 -2.840973038046966 1.90681466072357 2.0400097235668264 0
0 0 -2.3123627442397203 2.0624288006549674 1.0594129690979046 0
0 0 -2.7325015544900766 2.122588793072865 1.5070478294376533 0
0 0 0.93637250614153 2.0546042432959526 0.44969010869370407 0
0 0 -0.2764011563497326 2.1161088933391157 1.9073567058146668 0
0 0 -0.9379482860135351 -0.6345397111658517 0.8619487580338852 0
0 0 -0.9033791341941608 2.074458170763049 0.518452360934524 0
0 0 -1.4114789999010946 1.7128581033581824 0.4634592270626542 0
0 0 -0.5625762565920449 1.9522011421531456 0.4650891853740251 0
0 0 1.5185928266022657 1.906849656721268 1.9919164252247998 0
0 0 2.0660410221468926 1.6131073778375218 0.4980936197203041 0
0 0 2.820886333302491 0.5836589448642047 0.41727748605751647 0
0 0 -2.169567296977766 -0.5345725387098841 0.4453004229422417 0
0 0 1.3178905405733499 -0.0027417777417059197 2.0129661117557616 0
0 0 -2.424690375737701 -0.5805771706513858 1.9162079877577043 0
0 0 -1.2200068599160045 1.8241277196225651 1.9530891213571209 0
0 0 -1.3012344514282288 1.4173666020470062 0.4066156018334953 0
0 0 -0.9786094447078426 -0.4115136262536674 0.41486648089261235 0
0 0 1.5832250928588731 0.11053770579981215 0.49301002194500254 0
0 0 3.0108313795022674 2.14104647119318 0.92902900112253 0
0 0 3.1066852820525126 -0.6154224807784678 1.1996923679940568 0
0 0 1.8283837129145661 0.011481180897799481 2.0190449324487902 0
0 0 3.0699438961682928 1.5229521619659 2.0438579165514974 0
0 0 1.7601947520704488 0.12049503048979227 0.40990701089516124 0
0 0 3.1209595307092926 0.5277239936429319 0.48704875293398453 0
0 0 0.6010835678922395 1.941877844124346 1.9889459135221248 0
0 0 -2.0117172962689684 1.9824735651689391 1.984645569981097 0
0 0 -0.13182552357846822 1.2980628515717691 1.9615873965563013 0
0 0 -0.18293576172106585 0.7245080042986838 2.005479618817474 0
0 0 1.0558293794903975 0.747717549791405 1.9965180444240116 0
0 0 2.1787708220346715 0.5051386437162733 0.45242250144342244 0
0 0 0.13863894852634973 2.05865898102851 0.8533993271582 0
0 0 -0.2293343945233599 -0.6369805367913246 0.9003153743662613 0
0 0 -0.08982143861580028 2.099740194439814 1.0228322741899507 0
0 0 2.2200091951400784 -0.367462170042542 0.4698229377530765 0
0 0 -0.04870369931817198 2.105830020492684 1.2943291391892195 0
0 0 -1.7607212605829499 2.108796627097451 1.4666537506661144 0
0 0 1.4113999455732014 -0.1901547996912658 0.4456639498302468 0
0 0 2.4255735133045686 2.1164035458872226 0.7689231987142119 0
0 0 0.022687608806884807 1.0315467803107308 2.0362809530740438 0
0 0 1.7258313487559747 -0.6414065617878684 1.8142186372153482 0
0 0 2.7908934191132273 0.6469380006222654 0.4627292642537221 0
0 0 -0.7825718388889071 -0.5185679438969519 1.9567063225195018 0
0 0 2.9644740124100446 -0.5736929597280227 0.6171741687699288 0
0 0 0.5011740505516453 1.6446314160432276 0.4649397860852147 0
0 0 1.6071115532329499 2.1106406607753163 0.4915517133169458 0
0 0 2.375132576829838 1.225112278040539 0.40683410544241616 0
0 0 1.4510208724438947 1.2069625247468607 0.41622662913812447 0
0 0 2.7416688031373955 2.078710789014665 1.7988254983695362 0
0 0 0.017279488968299006 2.076790163298861 0.4598220308863554 0
0 0 0.5905403528372779 1.9688366811981968 2.0068653295314545 0
0 0 -0.0045144624477444495 -0.303599475112019 0.4921565200314727 0
0 0 -2.404568602901023 -0.6319995822603166 0.8738249517577126 0
0 0 -2.391821938940261 0.3300952941310017 2.0027733039959243 0
0 0 -0.4689091888158501 -0.5596805755792871 1.624986367302972 0
0 0 2.9303396173501977 -0.06319602552054127 2.0275669467387196 0
0 0 1.5894582622989342 2.14498498986537 1.0408830418227586 0
0 0 -2.82490509419694 1.4923686978861996 0.4358897291716124 0
0 0 -0.5158119697157129 2.076770215540132 0.8669423690579149 0
0 0 -0.4621778542820354 1.885420808163713 2.014727914543342 0
0 0 -1.3544293695315457 0.5609102786373903 2.042578641591607 0
0 0 3.017933167885171 1.254553503967686 2.0017143581509327 0
0 0 -3.076296973188369 -0.5945268001996342 0.5335801560690121 0
0 0 -1.4649794820885345 -0.566735601426928 1.9594796478438188 0
0 0 -1.250689505620688 2.0920362522018263 1.311136461512483 0
0 0 -1.2140612521177505 -0.5591033660077118 0.5896844649391293 0
0 0 -0.023859691747788236 2.1143644162221653 1.0774793329280785 0
0 0 -0.8582065063256241 -0.5794939779080801 1.1415762216881837 0
0 0 2.891324981692126 0.15537248738986598 1.9938968973815503 0
0 0 -3.0612078421479225 0.7658720087762252 1.9613655013924685 0
0 0 1.23169908834263 1.0284772444017687 1.967224252728895 0
0 0 -0.081134757554151 -0.6441336605931907 0.6527260064211666 0
0 0 1.6919563816616163 -0.5816196638824491 1.6208260228639086 0
0 0 -2.4322449226191862 -0.5705084852479345 0.5597980361564721 0
0 0 1.7578168523097464 0.5547024330194998 0.43082808565320874 0
0 0 2.7881857819758515 1.43663927191513 0.500306670852826 0
0 0 -3.037100923478295 1.2806402190645327 2.0165438210410165 0
0 0 1.4315786156369237 1.5762599772745338 0.41460429852602076 0
0 0 -2.3863599904815502 -0.5581393511457935 1.3884382068325425 0
0 0 2.301218769482211 1.699487997078679 0.49094081000822687 0
0 0 2.2228067841156367 2.144950042730807 1.4629185411066083 0
0 0 2.1783013560246722 0.35617663814181866 0.42745733605041714 0
0 0 -1.1281141404481594 2.054606687167559 1.891852085283641 0
0 0 1.6519865875898763 -0.5933622986855243 1.7286384848442857 0
0 0 0.7951024262640671 -0.5795736891947714 0.4428835533357808 0
0 0 -2.3664953863334244 -0.6136365539597883 1.0756723077011772 0
0 0 1.3950323129821767 -0.5807438007251762 1.895190422368669 0
0 0 1.8724892778212565 1.6224638690818545 0.4403472097807668 0
0 0 2.440743078920475 0.734394735355042 0.40745742123664797 0
0 0 -2.7524001316959827 2.0549622518717268 0.7732903505756294 0
0 0 -2.433792808893512 0.3053752728922289 1.9947503888899252 0
0 0 -1.5479330740560786 1.0617990416111807 1.9774564877445182 0
0 0 -0.44943910874365844 0.706222220236888 1.9592355328189996 0
0 0 0.8945871219999342 2.051082152945792 0.6619342512503206 0
0 0 2.841467359478065 2.132580470340274 0.9087653303197373 0
0 0 2.8458368294618497 0.8132608448824523 2.033487204773025 0
0 0 -2.427075948828981 1.9828689422487795 0.4281639172125111 0
0 0 -1.8932809628975626 2.1222091623461914 1.2825618412520101 0
0 0 0.883501443571201 1.9030108004024966 0.40865723359026607 0
0 0 0.4201344445409054 -0.5770955775555837 0.8391545582196809 0
0 0 2.7035991046522705 2.1256948277514995 1.6936146387772406 0
0 0 -1.4043190336225708 0.8815647927487653 2.0255283692465826 0
0 0 -2.395936981343761 1.5006939599762277 1.9892785617121094 0
0 0 0.30653810054394803 -0.644414914943847 0.9520039330192108 0
0 0 -2.2327258678945165 1.2649404570566196 0.4242675570859654 0
0 0 1.701496308314825 2.125228864608033 0.6079128099252369 0
0 0 0.17414753720291287 2.1484241744780315 1.3780827386410737 0
0 0 1.0284298963504899 1.0117735228447602 2.0257129467369763 0
0 0 -0.40097751674975557 0.948217262683799 0.4072577979842724 0
0 0 -0.5263146873366349 1.3057543384402994 1.965572043345488 0
0 0 -2.357511510012249 0.7399509912177196 2.0111959328691835 0
0 0 2.4186624596978445 2.1404040096832535 0.7917608611478322 0
0 0 -2.56470276693551 2.086620006780081 1.7214460276460843 0
0 0 0.042736615004610456 1.646957611976503 0.4810494636545787 0
0 0 2.0577651275387403 -0.08146541683009756 1.9562323869056542 0
0 0 -2.73709492804871 -0.5941033999486796 1.6878927780340842 0
0 0 0.020912361540021962 2.1387286804015404 0.9131369646334397 0
0 0 -2.668044351393637 0.5269391648228108 0.4059377373932438 0
0 0 -0.0662819149239171 1.720524784456306 2.018895670735899 0
0 0 3.021721240808125 -0.18874328278075803 0.46812600636349155 0
0 0 -0.838894178220221 1.8553259607143338 2.0115137499898106 0
0 0 0.31061629758728326 1.2542466179718963 0.4782575028178013 0
0 0 0.008733560794169204 -0.596274785539449 0.5728813606969249 0
0 0 -2.3812241993899543 1.5631176040459025 0.4299248966815028 0
0 0 2.1942514374560824 1.4618907982943232 0.41410226244693304 0
0 0 0.025419969463592818 2.1087085633960374 1.7277775790602772 0
0 0 2.978285605411699 -0.559021693955736 0.8615314585631033 0
0 0 2.1311423043281783 2.0970399781038176 2.0188499528607036 0
0 0 0.5119632333027813 1.8024305578629136 1.9882501966273831 0
0 0 -2.8154756887829144 0.7839310632703498 0.4478819061185444 0
0 0 -2.5512958841165876 1.1877016431219831 2.0319067559456503 0
0 0 0.49521141290411963 2.129650645435927 1.3863225020327254 0
0 0 -1.9427874313479931 -0.15809586241065698 0.46617258702822595 0
0 0 1.9186758425200816 -0.5862034461853967 1.7162793665100273 0
0 0 0.5740496215303121 0.8701900307874848 2.0049249856017974 0
0 0 -0.9437272267433423 -0.6143487892018098 0.9944387920564038 0
0 0 -0.35452828258353586 -0.4221744294443701 0.44913160911045924 0
0 0 -2.2271364280377326 -0.4986218231713233 2.030027383463375 0
0 0 -1.8590727936892826 0.773888996786497 0.42514438237234686 0
0 0 -2.2689852002858384 -0.6042286551056479 1.4028625427196069 0
0 0 2.2286840834170514 0.4896489730338969 0.47205709974333265 0
0 0 -0.06969278164331705 1.8011603741268216 1.9576564741466118 0
0 0 2.9498653635654533 2.050189800354999 1.9102345073318867 0
0 0 2.932779889589809 1.4491292555887578 0.4782802532760617 0
0 0 -1.9034794242370092 -0.6032679439375856 0.9192978665807257 0
0 0 -1.136136515908496 0.5899320583757712 2.0459177212380206 0
0 0 -0.15024964087755865 2.148273965152846 1.0459476836502262 0
0 0 2.751214321785093 2.1446297491725277 0.5387641930065307 0
0 0 -1.806138606349046 1.481297327106058 0.4162800879012789 0
0 0 0.4574843938268929 2.129967820373623 1.599549309458707 0
0 0 0.07887132893640691 2.132231733821894 1.9984152623537759 0
0 0 -0.39516641612409176 -0.6068427325517123 1.3168816587268197 0
0 0 0.11520923161725793 2.0889935463266385 1.3662030648048455 0
0 0 -0.004049570152861115 1.94866388535803 0.4857420366568336 0
0 0 2.2754496069287447 2.0914471884309043 0.8476524499039746 0
0 0 -0.8753084682506551 0.11186500023807644 0.4912162310298587 0
0 0 2.9953236345592984 0.08300828601997456 0.4356116102105102 0
0 0 0.45631374854497997 -0.6264447173404832 1.3978939793221645 0
0 0 -1.593632606520928 -0.4187223586742541 2.0024012137909604 0
0 0 2.9773261690158668 -0.48680762114989684 0.4191723097256992 0
0 0 0.1303535360635304 1.534559403557276 1.9858913369935984 0
0 0 -0.16734951127875686 2.132470354612792 1.9400032400909686 0
0 0 -0.3298627736824633 2.145897132075778 2.0323859879661303 0
0 0 -2.5530718490852595 -0.645895849921345 1.531421825044179 0
0 0 -1.3922574882934229 0.21110088705386276 0.4604813304326457 0
0 0 2.042747496102953 2.051659043439289 0.4475329842291571 0
0 0 1.276611437592507 0.7788579202271877 2.0259761998848655 0
0 0 1.2075313379255608 2.0605465571753445 0.7979928383975063 0
0 0 1.069540900996084 1.8792236012386183 0.44816739701023467 0
0 0 -2.495124864064196 2.1214225106506306 1.8705125190983027 0
0 0 3.0216082275035685 2.0036058262021452 0.42099506092068606 0
0 0 -1.30405820337479 1.2548620305692628 2.052198202144225 0
0 0 -2.27637362961791 -0.5712848727411448 1.3233711659138563 0
0 0 -0.4255438051218716 -0.1449983521472712 1.9613838430472361 0
0 0 2.581596653450113 2.078568127147232 1.7764381764434782 0
0 0 -0.5128764331755398 1.64263561771626 1.9681112632092128 0
0 0 2.2669302976729986 0.4105051339716834 2.0384926928736222 0
0 0 1.9071910077668086 -0.6084836475707676 0.9082762092962837 0
0 0 -1.7760075441960976 1.4738446320919747 2.039048542479934 0
0 0 2.8230166012369553 0.06855767283155345 1.9684747004925647 0
0 0 0.34544715637019685 -0.3250692612594208 0.45030844043162443 0
0 0 0.9290884896377687 -0.512677189704293 1.9883105173539284 0
0 0 -2.819526677658587 1.756980952986556 0.42198258577265413 0
0 0 -0.7801271030214476 1.9244012335517382 0.49267777340078955 0
0 0 2.8576005920194305 -0.3391123254392254 2.0383923249645095 0
0 0 -0.867721492669042 -0.3986068759040968 0.4837547314235907 0
0 0 2.2697919152589145 2.085002175896889 1.1915125160709044 0
0 0 2.186660033762414 1.5443376890832157 0.44686890366480636 0
0 0 2.867259997568734 -0.004389953613812003 2.013278863052125 0
0 0 2.1575821606087136 2.1174149774871345 1.567082946011064 0
0 0 -0.23207160793601833 -0.189834414141257 0.48208986467036596 0
0 0 1.8574795774114872 -0.5627830423601501 1.867761324516536 0
0 0 -2.4411993488345045 -0.5741380581971582 0.5584231305345884 0
0 0 0.8736217025882782 2.0796786803724885 1.256671172850016 0
0 0 -1.2569266497964926 -0.2992335208917165 1.9646415573011162 0
0 0 -1.1422703097258535 -0.6308213075572013 0.863799460539465 0
0 0 -1.5646463882278774 0.24905236385112706 0.4974253348694324 0
0 0 -2.212130678789827 0.4915825354925105 0.46113527235326557 0
0 0 -1.8564898169777317 2.0384783566792004 1.9864132010278843 0
0 0 0.07807798542153721 1.3289545731463022 0.4211593995191494 0
0 0 -2.774238129256324 -0.6495125636082009 1.7246018405074242 0
0 0 2.6124871470086752 -0.21720971581326554 0.4930936508466638 0
0 0 0.006381731935507506 -0.649039200427908 1.171587115990191 0
0 0 0.7422584984902909 0.21601353811552781 0.4256143355581019 0
0 0 0.5718626661993649 -0.28093702526515574 0.446011266792133 0
0 0 3.108923272415791 1.1653114879299107 0.4492590255882688 0
0 0 -1.8994036157772456 1.1669109761997176 0.44552888979137717 0
0 0 3.118893170897838 -0.617077424096599 0.8191437185015 0
0 0 -1.6542708857006088 -0.11350681731253187 0.4045465058816796 0
0 0 0.9374009785455462 -0.5686075430947914 0.62457730901901 0
0 0 1.448995880197697 1.68738708397198 0.4317485224234854 0
0 0 0.6922579564642608 -0.6381074855744286 0.47648257062147736 0
0 0 2.6494096749440166 0.10977968019799367 0.4894044766205826 0
0 0 1.565975616818836 0.19579787179539498 0.45515546470249557 0
0 0 2.628765127843474 -0.6324619452881439 1.425276796783642 0
0 0 1.2483142928650564 2.1359760059971116 0.801577097024162 0
0 0 1.1705397316228892 1.176138767995224 1.998406272462288 0
0 0 0.7371480203372052 1.0831701167892718 2.007433265842499 0
0 0 -3.118341564360532 2.0528365362151115 1.2052664888096616 0
0 0 2.0925513200621433 -0.5947242124643284 1.1954581777120714 0
0 0 1.0864218279112015 2.1255461448206288 0.7027862190175607 0
0 0 -1.2491474228492103 -0.253524058280697 1.9714740497904208 0
0 0 1.7218090901194447 2.137927711109268 1.758117160362274 0
0 0 -1.7430356603365649 2.141431608413064 2.020256436714718 0
0 0 -2.325161028820083 1.6998959359299273 0.4250870414852307 0
0 0 0.6545010252244419 -0.5584970371729363 2.04342995898661 0
0 0 -0.5340101117978557 -0.6394591699563978 0.43115887763415117 0
0 0 -0.45561534007734483 0.12736523545051504 1.969790349455159 0
0 0 -1.4810079935900107 2.137595398067136 1.1119152326747535 0
0 0 2.103772869234297 2.1075449104346964 1.412947055559378 0
0 0 -2.7319615964710593 1.6564199238476822 2.0327336502112283 0
0 0 -2.440649044612723 -0.5721759299870115 1.9477182278430631 0
0 0 2.0760080322694243 0.5286368379917832 0.4659527339901358 0
0 0 -2.4769387872491233 0.892582043585711 0.41871251387415376 0
0 0 -1.6969525742825398 -0.6131585437269256 1.8272342903244028 0
0 0 -2.9591867726464445 -0.6449420034720399 1.7673278776687702 0
0 0 2.6724901161979417 2.139682921100118 1.9275344974450863 0
0 0 -0.7097117767319046 1.3791411730305994 0.499962285165206 0
0 0 -1.9583335519214058 -0.6193080110128628 1.0825375385846905 0
0 0 -2.397190654224606 -0.15090968107385638 0.4462267444609588 0
0 0 -2.0531461919147747 0.11406299769160266 1.991739079507228 0
0 0 -2.5746648188306267 -0.5535818456455635 0.8545417374727122 0
0 0 1.6667599420949628 0.16064959116157485 0.4684056865911628 0
0 0 3.1350156135812135 -0.579282612827251 0.4591245000408095 0
0 0 -0.39801489384257893 -0.5642233971385509 1.5492258662526122 0
0 0 2.6507084907394107 2.1427390796233885 1.194511612247032 0
0 0 1.1657644497013049 -0.6485485120390773 1.9383334436288644 0
0 0 2.434277059827444 0.7027319767079336 0.4523573160154064 0
0 0 1.9881112568190185 1.7370348957264496 0.4954994517939464 0
0 0 0.15952917639560793 -0.6435179425518349 1.9905335306827674 0
0 0 3.097409773080628 -0.6442048020918905 0.8298352651436529 0
0 0 1.0086169268763898 0.3982195652020053 2.0115210479387584 0
0 0 -0.32720947399687983 -0.20569920664596997 1.9620980390166562 0
0 0 2.0918866184933362 2.1345641212509356 0.9417130963431092 0
0 0 0.1862870955015814 1.6437708363276375 2.0107405532704767 0
0 0 1.3008211488346157 2.0973885712576394 0.728034725695861 0
0 0 -3.053242645961721 2.058976821044081 0.7946542098803102 0
0 0 0.6235603136441616 -0.48956816716342644 0.42448425395350176 0
0 0 -2.0153253285994204 0.17803172162943204 0.446374093467071 0
0 0 2.291706853596456 0.735881377117654 0.40456719082996373 0
0 0 2.582135173439542 -0.44465146879070394 0.46467642143737875 0
0 0 -2.023623048586487 1.2368351605957053 0.40624468324559426 0
0 0 0.42782402536220765 1.443580260403132 1.9833871059436707 0
0 0 2.0614583397901827 0.8276983184507696 2.0288661958298113 0
0 0 2.6278378690162896 2.0853324785492706 1.9233439715679386 0
0 0 2.82302801477905 -0.005781467985184641 1.9668201819855662 0
0 0 -0.354247710647293 1.09882304624268 1.999525582839211 0
0 0 -2.1170105229206717 0.986884294479168 2.0370656930967126 0
0 0 0.2257741718528452 1.194346409479209 0.49321049580117216 0
0 0 -1.8463035546864042 0.4784540380759583 0.4684626061959054 0
0 0 0.9091449273503898 -0.6365710570129239 1.1829931690005515 0
0 0 -2.5491323205065064 -0.20577188610329245 2.013084585463318 0
0 0 -3.0687312798025115 0.9020069106563695 0.41853473499615845 0
0 0 2.9915827989625807 0.7357176402139216 0.4465038460661308 0
0 0 -0.3210738608132768 1.870529715413656 2.0094172221855082 0
0 0 -1.857718893954661 0.0065635109385868695 0.4902323514846709 0
0 0 -0.2588669677590749 2.096857319501331 1.212823105906963 0
0 0 2.806788001485999 -0.5556514446709138 1.5033114148310496 0
0 0 -2.055503342393688 -0.16397763480603922 1.9986658249959675 0
0 0 0.666993616634358 1.3346877611544627 0.41265794574125636 0
0 0 -1.8886561654441343 1.3621708158511805 2.027634129430296 0
0 0 2.501750434413248 2.0754861433068994 0.6825305522419226 0
0 0 -1.323518571835375 0.12858187361766849 2.0252696308770686 0
0 0 -0.6734370383839345 1.4566079488555952 0.4127433818873696 0
0 0 1.0070259227904526 0.955694937521971 0.4450212813787897 0
0 0 2.5441822339980176 -0.28633500757300134 0.4823861886168058 0
0 0 0.9653511363859559 -0.19623076347577628 2.008415748317743 0
0 0 -1.8923174225434 0.6094085493320849 2.0496037063134396 0
0 0 2.7141976854502667 1.6830144000584382 1.9685457037263188 0
0 0 1.9321583820644532 1.105704974699144 1.954080338564795 0
0 0 1.3802587557768558 0.2549653390827421 0.45583776511743435 0
0 0 1.2050105805712716 -0.5115820348410676 1.9737534045428853 0
0 0 -2.9056171207252506 2.115669305634394 1.4417188782492638 0
0 0 -0.2454817500989015 -0.596972875234874 0.6311044285247248 0
0 0 1.7876961821846242 1.335850717615223 2.035493074341876 0
0 0 -0.5262667790311957 0.7841812031250495 1.9667431016142916 0
0 0 -1.491493136915578 -0.44128402640909603 0.40406556815501005 0
0 0 -0.02563592713497531 1.4019327678836404 2.024317699618339 0
0 0 2.8244916232624213 -0.6130407357407766 0.9721898804780017 0
0 0 -1.4131443128298762 1.4631582742695086 1.9812849498194813 0
0 0 -2.513388389561012 0.3565244675241094 0.419015594044694 0
0 0 2.8023571197025765 -0.4731989969954127 0.41513313054299883 0
0 0 -2.8856301257390617 1.3406819671493122 2.021969167485003 0
0 0 -0.49344466355917005 0.8062243147685799 1.9560336406324157 0
0 0 2.325534084253202 0.18709513833655245 2.050181473540585 0
0 0 -0.2738117310193773 0.7983225312179849 0.4457982209078627 0
0 0 -1.826261427537605 -0.1617094205942473 0.42179347685534085 0
0 0 -0.11189792013872202 -0.3823357815526207 1.9737273817632999 0
0 0 -1.6635604523480911 -0.5925601348924456 1.7301780641825009 0
0 0 -2.629746206048242 -0.40219767107731785 0.4527949135218705 0
0 0 -1.3690647747730553 1.56006092381283 1.9861235666166386 0
0 0 -0.6466912178698689 -0.608429160676945 2.0135708535170878 0
0 0 -0.8137700931714238 1.6734419526033883 1.9887780790285379 0
0 0 2.617305009137204 2.1193871370946082 1.8266394729613176 0
0 0 -1.0721177448062678 -0.3509666235763258 2.0350140804116013 0
0 0 2.9970068059355475 -0.6236582058251676 0.743733997156174 0
0 0 2.3968101988288915 0.30297346730709607 0.45976017866503127 0
0 0 1.8251173006901045 1.3108232644358038 0.4034973058766498 0
0 0 0.36405466503715234 -0.5702732801027095 1.1462655619444455 0
0 0 3.09522201766217 0.038299232509944825 0.40873701671324714 0
0 0 0.060426239227360234 1.8857410973815238 1.9857911115849252 0
0 0 -0.23898996267736772 0.6225104056294226 2.0065305292461755 0
0 0 1.6997969797062291 -0.583170268952693 0.9264153839259341 0
0 0 0.3826275943754416 1.1551018567474785 0.46953916241164473 0
0 0 1.0026849424931576 2.0772268190836707 1.8124922929640563 0
0 0 0.2677581427954192 2.0507211546194926 0.5073224837967348 0
0 0 0.9305104121211709 0.855938828847568 1.9757386810624336 0
0 0 -2.4586557935038607 -0.6294849810389682 0.7015474351963504 0
0 0 2.751251876602467 -0.5619223319757747 1.0111674518106724 0
0 0 0.7732147549412391 1.5005538487115155 0.46184948319671904 0
0 0 2.0296616730932353 0.392381130328466 2.0217846453603583 0
0 0 -2.5903855906065294 2.1319956714216604 1.018653453603924 0
0 0 -0.7963354653674157 0.525282945334071 0.469359282941619 0
0 0 0.3643171754714256 -0.6170999437810978 1.2793553969550504 0
0 0 -1.7218545105290328 0.3858010822347332 2.051458647373905 0
0 0 -2.2699786708442513 0.7566930211951215 0.485863383056788 0
0 0 1.7910799618602127 -0.46364388557620484 2.004704931127044 0
0 0 -0.16420960270542917 -0.6262017279787764 0.863369098253044 0
0 0 -3.0569192188149588 -0.5520245482933508 1.8002807501505413 0
0 0 -1.7594547300315269 0.6290644756421602 1.9919131086404116 0
0 0 0.10239192606110148 0.16317807325332812 1.9816794460372145 0
0 0 2.803611977043767 1.0790713292320124 0.42561963764291155 0
0 0 -0.24357824346238566 0.22980720305989433 2.037478571133392 0
0 0 -2.930046692473017 -0.5922621226293134 0.7330116177458401 0
0 0 1.0749624598736016 1.9202325906685276 2.050496587384646 0
0 0 -2.6524592837302228 0.6143783437503243 0.4824789154960406 0
0 0 0.8213938535755672 2.0939386530144164 1.1397107828517092 0
0 0 -0.11466434107943346 0.6731019912244354 0.45174184152567876 0
0 0 1.2125063745986049 -0.630316457049805 0.917128423138456 0
0 0 2.738882194924802 0.17840662138476648 0.4795400913593384 0
0 0 -0.7285245849736652 2.14647014591328 1.2951555208281356 0
0 0 -3.0885929869296382 2.1089694565159496 1.0666748569310078 0
0 0 0.645530977317482 -0.5837459824652351 2.035905469621966 0
0 0 -1.256641509700659 1.2143485985767086 1.978648138864364 0
0 0 0.2922555592503602 -0.32206735218725013 0.47532941857118993 0
0 0 1.7288121616526064 1.14059774646968 0.4454384123602856 0
0 0 -1.1962584756966452 0.017725558183635193 0.44092036421895364 0
0 0 -1.3860422095866478 -0.5947530500310654 1.9882383796355187 0
0 0 0.2798085898723772 0.3089916238892474 2.03223904137628 0
0 0 -2.98045533946284 0.11803565083384593 0.4283120164100408 0
0 0 -1.3495232793447867 1.5437132089568848 2.0064880598994943 0
0 0 3.108811927260417 1.9503949262189189 0.4756597807124946 0
0 0 -2.132970358227076 2.0993026284524383 1.7765944456187934 0
0 0 -0.9136050172180874 1.7706356111067036 0.4175792565954888 0
0 0 2.1175858132470546 -0.024031332011926643 0.49250898926044717 0
0 0 -0.3860594656377474 -0.11709680061893879 1.9955524047345272 0
0 0 -2.3058738501662948 -0.6402357158097725 1.3561116204935102 0
0 0 0.512332003143801 2.102006891094131 0.9849608390901623 0
0 0 -1.2567531163664218 0.5834245813764767 2.0463100991544274 0
0 0 2.594498434619471 1.763944486551267 0.4276399844864205 0
0 0 0.1975633628450768 -0.5113325269492699 2.018134504273897 0
0 0 3.0811765143473346 1.2404463415713636 1.9596043419705556 0
0 0 0.745085360224143 1.4191477964197674 0.48714878766908287 0
0 0 1.5548472887071503 1.3523575500561758 1.953942188070843 0
0 0 -2.5025802747561667 -0.5084257227355113 2.011972336143454 0
0 0 0.5069743064035928 -0.060999822335726206 1.9842145277144843 0
0 0 -1.3091521233367436 1.6272911305437596 2.0251605019976475 0
0 0 0.7482056536377235 2.090405635626982 2.019692085164674 0
0 0 -2.9545452506261904 -0.521778387003418 0.4833475930811829 0
0 0 -0.8689885338726411 2.128034420001941 1.9900387602095826 0
0 0 0.3228057768319732 -0.5596778168589853 1.3958014111170771 0
0 0 2.458861469552618 0.5923209131057141 0.4042613171357652 0
0 0 -1.4832554285539696 0.16367098357497 1.9729616676758046 0
0 0 1.1424879854088186 0.3363715946579572 1.9659518351582368 0
0 0 1.9694719977508282 -0.6329396560090108 1.9485838440189631 0
0 0 -2.937993699998496 1.8013354474183407 0.45512751623333003 0
0 0 -0.26056330997574895 1.7421345561323778 0.45426355476001856 0
0 0 -1.2783543871925354 1.04624827715354 2.025784848939643 0
0 0 2.1807795213230685 1.8821811140773816 2.0189141487270517 0
0 0 -1.9666117497853142 2.0549462931668945 1.3665787659862982 0
0 0 0.541462121924019 2.126537778646245 0.7947688077885726 0
0 0 1.180398452428176 -0.360585748653945 0.46206344173557534 0
0 0 1.7708993393292678 -0.044668935094051454 1.9817280976566893 0
0 0 0.8156666698687536 -0.26319104833066653 0.4708529362146603 0
0 0 -2.072500874247611 1.1229617952305055 2.0029324609439296 0
0 0 -2.0952769780350193 1.1190362463718688 0.4878097121363686 0
0 0 1.2257761543224648 0.11239277514347967 1.9871555871189206 0
0 0 2.5426273338210272 -0.6248738097515711 1.1078642850962201 0
0 0 2.7514182534451512 2.1359141430838986 1.202012921565506 0
0 0 1.6083215718075978 2.069700299942128 1.395834342761899 0
0 0 -1.4124215519188505 0.08469262222407736 0.4646416613747324 0
0 0 -2.387791382297122 0.880628390182775 1.9560121797578183 0
0 0 -2.2296784610290317 -0.3414769448263535 0.4050501745488039 0
0 0 -1.384062002851645 1.8347596721382937 2.0183443536456913 0
0 0 1.6406248000008237 -0.2712468604701055 2.0283147356861346 0
0 0 0.9296042741491721 0.34189999065961774 0.4318132869398569 0
0 0 -1.3898252455090043 2.066556024741242 1.9925556009360124 0
0 0 -1.2545406776886885 0.5170715183284478 2.0393571704752835 0
0 0 -1.1133021889957142 1.817262378265397 0.42261094764830454 0
0 0 -1.8919025605427289 -0.1990027561406582 0.46073284020948 0
0 0 0.9275823859216921 -0.6002551964797491 1.6744091589105623 0
0 0 -1.8686391244633056 1.5506932176818624 2.0062175789476235 0
0 0 -2.1263764317661 -0.5530695704122994 0.5629180252788435 0
0 0 2.7143661274202344 0.2474291016419421 2.039714477797259 0
0 0 1.4622055013202155 1.2581833497872938 2.0259588889668683 0
0 0 3.0522323567743683 0.33753643966215363 2.0247852100309274 0
0 0 -2.9660064465131173 -0.05995841216286779 0.46825409982935895 0
0 0 0.6060601509005816 1.2982240538586776 2.048644983744115 0
0 0 0.04132148626374743 2.0534652824561217 1.1508535105636652 0
0 0 0.31231718270860176 -0.5868483685714445 1.881624417150667 0
0 0 2.9508865747946293 -0.5996398595909511 0.7420078755627552 0
0 0 -1.5871074297697472 1.7517914405394268 0.4629745287579762 0
0 0 0.15617479926215472 -0.6415859538467417 1.4465859601318936 0
0 0 1.8512638113593889 -0.2925594063801378 0.459252792847368 0
0 0 0.08985091157858394 -0.2697496682580489 0.41991767526233204 0
0 0 0.6128453625190593 1.3125005678593111 2.0500578510855383 0
0 0 -1.574671396854521 -0.600164817716107 1.4162375687207625 0
0 0 -0.6132737887737734 -0.11718939419922947 2.027451760693169 0
0 0 0.33881441444881455 0.3444628920312557 1.991125170821752 0
0 0 1.9024098778834073 2.137412215761872 1.8064330986662753 0
0 0 0.6435783534056609 0.04114524800617281 1.9922564648702967 0
0 0 -2.566749359267686 -0.5839671157610076 1.7944886473549129 0
0 0 0.0030035440347466746 -0.606867132758637 1.8869092884711505 0
0 0 -2.882912390281047 1.9322252477749575 0.4703074970447789 0
0 0 1.2681258610403825 -0.15529839286517166 0.41030505185435584 0
0 0 2.4202890839944207 -0.6444736353342562 1.9498746769828488 0
0 0 -1.9209000184045102 2.0986952680512028 1.0429382892498587 0
0 0 2.777756422144779 -0.1316339616919291 2.0078160103243645 0
0 0 0.6089705704241646 -0.6436090516908974 1.4046016864487552 0
0 0 2.0873255328808744 0.5192244157312846 0.46885971175553653 0
0 0 1.2936440641079665 2.0537406938643894 0.4620854557353813 0
0 0 1.2581009328668227 -0.588324458280054 1.3874003831490784 0
0 0 -1.7549770854245976 1.9181813963791818 0.46287002487607865 0
0 0 -0.12065937229705437 -0.6045434652957613 0.7185614485824598 0
0 0 2.43184086377131 0.2908583024753131 1.956692214082549 0
0 0 -3.0870533615584557 2.129204144702401 0.6119119650441588 0
0 0 2.836176628921997 2.086240252717934 1.039913329785103 0
0 0 -2.5383060761386558 -0.613603881478533 1.9295154120304987 0
0 0 0.729377659999912 -0.1563488677074567 2.016711430596045 0
0 0 -1.6137962115206665 0.013771804749035055 2.012858904036178 0
0 0 1.6595633903780787 2.1034594211446045 0.6023725645990112 0
0 0 2.9709055217179294 2.020046538982559 0.45565026693519417 0
0 0 -2.952612798247454 0.2094304644979902 2.0476868204581145 0
0 0 -2.1697910118738126 -0.611230824305034 1.5982477324320892 0
0 0 -2.0536414817003292 2.06134875606138 1.200894069658041 0
0 0 2.3396592314784854 0.23796631064456708 0.4683856800096047 0
0 0 2.5480220304526187 0.40979641539121714 1.9603499337204395 0
0 0 -1.125921147934029 -0.6482268659878307 0.9335833443002843 0
0 0 -2.144061397653439 -0.6263269752813736 0.8242597498885781 0
0 0 -1.6904998120537293 -0.3846679794711594 0.40871233165258614 0
0 0 2.2367688347195624 1.9759193885408959 2.051066143197943 0
0 0 2.745609853112777 2.098073194345692 1.1370350335342967 0
0 0 2.1257083263290104 0.8756743996748078 0.4255926563092779 0
0 0 2.260039732082115 1.0539423078343273 0.45372653340928415 0
0 0 2.32996507886686 -0.382397662478273 0.41748972627216774 0
0 0 2.304134238395938 -0.632178263777206 0.7552125086310207 0
0 0 -1.3483267842840088 -0.07400321573764046 1.9984564820624868 0
0 0 -2.6791251331331583 0.3112736253985202 2.029039616879917 0
0 0 -2.1494748432129382 1.3904306312341308 0.44273593411412415 0
0 0 -0.8081704770456004 -0.5630600030710384 1.4635636832202024 0
0 0 -1.9666324390570085 -0.36082118366133775 2.0450247232674323 0
0 0 -2.1072038053000544 2.089600877384407 1.1942972819112712 0
0 0 -1.4112452772792727 1.8041221820974396 1.9577202386698145 0
0 0 0.8405043797021761 0.4251741444692476 0.4893098651131724 0
0 0 1.456960964681043 0.7671678302734579 0.41975443267299417 0
0 0 -0.08037252587138921 -0.5703977452040863 1.462563569241466 0
0 0 -0.8308669634601227 -0.5529391325098816 1.5063154184447465 0
0 0 1.636141164962397 2.0629939036935196 1.8048397461830354 0
0 0 -0.6881642122870524 -0.5565153032959234 0.6783331212258852 0
0 0 2.8286087077911732 0.810043735001696 0.4539168868315785 0
0 0 -2.6825516679726817 0.4686795699697408 2.0310444440514406 0
0 0 -0.16528376739026163 -0.20293941048988118 1.9846331936697768 0
0 0 0.5137523211750161 1.4587171179863063 1.993413137661149 0
0 0 0.8089429085626256 0.9970871312641998 1.9855151461332543 0
0 0 1.6309655393387876 2.0867543644715836 1.2889960302316612 0
0 0 0.9374361142216356 0.7522655548267914 0.47447156887652 0
0 0 -0.38697074725378844 -0.6475914785921602 1.3398215949636518 0
0 0 -1.9953033487447756 0.9248752328193992 2.043452090868524 0
0 0 -0.7421725298336455 -0.5568045180702172 0.4411090831353446 0
0 0 1.2499664649572741 2.119256995374097 0.5316529048093062 0
0 0 0.042710485385560215 -0.5594887993515301 0.9169771865824371 0
0 0 -2.914816645730078 -0.12877278709714068 2.0052259204429683 0
0 0 -1.172857021298481 -0.5653926493403194 1.313204606490646 0
0 0 -1.4464558500521347 0.8449047100590095 2.0368433849730043 0
0 0 1.6773254923356724 0.0593588217934502 0.47110039560733186 0
0 0 2.508407118079014 -0.5814398051229259 1.0135448027389455 0
0 0 2.596835829473645 -0.5692187224562806 0.8776315414775744 0
0 0 2.3211258319834105 1.8922590331513096 0.458395562127921 0
0 0 2.440752616025785 0.5589323690840999 0.4577186043003001 0
0 0 -0.5370803667869759 -0.6256810017678631 1.463021748797704 0
0 0 1.6136433018035774 -0.23732554010695361 2.0030198185805985 0
0 0 0.9167702981461447 -0.2388500779597975 0.43694074595762444 0
0 0 -0.7019023159760178 -0.4798129257633432 0.45325273584925396 0
0 0 2.977601723530766 1.3952313458582244 0.40809519327610244 0
0 0 -2.990764298511973 -0.6332055411516162 0.6219848856757751 0
0 0 1.7997110098297355 2.1119518241725412 0.9838930017260927 0
0 0 0.5799611177513766 0.15457821813603367 0.44015571564583067 0
0 0 2.1690822072522034 -0.5789209937311213 0.5336325245575493 0
0 0 1.240643917858275 -0.5496863667570422 0.47612612228234363 0
0 0 1.1272132643905204 0.851981023609603 1.9625092764054934 0
0 0 1.0328003264817864 2.115611861895726 1.757856394970038 0
0 0 -1.4017691889955337 -0.11621431136915361 0.44394425769520196 0
0 0 0.8323673815655206 -0.6388515932983185 1.0169100732611693 0
0 0 0.015094817730434862 -0.6239388772662107 1.813094462157702 0
0 0 3.1244290994086805 1.0071678601808745 2.0498465826353467 0
0 0 1.4102411680547249 -0.30529911517445063 0.4319247839866718 0
0 0 1.2353077982152296 1.2276971677671422 0.4376049795902798 0
0 0 0.3704213033397368 0.7286506969671802 1.9750649732283412 0
0 0 0.33893742880171907 2.0654706900066664 0.6234072879378655 0
0 0 -0.8117591888991709 -0.5192453407305264 0.4240448293365815 0
0 0 -0.9881390205509 -0.5782638956398007 1.9320828376931256 0
0 0 -2.0230197561090275 -0.5221107418814528 1.9983742975968537 0
0 0 -1.980649023516844 2.132449271754327 0.9544861620523064 0
0 0 -1.1849701845270324 -0.5908168778660581 1.046187178669534 0
0 0 -2.068331928751814 1.617515957864961 1.9780410249757536 0
0 0 2.981957141144364 0.4872274061200579 2.009376407718409 0
0 0 -0.4536669439347416 -0.13167721586166037 2.0225283334491886 0
0 0 2.0509124563059427 1.6541474233417548 1.9542504810193995 0
0 0 2.6621474377004217 1.7401250080776027 0.43802614317256006 0
0 0 0.881865519652214 1.120445501163097 0.4733315886681333 0
0 0 -1.1935070705272992 0.0632096010623786 1.9545657499706648 0
0 0 -0.5772301183146906 0.7979589979517794 2.046740514109656 0
0 0 -0.018694681053150308 -0.5627592024620165 0.8004220747807735 0
0 0 0.7539946416320529 -0.5639289613708582 1.4285908284286195 0
0 0 1.5915672533324567 -0.6120742070653076 0.4105072559064131 0
0 0 -0.9698759000711741 0.7858013247077968 0.42496162943080185 0
0 0 -1.110794780938345 1.5363466635863874 0.44555335871698454 0
0 0 2.9975524048077666 0.6919324864164704 0.44631120175513295 0
0 0 -2.128768848674814 0.03885934804149038 0.44738927157386865 0
0 0 -2.4239396472660166 1.7575158698008069 0.4136725414760136 0
0 0 0.6260049699321368 -0.512085662686476 0.44168785072040295 0
0 0 1.3213517575152736 2.0965086044077244 1.8239050495605351 0
0 0 -1.30886179045196 1.6248731870594872 0.44932219354713665 0
0 0 -0.18310180736281012 0.45683196916123836 1.9845242231731888 0
0 0 0.15515108562773072 2.1191123320696885 1.3749982931779592 0
0 0 0.9667175443811109 2.080959382545415 1.0011467826878035 0
0 0 0.8545611895961915 1.1946064879512357 0.4863296679754249 0
0 0 -1.8810510664172884 2.128682004234854 0.8112844119067564 0
0 0 -1.3690707090760263 2.087368294259752 0.7314558492300378 0
0 0 -0.15423447069966256 1.978491804004708 0.47549982790982603 0
0 0 -2.0769409337889986 0.9496769754256982 0.4859003368166237 0
0 0 -1.0989871406347795 -0.581885969277 1.620049884592791 0
0 0 2.3585350335356576 0.6892538098709664 1.9685564826476223 0
0 0 -0.7048721020455799 0.5175202363799543 2.051737550134218 0
0 0 2.782613993939827 2.1249810167971415 0.7661635902895408 0
0 0 -1.6142520048208133 -0.5943647949508613 1.9059042279148195 0
0 0 2.5238661527302 1.7252314318144613 0.4999857425891294 0
0 0 -0.6367159175576935 1.730395413811699 0.4994882617024309 0
0 0 1.6082900805402485 -0.6218621602730459 2.0465591018311615 0
0 0 3.019606759557427 2.0625569338709973 1.3682899130961084 0
0 0 2.037380202153547 2.0583444373313706 0.4295295993671545 0
0 0 -1.9900246423937267 0.6884740911625022 0.4667848459654227 0
0 0 1.9031008383430388 1.3848351518307684 1.9993213465245079 0
0 0 -0.27418500213446295 -0.4130962517043808 1.9990820456305123 0
0 0 2.590164797528435 -0.4834974979755775 1.994460072105937 0
0 0 2.2711317703781964 -0.6394708355155214 1.665477765701007 0
0 0 -0.9516958110419185 -0.6253868450402169 1.3445084322648087 0
0 0 0.41771307992752815 -0.6103797118797216 2.0116290675089745 0
0 0 -3.0274267144659057 2.116299948446404 1.8661586761733127 0
0 0 -0.19265523204040536 2.1323736748765842 1.0701263586475136 0
0 0 -0.7360269367854038 -0.5889024991127461 1.251179784298643 0
0 0 2.5476173253561063 1.1799859452822845 0.4069404356249804 0
0 0 -1.1236598367485318 -0.3119149943407251 0.4459960630832761 0
0 0 1.495028720304247 -0.3984634309659032 0.4522127393264994 0
0 0 0.5540126308170965 -0.5941596353707743 1.8862496089476366 0
0 0 2.2085493908513936 -0.009286262870963236 1.9904570580330678 0
0 0 -1.778969128930027 -0.6105130106064722 0.9072223869037245 0
0 0 -0.8206669494790009 -0.6105261891301321 0.5342369142318077 0
0 0 -2.6861494968827317 1.9773716438722555 2.0244202019524944 0
0 0 0.5535371171517087 -0.6383048860070968 1.7423323559114188 0
0 0 -0.587597727996398 0.27475443365376495 0.495287135295991 0
0 0 -1.7738688545598753 -0.4955787839528367 0.5020361495164141 0
0 0 -1.8042172805742485 0.011355720657868162 1.982381812304538 0
0 0 0.44911934736308146 1.2782377973622792 2.025424647201772 0
0 0 -0.8730651938113594 0.628723505818761 0.48149130100132254 0
0 0 -0.07962001772875205 -0.4120288666723697 0.4661810779370614 0
0 0 1.555827333820984 -0.5893690947259984 1.3953667758800403 0
0 0 -0.448573457042746 2.132722815524766 1.3171844141019915 0
0 0 2.3811227107179738 0.10159357014268944 0.4521883533374049 0
0 0 -2.7616414375170937 0.8601679791025965 0.4752708359141177 0
0 0 0.11026576380746178 -0.5234251755766242 0.4200908143537563 0
0 0 -1.5708042045142314 0.0778089338375727 0.4868775595743462 0
0 0 -1.4241615964260954 2.098668268828318 1.0866493618980582 0
0 0 1.8819062294861686 1.7389051839318805 2.039343484998979 0
0 0 -0.3482015575619215 1.5757417696735885 2.0421468681231296 0
0 0 2.2250623895214963 1.350218371875866 0.4487599962375304 0
0 0 -0.3495734353213775 1.6151532761911802 1.9974670585919632 0
0 0 0.9207237875197771 2.11635212771275 1.780418075433075 0
0 0 -0.715538413351192 1.010498706760707 0.46363866744462034 0
0 0 0.14470560427511714 1.6224883582539096 0.4450434479717694 0
0 0 -2.9584061114266698 0.5139818810778991 0.4670129526422333 0
0 0 -2.5935828485934644 1.4451602024859582 0.4650533680330031 0
0 0 -2.2603833506468742 2.1484340520153067 0.80693382252613 0
0 0 1.130924679708535 -0.6106191759964048 0.8456730754189221 0
0 0 -1.7532690472849224 -0.4599951909401947 0.4703511455022774 0
0 0 -0.35888853421133815 2.1413219471037532 0.4542182941793592 0
0 0 -1.6740464255029033 1.122797506976841 1.9914563457609098 0
0 0 -1.1575246945757063 1.1612803047546751 0.46341198808253126 0
0 0 1.3387344644763317 -0.3349698043478986 1.9551959030919739 0
0 0 -2.437287841612929 0.275820309409596 0.44403271276109924 0
0 0 0.8057176861693094 0.15809410148664838 1.9605561296030656 0
0 0 1.2158774056394677 1.11080773384052 1.99001222226028 0
0 0 -2.3408752237071515 0.49902819322690606 2.004942412009171 0
0 0 0.5042631935063815 -0.33136287233101136 0.4657291546367366 0
0 0 1.1277468928425574 0.16479626667605396 2.0324100512967758 0
0 0 1.0765226407082382 2.09297116786551 0.8444460604572578 0
0 0 -1.5163890764226384 -0.5799530930678582 1.1703170790553208 0
0 0 3.05929215582524 2.0852850690960363 1.0063934650086415 0
0 0 2.7631576763780927 -0.6149026615017279 1.3958680920149522 0
0 0 -1.2223591140599182 -0.6350051042651135 1.634999010068342 0
0 0 -1.93909520117639 1.110826860664592 2.0066844482251915 0
0 0 2.6951719725773877 -0.6371751480560666 1.489805353297735 0
0 0 -1.6627219672141906 2.0707892387477083 1.9409629117755638 0
0 0 2.725537078137153 1.1144242595891383 0.4240280336590361 0
0 0 -0.15240310326121076 -0.5830670365310082 1.1211522765366113 0
0 0 0.37149012985163754 0.06167515213891006 0.42471588953243555 0
0 0 2.1330107101323756 2.070106866353534 0.8653866339078407 0
0 0 1.9590214873216985 0.7483953909880785 2.0247291417331033 0
0 0 2.6040887331171003 0.40894756120103604 0.481314336238824 0
0 0 1.7292995656520747 -0.49622297141656335 2.0084846151336913 0
0 0 1.7025352600289647 0.35545689705505246 0.459979871485089 0
0 0 -0.6540496245907934 2.1474023018161783 0.4758475481552905 0
0 0 0.16945006121517414 -0.5604754385472213 1.6829745731439192 0
0 0 2.337360523394037 1.557820626801514 2.0152237345564394 0
0 0 0.4060981322499102 0.007174073617786658 0.4387953733251019 0
0 0 -0.47261673237467283 -0.5627098449449637 0.662880741074573 0
0 0 -1.2308338943510209 0.7214415242005447 1.9750026637607232 0
0 0 0.6606478157881828 0.8383083606523529 0.4514276242818257 0
0 0 -1.8735511986463582 2.133181725855542 1.8417408687255934 0
0 0 -2.678692809490619 1.6163059560418886 2.035934792984917 0
0 0 -2.6474343352183625 2.096749734875292 1.5332831998014693 0
0 0 1.2814111272426336 1.7175872985667817 0.45169819014102053 0
0 0 2.4454461574252164 1.0151282754005033 0.5026999580078495 0
0 0 2.142553643008685 2.0574236292724906 1.8774454137523802 0
0 0 2.2241589365485783 -0.5697225991961876 1.4906336222479364 0
0 0 1.1724161161342392 0.7420907246065016 2.0060590396828797 0
0 0 2.3355018926178435 2.1392258954847865 0.5210286166694398 0
0 0 -2.21142580091523 2.091793916414961 0.5372186224072741 0
0 0 -0.8778664861063024 -0.5365250738230021 2.032008844845479 0
0 0 -1.2787782120638052 0.9818752847565964 0.40832434344599555 0
0 0 -1.2640306475652296 -0.027751330181630673 2.0062777889262704 0
0 0 3.054000734314574 -0.5104386476367095 2.01719922493564 0
0 0 2.0752544986907226 2.0964696705284274 0.8479968593401923 0
0 0 -2.098796401716955 1.4996539753613154 2.039506312272298 0
0 0 -3.1414115705971026 1.6360929971109368 1.9639217227342791 0
0 0 -0.9328680615239908 1.8773779303875433 1.998774678761977 0
0 0 -0.2937792366576373 -0.4007646141411827 1.957662642945445 0
0 0 -2.1403996205030507 0.41276533905714186 1.9543481786076131 0
0 0 1.053255816734028 2.1124966931896028 2.02629310140801 0
0 0 -1.0883531456820563 2.0620987591110245 1.7759999334815146 0
0 0 2.1730298809316997 1.1377521583116728 2.0361549423900667 0
0 0 1.548265737591664 0.7483451906122711 1.98400122039289 0
0 0 1.9042761592530821 -0.03357420281647849 0.45784590742247755 0
0 0 1.5906095916243297 1.2967506149836021 0.45964023109664853 0
0 0 -2.598235872021535 0.40721789873134373 1.9617917450596245 0
0 0 -0.007225939694154082 -0.5761117307894668 0.8632906273881502 0
0 0 1.0307955296971558 1.4852512733123853 0.4645018136169361 0
0 0 -2.9218214036493357 1.1448835102071022 0.4597796208999231 0
0 0 0.7546949976210686 1.5460594825121972 0.4979200897505621 0
0 0 2.3307994492726065 0.5281335390385269 0.5006623261973031 0
0 0 -0.5609607254931044 1.957433348017475 0.4810213351166881 0
0 0 0.5861337425918625 2.128812256735875 1.9916229546928996 0
0 0 2.2658237349937043 -0.21299190098983845 1.9706038730495798 0
0 0 1.4911368746940976 -0.5842255428734515 1.5381367869740858 0
0 0 2.6155199386281502 0.8366627433702909 1.9533054950802176 0
0 0 -1.1404424994068165 -0.5748704079165841 1.60287625905138 0
0 0 1.6086456530320827 -0.6154943072163157 0.7181721329057418 0
0 0 -1.8388894339939803 2.148290726697022 0.8781147986046491 0
0 0 -0.572426158698252 -0.5927715154018391 1.8475856650446199 0
0 0 -1.462394244351555 1.3118872968071085 2.001911537853302 0
0 0 -0.7043095261998578 0.0979753511205873 0.46140904179142384 0
0 0 -2.0021450719716807 2.1298780843610565 1.3238760592694678 0
0 0 -1.3888101152783885 1.9625116069386126 0.47627930880103697 0
0 0 -0.4798267446099005 1.1166141495786779 2.0340344567052764 0
0 0 -1.5532506678995082 -0.6361946761172375 1.8398574885871317 0
0 0 2.635674907463315 -0.5546928010451404 0.564277474384124 0
0 0 2.3832561177304363 2.1351817689644603 1.7550475566278365 0
0 0 1.5068150190857796 2.0983815759061057 1.7644221422028097 0
0 0 1.6797470013563442 2.13536090712144 1.5462958250826007 0
0 0 2.702441674211858 -0.6277095920658713 1.8701531343169318 0
0 0 -2.6119975530988886 0.5614336585014159 2.0405081247417396 0
0 0 1.185567745624442 1.1156966876598282 0.487229493610597 0
0 0 2.026527599861538 2.074461058275054 1.4889510820705254 0
0 0 -1.7413510748180396 2.0633347026590565 0.735892939661446 0
0 0 -2.361935230693044 -0.27310243794340994 2.014767083468036 0
0 0 2.881754824524437 0.7562679329508613 0.44325052018402566 0
0 0 1.6997617165964387 -0.5783357756052943 0.7951460093639052 0
0 0 -2.483424017208436 1.389049602034724 0.42391439553005217 0
0 0 0.6192159652777232 -0.04687735216041522 1.9561887081630587 0
0 0 -2.081917448184254 1.977810728957868 1.9970477820444634 0
0 0 -0.48200600435634255 1.8695887895119265 1.9804734135221205 0
0 0 -2.7438746894983024 -0.447588424387348 2.008721068507507 0
0 0 1.2760566450300477 1.4764413773406557 0.49791322076364064 0
0 0 2.759956333320022 -0.3440813564359728 0.42781396720158926 0
0 0 -0.8435644619688993 2.087205811169558 1.5619406655116457 0
0 0 2.5853921801302633 0.757596238907126 0.4768679343273332 0
0 0 1.4997758477669638 -0.5896502776228352 0.7061356474485152 0
0 0 -0.21679011918077284 -0.021389985030712322 1.9812116564989233 0
0 0 3.096483390807613 1.5542248751847592 0.4030655598142159 0
0 0 -0.9151599488757158 2.1014423368311967 0.7028952040578789 0
0 0 -2.0555111257830325 -0.6266427402280808 1.3565607009962288 0
0 0 -0.6330933589613568 2.0501975371713135 0.49066620884295176 0
0 0 2.6652685952420168 -0.415303882694126 1.9992878418824285 0
0 0 0.024406013601669496 0.26712728283617093 1.9930569589426197 0
0 0 -1.048663647555701 0.8041663774614689 0.43108060838391826 0
0 0 -2.6376058118409356 1.1752968721468282 0.44672932708635293 0
0 0 0.9550053574139437 0.5910494424969415 0.49211280472480634 0
0 0 -0.24993586436704263 0.4596182052761675 2.0446554195851903 0
0 0 0.7888070147764492 2.0661626627513705 0.734835533722316 0
0 0 1.5890708971255947 2.0892112605971405 1.4235149181486744 0
0 0 -1.0031140221538695 2.0993405275335446 1.2704407505334632 0
0 0 0.3110392988845323 -0.2853389437516156 0.4204168185877222 0
0 0 -1.8085542785508808 1.0250886546950928 0.45088263598438494 0
0 0 -0.16008843714170462 1.6181011536423806 0.4683243481753603 0
0 0 -2.8667796529476677 -0.23663012243268366 0.46064428988440576 0
0 0 1.3655564180551671 0.7706260435212018 0.4669019659889503 0
0 0 1.3621516995720935 2.101862738980426 1.753015476372319 0
0 0 -2.500945843958979 -0.6339524543973332 1.7059258134739845 0
0 0 -2.616212705436999 0.28594552131331785 1.9853562006538445 0
0 0 -0.9157829815011795 0.591513510834621 0.4200413673558223 0
0 0 1.5725541262366098 -0.5841484252103077 0.8057027650616337 0
0 0 2.592677023670336 2.091309218295046 0.721670610480452 0
0 0 -2.2759352499966887 -0.6081762512837956 1.876392280003555 0
0 0 1.896504997716944 2.083020572408878 0.7603170352380181 0
0 0 -1.2840744068920058 0.2857663097972042 0.4909840261799039 0
0 0 -1.1874688219258562 2.127226780295082 1.6076606753138227 0
0 0 -0.16359199904370625 -0.34377989644243345 1.9652726801271494 0
0 0 0.4115253318912071 1.551267744477023 2.01314151546432 0
0 0 -1.703401877444787 0.9449677999992276 1.9627072367686709 0
0 0 0.7810683123860556 1.1317846959145923 0.4253585116816285 0
0 0 3.004541066003715 0.6720215957322015 1.9548000389953732 0
0 0 -2.1271332415607156 -0.5952375346449954 0.8159226137989174 0
0 0 -1.665108738901974 2.0566311255980336 0.8434015615423333 0
0 0 -1.185697538058582 2.0591028681724852 1.0919873083502147 0
0 0 -2.22477780816941 1.4033760739547307 1.963830663429029 0
0 0 -1.040017275228804 -0.5707808091926447 1.5208848497334213 0
0 0 -1.1150660162802635 2.0514263028582063 0.8176898769686061 0
0 0 1.0952467179355487 -0.5764147713670391 0.8450999524219498 0
0 0 1.953215855914661 1.5926011914478873 1.9756695112306863 0
0 0 0.8832347844671196 0.114486713151978 2.046278880050738 0
0 0 0.3310025808359116 0.14581158726853538 0.4496852228560565 0
0 0 -2.3673216424707206 1.766447898320471 1.9690544949155577 0
0 0 0.3308351071418749 0.1739657578830437 1.954673224554289 0
0 0 -2.248449412120184 0.2714713097676419 2.0269178670943075 0
0 0 1.0088018309681468 2.001142156958309 0.4749694193462819 0
0 0 -1.3071939339005942 -0.6420121444635309 1.478226265967072 0
0 0 1.1606272885210975 2.0567803862001144 1.5307266617803226 0
0 0 -2.774174688573137 0.4204065376317905 0.4091911124205515 0
0 0 0.9659427174508677 -0.16871993025089216 0.5023689468876433 0
0 0 -0.39546230206880395 1.0901804724106736 2.029162068872954 0
0 0 -2.1568100986594922 2.1150828125592547 1.840316907837248 0
0 0 -1.8251010637294853 2.1241921391403022 0.6615627402977675 0
0 0 -2.5397383016073802 2.047586242530678 2.0048924477357444 0
0 0 2.3383941248851405 2.125776121735294 0.43340604256323234 0
0 0 1.9674281593384322 -0.3738418463929678 0.4124537782579607 0
0 0 -2.4901687819891256 -0.5935534029560634 1.6889853228521061 0
0 0 -2.2102534722170653 0.2832356949972039 1.9678603662882306 0
0 0 1.3456976276015231 -0.4710989762119351 0.4381592807418465 0
0 0 -3.008739471789322 0.770249225100162 0.4460303300209316 0
0 0 -2.1932240179994076 -0.5646324883508578 1.8721240931441108 0
0 0 0.728086386027293 2.099930388472586 1.685320764173894 0
0 0 0.9989429591031698 -0.5720950682433132 1.673741782630892 0
0 0 -1.3681371788268542 1.4163320731259805 0.4680502168880828 0
0 0 -2.870472535112157 1.5958133423065848 1.9600240156449402 0
0 0 -2.7869934634673896 -0.19273426397127214 2.0468089587779636 0
0 0 0.03275806882221799 0.11653854816206577 0.49807872325153146 0
0 0 2.923815316231771 0.20402458624801534 0.48457738099132674 0
0 0 -1.8940957120745412 0.7722149881101881 2.016626051486926 0
0 0 -2.1716836262969474 1.8615153327920566 0.4759497829532373 0
0 0 -0.7160060440036027 0.18242509179471533 1.971140807586306 0
0 0 0.6762298913324019 2.068020113380798 0.6801600842365201 0
0 0 -2.8118545763021174 1.4927874546782662 0.45425359673246013 0
0 0 2.4637101182538217 -0.2771313002378748 2.026572182186648 0
0 0 -1.1362971880688106 -0.5845451118506007 1.1662969949279591 0
0 0 1.4557870115103757 0.40858902075861936 0.46218121778975607 0
0 0 0.6641967537126519 2.1114063305683692 0.5361089171398101 0
0 0 -2.711893688836175 1.4400390362922584 2.017681005925418 0
0 0 2.7889885128595004 0.013780462747122968 2.0214184815179017 0
0 0 1.8962101455646474 -0.5900664244219194 0.6260445374146832 0
0 0 2.168914055308403 1.550957195725026 2.032015962897721 0
0 0 1.0276820622418263 -0.5281224219637517 0.46927779842186745 0
0 0 -1.6206792941817125 -0.6398887798944726 0.9013021192505111 0
0 0 1.6445258684029938 2.1499858256650333 0.9941468151276649 0
0 0 0.6313564557179898 -0.5323509357208747 1.9606981511689443 0
0 0 2.178791524181462 0.08644757961948146 0.4110524672644553 0
0 0 -0.3180980096422785 0.6300496512782328 2.0139222777571986 0
0 0 2.031214245413633 1.0077934328353335 1.9667765417882364 0
0 0 -1.9112951649349512 0.0675802278456521 0.4087222424134668 0
0 0 -2.372459441341608 2.124698051954469 2.004250611316185 0
0 0 -2.119443951000235 1.4484519697218026 0.42571718864059915 0
0 0 2.0316427079215087 1.3732553390137312 2.0018450202718596 0
0 0 2.0122401831697925 -0.6026937367237841 1.9984750815181815 0
0 0 -0.5741628899374915 0.009415983272913153 0.502827646323333 0
0 0 3.084730340195115 1.161819693964036 1.9775220968179779 0
0 0 0.3686271257092022 2.120771847287747 0.8076717337644137 0
0 0 1.4627507743700292 -0.6352710211125774 0.9912928558840174 0
0 0 -0.8751622280673339 -0.556156748308593 0.5220713109218217 0
0 0 -2.129447518254141 0.9725683757033792 2.0181742669125464 0
0 0 0.5393908670688328 2.099298289599834 0.7856864161360568 0
0 0 -2.5469417614379477 0.3683191898910394 1.9964154735233364 0
0 0 1.4926498310797145 2.090321935748782 1.8067726283351144 0
0 0 1.3570676834766893 1.08733665910395 0.42072772589004415 0
0 0 1.6691008301516792 0.404290418724238 1.9699160632802681 0
0 0 -0.07015984237724693 -0.5952426871475844 1.2328979407507994 0
0 0 1.3301341185277034 0.36513407361172234 2.0107169208351823 0
0 0 -2.3331472976324594 -0.5960084956950888 1.006422726505988 0
0 0 2.986386838213156 -0.5944179106950476 0.8236430945791531 0
0 0 0.42343121935439143 2.142911436666765 0.6406003708000301 0
0 0 -0.4201467842745279 0.719597199035523 0.4966620593913462 0
0 0 -0.9194584689445273 0.03120464685811508 2.051230869269971 0
0 0 -2.765705966716203 -0.5943713426392214 0.8699387970487418 0
0 0 0.8129649683544309 2.1177039980504078 2.041780442605276 0
0 0 -1.499996759121945 -0.5709576184031 1.2858064037023431 0
0 0 2.4750900182988858 -0.5168800153274193 0.43626423481551146 0
0 0 2.975325241259685 2.1420896926037543 1.0539315586457607 0
0 0 0.30755812691851325 2.1266523811625104 0.7448345606106817 0
0 0 1.5974977278702855 -0.6342860708899543 1.564421827340158 0
0 0 -0.1088053097224484 2.0792943682309266 0.4788527148900932 0
0 0 0.16097276962837492 1.2850137273000464 0.46393850842871776 0
0 0 -2.289028133115353 1.7257116641211068 0.4979694151825691 0
0 0 -2.516288060141612 -0.35080959943788415 0.43818378844591976 0
0 0 -2.307535542907967 -0.5513832421333551 1.1613157060960435 0
0 0 0.8022706042534868 0.08665997577808648 2.0332830027493087 0
0 0 2.7852141659631426 2.0652259931988883 0.7074031026548842 0
0 0 2.9584066109380815 0.39472347085179804 1.9548395185842533 0
0 0 1.1724436194706476 0.34493870852130915 1.9905593739800385 0
0 0 0.8915853486154024 0.8787825332203323 1.9691438917875577 0
0 0 -2.1363539981001893 1.7355938599019691 0.4584029861505192 0
0 0 0.5262601000309357 2.1357800366153414 0.44045102785541046 0
0 0 2.18146388960385 0.6221958530531286 1.9837398054490394 0

