1.163814 -0.18869022 -1.0207155
3.949033 0.589577 -3.4546893
10.075979 0.8924476 -10.542962
2.2505176 0.56952 -0.5360992
6.303098 6.9255953 -5.3266244
5.782803 -5.4624133 -3.8890343
6.8394656 0.24094643 -5.5015907
5.301127 -2.1742916 -4.33862
0.96416724 0.4122146 -1.0607554
10.197975 -1.4003294 -10.873406
7.0082207 -5.302335 -6.5095863
3.8926547 -1.7169116 -4.207934
2.8972933 -1.6134325 -3.3225653
4.316415 -0.4375567 -3.8906925
2.8176866 -3.0848725 -1.7011057
1.18894 1.827458 -1.1942406
1.037827 0.09426892 -1.4020445
0.9458746 0.7184243 0.38642797
4.0597944 -0.60486454 -1.2714964
6.205968 -1.0056014 -3.611572
8.989766 6.402697 -5.2111096
8.0202055 5.467212 -3.947415
6.925957 -1.6657811 -5.6696553
1.8407412 0.6650005 -2.530199
7.7381244 -0.20644219 -8.9590225
4.3155594 0.9470867 -2.3552454
2.2381346 -0.13784084 -2.0165646
5.214865 1.228883 -4.1077495
5.5176787 5.800164 -4.9791837
6.8158693 -0.79613006 -4.5047293
0.90561086 1.1413592 -0.9712737
10.362459 -5.1290402 -11.259694
1.981437 -0.563275 -1.8101457
0.7462447 -0.046988487 -0.5186922
1.2094822 0.10834527 -0.079227395
4.6296163 -1.3027155 -4.9044766
1.3049821 -0.59802043 -1.0773584
3.9923728 -2.8648868 -2.4559295
10.575798 11.393306 -9.177751
11.291323 1.9140518 -8.887471
2.8135085 -0.043387353 -0.5328206
2.1784215 0.24315038 -1.3683825
1.4192265 0.04560222 -1.1368229
3.141392 0.09820281 -1.8610592
8.981244 -0.6794855 -9.718993
4.673442 -2.6375337 -4.9538283
3.0139802 1.0282129 -1.8514941
4.9533563 1.4226187 -0.11468421
10.16033 -1.9137791 -10.42353
2.4992332 0.75054806 -2.6274397
1.4704412 -0.8172081 -1.7131387
2.841536 0.115590796 -2.9075277
7.145639 -1.2573704 -6.4245477
2.6628385 -2.191275 -2.7405095
3.5507033 3.7901704 -0.4876469
3.6587436 0.7005507 0.6281323
10.18396 -8.748047 -9.836326
3.4303565 -1.7241606 -3.4343085
2.5286145 0.531402 -1.2260258
7.200118 0.13405882 -8.600024
4.4846253 2.8813665 -4.299275
5.840062 -6.906672 -6.2114644
5.74141 -0.7506692 -6.551106
6.110006 -1.0305955 -5.1128516
4.6474276 -3.943447 -2.9625547
4.0532055 -2.9129245 -2.6412966
3.1288931 0.50140756 -2.449203
5.9769173 -0.8104611 -5.926122
6.141809 -0.36475784 -6.1159363
6.582125 6.6138926 -4.268206
6.4422107 -0.32585528 -7.3422346
1.4922024 -0.6150136 -1.8530654
3.3108609 -0.08446094 -2.6659083
3.9990203 -1.6373011 -4.2190447
1.0622927 2.4416888 -0.044290476
5.4819465 -0.2376547 -5.8170967
5.374398 3.492878 -3.4405344
1.2380564 -1.7518524 -1.0044719
5.713473 -0.6676849 -5.6959214
3.3267436 0.05424658 0.8099698
5.8507276 2.6479115 -4.8247933
2.181276 0.8101015 -1.0930309
5.7474976 -2.5136452 -5.890358
7.327886 2.2678497 -8.05297
12.394275 7.809514 -5.925807
5.5240865 0.89996207 -3.0814571
9.560293 -7.4047875 -8.650205
4.6919174 -1.4812648 -4.949472
2.6021326 0.3352763 -1.9885556
3.667628 0.563546 -1.6610029
3.7260358 -1.0431038 -1.3451493
2.972752 1.0737603 -0.42875507
7.0848417 0.81212 -5.807834
2.8913324 0.105293036 -3.2320485
4.7683263 0.032063723 -4.035599
2.2049954 -0.5382787 -2.2023818
2.841797 0.38553908 -1.9742829
1.3467058 -1.1335564 -1.2908452
3.2455544 0.15372024 -2.1088026
7.210716 -0.49332687 -7.8423696
8.062589 6.147812 -7.3507147
6.6736765 -6.561136 -8.333894
5.2154894 1.9376965 -5.455093
7.605121 6.2454906 -3.9528222
9.164833 -2.308727 -8.609342
1.766527 0.11832505 -1.6224202
6.305299 1.2892107 -0.86064047
8.855097 9.043387 -4.472878
3.861768 0.78451794 -3.5000932
0.770729 -0.16906188 -1.1699377
9.905023 0.15123717 -12.650986
5.670388 3.6623788 -4.9685903
8.446997 0.45772246 -6.7143393
5.9984403 -0.7127121 -4.9335938
0.98869413 -0.17455149 -0.84002334
9.659537 6.2411947 -5.0986166
4.6729975 -0.2007588 -5.2696185
2.4727728 -0.88759184 -1.9966859
4.744386 -0.201381 -4.849729
9.667392 5.5721917 -9.301644
1.0452766 -0.6570015 -1.1788795
0.9979425 -0.87794006 -0.9098117
4.744057 1.741546 -4.936604
6.861593 1.0399034 -4.8055487
4.3458304 -0.9878519 -4.354544
4.8238726 1.2314491 -4.638475
5.108964 1.4206922 -2.422256
5.342076 -4.567126 -4.3382707
8.420793 -4.1598306 -8.015489
6.4225464 -1.1947182 -5.3527017
2.1051056 -0.38504234 0.20257851
1.1921408 0.6375379 -1.5057604
0.8669879 0.002074793 -0.5451082
1.7763785 3.046047 -0.9743208
4.304275 0.39332262 -4.9132476
4.5391946 -4.2015553 -3.1907613
1.1706514 0.2610869 -0.55197114
7.7770424 1.3243341 -6.7391286
6.9997916 0.47256258 -6.588877
2.915962 4.0985866 -3.2775586
5.5629654 -2.1991072 -5.404083
3.715246 0.16505377 -5.5765877
5.7909174 -0.0035482198 -5.0041556
6.8002863 -1.1269944 -5.5038037
1.9979447 -0.011033552 -1.3946775
1.2842569 0.060823236 -1.6055363
5.632571 0.8904806 -4.822781
8.90585 8.421528 -7.4026346
1.1177081 0.04597334 -0.2101769
5.1574774 -3.3935547 -2.524715
3.7134907 -3.2280004 -4.0302844
7.650897 -4.038123 -6.210385
5.6466064 -0.54646975 -7.4232163
2.9368825 -0.56438893 0.34700036
4.412874 3.3897097 -2.810583
6.1633835 1.5266993 -4.4987035
9.431651 -4.648675 -10.058612
2.4784775 1.4309388 -0.70719755
2.3841684 -0.4691237 -0.58097523
11.058264 2.2019086 -7.512714
4.377581 -1.5223608 -4.8391776
5.616397 4.518274 -3.6528628
2.212976 4.2385097 -1.7930592
0.9415654 -0.403939 -0.9423448
2.9156365 -0.057776865 -2.7314003
2.3153682 0.013871035 -1.9515082
7.5989304 1.9496678 -5.482095
2.0672748 0.15099476 -1.5218955
11.251112 -4.234147 -12.05647
2.4813123 -1.6326953 -1.0862502
6.575783 1.0355825 2.1671453
4.2917023 0.87152535 -1.3274682
0.6487716 -0.32259965 -0.3596035
4.2622886 -3.864777 -4.5247188
2.736383 -0.046484202 -2.3903408
4.6939135 -0.4273509 -4.2159696
5.0340233 1.4845928 -2.9239745
4.8613 1.2748133 -1.4120427
3.8603654 -2.252094 -4.150325
3.8240879 0.6051373 -2.700475
8.190709 4.9338484 -4.668657
3.1745856 0.4650341 -0.33000723
1.0421673 0.16787817 -0.84036
2.05429 0.024228081 -2.5521798
7.5136495 4.188423 -7.4787564
3.764768 -0.73764765 -3.790159
3.8343654 2.9554558 -1.7814322
3.5826306 3.1616457 -1.9025195
2.444859 -2.5619104 -3.3658893
3.6162655 0.019659314 -4.17584
4.5171747 1.1718034 0.08967621
4.9680595 -3.212633 -5.051186
8.30832 -1.1517509 -8.487559
1.3132516 1.0927641 -0.8184439
6.888612 0.7816873 -5.642044
2.8103333 -0.97446215 -2.5239978
2.778193 -0.8560037 -2.5316195
10.300565 -2.3811786 -10.941825
2.280222 -0.0040969467 -3.0883896
6.691423 -0.82138044 -5.329429
8.092906 2.2080278 -6.0557675
11.325155 -1.5873932 -10.447059
1.0593327 -0.06789161 -1.441081
3.1349692 -0.011459678 -1.3522457
1.0668194 0.26178464 -0.32822675
3.841103 0.33041504 -1.8616086
2.2574153 0.5168856 -1.5654649
1.1058441 -0.1414654 -1.0059456
7.05536 0.8444759 -3.359278
9.835024 4.867841 -4.499894
9.057742 1.9247679 -6.0678062
4.656391 -1.2736684 -3.4607298
9.300362 -6.0066752 -9.491481
7.3620453 0.75773764 -6.507867
1.7772113 -0.09161031 -1.3080863
1.9345185 0.85722876 -1.3106763
1.182744 -0.1522354 -1.0450578
4.7942414 1.6042164e-05 -4.07729
3.2660432 1.8303093 -1.7111244
10.524827 9.592633 -9.656484
1.8280303 0.29639897 -1.9921062
5.133717 -1.0922482 -6.2018485
4.935299 1.0396192 -1.5277678
4.692225 -7.077335 -5.945172
3.9837708 -1.5487201 0.2769787
8.5333605 -2.9539096 -10.104335
0.7622362 -0.46474558 -0.7476692
2.001342 1.140237 -1.3130635
6.2590265 -2.0643613 -3.7822812
1.8521086 0.6702978 -0.22674517
3.999346 -0.5820317 -4.4674826
8.073072 6.2343855 -2.2821944
3.1323924 0.61273575 -3.310509
1.1834608 0.12936595 0.3159504
11.12009 10.839533 -5.6437445
8.476387 5.0215573 -8.713851
4.5278726 -2.3863819 -1.1744215
1.3174095 -0.89481 -0.83062583
4.3570743 0.7430814 -3.1210067
4.6359816 0.21868291 -3.18848
1.1523715 -0.28385642 0.43428013
8.703208 1.8840264 -9.709986
7.9206643 7.401814 -4.4747305
6.755183 1.843502 -5.921363
6.423027 0.63802254 -4.4186025
2.3341126 -0.669005 -0.41591564
1.3626604 0.16471668 -0.7681287
9.34726 0.3514603 -6.7645745
5.8634534 -2.1669564 -6.0894713
5.410835 1.6158283 -3.3614209
7.742753 -1.0503044 -7.5959325
1.9825593 0.8233338 -1.3101777
1.9399827 1.4350017 -2.4849703
3.3197284 0.20881708 -3.0130458
0.51527566 -0.6179652 -0.24596871
9.354653 1.0942031 -7.170601
1.9296879 -0.8089414 -0.43215486
5.7521834 -4.1739454 -5.553249
5.0585394 3.718908 -3.430978
4.305761 0.77469116 -1.5907183
2.2826648 -0.039906573 -0.47544485
10.350282 9.515053 -8.610863
3.5114312 0.3980884 -2.8958533
1.9049693 -1.6055135 -2.2898083
4.6622744 -0.53445995 -5.4668307
10.35862 -1.6019574 -12.191508
3.7175279 2.5132527 -1.8636715
1.2584964 0.20581122 -0.77805537
7.6503716 0.6843966 -6.508026
10.304635 -1.3180244 -9.822403
5.333795 -0.29695755 -3.9241233
4.032409 -1.2903922 -0.66611624
3.9142015 1.2168692 -3.0339224
1.6316364 0.19195716 -2.307452
8.721194 1.8717777 -4.9338217
5.7095237 0.6459917 -4.066588
2.8038297 -1.1821191 -2.6269684
2.3321743 0.05684089 -1.3203245
2.8742518 -0.2965643 -2.2840412
6.249763 2.1506724 -1.672821
7.619506 3.1345592 -5.4347267
1.486665 -1.2298552 -1.8913556
7.015197 5.147832 -4.5618834
1.4798039 0.06646783 -1.81366
6.895057 -1.0180814 -8.295739
8.0655 2.2766912 -5.3123507
5.689526 -0.6484639 -5.4997563
1.3671644 0.24948008 -1.7682722
2.4698565 0.7025258 -1.0547044
2.1905062 -1.1133667 -2.250648
2.9887776 -0.62063885 -3.225622
0.930428 0.19472495 -0.35843995
5.26706 -1.5903467 -6.5686083
7.1703234 -5.86962 -7.0140886
11.08871 0.3038905 -11.584639
11.571872 1.052252 -10.650989
0.8751661 0.067014255 -0.6333207
1.2372844 1.8823541 0.32654926
3.3034413 0.34559423 -2.1690838
6.70617 6.7303133 -5.3078036
5.2932825 1.7394055 0.20200992
8.071597 0.7627698 -8.717735
0.46029693 0.4991993 0.3903506
4.093035 2.3472595 -2.9120255
2.8398063 -0.2369077 -2.4587548
2.4413447 -0.7271188 -2.8467062
8.978804 -1.0093309 -7.7843585
7.606036 -3.664541 -6.6469803
3.6678874 -1.9421607 -3.183677
8.41603 -0.13726977 -7.8688254
3.9348195 0.16261514 -2.5835092
3.1559787 -1.9072617 -3.1731944
3.1868553 0.96268433 -4.3617077
9.078793 -0.5491269 -8.180292
5.3292546 -0.34391442 -6.08619
7.331704 -4.881137 -7.577995
4.757018 -0.17106216 -5.001143
5.2401023 -3.1757774 -5.7340217
4.336888 0.49691996 -4.364642
6.5370264 -7.0528197 -5.3845186
6.6326365 0.8410323 -4.6970186
5.468582 1.1551586 -3.5430806
3.0975852 0.3525227 -2.4979322
5.920166 1.025725 -7.018698
3.8025944 3.3662665 -3.686546
3.7641053 -0.69036824 -3.3188336
11.900073 1.7821054 -9.640569
1.1098852 0.0569356 0.40893683
6.6946244 -5.556295 -5.4745307
5.323384 5.405091 -3.8217795
1.0136257 -0.11532079 -0.8560727
1.3866377 -0.1413724 -1.8764521
7.691789 5.440903 -6.1314673
8.449579 0.45527825 -7.0766196
6.102633 0.018990772 -4.222272
1.1058875 0.1838667 0.15315974
4.7656827 4.811461 -3.895248
3.9638467 0.24811614 -4.4943266
4.501456 -3.7889879 -4.5612483
1.4957886 -1.3386276 -1.295788
9.107954 5.3560357 -6.5121
3.2352638 -0.5207901 -2.7227435
6.0588036 1.3403101 -2.3910863
1.3988264 -0.018444156 -0.81922466
10.554677 0.46125045 -8.72925
8.694871 4.3942995 -8.688093
0.9193087 0.18658571 -0.3145042
1.65289 -0.51900077 -1.2826868
1.4083469 0.025325626 -1.6671736
9.726672 6.326819 -5.4266047
5.8792734 0.78714114 -5.235823
0.72611964 0.5919023 -0.6942445
1.6583185 1.1851261 -2.0997791
3.6016388 0.38399625 -3.529103
2.332333 -0.8993332 -2.1038578
0.5700557 0.83807117 0.47875956
1.6917028 -0.18693277 -1.5661291
6.7763486 -0.9860705 -4.893322
1.504241 -1.9448823 -0.15445259
1.8233286 -0.67218494 -1.7836866
0.93935996 -0.13155453 -0.63856155
4.56186 0.031279545 -3.5967276
4.0176196 -1.4823873 0.79841644
3.8883634 0.22578706 -5.104675
4.458417 3.3612823 -4.6708097
11.815581 1.5604041 -8.910158
2.186071 0.28829503 -2.6593697
5.732904 1.2316707 -3.8756096
1.114323 0.17077038 -0.32494143
12.083817 1.2379758 -10.485045
6.917436 7.4850206 -4.9994025
8.975616 -1.736842 -11.1144495
6.2696047 3.452211 -4.3549213
3.1660907 0.6247534 -1.6749085
2.7684643 0.2739692 -1.7568171
8.021788 -1.352211 -5.896488
1.7791811 -1.7270266 -0.8919239
1.4561574 -0.89387137 -1.1331073
4.297973 -2.0347762 -3.298393
2.5586355 1.8836657 -1.5807457
1.9108027 1.1617467 -1.2617404
3.0913424 -1.60593 -3.2558491
2.5845165 -1.9061023 -3.2194726
1.2154102 -1.343387 -0.8091264
1.470377 -0.32802925 -1.9177169
3.8529847 1.4377166 -2.4624696
2.1472054 0.09500865 -2.356023
2.2159934 0.11396445 -2.4218822
8.281682 1.3293005 -9.862455
2.3920858 -0.05396367 -0.37243196
5.00528 0.51632214 -1.2839482
0.49838713 0.9383479 -0.10728384
4.4525495 -1.6318814 -4.7937274
1.2113245 0.5082955 -1.5253565
6.3790364 6.094945 -5.0925984
8.346608 -3.4537568 -9.33104
6.536617 1.2042507 -6.7856293
2.2839856 0.53135645 -1.723587
5.155608 3.7707343 -2.7028549
0.42894194 -0.00959644 -0.18110554
5.63872 -0.55996495 -2.2276092
5.6800504 2.9009793 -6.1321573
5.222472 0.47967848 -4.6169314
8.214599 -0.1570425 -7.256376
3.3807395 0.57265186 -3.6843517
4.4026804 -4.725389 -4.950376
10.007255 -5.9315696 -11.057422
2.928418 0.37729883 -1.542297
1.5512851 0.39986327 -0.61768234
0.5348741 -0.41242293 -0.47810045
8.3804655 -5.3187637 -7.3828154
2.9848459 0.5265211 -3.1176968
4.2378016 0.016419837 -4.3169284
9.080875 -7.265673 -9.966552
2.430825 0.6493617 -2.8336875
3.5474303 -0.71162796 -3.2127216
3.9528925 -0.43661395 -4.8887277
4.7580705 -0.015857454 -4.3662252
13.18976 4.637372 -8.990884
11.553879 4.29036 -7.287614
6.682686 0.73152584 -5.8911934
4.072779 0.15626709 -0.013678415
4.3614707 2.0836825 -2.319482
4.5809674 0.39080924 -1.531461
8.620929 2.3553655 -6.422685
4.464386 -3.9418921 -4.9259353
3.7052283 3.3855624 -2.8415418
1.9630852 -1.2390879 -2.2947567
8.575752 -2.7881472 -9.634634
6.2224393 -1.5379404 -6.35849
4.404539 -2.16149 -3.6384323
3.7709599 0.45203355 -3.4059806
1.8578911 -0.6226668 -2.0460186
5.9064307 -0.36637625 -5.0387244
2.910227 -4.437323 -3.5744934
3.924702 0.8694391 -2.7681687
5.370504 2.5032637 -4.370888
3.5557358 -0.17494056 -3.3616786
1.6531562 -0.9896755 -1.5663302
3.1607606 0.30826515 -2.79878
0.5998394 -0.6703307 -0.5123711
1.8043314 -1.3061548 -1.7772506
3.2742712 3.6680238 -4.2549224
6.027018 2.3143942 -8.232965
1.602689 1.6078981 -1.2918066
9.406799 2.061824 -8.199347
2.7752547 2.715894 -2.1393805
5.733876 0.3806255 -0.78223485
7.2532415 -0.050862763 -5.874875
2.1993737 -0.5312572 -2.0388637
3.7243042 0.06355767 -1.4278414
7.648173 -1.9970323 -7.087047
1.0540807 0.1585318 -0.37314224
6.73669 -2.3510327 -4.499965
5.964714 0.72991693 -4.853896
1.7438592 0.36673346 -1.4370992
4.3420806 3.3184686 -2.7717843
7.623947 5.7670503 -3.357376
12.440516 6.77704 -7.361449
5.562867 4.7372375 -3.9044883
3.6855295 -0.18583843 -0.30173954
3.5616977 0.5023102 -3.5614574
2.6043103 -0.3392841 -2.1440759
0.8437848 -0.109371826 -0.76512706
2.6397634 1.0104011 -1.5771284
0.90654135 1.3557185 -0.79759437
4.8169317 -2.469005 -4.6691103
0.500196 -0.56846684 -0.251215
2.8696764 -1.4183624 -1.4220017
5.277688 5.2362447 -5.71844
1.2908777 -0.6768817 -1.0157961
1.6506919 -0.6280567 -1.2620335
2.1233833 -1.8236636 -2.7861552
6.298886 1.7414159 -3.9658067
1.7365663 0.24864414 -0.65174806
9.995138 7.322204 -5.7314086
3.8938668 0.53593516 -4.2846313
2.765587 0.12682934 -1.3043717
6.7345634 7.919949 -6.975465
0.4452446 -0.9016648 -0.2873799
3.8719623 1.533397 -2.505738
1.5616196 1.6858865 -0.73109865
8.293979 -1.0777019 -7.503102
1.4266027 0.4461344 -1.9302572
3.8540998 0.3318759 -3.5669172
2.7899582 0.18720207 -2.1405244
6.8750567 -0.7834997 -6.9229445
3.9841502 1.0372775 -0.29110438
4.664531 1.0597299 -4.8891554
6.405909 4.5383615 -3.675678
3.0430427 1.0123409 -4.4150734
4.4187465 -0.025999758 -3.7174008
2.5744233 -1.6755329 0.34969404
3.534403 3.2296383 -3.8317676
4.389046 -1.5233314 -1.5627087
1.330828 -0.95988005 -1.0552728
4.5401034 -0.0052014226 -3.6369097
2.8546777 0.55082226 -1.7533772
2.107499 -0.21492985 -2.538818
1.4838628 -0.7316152 -1.5653394
5.1434464 -0.0040625012 -6.3429914
2.4669533 -2.511209 -2.4298015
0.64593875 0.018025385 -0.3546827
4.1685843 0.5665103 -2.1475983
3.798454 1.4416958 -3.0329251
5.561199 -0.58091027 -7.15907
2.4332814 0.4319532 -0.8858505
4.4410734 1.665696 0.13517734
6.339785 0.05242634 -5.4326935
4.9949694 -0.00298466 -6.6647153
3.477844 -2.0253243 -3.0373647
1.672513 -1.5185585 -2.2365663
4.1798944 1.3596014 -0.20176503
9.121452 -0.12892713 -8.324873
8.387236 8.773659 -7.9314995
7.271937 -1.4106777 -5.3286624
7.6092796 -6.177825 -8.027654
11.04795 9.34858 -6.007994
0.50846654 0.15996328 -0.046571214
5.1384478 2.1252728 -3.6334927
3.0409055 -2.0773234 -3.130364
4.942079 -0.2401633 0.5409837
3.6501389 3.269505 -3.1152153
11.112409 1.220108 -9.870918
6.9039106 -3.913627 -5.6103196
3.4802372 -0.6194171 -3.8638473
9.4872675 0.79936296 -7.1962314
8.606964 8.083911 -6.1419597
0.7550376 -1.3788987 -0.66997033
3.3896663 -0.4077485 -2.8015256
11.590682 -0.7575444 -11.302089
6.6027155 -6.6727743 -6.7726965
10.524182 -5.065842 -11.138701
1.0211647 -1.0416986 -0.9686664
2.1814153 0.22449276 -0.6862556
1.3394444 1.2216008 -1.7758936
7.172683 -0.6843494 -9.056696
6.6593513 5.341004 -7.0417356
2.3148932 0.38397008 -1.9375553
5.6994853 1.2504994 -4.3335104
5.1289487 -1.4106169 -4.4958377
4.608334 -1.5376985 -6.2404847
7.263606 0.22278084 -7.42871
1.032538 -0.1034698 -1.192233
4.5652986 -4.03359 -5.5808554
4.319709 -0.7355191 -4.699918
5.751326 -1.2585264 -5.4698687
5.3903084 -0.7371715 -5.389669
4.5644403 -0.7855529 -2.7147484
6.0119357 1.7403654 -5.390042
6.817343 -1.0101564 -5.597253
1.3047193 -0.5191676 -0.9236073
4.9765515 4.3139696 -2.2436762
0.8378611 -0.45282263 -0.92198676
4.9537826 1.1413357 -4.8670816
0.6341535 0.24048832 0.5284351
6.8422284 0.53361 -6.605755
1.470301 -0.22103497 -1.6399001
1.7589643 -0.47974354 -1.4779339
2.009194 -1.054199 -1.6344033
5.261745 -1.8995779 -1.814874
6.3509393 4.006141 -2.5653484
3.7021782 -3.0227714 -3.7083106
6.43513 1.0125048 -5.1962676
2.275717 -0.6581177 -1.6318452
8.485206 -0.2603045 -7.755428
4.130013 1.6822466 -2.691573
6.8995605 1.0491847 -7.6368256
4.431459 1.3861783 -1.39803
4.333695 -0.6059781 -4.3633347
0.9354391 0.22534133 -1.2887002
2.147309 -2.1466205 -2.1186395
2.6278584 -2.85577 -3.0143285
10.021642 -0.4120422 -9.959645
4.273781 -2.7576306 -0.9093979
5.5138083 -0.8066572 -6.4132957
9.308533 5.7269025 -7.959754
1.4348713 0.40388054 -0.11486215
10.167531 0.38893026 -9.782733
2.3937035 -0.77236855 -1.2328854
4.343655 0.69392025 -3.1271207
5.571709 -3.784162 -5.000099
7.911324 -0.23313124 -6.759933
8.471332 -1.9385024 -9.356306
6.5804524 -1.3459327 -5.5663595
5.5616126 4.4800425 -3.890744
5.800151 -7.0542912 -7.3643994
3.7520509 0.75484884 -2.9295423
6.1571608 -0.60514194 -0.09481634
3.8908155 0.572337 -1.6767008
2.053908 -0.27353215 -1.3393892
0.89577496 1.2375495 -0.23486485
2.6158752 -0.42425814 -2.4284818
9.235506 -2.9683633 -10.874008
2.0232816 -0.80380976 -2.1753097
3.3199217 1.6545249 -1.9412773
6.0340242 5.435845 -3.012279
9.366503 -0.6248086 -10.6284485
3.2669551 -1.3068354 -0.6556631
2.1731694 0.34104076 -1.6731745
4.734657 0.06092165 -1.1881027
3.0796206 2.4131677 -2.2416222
7.4216247 -4.170291 -4.6572466
7.449668 -2.9842129 -4.8607535
1.6067604 0.27536228 -0.4147869
2.6268373 0.9888077 -0.6045185
8.858075 3.5310853 -6.821524
7.3389544 -7.1813154 -7.8971643
6.46838 -1.9044372 -5.25264
7.9364276 -0.06390102 -7.7354307
2.6432302 0.3831099 -1.3071412
8.453444 -0.78406245 -8.737265
0.8293673 -0.8450915 -0.99749345
4.257793 -1.7213885 -0.5922376
0.98357195 -0.30902195 -0.650749
3.7556422 -1.4885092 -3.1482604
6.723531 -0.84123653 -5.7880936
8.479036 0.44688988 -6.478833
7.309155 -2.518357 -2.9720922
1.9360918 0.15966047 -2.5539377
8.705629 -3.473143 -8.56439
6.324527 0.3214697 -7.536747
7.8636146 0.5246377 -6.4061723
7.0252733 -3.4814677 -6.216648
4.6219964 2.85397 -0.95493585
8.044897 0.3028075 -6.0482874
1.7703921 0.31905535 -0.045546465
1.9351109 0.3203217 -0.5855011
4.931957 1.5841774 -3.8114567
4.4122934 -0.7971757 -4.750409
2.4977171 0.28126702 -1.3411915
0.9199645 -0.06729016 -0.5562975
3.2211072 -0.43337992 -3.6234212
5.0240207 4.6970983 -4.0561137
7.81064 -6.0776963 -7.8412766
10.155841 -1.142185 -10.573858
12.308493 2.612371 -10.894754
5.917483 1.448649 -3.2769487
5.3075233 1.4627533 -5.1746507
5.048392 7.926095 -3.7292788
6.4975805 -0.2486819 -6.2267747
4.692218 -4.683419 -4.9726496
3.360738 -1.0514706 -3.4411032
2.1283507 1.4943972 -0.6157065
1.6667175 0.34539968 -1.6836417
8.764882 8.436936 -9.5117035
12.244941 2.0829709 -12.121218
9.351961 7.0176477 -7.1813912
4.3528523 -0.49850342 -1.4030044
3.783347 -0.74275464 -4.2094464
7.739517 -4.2863255 -9.193879
8.381395 -0.9571563 -9.563042
4.23115 -3.955071 -4.2070565
1.3207042 0.44477984 -0.61510074
2.3978717 -0.6976678 -2.0500376
3.6080012 0.63075435 -0.36043677
8.033807 5.4632354 -6.5752387
1.9835857 0.99039036 -1.3202922
3.3416762 -0.568783 -3.1130033
10.538409 0.022814542 -8.667222
4.5691075 1.0428555 -3.145344
1.1721123 0.26951504 -0.43750867
3.0942533 -1.7004155 -3.0523674
7.410034 0.5245927 -5.2283173
5.2109118 4.796429 -5.070241
1.2124394 0.26433918 -0.644865
2.3089423 2.4093726 -2.9682517
3.2504628 -0.4607447 -3.8203015
9.536568 3.9404235 -9.695581
3.5137455 -3.134823 -4.229274
10.222787 5.5586457 -8.160249
9.593822 3.7161388 -8.633818
2.5018303 0.24653387 -2.2260265
6.9552917 4.8845477 -6.9792066
9.43114 2.7379577 -9.100935
2.2527108 -1.0349245 -0.9384747
1.1932554 -0.002023646 -0.2709646
4.8668337 1.8107668 -1.2277962
3.4213643 2.415985 -3.2467015
4.616687 2.4650779 -4.010141
3.03191 0.8137252 -3.119091
10.122001 -0.9504568 -10.504698
9.341433 6.898171 -8.632008
1.4452473 1.6540775 -0.5268035
3.4969661 0.27430418 -0.8497829
3.7786374 0.20870467 -3.0889947
7.695133 8.557763 -5.878002
10.46695 5.3804007 -6.6302843
5.4394693 1.4773581 -1.6501025
0.86695373 5.836785e-05 -0.43506384
7.5326333 -0.5284445 -7.9232826
1.3988019 0.33115965 0.15200965
6.2639112 4.248658 -4.048687
7.287251 0.46486455 -5.281971
2.9715087 1.4594251 -2.5955126
2.0967193 0.4331302 -1.5100845
2.4178843 0.41431385 -0.58224064
4.654377 0.6325165 -3.8115857
7.8339376 4.271283 -4.3755884
11.5907755 -0.17435448 -13.557683
6.107715 -1.3585793 -6.0894747
5.546364 1.8394759 -1.6976813
2.2967389 0.112682156 -3.2398267
4.019564 1.1964997 -1.161481
2.6361866 -0.5784949 -0.54368114
3.718079 -2.8722036 -3.75379
8.964624 -0.29993275 -7.407802
5.453998 1.654682 -5.2195144
11.184975 -2.238423 -13.391683
4.2309012 0.56238896 -4.4769945
6.781338 1.3784918 -6.147816
6.1135645 -5.6224327 -6.81054
5.867453 -1.508669 -5.896726
7.8117423 -0.4249151 -6.244509
3.425793 -1.6257546 -0.6544895
6.968847 0.31283936 -5.300335
3.1161516 5.6494994 -2.3131862
7.292851 -4.152747 -7.580384
4.6371713 -4.5013113 -4.9277573
6.2899146 -8.044065 -7.0367618
7.1257215 -2.3153822 -6.460447
7.0025897 -1.3502451 -6.2781243
12.34807 1.7377497 -10.336379
4.514336 -3.781937 -5.345108
2.3129623 0.44749612 -1.8848773
4.776265 -0.9060221 -4.1275487
2.1893132 0.89135754 -1.3913119
4.0056906 0.21272503 -1.5651892
2.8142207 0.032734577 -2.0375898
5.730403 -2.0665843 -6.0426483
2.9504647 -1.4642828 -3.1351058
5.6492267 -0.6725806 -5.8181276
2.5751386 1.8718821 -1.6831614
0.87568074 -0.6380704 -1.4899765
5.861991 0.578649 -4.157016
9.244819 -7.3236794 -8.283694
1.9187448 0.434576 -2.031287
5.6100283 -0.95938176 -5.8107953
0.84952074 0.036139067 -0.31574565
6.1785655 -0.8692785 -7.40128
1.0330502 0.8001528 -0.6757709
4.6855483 -1.0181986 -4.15125
5.5407214 1.0137979 -4.307717
8.104408 7.0036016 -4.5292344
2.6543958 0.27541125 -1.3864034
5.9901986 2.5991533 -6.7256193
4.336873 2.3603826 -4.5520687
1.476735 0.47075966 -0.28817472
5.9489617 1.0885171 -5.495326
3.2003539 -2.3087652 -2.888541
0.8916851 -0.31114998 -0.9973592
7.3251877 0.57150453 -6.047193
1.7288074 -0.15498051 -1.6793784
0.85960525 -0.57148224 -1.0919489
3.765786 0.08011695 -2.998158
1.4445027 0.4156894 -0.26758727
9.110435 -0.8456849 -6.7365947
7.0638227 -0.76672363 -7.0426297
6.637866 0.54488665 -5.076239
8.875125 2.9373736 -6.7234683
6.4839377 1.2126553 -7.8448896
6.498715 0.83283234 -4.5886865
7.751471 -0.84758514 -9.179978
3.0467548 0.4810295 -1.600692
10.753318 11.452397 -8.207351
7.148777 -0.24026866 -5.112811
4.1879454 -0.5259538 -4.601796
1.4883112 0.18081729 -0.98149717
7.6979756 1.4840298 -8.45825
1.6942149 -0.9622916 -1.734088
5.3136144 -0.59707123 -5.195073
2.1374424 -0.48401353 -1.3585737
2.2639973 -1.4469528 -1.5245264
8.377981 -2.702727 -5.2989535
9.005012 0.45653602 -8.150527
4.85774 6.3296156 -3.7671008
5.617097 -0.05683591 -6.2978354
2.1843321 -3.236304 -2.5414467
2.385897 -2.8277428 -2.6297848
2.1788185 -2.3031483 -2.3984501
4.527793 -0.014704744 -3.5678868
8.239721 -4.647327 -7.5564704
7.0160937 -5.9435587 -5.0332503
5.624123 1.6881335 -2.7818773
5.6199727 1.1088974 -3.7327366
6.990761 -0.6349629 -7.034851
3.3181453 -0.6107797 -4.2973986
3.95282 -2.6716816 -2.6361988
3.6440136 1.2571514 -4.0642133
5.77882 0.43601176 -4.5631824
9.724404 8.78816 -5.7593284
1.8889943 0.530871 -0.04508454
9.196458 7.114822 -7.799499
6.8249044 3.2458236 -4.562776
4.323671 1.7647307 -5.8604164
7.704932 2.3134046 -7.4136004
6.7455797 -0.04370628 -4.7823215
2.0488052 1.7563959 -2.4758182
7.500972 -1.682372 -7.8070035
2.9129663 0.05359051 0.59295607
1.7402198 0.23498432 -1.9626827
6.030186 -0.8289794 -6.411015
6.5808134 -2.686172 -7.7230153
2.3991516 -0.71759695 -2.366042
4.680238 -0.30564126 -4.741178
5.4688444 -0.76467043 -4.3939676
0.8478331 0.15575685 -0.42587683
8.388297 0.20648706 -7.8535814
3.865207 -0.42946574 -3.304173
3.9917645 0.5097349 -3.3128464
1.6481465 -1.1588032 -1.2832835
4.433139 -2.1638668 -4.374524
1.9159977 0.6441797 -0.09622
6.4150705 -1.215411 -4.8548894
4.0978336 0.5022479 -2.5398383
4.114536 1.7751373 -4.1515985
6.68246 -1.019723 -7.5424647
3.745802 -2.2554228 -2.878174
5.5083632 0.26402324 -6.1675415
5.025911 0.5084569 -4.0508513
2.9549325 -0.058273852 0.18118258
4.672256 -5.1603694 -4.671211
1.276153 -0.06506067 -1.5615386
5.1270146 -0.89834815 -6.047841
2.4862962 2.5743747 -0.42771122
4.1434298 1.5465689 -2.2401044
8.356398 -1.3879416 -6.48156
1.1463292 0.086459585 0.31337336
4.3864493 3.7540429 -2.9422953
3.5356507 -2.9928339 -0.008108003
7.877495 -4.470965 -8.348512
2.7114437 0.09457801 -1.2611195
0.76841486 0.7073051 -0.5858261
8.245063 0.28378868 -6.2843213
5.820506 5.028523 -5.6080766
6.6166143 -0.04249866 -6.6148553
6.7532954 -1.398308 -2.4643784
3.8311927 0.92207605 -1.6687917
6.2858224 -5.320376 -4.360187
2.8890831 0.8496298 0.028170023
5.397631 4.65311 -4.395409
3.6660807 -0.17069086 -4.135606
5.350021 2.9893746 -2.4466465
3.8695471 1.256214 -1.9854333
5.1159863 2.1880932 -2.4746876
5.471139 1.8449062 -2.6770236
5.235204 3.7189076 -3.9692838
7.601977 1.1249536 -6.0955324
2.816148 0.9031511 -2.0529296
0.4511428 -0.26234794 -0.10463278
10.405052 1.2444185 -7.5234036
1.1384276 0.25767535 0.023922265
3.2587438 0.34652165 -3.7923257
8.7975 8.056088 -6.793157
1.3399318 -0.5084036 -0.9809353
2.3537948 0.4465197 -0.9214436
6.2847514 5.249168 -5.22165
5.6618876 -2.9846826 -3.48962
3.2541366 -0.53106844 -3.9289994
4.8707666 -1.1789521 -4.1844277
2.7211854 2.7859626 -1.5181495
3.5966856 1.189477 -4.3989234
1.0682873 0.043855447 -0.599675
1.5228597 0.33473507 -0.21167718
5.1882415 0.72904 -3.4795377
11.196536 -2.8215308 -11.334761
3.938064 -3.8474882 -3.6845524
6.009116 0.44701323 -6.1186457
2.2003598 -0.18980531 0.20734283
0.6545015 -0.7753759 -1.1413984
3.4049551 -0.77150905 -2.6260536
7.421186 -0.0090221 -8.198092
2.5852315 0.813562 0.29808614
2.556102 2.5248373 -1.621794
1.075218 0.25801462 -0.2369809
2.0664945 0.4511637 0.9688975
1.5178022 0.19121154 -0.50281775
1.8745098 -0.53199077 -0.21416704
4.1119537 2.0266752 -2.6460097
2.228577 0.28866386 -2.456699
0.7317795 0.02474809 -0.18348192
1.7411698 1.6949335 -1.1443783
5.899571 -0.7907648 -0.7420696
8.688182 -1.0595369 -9.345548
2.9407108 2.092445 -2.349108
2.3874285 0.18975364 -1.2627977
1.9655552 0.5192414 -0.9326561
4.6083484 -1.7643871 -2.8673809
1.5844404 0.4099464 -2.3827133
1.7111695 -0.14893003 -0.3164222
2.114508 0.49657613 -0.63862604
3.589659 -0.12415326 -2.7523084
1.6598656 0.019486953 -0.99114305
8.224558 -6.0604258 -9.873701
2.6999867 1.7918179 -0.7962187
7.3124337 -1.1943027 -9.8846655
0.94331706 -0.22315475 -1.2544067
1.3532047 -2.288593 -1.814703
1.3692023 -0.7443729 -1.5187474
2.1523259 0.03318071 -1.5305473
4.0451465 -4.5964665 -4.900837
1.0192897 -0.26931813 -0.78511757
5.7406626 1.7165536 -5.7414927
2.8832393 -1.0766332 -2.315153
8.673049 1.7315685 -5.77282
6.0353 -4.35492 -6.1434073
10.246492 7.7770543 -7.5822186
4.135129 -0.25323364 -3.0713143
3.4529881 -0.08833987 -3.8878593
9.998567 -0.5844433 -10.652804
0.94426435 -0.5078955 -1.2262021
2.485327 -1.0543948 -0.90919054
10.15053 4.9779787 -9.913023
4.654805 -1.374802 -4.4374924
7.6752753 -3.3398824 -8.30506
5.695702 0.58473986 -5.719536
4.167765 -1.2901813 -3.320537
1.0301881 -0.3772974 -0.7253002
4.487654 -2.413961 -4.6881866
1.289173 0.13596226 -0.7783861
7.1157403 0.4521833 -5.088515
6.3968844 -0.23540667 -7.427838
0.69736785 -0.4233577 -0.76664436
7.1126027 0.7920884 -6.084073
4.035371 0.14616445 -2.8663857
4.7647314 1.1555325 1.2984926
11.889579 2.2795446 -11.604559
4.0412493 0.8217494 -2.9688115
3.0618656 -0.15571693 -2.650616
3.7649496 0.931187 -1.1753007
8.320686 2.3109288 -5.548996
4.7951703 -4.022645 -3.7929287
4.9367394 -4.5304484 -5.4626417
1.430564 0.3149073 -0.28790593
3.0108414 0.69176453 -2.0197628
8.171185 2.709884 -7.523589
5.990733 3.76675 -4.895965
1.983049 0.14318393 -2.314833
5.227582 -2.8216002 -0.2798825
1.0891768 0.1738486 -0.062286384
7.6122727 -1.1487248 -5.0747714
2.8342845 -0.80247885 -2.1626189
10.011481 2.133095 -8.0715475
7.3808217 7.6939125 -4.5009127
1.8089502 2.8898787 -0.43547752
5.134351 0.06491597 -4.4020233
1.7065724 -1.4440242 -1.2139578
2.558857 1.9038838 -2.9665782
10.479959 6.337153 -5.528022
7.24628 -7.2516885 -5.9735155
7.988838 3.3208861 -6.9308577
1.8907292 -0.09267944 -1.9358381
2.4230494 2.3173635 -2.3885024
5.3305044 1.9129862 1.6932598
5.0310755 -5.474349 -6.0103264
1.0332232 -0.93019426 -0.5274116
6.767839 3.1349056 -7.3491597
1.7348177 1.6221259 -1.4360324
10.190628 4.1147213 -8.44985
8.711265 3.1830328 -6.6555014
3.18953 -1.6189674 -2.879667
6.910605 3.8875918 -4.1083045
7.6394763 6.468133 -4.938048
0.7868357 -0.32882932 -0.7669703
5.5575247 1.2417854 -2.890209
10.511332 3.1466973 -8.246303
1.023088 -0.6967281 -1.3266386
6.9532228 4.7175527 -4.0994563
10.077242 10.9438925 -9.998456
2.5448887 -1.5755585 -2.2180862
6.9814343 0.09542619 -6.08942
9.882691 7.074262 -5.8833437
4.1906343 -0.2913651 -4.5532355
4.1029716 4.31044 -4.113005
2.8011763 0.8048033 0.01198256
6.559524 -0.56556666 -4.677604
1.2493683 0.037647445 0.34853125
3.1749218 -1.1268748 -2.7094626
7.201077 -0.293072 -6.7041736
4.6883492 -3.441314 -4.387139
2.8226717 0.20752975 0.6955776
4.786004 -0.08372723 -3.1877365
10.054732 -2.9115999 -7.541842
5.0476656 -0.95663697 -5.3715577
6.7810864 0.14097059 -5.7000275
9.372251 0.0199618 -7.3761783
4.6408315 0.9343022 -3.629324
1.9355513 0.42673603 -0.5893788
4.6145773 -0.6481296 -3.6146967
13.666658 1.8525057 -10.153772
4.959767 4.788629 -4.458501
11.387912 3.893563 -9.017363
0.36608055 -0.11964049 -0.06161145
7.7062674 -4.357476 -7.810012
2.577863 -2.3770068 -2.4860077
1.929308 -1.032562 -1.7182997
1.2154195 1.6285601 0.37844628
9.852136 7.384972 -7.1790047
5.4175096 1.2396275 -1.583988
3.3870358 -0.016630964 -4.0845795

