2.5564678 0.12607074 -0.03983685 0.78433806 0.40249595 0.13614562
2.5564678 0.12607074 -0.03983685 0.78433806 0.40249595 0.13614562
2.5564678 0.12607074 -0.03983685 0.78433806 0.40249595 0.13614562
2.5564678 0.12607074 -0.03983685 0.78433806 0.40249595 0.13614562
2.5564678 0.12607074 -0.03983685 0.78433806 0.40249595 0.13614562
2.5564678 0.12607074 -0.03983685 0.78433806 0.40249595 0.13614562
2.5564678 0.12607074 -0.03983685 0.78433806 0.40249595 0.13614562

-1.6804421 0.5729307 3.1322865 -0.53603375 0.0405257 0.14563687
-1.6804421 0.5729307 3.1322865 -0.53603375 0.0405257 0.14563687
-1.6804421 0.5729307 3.1322865 -0.53603375 0.0405257 0.14563687
-1.6804421 0.5729307 3.1322865 -0.53603375 0.0405257 0.14563687
-1.6804421 0.5729307 3.1322865 -0.53603375 0.0405257 0.14563687
-1.6804421 0.5729307 3.1322865 -0.53603375 0.0405257 0.14563687
-1.6804421 0.5729307 3.1322865 -0.53603375 0.0405257 0.14563687

2.5398083 0.5182651 2.2637997 -0.82482475 -0.1970871 0.11015338
-2.760619 0.22208491 -2.6151872 -0.94332314 -0.29764754 0.13485587
2.5398083 0.5182651 2.2637997 -0.82482475 -0.1970871 0.11015338
-2.760619 0.22208491 -2.6151872 -0.94332314 -0.29764754 0.13485587
2.5398083 0.5182651 2.2637997 -0.82482475 -0.1970871 0.11015338
-2.760619 0.22208491 -2.6151872 -0.94332314 -0.29764754 0.13485587
2.5398083 0.5182651 2.2637997 -0.82482475 -0.1970871 0.11015338

-2.0853307 -0.46185076 -0.59076047 -0.8208032 -0.31258452 0.14196992
1.2783916 0.52904665 1.8206776 -0.9428831 -0.33573568 0.13264693
2.1939406 -0.5880937 1.5625058 -0.8315767 -0.34104836 0.11974763
-1.9211905 -0.21130423 -0.7766061 -0.8193084 -0.31503174 0.14696303
-2.145027 -0.86983216 -0.30736482 -0.94154614 -0.21193704 0.14703795
2.3546588 -0.78412914 1.8562663 -0.92708045 -0.29383552 0.12069695
2.0116405 -0.60024685 2.134423 -0.9338058 -0.20608358 0.12959784

2.1842356 0.31867233 -1.1443119 0.872409 0.41828477 0.14022355
2.048325 0.07505023 -0.3417704 0.9615424 0.30491793 0.13584796
1.652456 0.1092993 -1.1399919 0.7167078 0.27011964 0.14825082
1.914265 -0.44283438 -0.8692584 0.95310587 -0.005081384 0.115852736
1.6241443 -0.8618279 -1.3279146 0.69760215 0.36467952 0.13064113
1.9653717 -0.8683969 -1.1081687 0.90491366 0.008903736 0.121663034
2.3994668 0.8872102 -0.18212816 0.8971985 0.13462682 0.1375199

2.065203 -0.72953475 -2.242136 0.73425716 -0.3858026 0.117549434
2.065203 -0.72953475 -2.242136 0.73425716 -0.3858026 0.117549434
2.065203 -0.72953475 -2.242136 0.73425716 -0.3858026 0.117549434
2.065203 -0.72953475 -2.242136 0.73425716 -0.3858026 0.117549434
2.065203 -0.72953475 -2.242136 0.73425716 -0.3858026 0.117549434
2.065203 -0.72953475 -2.242136 0.73425716 -0.3858026 0.117549434
2.065203 -0.72953475 -2.242136 0.73425716 -0.3858026 0.117549434

-2.3526452 -0.45525503 0.6306749 -0.38824305 -0.2258461 0.112666726
-2.3526452 -0.45525503 0.6306749 -0.38824305 -0.2258461 0.112666726
-2.3526452 -0.45525503 0.6306749 -0.38824305 -0.2258461 0.112666726
-2.3526452 -0.45525503 0.6306749 -0.38824305 -0.2258461 0.112666726
-2.3526452 -0.45525503 0.6306749 -0.38824305 -0.2258461 0.112666726
-2.3526452 -0.45525503 0.6306749 -0.38824305 -0.2258461 0.112666726
-2.3526452 -0.45525503 0.6306749 -0.38824305 -0.2258461 0.112666726

2.0210955 0.76080024 -2.1000874 0.9179199 -0.26244563 0.13393901
2.0210955 0.76080024 -2.1000874 0.9179199 -0.26244563 0.13393901
2.0210955 0.76080024 -2.1000874 0.9179199 -0.26244563 0.13393901
2.0210955 0.76080024 -2.1000874 0.9179199 -0.26244563 0.13393901
2.0210955 0.76080024 -2.1000874 0.9179199 -0.26244563 0.13393901
2.0210955 0.76080024 -2.1000874 0.9179199 -0.26244563 0.13393901
2.0210955 0.76080024 -2.1000874 0.9179199 -0.26244563 0.13393901

1.4185231 -0.5145068 -0.13088325 0.10614786 0.16516799 0.12486858
1.4185231 -0.5145068 -0.13088325 0.10614786 0.16516799 0.12486858
1.4185231 -0.5145068 -0.13088325 0.10614786 0.16516799 0.12486858
1.4185231 -0.5145068 -0.13088325 0.10614786 0.16516799 0.12486858
1.4185231 -0.5145068 -0.13088325 0.10614786 0.16516799 0.12486858
1.4185231 -0.5145068 -0.13088325 0.10614786 0.16516799 0.12486858
1.4185231 -0.5145068 -0.13088325 0.10614786 0.16516799 0.12486858

1.6773994 1.2456965 1.7778358 -0.64967024 -0.31634918 0.1308125
1.6773994 1.2456965 1.7778358 -0.64967024 -0.31634918 0.1308125
1.6773994 1.2456965 1.7778358 -0.64967024 -0.31634918 0.1308125
1.6773994 1.2456965 1.7778358 -0.64967024 -0.31634918 0.1308125
1.6773994 1.2456965 1.7778358 -0.64967024 -0.31634918 0.1308125
1.6773994 1.2456965 1.7778358 -0.64967024 -0.31634918 0.1308125
1.6773994 1.2456965 1.7778358 -0.64967024 -0.31634918 0.1308125

1.2831757 -0.18590291 0.053054728 0.8101955 0.29530847 0.13838236
2.0725052 0.49277917 -0.6622129 0.7325066 0.4048397 0.13356207
1.2831757 -0.18590291 0.053054728 0.8101955 0.29530847 0.13838236
2.0725052 0.49277917 -0.6622129 0.7325066 0.4048397 0.13356207
1.2831757 -0.18590291 0.053054728 0.8101955 0.29530847 0.13838236
2.0725052 0.49277917 -0.6622129 0.7325066 0.4048397 0.13356207
1.2831757 -0.18590291 0.053054728 0.8101955 0.29530847 0.13838236

1.7985641 -0.6032509 -1.1255478 0.75809276 0.16345012 0.12562695
1.6333882 0.9240149 -0.8513493 0.7973594 0.13935566 0.1489871
-2.1280816 0.56345 2.0734951 0.96940166 0.064983755 0.12001528
1.7985641 -0.6032509 -1.1255478 0.75809276 0.16345012 0.12562695
1.6333882 0.9240149 -0.8513493 0.7973594 0.13935566 0.1489871
-2.1280816 0.56345 2.0734951 0.96940166 0.064983755 0.12001528
1.7985641 -0.6032509 -1.1255478 0.75809276 0.16345012 0.12562695

-2.2893772 -0.9564602 -0.3312918 -0.77640295 -0.34611663 0.14946264
2.0070736 0.5597632 2.794574 -0.8971884 -0.18393174 0.12874025
-2.3692565 -0.82505596 -0.23771179 -0.81854516 -0.34424776 0.13651346
-2.2400262 -0.6928106 -0.32082453 -0.8269499 -0.38897008 0.12838733
2.6836138 0.7931756 -2.6900933 -0.9282895 -0.22100784 0.11512374
-2.4117453 -0.9876616 -0.0360137 -0.8827327 -0.387719 0.13876082
1.8659344 -0.43720874 2.201038 -0.8566405 -0.18333808 0.14211872

1.782277 -0.5576663 -0.02625279 -0.91510063 0.22548133 0.13911593
2.03882 0.3539076 1.2522651 -0.7887819 0.3055765 0.12037429
2.53792 0.48694783 1.4750321 -0.9795356 0.3688847 0.11405414
1.782277 -0.5576663 -0.02625279 -0.91510063 0.22548133 0.13911593
2.03882 0.3539076 1.2522651 -0.7887819 0.3055765 0.12037429
2.53792 0.48694783 1.4750321 -0.9795356 0.3688847 0.11405414
1.782277 -0.5576663 -0.02625279 -0.91510063 0.22548133 0.13911593

-2.094002 -0.52743983 -0.33767563 -0.95252717 -0.1944228 0.14769384
1.8735938 0.55880046 -3.1274579 -0.9874819 -0.13138154 0.13033454
-2.5311377 0.9956074 -1.7768494 -0.9815634 -0.28851673 0.14591631
-1.7553558 -0.4720696 -0.7926949 -0.75637996 -0.3245393 0.14583305
2.168243 -1.0766761 1.447621 -0.7084121 -0.41315025 0.14539975
-2.0385432 -0.39057577 -0.47706953 -0.86964464 -0.25063926 0.12323292
-2.828873 0.9427651 -1.9046283 -0.87845147 -0.22857691 0.14984408

2.144316 -0.62373024 -2.3245728 0.7330417 -0.10121319 0.133281
2.381606 -0.9830776 -2.962096 0.7509236 0.016726224 0.1110413
2.0889618 -0.27918857 -2.4589586 0.7044341 -0.23975693 0.13320895
2.7361276 -0.8959756 2.9890337 0.9378258 -0.010094928 0.13754778
1.209248 -0.18423419 -1.6244081 0.88586926 0.0482392 0.14615928
-1.6657969 -0.36030525 0.74919903 0.8826498 0.062112387 0.1135968
2.144316 -0.62373024 -2.3245728 0.7330417 -0.10121319 0.133281

2.8914557 -0.0045044506 -0.9258272 -0.9886229 0.39249295 0.14280474
2.8914557 -0.0045044506 -0.9258272 -0.9886229 0.39249295 0.14280474
2.8914557 -0.0045044506 -0.9258272 -0.9886229 0.39249295 0.14280474
2.8914557 -0.0045044506 -0.9258272 -0.9886229 0.39249295 0.14280474
2.8914557 -0.0045044506 -0.9258272 -0.9886229 0.39249295 0.14280474
2.8914557 -0.0045044506 -0.9258272 -0.9886229 0.39249295 0.14280474
2.8914557 -0.0045044506 -0.9258272 -0.9886229 0.39249295 0.14280474

-2.7146645 -0.7560533 -2.586546 0.52862674 0.16202977 0.111417964
-2.3775227 0.9104005 2.278717 0.70270616 0.17859825 0.11782554
1.3181883 0.2984502 -0.33349487 0.77373767 0.34677017 0.13046235
2.0314243 -0.08715477 -1.0083394 0.13308865 0.41987327 0.12247355
-2.7146645 -0.7560533 -2.586546 0.52862674 0.16202977 0.111417964
-2.3775227 0.9104005 2.278717 0.70270616 0.17859825 0.11782554
1.3181883 0.2984502 -0.33349487 0.77373767 0.34677017 0.13046235

-2.793742 -0.6826994 0.5681465 -0.4388695 -0.3636213 0.11757001
1.057485 -0.44620305 -2.5753818 -0.7454849 -0.10797107 0.13276675
2.887252 0.35615602 -1.8666775 -0.64373684 -0.21896231 0.12297738
-2.793742 -0.6826994 0.5681465 -0.4388695 -0.3636213 0.11757001
1.057485 -0.44620305 -2.5753818 -0.7454849 -0.10797107 0.13276675
2.887252 0.35615602 -1.8666775 -0.64373684 -0.21896231 0.12297738
-2.793742 -0.6826994 0.5681465 -0.4388695 -0.3636213 0.11757001

-2.022643 0.42410025 -0.56143737 -0.89779216 -0.21098767 0.12817164
-2.2107441 0.6843952 -0.7869843 -0.80493397 -0.15874346 0.13432994
-1.6881256 -0.91740066 -0.8127922 -0.50540054 -0.36606273 0.14776754
1.4298211 -0.48333225 2.8496218 -0.8798243 -0.13125385 0.13820295
-2.537244 0.78092885 -1.3605156 -0.860359 -0.32907096 0.14357397
1.9518379 0.9393455 -3.1009 -0.9379428 -0.11238442 0.14774671
-2.022643 0.42410025 -0.56143737 -0.89779216 -0.21098767 0.12817164

-1.8676652 0.29498628 -2.7265608 -0.9425609 0.17693058 0.12805101
1.5869783 -0.22502565 0.5599313 -0.7920177 0.2153107 0.13974401
-1.8676652 0.29498628 -2.7265608 -0.9425609 0.17693058 0.12805101
1.5869783 -0.22502565 0.5599313 -0.7920177 0.2153107 0.13974401
-1.8676652 0.29498628 -2.7265608 -0.9425609 0.17693058 0.12805101
1.5869783 -0.22502565 0.5599313 -0.7920177 0.2153107 0.13974401
-1.8676652 0.29498628 -2.7265608 -0.9425609 0.17693058 0.12805101

2.0896552 -0.72018594 -0.6951611 0.979487 0.14858198 0.12203926
2.0896552 -0.72018594 -0.6951611 0.979487 0.14858198 0.12203926
2.0896552 -0.72018594 -0.6951611 0.979487 0.14858198 0.12203926
2.0896552 -0.72018594 -0.6951611 0.979487 0.14858198 0.12203926
2.0896552 -0.72018594 -0.6951611 0.979487 0.14858198 0.12203926
2.0896552 -0.72018594 -0.6951611 0.979487 0.14858198 0.12203926
2.0896552 -0.72018594 -0.6951611 0.979487 0.14858198 0.12203926

1.2763726 0.64079547 0.2545824 -0.8861582 0.25437692 0.12790173
-2.372761 -0.5641324 -2.1389966 -0.99132246 0.34794858 0.14401935
-2.6111372 -0.77085817 -1.6515688 -0.7867858 0.3425386 0.14144853
1.7473212 -1.1448258 0.49011317 -0.914672 0.18031341 0.13888076
2.0405703 -1.0717638 0.24977386 -0.78335834 0.27275553 0.11856879
-2.147258 -0.9928523 -1.7050556 -0.74008936 0.3193985 0.14756116
-2.0052063 0.23167081 -2.6396132 -0.8976329 0.2512787 0.11288981

2.1065915 0.47813487 2.559627 -0.82875204 -0.36274138 0.1375494
1.3400607 -0.9916818 2.64643 -0.92517465 -0.25569475 0.1491898
2.0597386 -0.8454224 1.8520728 -0.92823595 -0.3354946 0.12781279
2.3067832 -1.1208723 1.3920152 -0.8611623 -0.39033315 0.13586542
1.4934368 0.708571 2.3717215 -0.91761035 -0.27923113 0.1266742
2.1065915 0.47813487 2.559627 -0.82875204 -0.36274138 0.1375494
1.3400607 -0.9916818 2.64643 -0.92517465 -0.25569475 0.1491898

1.8378994 0.37197793 -2.3587687 0.5721342 -0.23603915 0.14462443
1.8378994 0.37197793 -2.3587687 0.5721342 -0.23603915 0.14462443
1.8378994 0.37197793 -2.3587687 0.5721342 -0.23603915 0.14462443
1.8378994 0.37197793 -2.3587687 0.5721342 -0.23603915 0.14462443
1.8378994 0.37197793 -2.3587687 0.5721342 -0.23603915 0.14462443
1.8378994 0.37197793 -2.3587687 0.5721342 -0.23603915 0.14462443
1.8378994 0.37197793 -2.3587687 0.5721342 -0.23603915 0.14462443

2.020785 -0.5595215 -0.013487971 0.028679002 0.1376176 0.12600009
2.020785 -0.5595215 -0.013487971 0.028679002 0.1376176 0.12600009
2.020785 -0.5595215 -0.013487971 0.028679002 0.1376176 0.12600009
2.020785 -0.5595215 -0.013487971 0.028679002 0.1376176 0.12600009
2.020785 -0.5595215 -0.013487971 0.028679002 0.1376176 0.12600009
2.020785 -0.5595215 -0.013487971 0.028679002 0.1376176 0.12600009
2.020785 -0.5595215 -0.013487971 0.028679002 0.1376176 0.12600009

2.5542867 0.29205984 1.5624887 -0.9648527 0.22136685 0.114259824
2.5542867 0.29205984 1.5624887 -0.9648527 0.22136685 0.114259824
2.5542867 0.29205984 1.5624887 -0.9648527 0.22136685 0.114259824
2.5542867 0.29205984 1.5624887 -0.9648527 0.22136685 0.114259824
2.5542867 0.29205984 1.5624887 -0.9648527 0.22136685 0.114259824
2.5542867 0.29205984 1.5624887 -0.9648527 0.22136685 0.114259824
2.5542867 0.29205984 1.5624887 -0.9648527 0.22136685 0.114259824

2.3473125 -1.0117018 -2.9905963 0.9110942 -0.3549365 0.112789534
2.0003874 -0.83782876 -2.5840049 0.7352655 -0.39964813 0.13769272
2.3473125 -1.0117018 -2.9905963 0.9110942 -0.3549365 0.112789534
2.0003874 -0.83782876 -2.5840049 0.7352655 -0.39964813 0.13769272
2.3473125 -1.0117018 -2.9905963 0.9110942 -0.3549365 0.112789534
2.0003874 -0.83782876 -2.5840049 0.7352655 -0.39964813 0.13769272
2.3473125 -1.0117018 -2.9905963 0.9110942 -0.3549365 0.112789534

-1.9162776 -0.35497925 -2.3035033 -0.6452421 0.2727511 0.12146534
-1.9162776 -0.35497925 -2.3035033 -0.6452421 0.2727511 0.12146534
-1.9162776 -0.35497925 -2.3035033 -0.6452421 0.2727511 0.12146534
-1.9162776 -0.35497925 -2.3035033 -0.6452421 0.2727511 0.12146534
-1.9162776 -0.35497925 -2.3035033 -0.6452421 0.2727511 0.12146534
-1.9162776 -0.35497925 -2.3035033 -0.6452421 0.2727511 0.12146534
-1.9162776 -0.35497925 -2.3035033 -0.6452421 0.2727511 0.12146534

0.95886755 -1.2707294 1.4723136 -0.30378038 0.34403104 0.13943179
0.95886755 -1.2707294 1.4723136 -0.30378038 0.34403104 0.13943179
0.95886755 -1.2707294 1.4723136 -0.30378038 0.34403104 0.13943179
0.95886755 -1.2707294 1.4723136 -0.30378038 0.34403104 0.13943179
0.95886755 -1.2707294 1.4723136 -0.30378038 0.34403104 0.13943179
0.95886755 -1.2707294 1.4723136 -0.30378038 0.34403104 0.13943179
0.95886755 -1.2707294 1.4723136 -0.30378038 0.34403104 0.13943179

1.163053 -0.4754802 2.8606026 -0.9659643 0.23414062 0.14983007
2.7419734 -0.22851299 1.0082198 -0.9355803 -0.30004105 0.13690959
1.9042463 0.26458254 2.0617347 -0.66612196 -0.15635341 0.13217402
1.6634971 0.8469579 2.4429033 -0.7180574 0.07934998 0.1431011
-1.8512783 -0.62204146 -0.14166906 -0.89452225 0.23270671 0.14525083
1.163053 -0.4754802 2.8606026 -0.9659643 0.23414062 0.14983007
2.7419734 -0.22851299 1.0082198 -0.9355803 -0.30004105 0.13690959

-2.8331635 1.1528212 -1.8639832 -0.74074745 -0.23533829 0.1216231
2.346566 0.5297978 2.830934 -0.6977213 -0.37691587 0.11950127
-2.616528 -0.52693945 -0.06546902 -0.88129413 -0.41851455 0.11408921
-2.8331635 1.1528212 -1.8639832 -0.74074745 -0.23533829 0.1216231
2.346566 0.5297978 2.830934 -0.6977213 -0.37691587 0.11950127
-2.616528 -0.52693945 -0.06546902 -0.88129413 -0.41851455 0.11408921
-2.8331635 1.1528212 -1.8639832 -0.74074745 -0.23533829 0.1216231

1.6147819 0.17637046 -2.2254345 0.84272695 0.04397771 0.11267044
-2.0223901 0.8706758 0.77518916 0.7588842 -0.026196763 0.12858202
-1.646915 -0.44531083 0.8564364 0.9531915 0.21780923 0.14710553
2.0999691 0.7470403 -1.4281497 0.7891143 -0.14386639 0.13356955
1.6147819 0.17637046 -2.2254345 0.84272695 0.04397771 0.11267044
-2.0223901 0.8706758 0.77518916 0.7588842 -0.026196763 0.12858202
-1.646915 -0.44531083 0.8564364 0.9531915 0.21780923 0.14710553

-2.2131243 -0.3873748 0.40311384 0.5715433 -0.16557781 0.13963918
2.3014653 -0.15234563 2.2681727 0.96316344 -0.3275716 0.12675318
-2.4855492 0.99618155 -0.5083278 0.45373133 -0.097865626 0.14593774
-2.2461827 -0.69951326 0.67680705 0.56986433 -0.086989224 0.115396835
-2.2131243 -0.3873748 0.40311384 0.5715433 -0.16557781 0.13963918
2.3014653 -0.15234563 2.2681727 0.96316344 -0.3275716 0.12675318
-2.4855492 0.99618155 -0.5083278 0.45373133 -0.097865626 0.14593774

2.2368255 0.95159584 -1.6708002 0.8052811 -0.30092198 0.117168725
2.4967782 -0.96922827 2.9493554 0.98459214 -0.15943186 0.11012368
2.2368255 0.95159584 -1.6708002 0.8052811 -0.30092198 0.117168725
2.4967782 -0.96922827 2.9493554 0.98459214 -0.15943186 0.11012368
2.2368255 0.95159584 -1.6708002 0.8052811 -0.30092198 0.117168725
2.4967782 -0.96922827 2.9493554 0.98459214 -0.15943186 0.11012368
2.2368255 0.95159584 -1.6708002 0.8052811 -0.30092198 0.117168725

2.3901708 0.37196606 -0.32188132 0.51275975 0.38079688 0.12967454
2.3901708 0.37196606 -0.32188132 0.51275975 0.38079688 0.12967454
2.3901708 0.37196606 -0.32188132 0.51275975 0.38079688 0.12967454
2.3901708 0.37196606 -0.32188132 0.51275975 0.38079688 0.12967454
2.3901708 0.37196606 -0.32188132 0.51275975 0.38079688 0.12967454
2.3901708 0.37196606 -0.32188132 0.51275975 0.38079688 0.12967454
2.3901708 0.37196606 -0.32188132 0.51275975 0.38079688 0.12967454

-2.159193 0.6599833 2.0554311 0.78777575 0.29309767 0.14962319
-2.159193 0.6599833 2.0554311 0.78777575 0.29309767 0.14962319
-2.159193 0.6599833 2.0554311 0.78777575 0.29309767 0.14962319
-2.159193 0.6599833 2.0554311 0.78777575 0.29309767 0.14962319
-2.159193 0.6599833 2.0554311 0.78777575 0.29309767 0.14962319
-2.159193 0.6599833 2.0554311 0.78777575 0.29309767 0.14962319
-2.159193 0.6599833 2.0554311 0.78777575 0.29309767 0.14962319

-1.7398115 -0.62871 -2.391864 -0.84519464 0.1965374 0.11051216
1.8040564 -0.82897705 0.80475736 -0.72907656 0.32554996 0.13392444
-1.7398115 -0.62871 -2.391864 -0.84519464 0.1965374 0.11051216
1.8040564 -0.82897705 0.80475736 -0.72907656 0.32554996 0.13392444
-1.7398115 -0.62871 -2.391864 -0.84519464 0.1965374 0.11051216
1.8040564 -0.82897705 0.80475736 -0.72907656 0.32554996 0.13392444
-1.7398115 -0.62871 -2.391864 -0.84519464 0.1965374 0.11051216

-2.3930504 0.7988435 2.278476 0.17318422 0.11622161 0.120982
-2.3930504 0.7988435 2.278476 0.17318422 0.11622161 0.120982
-2.3930504 0.7988435 2.278476 0.17318422 0.11622161 0.120982
-2.3930504 0.7988435 2.278476 0.17318422 0.11622161 0.120982
-2.3930504 0.7988435 2.278476 0.17318422 0.11622161 0.120982
-2.3930504 0.7988435 2.278476 0.17318422 0.11622161 0.120982
-2.3930504 0.7988435 2.278476 0.17318422 0.11622161 0.120982

2.2451036 0.5798046 1.7706168 -0.7316013 0.3099774 0.148526
1.9153154 0.2709628 0.8882427 -0.81123483 0.0014959854 0.14993867
2.6244729 -0.8120947 0.08066211 -0.81909186 0.12363216 0.12584288
2.0732002 -0.59394383 0.13002098 -0.96031547 -0.11846423 0.13427047
2.4308333 0.7812298 1.8129894 -0.75131917 0.27826625 0.11450421
2.0369291 0.09431123 1.1203209 -0.7188425 0.19456263 0.11150998
2.2451036 0.5798046 1.7706168 -0.7316013 0.3099774 0.148526

-2.0460384 1.0489905 -1.2235359 0.8841616 -0.21363401 0.13273397
-2.0460384 1.0489905 -1.2235359 0.8841616 -0.21363401 0.13273397
-2.0460384 1.0489905 -1.2235359 0.8841616 -0.21363401 0.13273397
-2.0460384 1.0489905 -1.2235359 0.8841616 -0.21363401 0.13273397
-2.0460384 1.0489905 -1.2235359 0.8841616 -0.21363401 0.13273397
-2.0460384 1.0489905 -1.2235359 0.8841616 -0.21363401 0.13273397
-2.0460384 1.0489905 -1.2235359 0.8841616 -0.21363401 0.13273397

-2.2328856 -0.9973528 0.96317554 -0.8251571 -0.15879503 0.118128985
1.6519321 0.04981531 -2.5596306 -0.87463754 -0.40040648 0.14735076
-2.2328856 -0.9973528 0.96317554 -0.8251571 -0.15879503 0.118128985
1.6519321 0.04981531 -2.5596306 -0.87463754 -0.40040648 0.14735076
-2.2328856 -0.9973528 0.96317554 -0.8251571 -0.15879503 0.118128985
1.6519321 0.04981531 -2.5596306 -0.87463754 -0.40040648 0.14735076
-2.2328856 -0.9973528 0.96317554 -0.8251571 -0.15879503 0.118128985

1.4907176 0.6458647 0.9915765 -0.7817919 0.28474748 0.12268042
1.4907176 0.6458647 0.9915765 -0.7817919 0.28474748 0.12268042
1.4907176 0.6458647 0.9915765 -0.7817919 0.28474748 0.12268042
1.4907176 0.6458647 0.9915765 -0.7817919 0.28474748 0.12268042
1.4907176 0.6458647 0.9915765 -0.7817919 0.28474748 0.12268042
1.4907176 0.6458647 0.9915765 -0.7817919 0.28474748 0.12268042
1.4907176 0.6458647 0.9915765 -0.7817919 0.28474748 0.12268042

2.2800078 0.07040083 -0.0874427 0.3973745 0.37732774 0.13176453
2.2800078 0.07040083 -0.0874427 0.3973745 0.37732774 0.13176453
2.2800078 0.07040083 -0.0874427 0.3973745 0.37732774 0.13176453
2.2800078 0.07040083 -0.0874427 0.3973745 0.37732774 0.13176453
2.2800078 0.07040083 -0.0874427 0.3973745 0.37732774 0.13176453
2.2800078 0.07040083 -0.0874427 0.3973745 0.37732774 0.13176453
2.2800078 0.07040083 -0.0874427 0.3973745 0.37732774 0.13176453

2.3389053 0.39646515 0.041330427 0.11515014 0.32406285 0.12773442
1.6723508 0.8096935 0.3340528 0.5994713 0.1573492 0.11105085
2.3389053 0.39646515 0.041330427 0.11515014 0.32406285 0.12773442
1.6723508 0.8096935 0.3340528 0.5994713 0.1573492 0.11105085
2.3389053 0.39646515 0.041330427 0.11515014 0.32406285 0.12773442
1.6723508 0.8096935 0.3340528 0.5994713 0.1573492 0.11105085
2.3389053 0.39646515 0.041330427 0.11515014 0.32406285 0.12773442

-2.1409202 -0.3222607 0.6051732 0.6071851 -0.14115937 0.13031214
-2.1409202 -0.3222607 0.6051732 0.6071851 -0.14115937 0.13031214
-2.1409202 -0.3222607 0.6051732 0.6071851 -0.14115937 0.13031214
-2.1409202 -0.3222607 0.6051732 0.6071851 -0.14115937 0.13031214
-2.1409202 -0.3222607 0.6051732 0.6071851 -0.14115937 0.13031214
-2.1409202 -0.3222607 0.6051732 0.6071851 -0.14115937 0.13031214
-2.1409202 -0.3222607 0.6051732 0.6071851 -0.14115937 0.13031214

1.9348105 -0.24757417 0.42235824 -0.7862761 0.14413324 0.1498886
-1.4454633 0.62153214 -2.8549464 -0.8048459 0.16651653 0.1373324
1.9348105 -0.24757417 0.42235824 -0.7862761 0.14413324 0.1498886
-1.4454633 0.62153214 -2.8549464 -0.8048459 0.16651653 0.1373324
1.9348105 -0.24757417 0.42235824 -0.7862761 0.14413324 0.1498886
-1.4454633 0.62153214 -2.8549464 -0.8048459 0.16651653 0.1373324
1.9348105 -0.24757417 0.42235824 -0.7862761 0.14413324 0.1498886

1.6595504 0.33438504 1.0944874 -0.6294613 0.41213623 0.13396554
-1.9632113 -0.5138413 -2.4499807 -0.9560564 0.11308653 0.13678084
2.4021218 0.5067203 1.3744745 -0.9950158 0.41906047 0.12652056
-1.6460817 0.7388626 -2.1285126 -0.8493614 0.4032121 0.11096447
1.7387512 -0.57526004 0.4353253 -0.826441 0.18809947 0.110795505
-2.6886272 -0.99718463 -1.3812455 -0.9103259 0.26326948 0.13032062
1.5976677 -1.2399102 0.76223224 -0.8584109 0.22125971 0.12461478

1.8962057 0.03881575 -0.67188877 0.7629217 0.4178517 0.1426709
1.8962057 0.03881575 -0.67188877 0.7629217 0.4178517 0.1426709
1.8962057 0.03881575 -0.67188877 0.7629217 0.4178517 0.1426709
1.8962057 0.03881575 -0.67188877 0.7629217 0.4178517 0.1426709
1.8962057 0.03881575 -0.67188877 0.7629217 0.4178517 0.1426709
1.8962057 0.03881575 -0.67188877 0.7629217 0.4178517 0.1426709
1.8962057 0.03881575 -0.67188877 0.7629217 0.4178517 0.1426709

-1.8446432 -0.9256739 -1.3970014 -0.7453937 0.39333162 0.11740065
1.6091727 -0.024128849 1.4112321 -0.7672585 0.37517884 0.14242046
-2.0970747 -0.64453477 -1.2181239 -0.68693507 0.19629276 0.12218936
-1.8446432 -0.9256739 -1.3970014 -0.7453937 0.39333162 0.11740065
1.6091727 -0.024128849 1.4112321 -0.7672585 0.37517884 0.14242046
-2.0970747 -0.64453477 -1.2181239 -0.68693507 0.19629276 0.12218936
-1.8446432 -0.9256739 -1.3970014 -0.7453937 0.39333162 0.11740065

-2.15827 0.4633254 2.7758975 -0.5632099 0.1994788 0.12670669
-2.15827 0.4633254 2.7758975 -0.5632099 0.1994788 0.12670669
-2.15827 0.4633254 2.7758975 -0.5632099 0.1994788 0.12670669
-2.15827 0.4633254 2.7758975 -0.5632099 0.1994788 0.12670669
-2.15827 0.4633254 2.7758975 -0.5632099 0.1994788 0.12670669
-2.15827 0.4633254 2.7758975 -0.5632099 0.1994788 0.12670669
-2.15827 0.4633254 2.7758975 -0.5632099 0.1994788 0.12670669

2.4413557 -0.089349926 -2.1991086 0.9655131 0.28706193 0.13072026
2.4413557 -0.089349926 -2.1991086 0.9655131 0.28706193 0.13072026
2.4413557 -0.089349926 -2.1991086 0.9655131 0.28706193 0.13072026
2.4413557 -0.089349926 -2.1991086 0.9655131 0.28706193 0.13072026
2.4413557 -0.089349926 -2.1991086 0.9655131 0.28706193 0.13072026
2.4413557 -0.089349926 -2.1991086 0.9655131 0.28706193 0.13072026
2.4413557 -0.089349926 -2.1991086 0.9655131 0.28706193 0.13072026

-2.225939 1.3576895 0.22933741 0.79150933 -0.38037306 0.12444279
1.343265 -0.0975589 -2.1622157 0.8674452 -0.32595754 0.13955712
-2.246049 -0.5812918 0.9338445 0.9531138 -0.2714043 0.11767184
1.8511996 0.59043 -2.0542893 0.80400884 -0.34439918 0.12564863
-2.4237864 -1.3212565 1.6885904 0.8568617 -0.28106368 0.13156629
2.050462 -0.92742306 -2.8880587 0.9047495 -0.2570889 0.110463865
-2.225939 1.3576895 0.22933741 0.79150933 -0.38037306 0.12444279

-2.2066455 -0.5125363 -2.7369773 -0.52751786 0.19139533 0.11393718
-2.2066455 -0.5125363 -2.7369773 -0.52751786 0.19139533 0.11393718
-2.2066455 -0.5125363 -2.7369773 -0.52751786 0.19139533 0.11393718
-2.2066455 -0.5125363 -2.7369773 -0.52751786 0.19139533 0.11393718
-2.2066455 -0.5125363 -2.7369773 -0.52751786 0.19139533 0.11393718
-2.2066455 -0.5125363 -2.7369773 -0.52751786 0.19139533 0.11393718
-2.2066455 -0.5125363 -2.7369773 -0.52751786 0.19139533 0.11393718

-2.180613 0.755746 -2.7104685 -0.87932646 0.3866758 0.14311692
-1.9720801 0.648858 -2.6953893 -0.78434104 0.31343615 0.11986145
0.78127474 1.3389516 0.08368339 -0.8259581 0.25447693 0.14322251
1.5940385 -0.4415102 1.0116998 -0.71874195 0.40390545 0.11685171
1.6802694 0.41008577 1.2768873 -0.79646254 0.380842 0.11309046
2.3826838 0.4121537 1.7437348 -0.8363533 0.3999564 0.12047201
1.5447615 0.61271155 1.0068959 -0.7676826 0.34823292 0.12301279

-2.0155098 -0.51795805 -2.1989892 -0.4568462 0.15822175 0.14075735
-2.0155098 -0.51795805 -2.1989892 -0.4568462 0.15822175 0.14075735
-2.0155098 -0.51795805 -2.1989892 -0.4568462 0.15822175 0.14075735
-2.0155098 -0.51795805 -2.1989892 -0.4568462 0.15822175 0.14075735
-2.0155098 -0.51795805 -2.1989892 -0.4568462 0.15822175 0.14075735
-2.0155098 -0.51795805 -2.1989892 -0.4568462 0.15822175 0.14075735
-2.0155098 -0.51795805 -2.1989892 -0.4568462 0.15822175 0.14075735

2.298457 -0.05564145 1.0929308 -0.9072104 0.010323235 0.1407127
2.298457 -0.05564145 1.0929308 -0.9072104 0.010323235 0.1407127
2.298457 -0.05564145 1.0929308 -0.9072104 0.010323235 0.1407127
2.298457 -0.05564145 1.0929308 -0.9072104 0.010323235 0.1407127
2.298457 -0.05564145 1.0929308 -0.9072104 0.010323235 0.1407127
2.298457 -0.05564145 1.0929308 -0.9072104 0.010323235 0.1407127
2.298457 -0.05564145 1.0929308 -0.9072104 0.010323235 0.1407127

1.7929965 -0.8546158 -1.8158484 0.95819753 0.18720162 0.11028621
2.589985 1.0189885 -0.09842036 0.7563916 -0.25430712 0.13573128
1.7689021 -0.93996936 -1.5344781 0.7189716 -0.12259215 0.12004829
1.7929965 -0.8546158 -1.8158484 0.95819753 0.18720162 0.11028621
2.589985 1.0189885 -0.09842036 0.7563916 -0.25430712 0.13573128
1.7689021 -0.93996936 -1.5344781 0.7189716 -0.12259215 0.12004829
1.7929965 -0.8546158 -1.8158484 0.95819753 0.18720162 0.11028621

-2.4348028 -0.83149827 3.1312199 0.6627965 0.22496572 0.118150786
-2.4348028 -0.83149827 3.1312199 0.6627965 0.22496572 0.118150786
-2.4348028 -0.83149827 3.1312199 0.6627965 0.22496572 0.118150786
-2.4348028 -0.83149827 3.1312199 0.6627965 0.22496572 0.118150786
-2.4348028 -0.83149827 3.1312199 0.6627965 0.22496572 0.118150786
-2.4348028 -0.83149827 3.1312199 0.6627965 0.22496572 0.118150786
-2.4348028 -0.83149827 3.1312199 0.6627965 0.22496572 0.118150786

-2.132855 0.90219533 2.4743857 -0.29669115 0.0751968 0.1391985
2.5715103 -1.0072014 -0.7336269 -0.12846409 0.27558672 0.12482252
-2.6307952 -1.1580149 -2.2817338 -0.35228714 0.048213538 0.11419042
2.0617723 -0.49793115 -1.0306642 -0.7348484 0.30003324 0.12556621
2.1444612 -0.3600376 -0.5932046 -0.41844112 0.09590192 0.11919966
1.7632822 -0.53503 0.03909315 -0.20239446 0.054147977 0.14451718
2.1936076 -0.88043755 -0.098656535 0.026237564 0.053917076 0.14634344

1.9451336 -0.5060575 2.1371145 -0.6536122 -0.4130936 0.12319394
2.1219873 1.1992507 -3.0655415 -0.9217595 -0.15401906 0.14787218
1.9451336 -0.5060575 2.1371145 -0.6536122 -0.4130936 0.12319394
2.1219873 1.1992507 -3.0655415 -0.9217595 -0.15401906 0.14787218
1.9451336 -0.5060575 2.1371145 -0.6536122 -0.4130936 0.12319394
2.1219873 1.1992507 -3.0655415 -0.9217595 -0.15401906 0.14787218
1.9451336 -0.5060575 2.1371145 -0.6536122 -0.4130936 0.12319394

1.0791748 -0.5604455 -2.200395 -0.3814798 -0.36655205 0.12549931
-1.7143078 -0.1483314 0.23727606 -0.25326195 -0.3062324 0.11755392
1.5053636 -0.1229 -2.6519108 -0.4668014 -0.14832872 0.13690312
1.0791748 -0.5604455 -2.200395 -0.3814798 -0.36655205 0.12549931
-1.7143078 -0.1483314 0.23727606 -0.25326195 -0.3062324 0.11755392
1.5053636 -0.1229 -2.6519108 -0.4668014 -0.14832872 0.13690312
1.0791748 -0.5604455 -2.200395 -0.3814798 -0.36655205 0.12549931

-1.9365157 -0.8281216 -0.28978038 -0.91826737 -0.094263166 0.13899718
-2.3283076 -0.45565563 -0.633557 -0.90354055 -0.3168087 0.117454186
-2.226486 -0.6947101 -0.5956635 -0.9151734 -0.35100037 0.14131567
1.6421334 0.19481578 2.6356823 -0.8891852 -0.12666567 0.11524189
2.341338 -0.5361243 1.9499633 -0.98876405 -0.21588466 0.12154045
2.4047403 0.28330848 3.1135402 -0.8890709 -0.37928855 0.13873851
-1.9365157 -0.8281216 -0.28978038 -0.91826737 -0.094263166 0.13899718

1.7922274 -0.97426134 -0.5525702 -0.053420804 0.24435975 0.121241376
1.5352392 -0.6466437 -0.008724909 0.0871565 0.099848054 0.11952939
-2.0620034 -0.6130178 2.7930422 0.048536625 0.40965652 0.13980952
1.7922274 -0.97426134 -0.5525702 -0.053420804 0.24435975 0.121241376
1.5352392 -0.6466437 -0.008724909 0.0871565 0.099848054 0.11952939
-2.0620034 -0.6130178 2.7930422 0.048536625 0.40965652 0.13980952
1.7922274 -0.97426134 -0.5525702 -0.053420804 0.24435975 0.121241376

1.9296576 0.09133922 0.16880253 0.7375765 0.3631282 0.13719453
1.9296576 0.09133922 0.16880253 0.7375765 0.3631282 0.13719453
1.9296576 0.09133922 0.16880253 0.7375765 0.3631282 0.13719453
1.9296576 0.09133922 0.16880253 0.7375765 0.3631282 0.13719453
1.9296576 0.09133922 0.16880253 0.7375765 0.3631282 0.13719453
1.9296576 0.09133922 0.16880253 0.7375765 0.3631282 0.13719453
1.9296576 0.09133922 0.16880253 0.7375765 0.3631282 0.13719453

-1.674101 -0.41254792 -2.633998 -0.96800464 0.007733168 0.14234208
-1.674101 -0.41254792 -2.633998 -0.96800464 0.007733168 0.14234208
-1.674101 -0.41254792 -2.633998 -0.96800464 0.007733168 0.14234208
-1.674101 -0.41254792 -2.633998 -0.96800464 0.007733168 0.14234208
-1.674101 -0.41254792 -2.633998 -0.96800464 0.007733168 0.14234208
-1.674101 -0.41254792 -2.633998 -0.96800464 0.007733168 0.14234208
-1.674101 -0.41254792 -2.633998 -0.96800464 0.007733168 0.14234208

1.2518383 -0.673558 0.695695 0.7872528 0.33430347 0.12473494
-1.5940944 -0.8594894 2.9221816 0.45960888 0.12207811 0.12538445
3.017753 0.939487 1.2924339 0.56889385 0.21665016 0.1359777
1.7588882 -0.31952783 -0.01911372 0.6951061 0.21636067 0.12625428
2.3783584 0.80310434 0.2971852 0.30889446 0.2542286 0.12971877
1.2518383 -0.673558 0.695695 0.7872528 0.33430347 0.12473494
-1.5940944 -0.8594894 2.9221816 0.45960888 0.12207811 0.12538445

2.5951169 -0.29731384 1.7226322 0.27355057 -0.32398984 0.1409354
2.5951169 -0.29731384 1.7226322 0.27355057 -0.32398984 0.1409354
2.5951169 -0.29731384 1.7226322 0.27355057 -0.32398984 0.1409354
2.5951169 -0.29731384 1.7226322 0.27355057 -0.32398984 0.1409354
2.5951169 -0.29731384 1.7226322 0.27355057 -0.32398984 0.1409354
2.5951169 -0.29731384 1.7226322 0.27355057 -0.32398984 0.1409354
2.5951169 -0.29731384 1.7226322 0.27355057 -0.32398984 0.1409354

2.4463544 0.34142962 -1.6493064 0.9146427 -0.35607648 0.12675086
1.3700132 0.04337875 -2.5717785 0.90118116 0.010518879 0.1480132
2.024106 -0.8140909 -2.6374297 0.68815774 -0.2617512 0.13487741
-1.8867981 0.93883735 0.44204897 0.75842834 -0.10232667 0.12501119
2.4463544 0.34142962 -1.6493064 0.9146427 -0.35607648 0.12675086
1.3700132 0.04337875 -2.5717785 0.90118116 0.010518879 0.1480132
2.024106 -0.8140909 -2.6374297 0.68815774 -0.2617512 0.13487741

1.811312 -0.51257807 0.5441667 -0.65336555 0.33770716 0.1268465
1.8026012 -0.30919585 -0.276675 -0.9318597 0.1150782 0.12573111
1.811312 -0.51257807 0.5441667 -0.65336555 0.33770716 0.1268465
1.8026012 -0.30919585 -0.276675 -0.9318597 0.1150782 0.12573111
1.811312 -0.51257807 0.5441667 -0.65336555 0.33770716 0.1268465
1.8026012 -0.30919585 -0.276675 -0.9318597 0.1150782 0.12573111
1.811312 -0.51257807 0.5441667 -0.65336555 0.33770716 0.1268465

1.6583582 -0.24028261 1.002262 -0.5780641 0.4114919 0.12986846
1.6583582 -0.24028261 1.002262 -0.5780641 0.4114919 0.12986846
1.6583582 -0.24028261 1.002262 -0.5780641 0.4114919 0.12986846
1.6583582 -0.24028261 1.002262 -0.5780641 0.4114919 0.12986846
1.6583582 -0.24028261 1.002262 -0.5780641 0.4114919 0.12986846
1.6583582 -0.24028261 1.002262 -0.5780641 0.4114919 0.12986846
1.6583582 -0.24028261 1.002262 -0.5780641 0.4114919 0.12986846

-2.2625184 0.6438171 1.661794 0.8166372 0.3010423 0.13022564
2.206626 -0.23494476 -1.3113226 0.9446556 0.27515408 0.13010348
-2.2625184 0.6438171 1.661794 0.8166372 0.3010423 0.13022564
2.206626 -0.23494476 -1.3113226 0.9446556 0.27515408 0.13010348
-2.2625184 0.6438171 1.661794 0.8166372 0.3010423 0.13022564
2.206626 -0.23494476 -1.3113226 0.9446556 0.27515408 0.13010348
-2.2625184 0.6438171 1.661794 0.8166372 0.3010423 0.13022564

-1.8796153 1.0513812 0.10744572 -0.25833058 -0.16577865 0.11134423
-1.8796153 1.0513812 0.10744572 -0.25833058 -0.16577865 0.11134423
-1.8796153 1.0513812 0.10744572 -0.25833058 -0.16577865 0.11134423
-1.8796153 1.0513812 0.10744572 -0.25833058 -0.16577865 0.11134423
-1.8796153 1.0513812 0.10744572 -0.25833058 -0.16577865 0.11134423
-1.8796153 1.0513812 0.10744572 -0.25833058 -0.16577865 0.11134423
-1.8796153 1.0513812 0.10744572 -0.25833058 -0.16577865 0.11134423

2.0028234 0.7665925 0.08943254 0.6155394 0.3118879 0.14646828
2.0028234 0.7665925 0.08943254 0.6155394 0.3118879 0.14646828
2.0028234 0.7665925 0.08943254 0.6155394 0.3118879 0.14646828
2.0028234 0.7665925 0.08943254 0.6155394 0.3118879 0.14646828
2.0028234 0.7665925 0.08943254 0.6155394 0.3118879 0.14646828
2.0028234 0.7665925 0.08943254 0.6155394 0.3118879 0.14646828
2.0028234 0.7665925 0.08943254 0.6155394 0.3118879 0.14646828

-2.1744578 0.39300185 0.47366607 0.67935026 -0.27061594 0.11694635
1.1986883 -0.24314918 -2.1297216 0.80350363 -0.21963602 0.12478497
1.4339783 0.3126068 -2.7533422 0.99846154 -0.065545686 0.14322889
-2.1744578 0.39300185 0.47366607 0.67935026 -0.27061594 0.11694635
1.1986883 -0.24314918 -2.1297216 0.80350363 -0.21963602 0.12478497
1.4339783 0.3126068 -2.7533422 0.99846154 -0.065545686 0.14322889
-2.1744578 0.39300185 0.47366607 0.67935026 -0.27061594 0.11694635

-2.526049 -0.22844772 -2.213502 -0.7059874 0.341276 0.13920775
2.0632737 0.72603506 0.9821882 -0.5813691 0.23147213 0.11999829
1.4029988 0.38068572 0.07518613 -0.8704774 0.32706642 0.11959449
2.0443668 -0.85311747 0.41340837 -0.4612279 0.32414544 0.12861079
2.3427188 0.41484714 0.9248498 -0.79994947 0.22598012 0.11219313
-1.7721798 0.5428375 -3.040664 -0.9997531 0.08094614 0.14347684
1.4439319 -0.4041977 0.62071294 -0.77311414 0.38667482 0.14368267

2.208053 0.5958946 1.1734829 -0.9410984 0.28223136 0.12879752
2.1563423 -0.57778716 0.34853446 -0.9522809 0.28174692 0.11529411
2.162949 -0.31437084 0.6725666 -0.89848405 0.40435776 0.11477066
-1.6812658 0.43557107 -2.3045309 -0.84093034 0.3192378 0.116873875
2.208053 0.5958946 1.1734829 -0.9410984 0.28223136 0.12879752
2.1563423 -0.57778716 0.34853446 -0.9522809 0.28174692 0.11529411
2.162949 -0.31437084 0.6725666 -0.89848405 0.40435776 0.11477066

2.4926758 0.3995648 2.6183124 -0.8080798 -0.20589973 0.12484138
-2.13119 -1.1585057 -0.7337408 -0.7032618 -0.24501742 0.135122
2.4926758 0.3995648 2.6183124 -0.8080798 -0.20589973 0.12484138
-2.13119 -1.1585057 -0.7337408 -0.7032618 -0.24501742 0.135122
2.4926758 0.3995648 2.6183124 -0.8080798 -0.20589973 0.12484138
-2.13119 -1.1585057 -0.7337408 -0.7032618 -0.24501742 0.135122
2.4926758 0.3995648 2.6183124 -0.8080798 -0.20589973 0.12484138

-2.1797986 -0.768162 1.3687412 0.7523703 -0.31199276 0.11097362
-2.1797986 -0.768162 1.3687412 0.7523703 -0.31199276 0.11097362
-2.1797986 -0.768162 1.3687412 0.7523703 -0.31199276 0.11097362
-2.1797986 -0.768162 1.3687412 0.7523703 -0.31199276 0.11097362
-2.1797986 -0.768162 1.3687412 0.7523703 -0.31199276 0.11097362
-2.1797986 -0.768162 1.3687412 0.7523703 -0.31199276 0.11097362
-2.1797986 -0.768162 1.3687412 0.7523703 -0.31199276 0.11097362

-2.0790782 -0.7477565 0.8894141 0.98900145 -0.04099199 0.13239357
-2.0790782 -0.7477565 0.8894141 0.98900145 -0.04099199 0.13239357
-2.0790782 -0.7477565 0.8894141 0.98900145 -0.04099199 0.13239357
-2.0790782 -0.7477565 0.8894141 0.98900145 -0.04099199 0.13239357
-2.0790782 -0.7477565 0.8894141 0.98900145 -0.04099199 0.13239357
-2.0790782 -0.7477565 0.8894141 0.98900145 -0.04099199 0.13239357
-2.0790782 -0.7477565 0.8894141 0.98900145 -0.04099199 0.13239357

1.618208 -0.7149203 -1.2559637 0.61738414 0.30377182 0.123333305
1.8280935 0.61277527 -1.5155187 0.8054222 0.36806303 0.13369451
2.5505779 0.050544035 -0.6982274 0.9709268 -0.038674723 0.14175688
1.618208 -0.7149203 -1.2559637 0.61738414 0.30377182 0.123333305
1.8280935 0.61277527 -1.5155187 0.8054222 0.36806303 0.13369451
2.5505779 0.050544035 -0.6982274 0.9709268 -0.038674723 0.14175688
1.618208 -0.7149203 -1.2559637 0.61738414 0.30377182 0.123333305

2.0137546 0.30278042 -2.6812377 -0.08317732 -0.20050076 0.12712312
2.0137546 0.30278042 -2.6812377 -0.08317732 -0.20050076 0.12712312
2.0137546 0.30278042 -2.6812377 -0.08317732 -0.20050076 0.12712312
2.0137546 0.30278042 -2.6812377 -0.08317732 -0.20050076 0.12712312
2.0137546 0.30278042 -2.6812377 -0.08317732 -0.20050076 0.12712312
2.0137546 0.30278042 -2.6812377 -0.08317732 -0.20050076 0.12712312
2.0137546 0.30278042 -2.6812377 -0.08317732 -0.20050076 0.12712312

1.8327739 0.19925494 -2.405751 0.5768479 -0.17169088 0.111577526
1.8327739 0.19925494 -2.405751 0.5768479 -0.17169088 0.111577526
1.8327739 0.19925494 -2.405751 0.5768479 -0.17169088 0.111577526
1.8327739 0.19925494 -2.405751 0.5768479 -0.17169088 0.111577526
1.8327739 0.19925494 -2.405751 0.5768479 -0.17169088 0.111577526
1.8327739 0.19925494 -2.405751 0.5768479 -0.17169088 0.111577526
1.8327739 0.19925494 -2.405751 0.5768479 -0.17169088 0.111577526

1.8691069 0.5135993 -2.2909026 0.5922738 -0.16560978 0.129911
2.1716902 -0.6012777 -3.1151001 0.7120297 -0.33552402 0.11542987
1.5837963 0.7554344 -2.5741572 0.53719115 -0.13998927 0.12157247
2.379237 -0.10164746 2.9274087 0.90002745 -0.1856591 0.11960974
1.8691069 0.5135993 -2.2909026 0.5922738 -0.16560978 0.129911
2.1716902 -0.6012777 -3.1151001 0.7120297 -0.33552402 0.11542987
1.5837963 0.7554344 -2.5741572 0.53719115 -0.13998927 0.12157247

-2.1486742 0.59319586 -0.84222466 0.87338716 -0.20305628 0.1316961
2.1058404 0.25470814 -2.1676428 0.1841255 -0.3431535 0.11695056
-2.455273 0.7346302 -0.32745802 0.391013 -0.25970346 0.14663507
-2.1486742 0.59319586 -0.84222466 0.87338716 -0.20305628 0.1316961
2.1058404 0.25470814 -2.1676428 0.1841255 -0.3431535 0.11695056
-2.455273 0.7346302 -0.32745802 0.391013 -0.25970346 0.14663507
-2.1486742 0.59319586 -0.84222466 0.87338716 -0.20305628 0.1316961

2.5441496 -1.3170388 2.565252 -0.030605016 -0.062847234 0.12213339
1.6770699 0.15558673 -2.9748724 0.13922831 -0.021757338 0.14951614
2.5441496 -1.3170388 2.565252 -0.030605016 -0.062847234 0.12213339
1.6770699 0.15558673 -2.9748724 0.13922831 -0.021757338 0.14951614
2.5441496 -1.3170388 2.565252 -0.030605016 -0.062847234 0.12213339
1.6770699 0.15558673 -2.9748724 0.13922831 -0.021757338 0.14951614
2.5441496 -1.3170388 2.565252 -0.030605016 -0.062847234 0.12213339

2.798648 1.0102264 2.0449724 -0.52141064 0.3472975 0.11770689
2.798648 1.0102264 2.0449724 -0.52141064 0.3472975 0.11770689
2.798648 1.0102264 2.0449724 -0.52141064 0.3472975 0.11770689
2.798648 1.0102264 2.0449724 -0.52141064 0.3472975 0.11770689
2.798648 1.0102264 2.0449724 -0.52141064 0.3472975 0.11770689
2.798648 1.0102264 2.0449724 -0.52141064 0.3472975 0.11770689
2.798648 1.0102264 2.0449724 -0.52141064 0.3472975 0.11770689

-1.2539833 -0.9283337 0.06972112 0.60034364 -0.06328248 0.13325463
1.5924261 -0.13541338 -3.0210876 0.55666053 -0.112675406 0.12671365
-1.2539833 -0.9283337 0.06972112 0.60034364 -0.06328248 0.13325463
1.5924261 -0.13541338 -3.0210876 0.55666053 -0.112675406 0.12671365
-1.2539833 -0.9283337 0.06972112 0.60034364 -0.06328248 0.13325463
1.5924261 -0.13541338 -3.0210876 0.55666053 -0.112675406 0.12671365
-1.2539833 -0.9283337 0.06972112 0.60034364 -0.06328248 0.13325463

1.1124897 -0.7056746 -2.6596289 -0.55475867 -0.09357536 0.14148977
-1.7570338 0.90512604 -0.43972597 -0.24941042 -0.10597056 0.123635575
2.2069755 -0.27461702 2.1207619 -0.33451778 -0.27333483 0.12913965
1.1124897 -0.7056746 -2.6596289 -0.55475867 -0.09357536 0.14148977
-1.7570338 0.90512604 -0.43972597 -0.24941042 -0.10597056 0.123635575
2.2069755 -0.27461702 2.1207619 -0.33451778 -0.27333483 0.12913965
1.1124897 -0.7056746 -2.6596289 -0.55475867 -0.09357536 0.14148977

-2.2099128 -0.63735414 -0.22392015 -0.6840165 -0.31896493 0.13099577
-1.1478397 1.1101626 -0.55916744 -0.81482387 -0.3949918 0.14866687
1.0809011 0.7080066 1.5196589 -0.68192637 -0.4144229 0.11396378
1.8767946 -0.73066187 2.7120864 -0.9930444 -0.16933683 0.11937375
-2.2099128 -0.63735414 -0.22392015 -0.6840165 -0.31896493 0.13099577
-1.1478397 1.1101626 -0.55916744 -0.81482387 -0.3949918 0.14866687
1.0809011 0.7080066 1.5196589 -0.68192637 -0.4144229 0.11396378

-1.8940749 0.6951619 0.8704191 0.64228356 -0.35401028 0.14765611
2.3452387 -1.0505265 -3.0148234 0.7570982 -0.16826755 0.12413198
2.0119276 0.5048533 -1.717194 0.91450655 -0.19454098 0.1395252
-1.8940749 0.6951619 0.8704191 0.64228356 -0.35401028 0.14765611
2.3452387 -1.0505265 -3.0148234 0.7570982 -0.16826755 0.12413198
2.0119276 0.5048533 -1.717194 0.91450655 -0.19454098 0.1395252
-1.8940749 0.6951619 0.8704191 0.64228356 -0.35401028 0.14765611

-1.988329 -0.6038777 -2.947303 -0.9188754 0.22444005 0.11543152
2.0863378 0.4886629 1.2581671 -0.17541233 0.36236337 0.119674064
2.0033615 -0.28325167 0.12054024 -0.44112435 0.2468352 0.12234055
1.9297092 0.29568687 1.3410914 -0.4046249 0.28013167 0.14632754
-1.988329 -0.6038777 -2.947303 -0.9188754 0.22444005 0.11543152
2.0863378 0.4886629 1.2581671 -0.17541233 0.36236337 0.119674064
2.0033615 -0.28325167 0.12054024 -0.44112435 0.2468352 0.12234055

2.3837903 -0.6121765 -1.1370492 0.03431201 0.29920754 0.12348269
1.9802576 -0.15244389 -0.71930146 0.11214565 0.16166893 0.1343162
2.3837903 -0.6121765 -1.1370492 0.03431201 0.29920754 0.12348269
1.9802576 -0.15244389 -0.71930146 0.11214565 0.16166893 0.1343162
2.3837903 -0.6121765 -1.1370492 0.03431201 0.29920754 0.12348269
1.9802576 -0.15244389 -0.71930146 0.11214565 0.16166893 0.1343162
2.3837903 -0.6121765 -1.1370492 0.03431201 0.29920754 0.12348269

-2.1590583 -1.1604009 -0.41349816 -0.7850421 -0.26272604 0.1296958
-2.0828393 0.10583059 -0.9589089 -0.85518736 -0.2943182 0.13897246
-2.0056288 -0.40998945 -0.41216484 -0.94061655 -0.23638232 0.14344715
-2.3880265 0.9891348 -1.7959003 -0.7607306 -0.35880673 0.14178397
-2.1590583 -1.1604009 -0.41349816 -0.7850421 -0.26272604 0.1296958
-2.0828393 0.10583059 -0.9589089 -0.85518736 -0.2943182 0.13897246
-2.0056288 -0.40998945 -0.41216484 -0.94061655 -0.23638232 0.14344715

-2.2608361 -0.6911517 -0.028499885 -0.80400467 -0.17995146 0.13803893
-2.2608361 -0.6911517 -0.028499885 -0.80400467 -0.17995146 0.13803893
-2.2608361 -0.6911517 -0.028499885 -0.80400467 -0.17995146 0.13803893
-2.2608361 -0.6911517 -0.028499885 -0.80400467 -0.17995146 0.13803893
-2.2608361 -0.6911517 -0.028499885 -0.80400467 -0.17995146 0.13803893
-2.2608361 -0.6911517 -0.028499885 -0.80400467 -0.17995146 0.13803893
-2.2608361 -0.6911517 -0.028499885 -0.80400467 -0.17995146 0.13803893

1.6986253 0.6117884 -1.7278379 0.6210885 -0.37925643 0.13518754
1.4907038 0.18325874 -2.1855586 0.64438975 -0.37907973 0.14932609
1.5297316 -0.71011466 -2.6013153 0.78964096 -0.2066717 0.13557461
1.6986253 0.6117884 -1.7278379 0.6210885 -0.37925643 0.13518754
1.4907038 0.18325874 -2.1855586 0.64438975 -0.37907973 0.14932609
1.5297316 -0.71011466 -2.6013153 0.78964096 -0.2066717 0.13557461
1.6986253 0.6117884 -1.7278379 0.6210885 -0.37925643 0.13518754

-1.9847448 -0.49376526 0.80646336 0.86064374 -0.01067944 0.14372508
2.0850208 -0.7414965 -2.5479362 0.81591076 -0.05110003 0.13211769
-1.9847448 -0.49376526 0.80646336 0.86064374 -0.01067944 0.14372508
2.0850208 -0.7414965 -2.5479362 0.81591076 -0.05110003 0.13211769
-1.9847448 -0.49376526 0.80646336 0.86064374 -0.01067944 0.14372508
2.0850208 -0.7414965 -2.5479362 0.81591076 -0.05110003 0.13211769
-1.9847448 -0.49376526 0.80646336 0.86064374 -0.01067944 0.14372508

2.34511 -0.065358125 -0.37658778 -0.21487124 0.3805646 0.1461639
1.4442657 -0.6476343 0.43752098 0.05211131 0.39503574 0.12771304
2.096817 -0.8220617 -0.75356746 -0.24593067 0.27229637 0.1267285
2.34511 -0.065358125 -0.37658778 -0.21487124 0.3805646 0.1461639
1.4442657 -0.6476343 0.43752098 0.05211131 0.39503574 0.12771304
2.096817 -0.8220617 -0.75356746 -0.24593067 0.27229637 0.1267285
2.34511 -0.065358125 -0.37658778 -0.21487124 0.3805646 0.1461639

2.2111297 -0.3080872 -0.0039946465 -0.830701 0.18213685 0.13957888
2.2111297 -0.3080872 -0.0039946465 -0.830701 0.18213685 0.13957888
2.2111297 -0.3080872 -0.0039946465 -0.830701 0.18213685 0.13957888
2.2111297 -0.3080872 -0.0039946465 -0.830701 0.18213685 0.13957888
2.2111297 -0.3080872 -0.0039946465 -0.830701 0.18213685 0.13957888
2.2111297 -0.3080872 -0.0039946465 -0.830701 0.18213685 0.13957888
2.2111297 -0.3080872 -0.0039946465 -0.830701 0.18213685 0.13957888

2.3966577 0.57988596 -0.78171146 0.99446446 0.056953736 0.13951461
2.3966577 0.57988596 -0.78171146 0.99446446 0.056953736 0.13951461
2.3966577 0.57988596 -0.78171146 0.99446446 0.056953736 0.13951461
2.3966577 0.57988596 -0.78171146 0.99446446 0.056953736 0.13951461
2.3966577 0.57988596 -0.78171146 0.99446446 0.056953736 0.13951461
2.3966577 0.57988596 -0.78171146 0.99446446 0.056953736 0.13951461
2.3966577 0.57988596 -0.78171146 0.99446446 0.056953736 0.13951461

2.0665176 -0.009322489 2.313305 -0.26483005 -0.28330323 0.11264966
2.0665176 -0.009322489 2.313305 -0.26483005 -0.28330323 0.11264966
2.0665176 -0.009322489 2.313305 -0.26483005 -0.28330323 0.11264966
2.0665176 -0.009322489 2.313305 -0.26483005 -0.28330323 0.11264966
2.0665176 -0.009322489 2.313305 -0.26483005 -0.28330323 0.11264966
2.0665176 -0.009322489 2.313305 -0.26483005 -0.28330323 0.11264966
2.0665176 -0.009322489 2.313305 -0.26483005 -0.28330323 0.11264966

2.3342872 0.93827736 -0.29487187 0.53939575 0.3700161 0.1231269
2.3784292 0.42914566 -0.10108932 0.80698377 0.27471665 0.11136752
2.3342872 0.93827736 -0.29487187 0.53939575 0.3700161 0.1231269
2.3784292 0.42914566 -0.10108932 0.80698377 0.27471665 0.11136752
2.3342872 0.93827736 -0.29487187 0.53939575 0.3700161 0.1231269
2.3784292 0.42914566 -0.10108932 0.80698377 0.27471665 0.11136752
2.3342872 0.93827736 -0.29487187 0.53939575 0.3700161 0.1231269

1.3486081 -0.05456473 3.0919795 -0.49624208 -0.2490655 0.11997062
1.3486081 -0.05456473 3.0919795 -0.49624208 -0.2490655 0.11997062
1.3486081 -0.05456473 3.0919795 -0.49624208 -0.2490655 0.11997062
1.3486081 -0.05456473 3.0919795 -0.49624208 -0.2490655 0.11997062
1.3486081 -0.05456473 3.0919795 -0.49624208 -0.2490655 0.11997062
1.3486081 -0.05456473 3.0919795 -0.49624208 -0.2490655 0.11997062
1.3486081 -0.05456473 3.0919795 -0.49624208 -0.2490655 0.11997062

2.0690932 -0.52091 -2.992429 0.9111377 -0.19508797 0.11154332
1.6560073 0.4812612 -1.8664378 0.69510245 -0.39720485 0.13159986
-1.7768114 -1.0750556 1.1809329 0.64364105 -0.41521376 0.12164484
2.1990602 -0.1405676 -2.642569 0.78134686 -0.2930794 0.12791255
2.0654297 0.47422135 -1.9199831 0.71635985 -0.39980796 0.121943735
2.1021748 -0.27133846 -2.3098094 0.7026102 -0.4090375 0.11254783
2.0690932 -0.52091 -2.992429 0.9111377 -0.19508797 0.11154332

1.9775854 0.60533136 -1.6003966 0.6495893 -0.09275323 0.12828234
2.5384474 0.7663453 -1.21895 0.7992467 -0.06805095 0.13398637
2.3056853 -0.72537774 -3.0169857 0.88207096 0.10260267 0.1278142
1.9775854 0.60533136 -1.6003966 0.6495893 -0.09275323 0.12828234
2.5384474 0.7663453 -1.21895 0.7992467 -0.06805095 0.13398637
2.3056853 -0.72537774 -3.0169857 0.88207096 0.10260267 0.1278142
1.9775854 0.60533136 -1.6003966 0.6495893 -0.09275323 0.12828234

2.2083848 -0.27876556 2.3753185 -0.9609545 -0.3006151 0.1456042
2.2083848 -0.27876556 2.3753185 -0.9609545 -0.3006151 0.1456042
2.2083848 -0.27876556 2.3753185 -0.9609545 -0.3006151 0.1456042
2.2083848 -0.27876556 2.3753185 -0.9609545 -0.3006151 0.1456042
2.2083848 -0.27876556 2.3753185 -0.9609545 -0.3006151 0.1456042
2.2083848 -0.27876556 2.3753185 -0.9609545 -0.3006151 0.1456042
2.2083848 -0.27876556 2.3753185 -0.9609545 -0.3006151 0.1456042

2.1298628 -0.024775906 0.47834638 -0.8677471 -0.36946517 0.13934512
2.1298628 -0.024775906 0.47834638 -0.8677471 -0.36946517 0.13934512
2.1298628 -0.024775906 0.47834638 -0.8677471 -0.36946517 0.13934512
2.1298628 -0.024775906 0.47834638 -0.8677471 -0.36946517 0.13934512
2.1298628 -0.024775906 0.47834638 -0.8677471 -0.36946517 0.13934512
2.1298628 -0.024775906 0.47834638 -0.8677471 -0.36946517 0.13934512
2.1298628 -0.024775906 0.47834638 -0.8677471 -0.36946517 0.13934512

2.3605282 -1.0821552 -3.0568116 0.6584734 -0.35886288 0.115742244
1.7536197 -1.4035647 -2.3820686 0.68689954 -0.3227274 0.1174492
2.1183553 -0.17952694 -2.5766966 0.9372833 -0.31310847 0.13539593
1.6605366 0.94711745 -2.4109123 0.7131796 -0.28165948 0.140336
-2.1523325 0.53008723 0.34217885 0.8569125 -0.24698587 0.13928019
-1.9554045 -1.0173161 0.8040346 0.90217465 -0.13211755 0.14835963
2.3605282 -1.0821552 -3.0568116 0.6584734 -0.35886288 0.115742244

-2.3565032 0.8460811 -2.2676103 -0.775763 0.24006717 0.13556357
-2.3565032 0.8460811 -2.2676103 -0.775763 0.24006717 0.13556357
-2.3565032 0.8460811 -2.2676103 -0.775763 0.24006717 0.13556357
-2.3565032 0.8460811 -2.2676103 -0.775763 0.24006717 0.13556357
-2.3565032 0.8460811 -2.2676103 -0.775763 0.24006717 0.13556357
-2.3565032 0.8460811 -2.2676103 -0.775763 0.24006717 0.13556357
-2.3565032 0.8460811 -2.2676103 -0.775763 0.24006717 0.13556357

2.362723 0.85886174 -3.0577614 -0.8752046 -0.29995605 0.1388848
1.7394474 -0.6829751 2.0531094 -0.6383591 -0.35861802 0.13975026
2.362723 0.85886174 -3.0577614 -0.8752046 -0.29995605 0.1388848
1.7394474 -0.6829751 2.0531094 -0.6383591 -0.35861802 0.13975026
2.362723 0.85886174 -3.0577614 -0.8752046 -0.29995605 0.1388848
1.7394474 -0.6829751 2.0531094 -0.6383591 -0.35861802 0.13975026
2.362723 0.85886174 -3.0577614 -0.8752046 -0.29995605 0.1388848

-2.1515641 -0.4140983 1.2759221 0.92316705 -0.4093463 0.148604
1.7181702 0.66096914 -2.596601 0.892868 -0.22963792 0.114246726
-2.1515641 -0.4140983 1.2759221 0.92316705 -0.4093463 0.148604
1.7181702 0.66096914 -2.596601 0.892868 -0.22963792 0.114246726
-2.1515641 -0.4140983 1.2759221 0.92316705 -0.4093463 0.148604
1.7181702 0.66096914 -2.596601 0.892868 -0.22963792 0.114246726
-2.1515641 -0.4140983 1.2759221 0.92316705 -0.4093463 0.148604

1.8985342 0.2836208 3.0701606 0.85622454 -0.35077485 0.13887024
-2.363109 0.6125439 -0.7157163 0.6832363 -0.18797712 0.12946145
1.8985342 0.2836208 3.0701606 0.85622454 -0.35077485 0.13887024
-2.363109 0.6125439 -0.7157163 0.6832363 -0.18797712 0.12946145
1.8985342 0.2836208 3.0701606 0.85622454 -0.35077485 0.13887024
-2.363109 0.6125439 -0.7157163 0.6832363 -0.18797712 0.12946145
1.8985342 0.2836208 3.0701606 0.85622454 -0.35077485 0.13887024

-1.5621231 -1.1525731 -0.6580108 -0.93707246 -0.03027118 0.11761854
-1.5621231 -1.1525731 -0.6580108 -0.93707246 -0.03027118 0.11761854
-1.5621231 -1.1525731 -0.6580108 -0.93707246 -0.03027118 0.11761854
-1.5621231 -1.1525731 -0.6580108 -0.93707246 -0.03027118 0.11761854
-1.5621231 -1.1525731 -0.6580108 -0.93707246 -0.03027118 0.11761854
-1.5621231 -1.1525731 -0.6580108 -0.93707246 -0.03027118 0.11761854
-1.5621231 -1.1525731 -0.6580108 -0.93707246 -0.03027118 0.11761854

2.390889 0.5186355 2.8124783 -0.75422466 -0.3856922 0.12501658
1.9712707 -0.5760639 2.021548 -0.9003609 -0.135731 0.1462547
1.1495558 0.65439516 1.4334431 -0.7379363 -0.39827082 0.11966622
1.631559 -0.78294843 2.3507218 -0.90931517 -0.17624651 0.1337548
2.2666948 0.031378083 2.482513 -0.886665 -0.41106877 0.13578996
-2.677867 0.57347125 -1.2993978 -0.8388993 -0.25494862 0.122632265
-2.066451 -0.32173884 -0.44072303 -0.868698 -0.1624606 0.11212219

1.5583884 0.5574684 -2.3489347 0.7693267 -0.33082777 0.13503136
1.5583884 0.5574684 -2.3489347 0.7693267 -0.33082777 0.13503136
1.5583884 0.5574684 -2.3489347 0.7693267 -0.33082777 0.13503136
1.5583884 0.5574684 -2.3489347 0.7693267 -0.33082777 0.13503136
1.5583884 0.5574684 -2.3489347 0.7693267 -0.33082777 0.13503136
1.5583884 0.5574684 -2.3489347 0.7693267 -0.33082777 0.13503136
1.5583884 0.5574684 -2.3489347 0.7693267 -0.33082777 0.13503136

2.3230903 -0.48866856 -0.09945852 -0.8395528 0.36322582 0.12963608
-2.1357152 -0.92007524 -1.8379667 -0.6767392 0.3587485 0.11709056
2.3174345 0.1224419 1.1041831 -0.7522111 0.29945815 0.12201771
2.2128115 0.5155753 0.9616423 -0.9805998 0.18282065 0.11862182
-2.0547006 0.33819562 -3.0591981 -0.9695774 0.07171513 0.12583862
2.3259523 0.5516038 1.5769818 -0.6587135 0.39215323 0.14900377
2.3230903 -0.48866856 -0.09945852 -0.8395528 0.36322582 0.12963608

-1.8456247 -0.9167981 2.88957 0.27421534 0.18612963 0.11172607
2.0782955 -0.67054635 -0.8111058 0.2836221 0.2640683 0.123150595
1.877439 0.45836836 -0.5923088 0.084199734 0.400552 0.118326046
1.6560392 -0.43532142 -0.19156362 0.6620563 0.24642742 0.13474007
2.1908774 -0.5919115 -0.6491526 0.76414174 0.27987325 0.12784573
-1.8456247 -0.9167981 2.88957 0.27421534 0.18612963 0.11172607
2.0782955 -0.67054635 -0.8111058 0.2836221 0.2640683 0.123150595

2.3320348 0.029746275 -2.6779847 -0.45660233 -0.3592108 0.1276483
2.3320348 0.029746275 -2.6779847 -0.45660233 -0.3592108 0.1276483
2.3320348 0.029746275 -2.6779847 -0.45660233 -0.3592108 0.1276483
2.3320348 0.029746275 -2.6779847 -0.45660233 -0.3592108 0.1276483
2.3320348 0.029746275 -2.6779847 -0.45660233 -0.3592108 0.1276483
2.3320348 0.029746275 -2.6779847 -0.45660233 -0.3592108 0.1276483
2.3320348 0.029746275 -2.6779847 -0.45660233 -0.3592108 0.1276483

2.4025328 0.35039762 -0.19420978 0.89761734 0.3721992 0.13377838
2.2007272 -0.73915267 -0.79759145 0.8744877 0.11275738 0.11234052
2.4025328 0.35039762 -0.19420978 0.89761734 0.3721992 0.13377838
2.2007272 -0.73915267 -0.79759145 0.8744877 0.11275738 0.11234052
2.4025328 0.35039762 -0.19420978 0.89761734 0.3721992 0.13377838
2.2007272 -0.73915267 -0.79759145 0.8744877 0.11275738 0.11234052
2.4025328 0.35039762 -0.19420978 0.89761734 0.3721992 0.13377838

-2.3572917 -0.22855015 -0.4892852 -0.8569643 -0.36166996 0.14113061
2.0704587 0.07633548 2.6094284 -0.76103824 -0.31726313 0.144463
1.9565693 -0.67583686 2.196492 -0.8061966 -0.25306258 0.13901076
-2.3572917 -0.22855015 -0.4892852 -0.8569643 -0.36166996 0.14113061
2.0704587 0.07633548 2.6094284 -0.76103824 -0.31726313 0.144463
1.9565693 -0.67583686 2.196492 -0.8061966 -0.25306258 0.13901076
-2.3572917 -0.22855015 -0.4892852 -0.8569643 -0.36166996 0.14113061

-1.9314324 0.95137197 -0.8924672 -0.8342212 0.0576965 0.14159852
-2.4795687 -0.87174714 0.00537013 -0.91646 -0.020036904 0.13411666
-1.9314324 0.95137197 -0.8924672 -0.8342212 0.0576965 0.14159852
-2.4795687 -0.87174714 0.00537013 -0.91646 -0.020036904 0.13411666
-1.9314324 0.95137197 -0.8924672 -0.8342212 0.0576965 0.14159852
-2.4795687 -0.87174714 0.00537013 -0.91646 -0.020036904 0.13411666
-1.9314324 0.95137197 -0.8924672 -0.8342212 0.0576965 0.14159852

2.1071267 0.4864649 1.9372406 -0.6338498 0.40618986 0.11725464
2.1071267 0.4864649 1.9372406 -0.6338498 0.40618986 0.11725464
2.1071267 0.4864649 1.9372406 -0.6338498 0.40618986 0.11725464
2.1071267 0.4864649 1.9372406 -0.6338498 0.40618986 0.11725464
2.1071267 0.4864649 1.9372406 -0.6338498 0.40618986 0.11725464
2.1071267 0.4864649 1.9372406 -0.6338498 0.40618986 0.11725464
2.1071267 0.4864649 1.9372406 -0.6338498 0.40618986 0.11725464

2.4483771 0.4458098 0.29411098 0.99905175 0.27482912 0.123561054
2.1144729 -0.4143599 -1.0560714 0.7158692 0.34980682 0.13168514
1.8320518 0.21479185 -0.3830153 0.89466906 0.16516386 0.13641998
-1.6036323 -0.2548903 2.7901416 0.91347694 0.14461239 0.11358733
1.5678533 -0.081091166 -0.34786776 0.8942188 0.20211414 0.13758965
-1.7292264 -0.54889214 2.984194 0.88566583 0.14879769 0.14764108
2.4483771 0.4458098 0.29411098 0.99905175 0.27482912 0.123561054

-2.1846032 1.0772002 2.8869205 0.47959197 0.06323387 0.1402749
-2.1846032 1.0772002 2.8869205 0.47959197 0.06323387 0.1402749
-2.1846032 1.0772002 2.8869205 0.47959197 0.06323387 0.1402749
-2.1846032 1.0772002 2.8869205 0.47959197 0.06323387 0.1402749
-2.1846032 1.0772002 2.8869205 0.47959197 0.06323387 0.1402749
-2.1846032 1.0772002 2.8869205 0.47959197 0.06323387 0.1402749
-2.1846032 1.0772002 2.8869205 0.47959197 0.06323387 0.1402749

2.5510805 -0.7834345 -1.443556 0.60077804 0.32051107 0.11992179
2.3003812 -0.5582632 -1.0314429 0.46521348 0.30734542 0.112898715
2.5510805 -0.7834345 -1.443556 0.60077804 0.32051107 0.11992179
2.3003812 -0.5582632 -1.0314429 0.46521348 0.30734542 0.112898715
2.5510805 -0.7834345 -1.443556 0.60077804 0.32051107 0.11992179
2.3003812 -0.5582632 -1.0314429 0.46521348 0.30734542 0.112898715
2.5510805 -0.7834345 -1.443556 0.60077804 0.32051107 0.11992179

-2.3724618 -0.5044833 0.5130018 0.191842 -0.16426392 0.14247906
-2.3724618 -0.5044833 0.5130018 0.191842 -0.16426392 0.14247906
-2.3724618 -0.5044833 0.5130018 0.191842 -0.16426392 0.14247906
-2.3724618 -0.5044833 0.5130018 0.191842 -0.16426392 0.14247906
-2.3724618 -0.5044833 0.5130018 0.191842 -0.16426392 0.14247906
-2.3724618 -0.5044833 0.5130018 0.191842 -0.16426392 0.14247906
-2.3724618 -0.5044833 0.5130018 0.191842 -0.16426392 0.14247906

2.072931 1.0865446 -1.8121078 0.73491627 -0.008776218 0.13955607
2.1472533 0.35874218 -1.8821417 0.778665 -0.09750484 0.14715458
1.9258742 0.46552852 -2.1333537 0.77618873 0.01326259 0.13955206
-1.966287 0.10828962 0.5763711 0.9555385 0.11551658 0.13060947
2.072931 1.0865446 -1.8121078 0.73491627 -0.008776218 0.13955607
2.1472533 0.35874218 -1.8821417 0.778665 -0.09750484 0.14715458
1.9258742 0.46552852 -2.1333537 0.77618873 0.01326259 0.13955206

2.3988574 -0.8658414 0.29781887 -0.841462 0.19807002 0.1449402
1.9152217 0.108456366 1.1636908 -0.93051213 0.22185631 0.11419231
2.3988574 -0.8658414 0.29781887 -0.841462 0.19807002 0.1449402
1.9152217 0.108456366 1.1636908 -0.93051213 0.22185631 0.11419231
2.3988574 -0.8658414 0.29781887 -0.841462 0.19807002 0.1449402
1.9152217 0.108456366 1.1636908 -0.93051213 0.22185631 0.11419231
2.3988574 -0.8658414 0.29781887 -0.841462 0.19807002 0.1449402

2.319538 0.791608 1.405845 -0.87736344 0.07382721 0.13509963
2.1311734 0.62276524 1.6338793 -0.73309386 0.30163327 0.12871186
-1.7741188 0.8439402 -2.0811682 -0.6765831 0.3181302 0.14848298
2.319538 0.791608 1.405845 -0.87736344 0.07382721 0.13509963
2.1311734 0.62276524 1.6338793 -0.73309386 0.30163327 0.12871186
-1.7741188 0.8439402 -2.0811682 -0.6765831 0.3181302 0.14848298
2.319538 0.791608 1.405845 -0.87736344 0.07382721 0.13509963

2.1425529 0.17867117 1.5172062 -0.8185144 0.38969216 0.1155792
-2.0522754 0.1388797 -2.3688352 -0.9149386 0.1772988 0.1298024
2.3768044 -0.95057243 0.17211226 -0.7833963 0.32530302 0.11656925
2.1425529 0.17867117 1.5172062 -0.8185144 0.38969216 0.1155792
-2.0522754 0.1388797 -2.3688352 -0.9149386 0.1772988 0.1298024
2.3768044 -0.95057243 0.17211226 -0.7833963 0.32530302 0.11656925
2.1425529 0.17867117 1.5172062 -0.8185144 0.38969216 0.1155792

2.6652298 -0.48553708 -1.7817719 0.5927335 0.2821993 0.14414802
2.6652298 -0.48553708 -1.7817719 0.5927335 0.2821993 0.14414802
2.6652298 -0.48553708 -1.7817719 0.5927335 0.2821993 0.14414802
2.6652298 -0.48553708 -1.7817719 0.5927335 0.2821993 0.14414802
2.6652298 -0.48553708 -1.7817719 0.5927335 0.2821993 0.14414802
2.6652298 -0.48553708 -1.7817719 0.5927335 0.2821993 0.14414802
2.6652298 -0.48553708 -1.7817719 0.5927335 0.2821993 0.14414802

-2.4335408 -0.75689435 -0.27010506 -0.81392586 -0.014656866 0.11932207
2.383411 -0.7421826 1.4000764 -0.91149765 -0.118822515 0.13047448
1.8859485 0.5143847 2.6350188 -0.89254004 0.18461947 0.11026165
-2.2431657 0.95896655 -1.9505788 -0.9025907 -0.30647776 0.1333415
-1.5318393 0.5017909 -1.5198152 -0.66101116 -0.3100365 0.1320504
1.4591124 0.5507341 1.2190856 -0.72469157 -0.31008142 0.14708103
-2.4335408 -0.75689435 -0.27010506 -0.81392586 -0.014656866 0.11932207

2.289292 0.9917465 -0.13628542 0.76228845 0.23808461 0.110043995
2.289292 0.9917465 -0.13628542 0.76228845 0.23808461 0.110043995
2.289292 0.9917465 -0.13628542 0.76228845 0.23808461 0.110043995
2.289292 0.9917465 -0.13628542 0.76228845 0.23808461 0.110043995
2.289292 0.9917465 -0.13628542 0.76228845 0.23808461 0.110043995
2.289292 0.9917465 -0.13628542 0.76228845 0.23808461 0.110043995
2.289292 0.9917465 -0.13628542 0.76228845 0.23808461 0.110043995

2.0629668 -0.7022887 0.60107213 -0.78641355 0.34197986 0.117159076
1.9079803 -0.75821126 0.3266588 -0.8206359 0.29932216 0.13414763
-2.4477308 -0.92771065 -1.3116771 -0.7612636 0.38901386 0.120181106
2.0629668 -0.7022887 0.60107213 -0.78641355 0.34197986 0.117159076
1.9079803 -0.75821126 0.3266588 -0.8206359 0.29932216 0.13414763
-2.4477308 -0.92771065 -1.3116771 -0.7612636 0.38901386 0.120181106
2.0629668 -0.7022887 0.60107213 -0.78641355 0.34197986 0.117159076

2.104104 -0.6324228 1.7293248 0.80968195 -0.40057915 0.14961109
-1.4512591 1.0158528 -0.83292145 0.70860356 -0.21676272 0.11920893
2.104104 -0.6324228 1.7293248 0.80968195 -0.40057915 0.14961109
-1.4512591 1.0158528 -0.83292145 0.70860356 -0.21676272 0.11920893
2.104104 -0.6324228 1.7293248 0.80968195 -0.40057915 0.14961109
-1.4512591 1.0158528 -0.83292145 0.70860356 -0.21676272 0.11920893
2.104104 -0.6324228 1.7293248 0.80968195 -0.40057915 0.14961109

2.3555815 0.59952784 -1.1869656 0.73584074 -0.31080747 0.11290652
2.2893414 -0.37867105 -2.8630328 0.7626397 -0.31918308 0.11521332
-1.9391426 0.6527827 0.95065457 0.68516225 -0.23679772 0.13801034
2.2980118 0.17734675 -1.6591924 0.82942486 -0.37558225 0.12888695
1.772948 -0.35995936 -3.0739532 0.9425305 0.04512697 0.12277432
2.3555815 0.59952784 -1.1869656 0.73584074 -0.31080747 0.11290652
2.2893414 -0.37867105 -2.8630328 0.7626397 -0.31918308 0.11521332

2.4456427 0.95993805 -1.3608211 0.7905128 0.19390357 0.11020981
1.8663265 0.022484846 -1.1023121 0.87122023 -0.30421138 0.13926378
-1.892458 -0.78631204 0.97358143 0.805296 0.24308042 0.13473007
2.4456427 0.95993805 -1.3608211 0.7905128 0.19390357 0.11020981
1.8663265 0.022484846 -1.1023121 0.87122023 -0.30421138 0.13926378
-1.892458 -0.78631204 0.97358143 0.805296 0.24308042 0.13473007
2.4456427 0.95993805 -1.3608211 0.7905128 0.19390357 0.11020981

-2.4134634 0.6856436 -0.4302008 0.25330487 -0.42326686 0.12618132
-2.4134634 0.6856436 -0.4302008 0.25330487 -0.42326686 0.12618132
-2.4134634 0.6856436 -0.4302008 0.25330487 -0.42326686 0.12618132
-2.4134634 0.6856436 -0.4302008 0.25330487 -0.42326686 0.12618132
-2.4134634 0.6856436 -0.4302008 0.25330487 -0.42326686 0.12618132
-2.4134634 0.6856436 -0.4302008 0.25330487 -0.42326686 0.12618132
-2.4134634 0.6856436 -0.4302008 0.25330487 -0.42326686 0.12618132

2.045562 0.71404904 1.1548824 0.27253565 0.37140465 0.1497635
2.045562 0.71404904 1.1548824 0.27253565 0.37140465 0.1497635
2.045562 0.71404904 1.1548824 0.27253565 0.37140465 0.1497635
2.045562 0.71404904 1.1548824 0.27253565 0.37140465 0.1497635
2.045562 0.71404904 1.1548824 0.27253565 0.37140465 0.1497635
2.045562 0.71404904 1.1548824 0.27253565 0.37140465 0.1497635
2.045562 0.71404904 1.1548824 0.27253565 0.37140465 0.1497635

1.6849785 -0.15928422 -2.7221541 0.95145077 -0.18685372 0.13158335
1.9565506 0.46793932 -2.045806 0.7256775 -0.42090985 0.13689925
1.6849785 -0.15928422 -2.7221541 0.95145077 -0.18685372 0.13158335
1.9565506 0.46793932 -2.045806 0.7256775 -0.42090985 0.13689925
1.6849785 -0.15928422 -2.7221541 0.95145077 -0.18685372 0.13158335
1.9565506 0.46793932 -2.045806 0.7256775 -0.42090985 0.13689925
1.6849785 -0.15928422 -2.7221541 0.95145077 -0.18685372 0.13158335

1.1567483 0.66059804 2.8584654 0.6533972 -0.38311028 0.14589806
-2.6713285 -1.0278836 1.4113022 0.47100636 -0.2576367 0.12641992
1.3485044 0.233256 -2.927418 0.35343468 -0.3939102 0.11028004
1.7030572 0.70562416 -2.2729619 0.26865172 -0.3070152 0.12204038
1.9511184 0.7673955 -2.5155027 0.34510258 -0.28606233 0.14567062
1.1567483 0.66059804 2.8584654 0.6533972 -0.38311028 0.14589806
-2.6713285 -1.0278836 1.4113022 0.47100636 -0.2576367 0.12641992

-0.40390906 -1.124726 -1.5230156 -0.9849179 -0.3846918 0.13805284
1.8183175 0.7472133 2.7775538 -0.8336822 -0.22699016 0.1127142
-1.8839425 -0.24656789 -0.61071867 -0.8027238 -0.34485924 0.13638918
-2.0393343 0.18083806 -0.5796674 -0.8771986 -0.20898747 0.11482446
-0.40390906 -1.124726 -1.5230156 -0.9849179 -0.3846918 0.13805284
1.8183175 0.7472133 2.7775538 -0.8336822 -0.22699016 0.1127142
-1.8839425 -0.24656789 -0.61071867 -0.8027238 -0.34485924 0.13638918

1.6840205 -0.37319398 1.1711879 -0.65029323 0.24628977 0.1116227
2.2183824 0.45913076 2.2200787 -0.7397409 0.41701436 0.12947042
1.9065894 0.96141785 1.2549472 -0.7521471 -0.0314263 0.12897152
-1.8764718 1.216506 -2.2346098 -0.7011423 -0.16183513 0.137471
-2.347049 0.638675 -2.904113 -0.87930954 -0.24194886 0.11697791
1.6840205 -0.37319398 1.1711879 -0.65029323 0.24628977 0.1116227
2.2183824 0.45913076 2.2200787 -0.7397409 0.41701436 0.12947042

-2.2267432 -0.6127657 0.5470127 0.74224126 -0.2992705 0.11107789
1.9119065 -0.92206675 -3.029643 0.73343456 -0.0982376 0.13258111
-2.2267432 -0.6127657 0.5470127 0.74224126 -0.2992705 0.11107789
1.9119065 -0.92206675 -3.029643 0.73343456 -0.0982376 0.13258111
-2.2267432 -0.6127657 0.5470127 0.74224126 -0.2992705 0.11107789
1.9119065 -0.92206675 -3.029643 0.73343456 -0.0982376 0.13258111
-2.2267432 -0.6127657 0.5470127 0.74224126 -0.2992705 0.11107789

1.6155771 0.7013159 0.9077284 -0.93603396 0.19036236 0.12808216
2.503891 0.8981859 1.8153373 -0.8334805 0.392906 0.12781058
2.6011264 1.1981199 1.895889 -0.8210799 0.2815311 0.14464128
1.8245142 0.39888486 0.75231826 -0.912595 0.18624923 0.14430149
-2.413967 -1.3447691 -1.320475 -0.76413214 0.36517352 0.12908036
-1.696811 1.0364634 -2.5428407 -0.833112 0.2908298 0.14919552
1.6155771 0.7013159 0.9077284 -0.93603396 0.19036236 0.12808216

1.6945671 -0.8467319 -0.01321021 0.32028794 0.1628022 0.12798104
1.6945671 -0.8467319 -0.01321021 0.32028794 0.1628022 0.12798104
1.6945671 -0.8467319 -0.01321021 0.32028794 0.1628022 0.12798104
1.6945671 -0.8467319 -0.01321021 0.32028794 0.1628022 0.12798104
1.6945671 -0.8467319 -0.01321021 0.32028794 0.1628022 0.12798104
1.6945671 -0.8467319 -0.01321021 0.32028794 0.1628022 0.12798104
1.6945671 -0.8467319 -0.01321021 0.32028794 0.1628022 0.12798104

1.899615 -0.70859563 1.4475219 -0.65443516 0.019782666 0.11683152
-1.5161641 0.5578973 -1.6200813 -0.650699 -0.10393431 0.13775302
1.899615 -0.70859563 1.4475219 -0.65443516 0.019782666 0.11683152
-1.5161641 0.5578973 -1.6200813 -0.650699 -0.10393431 0.13775302
1.899615 -0.70859563 1.4475219 -0.65443516 0.019782666 0.11683152
-1.5161641 0.5578973 -1.6200813 -0.650699 -0.10393431 0.13775302
1.899615 -0.70859563 1.4475219 -0.65443516 0.019782666 0.11683152

2.0511603 1.0490195 -2.3325727 0.6876162 -0.04239736 0.120637216
-2.2798936 0.87273145 0.053179435 0.49143046 -0.17703895 0.14906198
2.0511603 1.0490195 -2.3325727 0.6876162 -0.04239736 0.120637216
-2.2798936 0.87273145 0.053179435 0.49143046 -0.17703895 0.14906198
2.0511603 1.0490195 -2.3325727 0.6876162 -0.04239736 0.120637216
-2.2798936 0.87273145 0.053179435 0.49143046 -0.17703895 0.14906198
2.0511603 1.0490195 -2.3325727 0.6876162 -0.04239736 0.120637216

1.7514672 0.58191895 1.6122918 -0.8331932 0.4089947 0.12734716
-2.0728219 0.93415177 -2.7437468 -0.83466756 0.21624461 0.14206597
-2.1504133 -0.6915882 -2.0154564 -0.9889833 0.2657976 0.13373238
2.311302 -0.8415005 0.66430473 -0.80786204 0.41418234 0.12662588
2.0896308 0.49990323 0.87374234 -0.9392901 0.24261168 0.11623781
1.7961434 0.90835226 0.8603949 -0.85054404 0.26868087 0.110574506
1.7514672 0.58191895 1.6122918 -0.8331932 0.4089947 0.12734716

-1.7852938 -0.44121858 -1.0274717 -0.710482 -0.059147824 0.11732114
2.1984155 -1.0632863 1.6640041 -0.714118 -0.08609235 0.1142727
1.8460267 -0.7085476 1.7443122 -0.9453575 -0.09709286 0.118752606
1.8156091 0.49129224 2.0377016 -0.72581893 -0.17849134 0.13488665
-1.7554524 0.60477084 -0.9542563 -0.99948657 -0.12025355 0.12142005
-1.7852938 -0.44121858 -1.0274717 -0.710482 -0.059147824 0.11732114
2.1984155 -1.0632863 1.6640041 -0.714118 -0.08609235 0.1142727

2.696049 0.4835698 1.4608712 -0.9671624 0.25092167 0.1167781
-2.3449795 0.590123 -3.085416 -0.94323933 0.21772368 0.12446902
2.696049 0.4835698 1.4608712 -0.9671624 0.25092167 0.1167781
-2.3449795 0.590123 -3.085416 -0.94323933 0.21772368 0.12446902
2.696049 0.4835698 1.4608712 -0.9671624 0.25092167 0.1167781
-2.3449795 0.590123 -3.085416 -0.94323933 0.21772368 0.12446902
2.696049 0.4835698 1.4608712 -0.9671624 0.25092167 0.1167781

1.9744581 0.42595246 -1.8095567 0.85909975 -0.2164356 0.12291298
-1.9573574 0.6476173 0.6066936 0.850513 -0.19922578 0.14706957
1.9744581 0.42595246 -1.8095567 0.85909975 -0.2164356 0.12291298
-1.9573574 0.6476173 0.6066936 0.850513 -0.19922578 0.14706957
1.9744581 0.42595246 -1.8095567 0.85909975 -0.2164356 0.12291298
-1.9573574 0.6476173 0.6066936 0.850513 -0.19922578 0.14706957
1.9744581 0.42595246 -1.8095567 0.85909975 -0.2164356 0.12291298

-2.5560458 0.8497422 -1.2993232 -0.30286595 -0.3354497 0.12947726
-2.5560458 0.8497422 -1.2993232 -0.30286595 -0.3354497 0.12947726
-2.5560458 0.8497422 -1.2993232 -0.30286595 -0.3354497 0.12947726
-2.5560458 0.8497422 -1.2993232 -0.30286595 -0.3354497 0.12947726
-2.5560458 0.8497422 -1.2993232 -0.30286595 -0.3354497 0.12947726
-2.5560458 0.8497422 -1.2993232 -0.30286595 -0.3354497 0.12947726
-2.5560458 0.8497422 -1.2993232 -0.30286595 -0.3354497 0.12947726

2.066082 -0.016303172 -0.1559342 -0.54886526 0.13569802 0.13364708
-2.4030414 -0.8966079 -1.7463424 -0.3103447 0.19015314 0.11672425
2.066082 -0.016303172 -0.1559342 -0.54886526 0.13569802 0.13364708
-2.4030414 -0.8966079 -1.7463424 -0.3103447 0.19015314 0.11672425
2.066082 -0.016303172 -0.1559342 -0.54886526 0.13569802 0.13364708
-2.4030414 -0.8966079 -1.7463424 -0.3103447 0.19015314 0.11672425
2.066082 -0.016303172 -0.1559342 -0.54886526 0.13569802 0.13364708

2.100366 -0.6932891 0.3699215 -0.84647393 0.36688605 0.13759293
2.100366 -0.6932891 0.3699215 -0.84647393 0.36688605 0.13759293
2.100366 -0.6932891 0.3699215 -0.84647393 0.36688605 0.13759293
2.100366 -0.6932891 0.3699215 -0.84647393 0.36688605 0.13759293
2.100366 -0.6932891 0.3699215 -0.84647393 0.36688605 0.13759293
2.100366 -0.6932891 0.3699215 -0.84647393 0.36688605 0.13759293
2.100366 -0.6932891 0.3699215 -0.84647393 0.36688605 0.13759293

1.9452585 -0.64262676 1.1107799 -0.64414024 0.41900444 0.14496721
-1.2815607 0.78987503 -1.9992579 -0.70718193 0.31855023 0.14935568
1.9452585 -0.64262676 1.1107799 -0.64414024 0.41900444 0.14496721
-1.2815607 0.78987503 -1.9992579 -0.70718193 0.31855023 0.14935568
1.9452585 -0.64262676 1.1107799 -0.64414024 0.41900444 0.14496721
-1.2815607 0.78987503 -1.9992579 -0.70718193 0.31855023 0.14935568
1.9452585 -0.64262676 1.1107799 -0.64414024 0.41900444 0.14496721

-2.2349637 1.1763326 2.0014153 0.8385094 0.1457149 0.12311229
2.6375213 1.1100096 0.65192926 0.933361 0.28691912 0.13155964
2.7474806 0.13758722 0.20983842 0.9458689 0.28588584 0.13932262
-2.6630154 0.9035241 1.863124 0.88861775 0.28437784 0.13916415
1.52448 0.78070104 -0.34906748 0.90252614 0.05994249 0.13307805
2.180868 0.9142739 0.40778822 0.99230886 0.03598128 0.131422
2.0700202 -0.4865628 -0.9581773 0.68623424 0.40298975 0.13950764

2.4727058 0.2517009 -2.7043376 -0.9866818 -0.3642452 0.1354512
2.4727058 0.2517009 -2.7043376 -0.9866818 -0.3642452 0.1354512
2.4727058 0.2517009 -2.7043376 -0.9866818 -0.3642452 0.1354512
2.4727058 0.2517009 -2.7043376 -0.9866818 -0.3642452 0.1354512
2.4727058 0.2517009 -2.7043376 -0.9866818 -0.3642452 0.1354512
2.4727058 0.2517009 -2.7043376 -0.9866818 -0.3642452 0.1354512
2.4727058 0.2517009 -2.7043376 -0.9866818 -0.3642452 0.1354512

-2.7750087 1.2213916 -2.087274 -0.8289296 -0.22915538 0.14733641
1.9326986 0.26686075 2.9018643 -0.941617 -0.13885473 0.11429165
-2.352633 1.0274262 -1.7978809 -0.9758752 -0.34641925 0.118678115
-2.7750087 1.2213916 -2.087274 -0.8289296 -0.22915538 0.14733641
1.9326986 0.26686075 2.9018643 -0.941617 -0.13885473 0.11429165
-2.352633 1.0274262 -1.7978809 -0.9758752 -0.34641925 0.118678115
-2.7750087 1.2213916 -2.087274 -0.8289296 -0.22915538 0.14733641

-2.0840316 -0.31830975 -0.62174064 -0.9794122 -0.29535052 0.11189329
2.3350475 0.34476018 2.9808 -0.92554325 -0.4148656 0.11819294
-2.0840316 -0.31830975 -0.62174064 -0.9794122 -0.29535052 0.11189329
2.3350475 0.34476018 2.9808 -0.92554325 -0.4148656 0.11819294
-2.0840316 -0.31830975 -0.62174064 -0.9794122 -0.29535052 0.11189329
2.3350475 0.34476018 2.9808 -0.92554325 -0.4148656 0.11819294
-2.0840316 -0.31830975 -0.62174064 -0.9794122 -0.29535052 0.11189329

2.4605167 0.6935044 -2.8374126 -0.94044644 -0.40044644 0.12044345
-1.6860474 -0.40909114 -0.61935353 -0.77539825 -0.1914201 0.12990536
2.4605167 0.6935044 -2.8374126 -0.94044644 -0.40044644 0.12044345
-1.6860474 -0.40909114 -0.61935353 -0.77539825 -0.1914201 0.12990536
2.4605167 0.6935044 -2.8374126 -0.94044644 -0.40044644 0.12044345
-1.6860474 -0.40909114 -0.61935353 -0.77539825 -0.1914201 0.12990536
2.4605167 0.6935044 -2.8374126 -0.94044644 -0.40044644 0.12044345

2.3577604 -0.86922723 1.4937407 -0.86471736 0.09554224 0.115438715
-1.8701041 1.2679486 -1.0114698 -0.8864333 0.20396668 0.13970967
-2.1941783 -1.0957187 -0.5422436 -0.6605966 0.054920983 0.1140303
2.4486487 -1.026088 1.7471222 -0.92822766 0.30017993 0.1431345
-2.7845695 -0.37712708 -0.20118943 -0.8743631 0.12062358 0.13197953
-2.6000965 0.95371974 -1.8254207 -0.7991488 0.11265259 0.14825463
-2.8113496 -1.2565715 0.40161526 -0.76316166 0.20803459 0.14787415

1.6376059 0.48497486 1.4032885 -0.7256629 0.29089722 0.11960226
2.4288518 -0.6520516 0.75362194 -0.70265615 0.04418833 0.13174896
1.6376059 0.48497486 1.4032885 -0.7256629 0.29089722 0.11960226
2.4288518 -0.6520516 0.75362194 -0.70265615 0.04418833 0.13174896
1.6376059 0.48497486 1.4032885 -0.7256629 0.29089722 0.11960226
2.4288518 -0.6520516 0.75362194 -0.70265615 0.04418833 0.13174896
1.6376059 0.48497486 1.4032885 -0.7256629 0.29089722 0.11960226

-1.8575286 -1.0186057 1.0252167 0.61218 -0.24054734 0.117284596
1.2578912 -0.69951606 -2.220794 0.8412141 -0.14707655 0.1453555
-2.1018407 -1.0142806 1.3585047 0.66152114 -0.30630594 0.1345655
1.7313645 0.8828173 -2.5566883 0.7263373 -0.14525655 0.11455703
1.5753967 0.40034863 -2.587462 0.7295683 -0.15850331 0.11740691
-1.268053 -0.7289489 0.9262661 0.49349692 -0.4247697 0.11058725
-1.8575286 -1.0186057 1.0252167 0.61218 -0.24054734 0.117284596

1.7591178 0.45992067 -2.0999026 0.58272046 -0.3715852 0.1127773
2.0480113 0.65841895 -2.7021103 0.88020486 -0.0992978 0.111433126
1.7591178 0.45992067 -2.0999026 0.58272046 -0.3715852 0.1127773
2.0480113 0.65841895 -2.7021103 0.88020486 -0.0992978 0.111433126
1.7591178 0.45992067 -2.0999026 0.58272046 -0.3715852 0.1127773
2.0480113 0.65841895 -2.7021103 0.88020486 -0.0992978 0.111433126
1.7591178 0.45992067 -2.0999026 0.58272046 -0.3715852 0.1127773

2.1409655 -0.31987908 -3.128047 -0.32720694 -0.40496084 0.13831331
2.1409655 -0.31987908 -3.128047 -0.32720694 -0.40496084 0.13831331
2.1409655 -0.31987908 -3.128047 -0.32720694 -0.40496084 0.13831331
2.1409655 -0.31987908 -3.128047 -0.32720694 -0.40496084 0.13831331
2.1409655 -0.31987908 -3.128047 -0.32720694 -0.40496084 0.13831331
2.1409655 -0.31987908 -3.128047 -0.32720694 -0.40496084 0.13831331
2.1409655 -0.31987908 -3.128047 -0.32720694 -0.40496084 0.13831331

1.7293773 0.104403175 0.8603989 -0.8321256 0.24326773 0.14629817
1.7293773 0.104403175 0.8603989 -0.8321256 0.24326773 0.14629817
1.7293773 0.104403175 0.8603989 -0.8321256 0.24326773 0.14629817
1.7293773 0.104403175 0.8603989 -0.8321256 0.24326773 0.14629817
1.7293773 0.104403175 0.8603989 -0.8321256 0.24326773 0.14629817
1.7293773 0.104403175 0.8603989 -0.8321256 0.24326773 0.14629817
1.7293773 0.104403175 0.8603989 -0.8321256 0.24326773 0.14629817

2.120657 0.34579563 3.1126466 -0.6179023 -0.13097225 0.12991849
2.120657 0.34579563 3.1126466 -0.6179023 -0.13097225 0.12991849
2.120657 0.34579563 3.1126466 -0.6179023 -0.13097225 0.12991849
2.120657 0.34579563 3.1126466 -0.6179023 -0.13097225 0.12991849
2.120657 0.34579563 3.1126466 -0.6179023 -0.13097225 0.12991849
2.120657 0.34579563 3.1126466 -0.6179023 -0.13097225 0.12991849
2.120657 0.34579563 3.1126466 -0.6179023 -0.13097225 0.12991849

2.1996763 0.26386034 2.6469977 -0.8632792 -0.31860968 0.13010252
1.605599 0.2988742 2.4767299 -0.84750646 -0.2735835 0.13306119
-1.4828529 -0.44834316 -0.92609286 -0.7978761 -0.37877873 0.12205635
2.1055777 -0.28688616 2.0917027 -0.8120318 -0.4086439 0.118560396
-2.1749687 -0.55846035 -0.45558888 -0.874224 -0.27622798 0.120759554
2.1996763 0.26386034 2.6469977 -0.8632792 -0.31860968 0.13010252
1.605599 0.2988742 2.4767299 -0.84750646 -0.2735835 0.13306119

1.7417856 0.21751393 2.0517924 -0.6588004 0.22849692 0.1439856
1.7417856 0.21751393 2.0517924 -0.6588004 0.22849692 0.1439856
1.7417856 0.21751393 2.0517924 -0.6588004 0.22849692 0.1439856
1.7417856 0.21751393 2.0517924 -0.6588004 0.22849692 0.1439856
1.7417856 0.21751393 2.0517924 -0.6588004 0.22849692 0.1439856
1.7417856 0.21751393 2.0517924 -0.6588004 0.22849692 0.1439856
1.7417856 0.21751393 2.0517924 -0.6588004 0.22849692 0.1439856

2.4214122 0.18801668 -1.4748636 0.7719306 -0.33607483 0.12970285
-2.1651378 0.56614316 0.10385536 0.783193 -0.28830758 0.12127238
-1.9146769 0.7230319 0.12404134 0.78660643 -0.23386434 0.11443148
2.7160003 -0.50936705 2.5501616 0.8226655 -0.32352543 0.13101168
2.4214122 0.18801668 -1.4748636 0.7719306 -0.33607483 0.12970285
-2.1651378 0.56614316 0.10385536 0.783193 -0.28830758 0.12127238
-1.9146769 0.7230319 0.12404134 0.78660643 -0.23386434 0.11443148

-2.1787808 0.8953237 0.4108552 0.9496118 -0.21835883 0.1458398
1.7072568 0.0019385079 -1.7890948 0.9440573 -0.2963604 0.12222624
-2.4535406 0.6715604 0.16048686 0.98082894 -0.35798684 0.14267528
2.0485256 0.5666617 -1.9606347 0.8236915 -0.3843698 0.11677197
-2.0533202 -0.65980756 1.2335831 0.832519 -0.35083538 0.110484
1.9825583 0.16849644 -2.4137034 0.9789935 -0.22718883 0.13786948
-2.1787808 0.8953237 0.4108552 0.9496118 -0.21835883 0.1458398

1.9031005 -0.6178302 0.2319312 -0.95072186 0.37357894 0.13812652
2.2613251 0.70946044 1.3593769 -0.75940025 0.40186995 0.111802205
1.9714993 -0.36717385 0.4256492 -0.8415359 0.24778698 0.13209423
1.9031005 -0.6178302 0.2319312 -0.95072186 0.37357894 0.13812652
2.2613251 0.70946044 1.3593769 -0.75940025 0.40186995 0.111802205
1.9714993 -0.36717385 0.4256492 -0.8415359 0.24778698 0.13209423
1.9031005 -0.6178302 0.2319312 -0.95072186 0.37357894 0.13812652

1.2358998 -1.2323018 -1.5171436 0.68773437 -0.27523968 0.14244194
-2.0978475 -0.35194767 1.0686634 0.8227823 -0.09389875 0.14296594
1.2358998 -1.2323018 -1.5171436 0.68773437 -0.27523968 0.14244194
-2.0978475 -0.35194767 1.0686634 0.8227823 -0.09389875 0.14296594
1.2358998 -1.2323018 -1.5171436 0.68773437 -0.27523968 0.14244194
-2.0978475 -0.35194767 1.0686634 0.8227823 -0.09389875 0.14296594
1.2358998 -1.2323018 -1.5171436 0.68773437 -0.27523968 0.14244194

1.9614956 0.8099701 0.33737707 0.5732146 0.25277165 0.1454542
1.9614956 0.8099701 0.33737707 0.5732146 0.25277165 0.1454542
1.9614956 0.8099701 0.33737707 0.5732146 0.25277165 0.1454542
1.9614956 0.8099701 0.33737707 0.5732146 0.25277165 0.1454542
1.9614956 0.8099701 0.33737707 0.5732146 0.25277165 0.1454542
1.9614956 0.8099701 0.33737707 0.5732146 0.25277165 0.1454542
1.9614956 0.8099701 0.33737707 0.5732146 0.25277165 0.1454542

-2.2940037 0.5719166 -1.501633 -0.8804705 -0.3918918 0.14505154
2.052633 -0.62696975 2.0050552 -0.8721944 -0.294636 0.14791979
-1.5728664 -0.33287513 -0.8405591 -0.8036993 -0.30185115 0.12652777
2.2691283 -0.4635682 2.1120212 -0.9510442 -0.3563021 0.14823282
1.9590542 0.76487136 3.096964 -0.8808213 -0.26001284 0.14919278
-2.2940037 0.5719166 -1.501633 -0.8804705 -0.3918918 0.14505154
2.052633 -0.62696975 2.0050552 -0.8721944 -0.294636 0.14791979

2.2842941 0.8991583 2.2803526 -0.6766512 0.22686008 0.14877646
2.0837781 -0.28481382 1.3929583 -0.8760737 0.3313792 0.14334008
2.2842941 0.8991583 2.2803526 -0.6766512 0.22686008 0.14877646
2.0837781 -0.28481382 1.3929583 -0.8760737 0.3313792 0.14334008
2.2842941 0.8991583 2.2803526 -0.6766512 0.22686008 0.14877646
2.0837781 -0.28481382 1.3929583 -0.8760737 0.3313792 0.14334008
2.2842941 0.8991583 2.2803526 -0.6766512 0.22686008 0.14877646

2.1292005 0.658435 1.3817317 -0.90540344 -0.22500205 0.13868256
2.1292005 0.658435 1.3817317 -0.90540344 -0.22500205 0.13868256
2.1292005 0.658435 1.3817317 -0.90540344 -0.22500205 0.13868256
2.1292005 0.658435 1.3817317 -0.90540344 -0.22500205 0.13868256
2.1292005 0.658435 1.3817317 -0.90540344 -0.22500205 0.13868256
2.1292005 0.658435 1.3817317 -0.90540344 -0.22500205 0.13868256
2.1292005 0.658435 1.3817317 -0.90540344 -0.22500205 0.13868256

1.7862996 -0.5696427 0.6078085 -0.89419407 0.27424818 0.11230284
2.0754802 -0.29982623 0.3957221 -0.9497374 0.38646558 0.11662365
1.7862996 -0.5696427 0.6078085 -0.89419407 0.27424818 0.11230284
2.0754802 -0.29982623 0.3957221 -0.9497374 0.38646558 0.11662365
1.7862996 -0.5696427 0.6078085 -0.89419407 0.27424818 0.11230284
2.0754802 -0.29982623 0.3957221 -0.9497374 0.38646558 0.11662365
1.7862996 -0.5696427 0.6078085 -0.89419407 0.27424818 0.11230284

1.8833354 -0.1575386 1.7983505 -0.634154 -0.23967755 0.11460565
1.8992431 0.7258608 2.3242579 -0.7061551 -0.037501037 0.11988994
1.8833354 -0.1575386 1.7983505 -0.634154 -0.23967755 0.11460565
1.8992431 0.7258608 2.3242579 -0.7061551 -0.037501037 0.11988994
1.8833354 -0.1575386 1.7983505 -0.634154 -0.23967755 0.11460565
1.8992431 0.7258608 2.3242579 -0.7061551 -0.037501037 0.11988994
1.8833354 -0.1575386 1.7983505 -0.634154 -0.23967755 0.11460565

1.644044 -0.85432017 0.23489882 -0.07560944 0.2625939 0.14934811
-2.3319628 -0.49609405 -2.7835734 -0.14720353 0.28079978 0.11568847
1.644044 -0.85432017 0.23489882 -0.07560944 0.2625939 0.14934811
-2.3319628 -0.49609405 -2.7835734 -0.14720353 0.28079978 0.11568847
1.644044 -0.85432017 0.23489882 -0.07560944 0.2625939 0.14934811
-2.3319628 -0.49609405 -2.7835734 -0.14720353 0.28079978 0.11568847
1.644044 -0.85432017 0.23489882 -0.07560944 0.2625939 0.14934811

1.9190257 -0.7873924 0.3090399 -0.45619473 0.12516408 0.11091965
1.9190257 -0.7873924 0.3090399 -0.45619473 0.12516408 0.11091965
1.9190257 -0.7873924 0.3090399 -0.45619473 0.12516408 0.11091965
1.9190257 -0.7873924 0.3090399 -0.45619473 0.12516408 0.11091965
1.9190257 -0.7873924 0.3090399 -0.45619473 0.12516408 0.11091965
1.9190257 -0.7873924 0.3090399 -0.45619473 0.12516408 0.11091965
1.9190257 -0.7873924 0.3090399 -0.45619473 0.12516408 0.11091965

2.3783224 -0.24858963 0.095072165 -0.93316483 0.12028302 0.11553609
-2.4150994 -0.66611433 -1.4775541 -0.8523468 0.13672186 0.14924288
2.1269145 -0.3305149 0.76980317 -0.9021224 0.34127805 0.1496001
2.3783224 -0.24858963 0.095072165 -0.93316483 0.12028302 0.11553609
-2.4150994 -0.66611433 -1.4775541 -0.8523468 0.13672186 0.14924288
2.1269145 -0.3305149 0.76980317 -0.9021224 0.34127805 0.1496001
2.3783224 -0.24858963 0.095072165 -0.93316483 0.12028302 0.11553609

2.2282832 -0.08769857 -1.6113662 0.8311449 0.3214216 0.14606763
2.3966758 0.61263657 -0.22911428 0.92055136 0.3470517 0.111246176
1.5434544 -0.53377324 -1.2399515 0.75042623 0.21498601 0.13944311
-2.0158565 -0.27659947 2.5441906 0.9296149 0.11293806 0.1295597
1.5703739 0.13352089 -1.1397513 0.6664266 0.33305505 0.1457905
1.4959961 0.3466854 -0.8663716 0.8960575 0.06419781 0.12852912
1.8111662 -0.87197685 -1.1857145 0.88814056 0.4037686 0.11118509

-1.5064048 -0.31460878 -2.8446302 0.2984262 0.07463077 0.14873144
-1.5064048 -0.31460878 -2.8446302 0.2984262 0.07463077 0.14873144
-1.5064048 -0.31460878 -2.8446302 0.2984262 0.07463077 0.14873144
-1.5064048 -0.31460878 -2.8446302 0.2984262 0.07463077 0.14873144
-1.5064048 -0.31460878 -2.8446302 0.2984262 0.07463077 0.14873144
-1.5064048 -0.31460878 -2.8446302 0.2984262 0.07463077 0.14873144
-1.5064048 -0.31460878 -2.8446302 0.2984262 0.07463077 0.14873144

2.235128 -0.6543418 0.3734319 -0.7231031 0.41829565 0.116991565
2.0294363 0.96227384 1.461709 -0.6746864 0.40101817 0.11932004
2.235128 -0.6543418 0.3734319 -0.7231031 0.41829565 0.116991565
2.0294363 0.96227384 1.461709 -0.6746864 0.40101817 0.11932004
2.235128 -0.6543418 0.3734319 -0.7231031 0.41829565 0.116991565
2.0294363 0.96227384 1.461709 -0.6746864 0.40101817 0.11932004
2.235128 -0.6543418 0.3734319 -0.7231031 0.41829565 0.116991565

-2.0885696 0.67193735 -0.735178 0.18768178 -0.20003603 0.1292304
-2.0885696 0.67193735 -0.735178 0.18768178 -0.20003603 0.1292304
-2.0885696 0.67193735 -0.735178 0.18768178 -0.20003603 0.1292304
-2.0885696 0.67193735 -0.735178 0.18768178 -0.20003603 0.1292304
-2.0885696 0.67193735 -0.735178 0.18768178 -0.20003603 0.1292304
-2.0885696 0.67193735 -0.735178 0.18768178 -0.20003603 0.1292304
-2.0885696 0.67193735 -0.735178 0.18768178 -0.20003603 0.1292304

-2.1699848 1.2492437 -0.71668786 -0.62926936 -0.35762012 0.12245515
2.3712466 0.19796044 3.1340995 -0.5732297 -0.39682764 0.14825314
2.4105232 0.18054043 -3.1323855 -0.4531887 -0.23886532 0.11456701
1.3716123 -0.09273156 -3.0023296 -0.3994753 -0.27305418 0.1106545
1.9735907 -0.67141616 2.6302571 -0.516452 -0.10970952 0.13106309
-2.1699848 1.2492437 -0.71668786 -0.62926936 -0.35762012 0.12245515
2.3712466 0.19796044 3.1340995 -0.5732297 -0.39682764 0.14825314

1.6689354 0.70721585 1.5540073 -0.7970248 0.116684295 0.14104792
2.1683993 0.014989742 1.0807663 -0.92157704 -0.07577115 0.13532278
-1.7561743 -0.55740917 -2.013569 -0.85637796 -0.1769019 0.11945991
2.0743906 0.6554981 1.4978681 -0.7271837 0.12141444 0.11095243
1.6689354 0.70721585 1.5540073 -0.7970248 0.116684295 0.14104792
2.1683993 0.014989742 1.0807663 -0.92157704 -0.07577115 0.13532278
-1.7561743 -0.55740917 -2.013569 -0.85637796 -0.1769019 0.11945991

2.2179067 0.9184272 1.3899074 -0.5942181 0.23928533 0.12130349
1.4715486 -0.46772063 0.7665819 -0.6653621 0.20998713 0.1251901
-1.9381298 -1.0001343 -2.2081132 -0.5968058 0.23912153 0.11972461
2.2179067 0.9184272 1.3899074 -0.5942181 0.23928533 0.12130349
1.4715486 -0.46772063 0.7665819 -0.6653621 0.20998713 0.1251901
-1.9381298 -1.0001343 -2.2081132 -0.5968058 0.23912153 0.11972461
2.2179067 0.9184272 1.3899074 -0.5942181 0.23928533 0.12130349

1.1267875 0.1332258 -0.19018479 -0.580078 0.41971132 0.14601496
-2.3583906 -0.48702636 -2.311976 -0.5142277 0.24175681 0.11527358
1.1267875 0.1332258 -0.19018479 -0.580078 0.41971132 0.14601496
-2.3583906 -0.48702636 -2.311976 -0.5142277 0.24175681 0.11527358
1.1267875 0.1332258 -0.19018479 -0.580078 0.41971132 0.14601496
-2.3583906 -0.48702636 -2.311976 -0.5142277 0.24175681 0.11527358
1.1267875 0.1332258 -0.19018479 -0.580078 0.41971132 0.14601496

2.601525 -0.07094264 1.5153594 -0.9597443 -0.21851361 0.13551292
2.601525 -0.07094264 1.5153594 -0.9597443 -0.21851361 0.13551292
2.601525 -0.07094264 1.5153594 -0.9597443 -0.21851361 0.13551292
2.601525 -0.07094264 1.5153594 -0.9597443 -0.21851361 0.13551292
2.601525 -0.07094264 1.5153594 -0.9597443 -0.21851361 0.13551292
2.601525 -0.07094264 1.5153594 -0.9597443 -0.21851361 0.13551292
2.601525 -0.07094264 1.5153594 -0.9597443 -0.21851361 0.13551292

1.6427677 0.57625407 -2.6134524 0.63011646 -0.09090779 0.13915442
1.7279093 -0.2823643 -2.3813627 0.41964632 -0.27428648 0.113076225
1.6427677 0.57625407 -2.6134524 0.63011646 -0.09090779 0.13915442
1.7279093 -0.2823643 -2.3813627 0.41964632 -0.27428648 0.113076225
1.6427677 0.57625407 -2.6134524 0.63011646 -0.09090779 0.13915442
1.7279093 -0.2823643 -2.3813627 0.41964632 -0.27428648 0.113076225
1.6427677 0.57625407 -2.6134524 0.63011646 -0.09090779 0.13915442

2.3111854 -0.25196362 -0.04910438 -0.9973523 0.27811047 0.11154708
-2.01402 -0.5056461 -2.281923 -0.946032 0.20432726 0.12030925
2.3111854 -0.25196362 -0.04910438 -0.9973523 0.27811047 0.11154708
-2.01402 -0.5056461 -2.281923 -0.946032 0.20432726 0.12030925
2.3111854 -0.25196362 -0.04910438 -0.9973523 0.27811047 0.11154708
-2.01402 -0.5056461 -2.281923 -0.946032 0.20432726 0.12030925
2.3111854 -0.25196362 -0.04910438 -0.9973523 0.27811047 0.11154708

-1.215262 -0.86572605 0.5499984 0.9270823 -0.15499821 0.14886531
2.1556892 -0.77590907 -2.8501756 0.9434861 -0.16870144 0.12924258
-1.215262 -0.86572605 0.5499984 0.9270823 -0.15499821 0.14886531
2.1556892 -0.77590907 -2.8501756 0.9434861 -0.16870144 0.12924258
-1.215262 -0.86572605 0.5499984 0.9270823 -0.15499821 0.14886531
2.1556892 -0.77590907 -2.8501756 0.9434861 -0.16870144 0.12924258
-1.215262 -0.86572605 0.5499984 0.9270823 -0.15499821 0.14886531

-1.9051237 -0.7998048 1.4867786 0.75566894 -0.23590034 0.11600589
-2.2188962 -0.41446063 1.4016042 0.8252592 -0.24866283 0.13116232
-1.9902152 1.0510956 0.8331862 0.7149143 -0.29477432 0.1324797
-1.9051237 -0.7998048 1.4867786 0.75566894 -0.23590034 0.11600589
-2.2188962 -0.41446063 1.4016042 0.8252592 -0.24866283 0.13116232
-1.9902152 1.0510956 0.8331862 0.7149143 -0.29477432 0.1324797
-1.9051237 -0.7998048 1.4867786 0.75566894 -0.23590034 0.11600589

1.7535545 0.8161188 2.4938102 -0.7661682 0.12788716 0.14746626
1.7535545 0.8161188 2.4938102 -0.7661682 0.12788716 0.14746626
1.7535545 0.8161188 2.4938102 -0.7661682 0.12788716 0.14746626
1.7535545 0.8161188 2.4938102 -0.7661682 0.12788716 0.14746626
1.7535545 0.8161188 2.4938102 -0.7661682 0.12788716 0.14746626
1.7535545 0.8161188 2.4938102 -0.7661682 0.12788716 0.14746626
1.7535545 0.8161188 2.4938102 -0.7661682 0.12788716 0.14746626

2.2121522 0.41383135 -2.789608 -0.04637733 -0.24985798 0.12666886
2.1331146 -0.091302305 2.1234426 0.12704788 -0.38291577 0.14118889
-2.1277773 0.93075573 -0.3357436 -0.35524553 -0.1178913 0.11219807
1.5667669 -0.7141657 -2.6829035 -0.52758783 -0.19514532 0.115482815
2.2121522 0.41383135 -2.789608 -0.04637733 -0.24985798 0.12666886
2.1331146 -0.091302305 2.1234426 0.12704788 -0.38291577 0.14118889
-2.1277773 0.93075573 -0.3357436 -0.35524553 -0.1178913 0.11219807

2.0019023 0.075604975 1.0925037 -0.7241135 -0.06495417 0.12578715
2.042105 -0.23133197 0.26541615 -0.9610836 -0.3328895 0.11198616
2.0440686 0.53782254 1.1126535 -0.82838976 -0.16831553 0.12808833
2.0019023 0.075604975 1.0925037 -0.7241135 -0.06495417 0.12578715
2.042105 -0.23133197 0.26541615 -0.9610836 -0.3328895 0.11198616
2.0440686 0.53782254 1.1126535 -0.82838976 -0.16831553 0.12808833
2.0019023 0.075604975 1.0925037 -0.7241135 -0.06495417 0.12578715

-2.428416 1.044902 0.21576837 0.814855 -0.32910785 0.12533812
2.147056 -0.44329724 -2.752545 0.8190731 -0.29483098 0.14975995
1.7719411 -0.68498355 -2.1609075 0.66712976 -0.42215663 0.14593917
-2.428416 1.044902 0.21576837 0.814855 -0.32910785 0.12533812
2.147056 -0.44329724 -2.752545 0.8190731 -0.29483098 0.14975995
1.7719411 -0.68498355 -2.1609075 0.66712976 -0.42215663 0.14593917
-2.428416 1.044902 0.21576837 0.814855 -0.32910785 0.12533812

-2.329777 -0.7210858 -1.0631624 -0.7542087 0.023309391 0.11311232
-2.329777 -0.7210858 -1.0631624 -0.7542087 0.023309391 0.11311232
-2.329777 -0.7210858 -1.0631624 -0.7542087 0.023309391 0.11311232
-2.329777 -0.7210858 -1.0631624 -0.7542087 0.023309391 0.11311232
-2.329777 -0.7210858 -1.0631624 -0.7542087 0.023309391 0.11311232
-2.329777 -0.7210858 -1.0631624 -0.7542087 0.023309391 0.11311232
-2.329777 -0.7210858 -1.0631624 -0.7542087 0.023309391 0.11311232

-2.28219 -0.8306364 -0.007839276 -0.7994823 -0.043697994 0.13696755
1.6456101 0.33456382 1.9865342 -0.6284871 -0.27681634 0.119372636
-2.28219 -0.8306364 -0.007839276 -0.7994823 -0.043697994 0.13696755
1.6456101 0.33456382 1.9865342 -0.6284871 -0.27681634 0.119372636
-2.28219 -0.8306364 -0.007839276 -0.7994823 -0.043697994 0.13696755
1.6456101 0.33456382 1.9865342 -0.6284871 -0.27681634 0.119372636
-2.28219 -0.8306364 -0.007839276 -0.7994823 -0.043697994 0.13696755

2.4140422 -0.039716706 -2.3125067 0.9583314 0.39066294 0.13670358
1.9412405 -0.22221261 -1.7226343 0.90818673 -0.077559754 0.12693186
1.675218 -0.21914072 -1.5793825 0.9091707 -0.0889676 0.12672223
2.3663454 -0.80815846 -1.4773397 0.91992104 -0.22253445 0.11608674
2.4140422 -0.039716706 -2.3125067 0.9583314 0.39066294 0.13670358
1.9412405 -0.22221261 -1.7226343 0.90818673 -0.077559754 0.12693186
1.675218 -0.21914072 -1.5793825 0.9091707 -0.0889676 0.12672223

1.9384934 -0.4109306 -2.5065413 0.55311185 -0.3933394 0.14215542
-2.5280797 -0.6410022 1.6137279 0.69726014 -0.39121196 0.13827536
2.318958 -0.5696378 2.7203317 0.97804934 -0.26197645 0.1471591
1.6828657 0.6440019 -2.3655698 0.8143912 -0.39187083 0.14531818
-2.385174 -0.9561946 1.7165632 0.61681324 -0.324387 0.11851549
1.9384934 -0.4109306 -2.5065413 0.55311185 -0.3933394 0.14215542
-2.5280797 -0.6410022 1.6137279 0.69726014 -0.39121196 0.13827536

