0 0 0.47234907182778674 1.5379895975653672 0.4345034319558322 0
0 0 0.18041568084328485 0.5665496438835418 2.0431725837082957 0
0 0 -0.7128312321537325 1.3283726565867635 2.041574896415038 0
0 0 1.1471296436499125 1.6318096316254558 2.018590178083809 0
0 0 -1.4254425672349318 -0.21245303261142834 0.4902648300402135 0
0 0 -0.7581215288261409 -0.5596270616836143 1.7623380930474726 0
0 0 1.0256175009039539 -0.04025663058100426 0.4051998827843636 0
0 0 0.11237012981328065 0.09370035108716779 0.4456431712749995 0
0 0 0.6335760994420125 2.121868200705267 1.9631998107297624 0
0 0 -0.7297563589410153 2.0688509783599915 0.8917749100455177 0
0 0 -1.4970515918177818 2.1444506263658183 1.2817485119844152 0
0 0 -1.379549985601931 1.5618826298202715 0.48013715915289634 0
0 0 -0.041362817410098174 0.6458094504778762 2.00097293232196 0
0 0 -0.9543527347325234 0.8007968109887786 1.9985206507878195 0
0 0 -0.5366996352347211 -0.44253183073450475 2.0104968920824406 0
0 0 0.044324248724585846 0.4568497432434129 2.048235226601821 0
0 0 -0.3761441220776873 -0.6201954959133296 0.9194835063779184 0
0 0 -1.2031299864277407 2.083806070643071 1.9091807769846183 0
0 0 -0.3336341832100149 -0.3497527311973243 2.0288691809805544 0
0 0 -0.778334900191371 0.642108006064092 2.0134633819528456 0
0 0 -0.6826578583202564 0.9366163925307394 0.4866803429036354 0
0 0 -0.31772975022712546 2.1268984574386813 0.7089847120710389 0
0 0 -1.30297875466443 1.5084703648220164 1.9955456476699702 0
0 0 1.5149888425289615 -0.6494935397163626 0.6859484398495732 0
0 0 -0.7536834401646862 -0.6317443502607234 0.5307827216473582 0
0 0 -0.2956152666655374 -0.39255148865579637 1.965664101470507 0
0 0 1.442322855791275 1.6931254710972439 0.40580139180908903 0
0 0 0.8674070396754141 0.9905957624451864 0.4735764313528271 0
0 0 0.274787834976963 1.9714500474001604 0.43452515630232014 0
0 0 1.550232509776865 1.0575667344042439 1.9710598481588748 0
0 0 -0.9399943604215895 -0.3357585155903562 1.9642414017271501 0
0 0 -0.3098921492696478 1.4884396839501874 1.965787834594552 0
0 0 -0.2760399982595698 1.5242189470243497 2.0270708629628733 0
0 0 0.10681521178237618 -0.6259944561354227 0.6437701659108557 0
0 0 -0.8992018544550219 0.8190651977148258 0.45212906822471854 0
0 0 -1.0549347926528565 2.0656612438523023 1.7337191719128728 0
0 0 1.5269294405259215 -0.49637115741338733 2.0045985222673997 0
0 0 -0.7099130796671788 0.030991172467449646 2.0407964491291533 0
0 0 -0.7272097803970685 2.1104333153295274 1.8547436703070428 0
0 0 0.6510165854231049 -0.30467629922187034 0.46249634651632443 0
0 0 0.21587494520800332 1.306440124874424 0.4580804020624165 0
0 0 -0.7929709457377563 1.8563848465436468 2.0111443113829472 0
0 0 0.6266346013388602 -0.6138927703972425 1.0903389956563934 0
0 0 0.7675052492749339 2.126479881246123 1.2132805994037432 0
0 0 0.9313649157032837 0.8591207807095511 2.038616470344136 0
0 0 0.9151958739798527 1.1179827988406748 0.4060099110680788 0
0 0 -0.11653493276728488 0.6198187355910065 0.49322618639780547 0
0 0 0.7998225002932386 0.6661367601782129 2.0077629315425316 0
0 0 -0.5500689022018836 2.1036389879854807 1.6565122901832376 0
0 0 -0.30765060227210106 2.1206798148412664 1.9333880608410838 0
0 0 0.06074085424660369 2.1398076226010314 1.1362265352522787 0
0 0 0.5644141337338984 2.109033188839957 0.6106690342093948 0
0 0 1.0395320377520294 2.082072842441545 0.5211465766723322 0
0 0 -0.7832927529687769 -0.11637841321943354 2.022469198535097 0
0 0 -0.9115979565856182 0.15620505574240673 1.9975162785075948 0
0 0 0.15937578040530598 -0.4942812556238749 2.00483234053788 0
0 0 1.2158041742555827 0.02266748827546783 0.4120456634761268 0
0 0 -0.3272653703383357 2.147865734130501 0.6237655442952215 0
0 0 0.6126905076707909 -0.5862542581521695 0.546090326122834 0
0 0 -0.15092364180548978 1.5745579814113488 2.0246600979886678 0
0 0 0.33555615714067866 -0.5789608614487147 1.2454074429297837 0
0 0 -0.14919057160966842 -0.07443501262007934 2.0261284030522857 0
0 0 0.09818466999911224 1.62224400507575 1.9811218941277966 0
0 0 0.2124987927818227 1.3610345196537441 1.9858870743070187 0
0 0 -0.7457692136865919 1.477157784562923 0.4147884220045406 0
0 0 0.05649663873857924 1.1508911872248215 2.0270907090068344 0
0 0 -0.7803290189220454 -0.21456560907529398 1.9780854860070956 0
0 0 1.2340327818682657 -0.5806852079116283 1.92364412821724 0
0 0 1.0193699567452632 1.4695243072985724 1.9954467440684347 0
0 0 0.036673234799347476 1.4810178770072782 1.9697770545698639 0
0 0 -1.4403817062084925 -0.34172391025531046 2.030248245201854 0
0 0 1.1905829752766066 -0.25853659553572417 0.41756113097794567 0
0 0 -1.250490529482735 0.2743687126049824 2.0446665971435567 0
0 0 0.3935644099839277 1.548104106708316 0.4903464333210449 0
0 0 -1.4982784170657264 1.1137387690428648 0.4622342084275819 0
0 0 -0.1779925590484115 -0.6325409947538061 0.5254139474616007 0
0 0 0.46605908213768643 0.8456536877513794 2.0009981429374326 0
0 0 0.9028584304772918 0.9714131855651611 0.4295307013917894 0
0 0 -1.081924644442237 2.0500514827908205 1.9998800272102293 0
0 0 -0.09114164790374413 1.8991721045162933 2.020544842726534 0
0 0 1.4801798066940384 1.2404467134923765 2.0173879753076758 0
0 0 0.026955339831905567 1.7476125748528781 2.027158700225759 0
0 0 0.9215101216160391 1.9383739007074043 1.982569518098376 0
0 0 0.17037327071712705 1.559492382340985 0.4434051150315811 0
0 0 1.1680904607935245 -0.6292329113123742 0.9471742017556806 0
0 0 -0.47572300219807295 2.13478503809616 1.6818615882291157 0
0 0 -0.8532808847691205 1.4272314231022194 0.4043356019159603 0
0 0 0.3695656948093369 2.0706261547458515 1.1554561960795904 0
0 0 -0.2904153516325185 1.4025603357737613 0.4180055487052414 0
0 0 0.8089419318152116 1.8233047178588466 0.4475126025203269 0
0 0 -0.030312997404546183 -0.6196420948766588 0.5761808271680398 0
0 0 1.5416831590056614 2.1039957234435014 0.7454831767876757 0
0 0 -0.7969480345408086 1.4484015793566152 0.4974583656915327 0
0 0 -1.0752756553902971 -0.5824313945061579 1.1573367702347626 0
0 0 -1.0652103788068952 2.0977579547102128 0.7884012178666252 0
0 0 -0.7277396317790525 2.097516893558791 0.5278848231928418 0
0 0 -1.0985283473341576 0.7153915855146626 0.4864753864042144 0
0 0 0.09450207164743651 2.1123732034188034 1.7571301883086845 0
0 0 1.3201981562491034 -0.00026227691933911057 1.9894846657241176 0
0 0 -1.227780633665573 0.24949877994819047 2.035159574860624 0
0 0 -0.099183431772905 2.09498178897777 1.5427784152120405 0
0 0 0.6145236200924722 1.020892993006923 0.49043491126010896 0
0 0 0.4914060056998517 0.11064117960772324 0.5026539670242509 0
0 0 1.002002316030672 -0.5552942820177322 1.4388048776975277 0
0 0 -0.9885121465630052 -0.4091620604524915 1.9942505419022147 0
0 0 -1.2396325782176403 2.0886670440072757 0.4939327497229479 0
0 0 0.19820631352404616 -0.14448615025490796 2.02108249491035 0
0 0 0.4815184641905197 1.1155529755026847 1.9914940953580134 0
0 0 -0.7122898365713852 1.6141452386888104 2.042895485753182 0
0 0 -0.8550547033179526 2.1413641278006255 1.5258283450562256 0
0 0 0.46496210803705473 -0.6323794122695949 0.7575945305884498 0
0 0 -0.1258283333435477 1.8807104246762958 2.038845853443863 0
0 0 0.31062115841378435 0.12691743670142275 2.0248544212611757 0
0 0 1.534365433559297 -0.6331881687977472 1.5222014333763805 0
0 0 0.017747292726726815 1.5258589271652478 0.4475712200884414 0
0 0 -1.0347497549500662 -0.5566586180216029 1.2311277125942308 0
0 0 -1.3649468139336973 1.7264189551148907 0.41720980571657107 0
0 0 0.6251876653974069 0.11182906353766198 2.0292744994922494 0
0 0 -1.014046911452567 -0.2087791076686698 1.9734021186432857 0
0 0 0.15546356191038568 0.7603187279748134 1.9668786080158935 0
0 0 0.6451505913011655 -0.5977873331155945 1.8838422782194812 0
0 0 -0.7291495105533888 -0.05937750732185587 0.4505744432357378 0
0 0 1.0968545648034072 -0.00277758574240472 0.45315396265588426 0
0 0 0.8130974839941065 -0.481903593605129 0.44008861870393856 0
0 0 1.161225512589505 -0.6344504221182903 1.119585748416013 0
0 0 -1.239178363892298 0.9896420331662972 1.9983492996020713 0
0 0 -0.07976986783171225 2.057705254959669 0.5177783088983916 0
0 0 0.39822849550980544 1.7663814405534806 0.4840502471978054 0
0 0 0.6668353344818505 0.3393044120437603 1.985370919484848 0
0 0 1.515346358585845 1.963039305486862 0.41950915364909425 0
0 0 -0.3241881808082283 -0.5799602381921203 1.4248096714731648 0
0 0 1.3157191460605189 -0.3623025851215287 2.0032665345946556 0
0 0 -0.6504780290367388 2.1083601718524467 0.9097308916766201 0
0 0 -1.4734242346638102 -0.5570933493221195 1.0587122060481207 0
0 0 0.29155724554583395 0.5297364346586744 2.036839003386969 0
0 0 -0.3127824508458237 -0.48760695625477335 1.9816982548351039 0
0 0 0.9967903518891119 1.4725175175133345 2.0212189041275206 0
0 0 -0.7614602290066185 2.057909463661533 1.5000012502764404 0
0 0 -0.8484255006801117 -0.03824391354271406 0.4363162912852244 0
0 0 0.7544236813061391 -0.39839971999789325 0.4453515856418152 0
0 0 0.13866737024806386 0.3153996826537071 0.43322069736996316 0
0 0 1.068821105166435 2.126751762425762 1.258214010243972 0
0 0 1.539348814936853 -0.06470478170801464 0.48068864402674316 0
0 0 0.5471577966522223 -0.5853889834280255 0.6044345799835681 0
0 0 -0.054411585838702425 2.073017947126068 0.6572908717022689 0
0 0 -0.5663523009568494 0.24313630318817592 0.42755856166748707 0
0 0 -0.9137379144382546 -0.5973755871603081 1.2097886284677057 0
0 0 1.3355549174755121 2.113702889046726 0.9716270635856935 0
0 0 -0.49980173726887034 0.676547898690635 2.0321999442022403 0
0 0 -0.260750734635687 -0.5829048915425155 1.8762331673035526 0
0 0 -0.8234738786393551 2.066723538283245 1.487771966036304 0
0 0 -0.2730612468142366 0.9007832541104714 0.4619365731150328 0
0 0 0.09889160252849893 2.0642696528085596 0.7215945565184994 0
0 0 0.46080619830794367 -0.6203983182906492 0.43629327799018414 0
0 0 0.7445366540952127 0.885045120500674 0.44565465671281923 0
0 0 0.3077753859768151 -0.5934043666081985 1.2859994416311258 0
0 0 -1.0082311900685264 -0.2504077874356134 1.9532227058250877 0
0 0 -1.3246955923969113 -0.6000403831993661 1.5487936609569084 0
0 0 -1.4939789248004267 -0.05432490954539526 1.9971741540361418 0
0 0 0.32997302313560684 1.1407521463108583 0.4223018254976638 0
0 0 -0.22291306067500605 0.6255728398605267 1.9634773858644254 0
0 0 -1.4691062741955847 0.272692174379211 2.048187311267027 0
0 0 -0.6013680933964988 2.0631314400556975 1.4942081510286458 0
0 0 1.3068612809336666 2.099369315601182 1.186471820605157 0
0 0 -1.2433905735860362 -0.627591485366602 0.5168619554033207 0
0 0 -0.7530831364882802 2.138936338643779 1.0683338882902453 0
0 0 -0.8821584964608089 -0.6165436032104017 1.3388289117386973 0
0 0 -0.8462805623357419 2.039157359888166 2.0479976714460193 0
0 0 0.4329526028102002 0.7055839418397989 0.4840018224488938 0
0 0 0.8071416624993017 0.3758469556914449 1.9802271990166322 0
0 0 -0.37984319723943516 2.1047308373257065 1.8327483514613065 0
0 0 -1.528308825228719 2.0680668871088828 1.9514440802155428 0
0 0 1.247666287115857 -0.09039835900073401 1.9550690688021897 0
0 0 0.2688405880871587 1.3512645918698982 0.42969612194099627 0
0 0 -0.6252772988363539 2.065696469599933 1.4568347102813046 0
0 0 -0.6011417632545499 0.07741508767864413 0.470283368389974 0
0 0 -0.09114361307329344 1.7602192247709432 2.0204178523090492 0
0 0 1.5195926570387597 1.7586179332898293 2.04279985816541 0
0 0 0.5482767923497773 1.0802921728959096 0.46697248912139067 0
0 0 -0.5033400832187274 -0.5525661835139082 1.5921788039988019 0
0 0 -1.5610451148926985 1.691267134983322 0.4985573156461651 0
0 0 1.4961143255265816 -0.6016588486698389 1.0681838010285252 0
0 0 -0.8548439782158838 2.0832383257045977 1.025501059730457 0
0 0 0.8799955615411399 -0.6403731466914826 0.5952929978251212 0
0 0 -1.5693387465455066 0.615248059525594 0.435268077409656 0
0 0 0.4160686012674031 -0.5942069782255572 1.7330002804754783 0
0 0 -0.005594953218957421 -0.6253877294239114 0.4882919702675286 0
0 0 -0.6354061763772362 2.0558233923468294 1.928935162890959 0
0 0 1.1079993590609436 1.519341711349272 1.9829153874007388 0
0 0 -0.363210975257656 -0.44140486600174533 0.4069733850618469 0
0 0 -1.5132240691921077 2.054911905777013 1.9296231140777294 0
0 0 -0.8787638273095432 0.685697822671749 0.4300538392353972 0
0 0 -0.7202072845880949 -0.2878240987000009 2.020353241786494 0
0 0 -0.927851698532751 -0.6333025550364488 0.7971166472134825 0
0 0 -1.0868372129165462 1.7341373405053797 0.48127189636390055 0
0 0 0.14602482325251454 1.8920866444481381 0.4694335844628179 0
0 0 -1.2497464510993288 2.0762004161633865 0.8969238678894615 0
0 0 0.4477662184218749 0.8425832173611498 1.9685023009217997 0
0 0 -0.49953838407233 -0.04611400636452767 0.43221123439456 0
0 0 0.1965364714878235 -0.5954419122763304 0.4707963837598348 0
0 0 1.0645764834952764 -0.21706330532536722 0.4586678332217974 0
0 0 1.2421184752810603 1.2829171241836004 0.44082678925324625 0
0 0 -0.7240298054602027 -0.09464740275829442 1.9864441169222626 0
0 0 1.549612574117432 1.983406959577265 2.0248315413487665 0
0 0 -1.2233369961611396 0.34416928875702335 0.449623267948833 0
0 0 1.4183280640581524 2.10200987231516 0.6268912901317414 0
0 0 0.7697870797646931 2.0785025833037274 1.5593869372888578 0
0 0 -1.2803079605861445 -0.6437277723512898 2.0111455143206847 0
0 0 1.41999814908085 0.44811622605793755 0.444717003477097 0
0 0 1.213690730631373 1.5997045539953805 2.0276440043664476 0
0 0 1.0491610811333354 0.21191463908943053 2.002345454606687 0
0 0 -1.3378792486116682 -0.620693803910759 0.6673739619724035 0
0 0 -1.4298339319457738 2.059774642101264 0.4686820378976818 0
0 0 -1.2180024837240848 -0.6372076884185476 1.4083716055178674 0
0 0 -0.08992098302872376 1.813213624050985 0.4831491881940754 0
0 0 -1.4946011853484695 0.5937618855391662 0.44336480780018905 0
0 0 0.05850297621292255 -0.5731896726171521 0.6669852936047165 0
0 0 1.41416812166641 0.8760311818656497 1.9555819294368884 0
0 0 1.5637303325119434 0.5174625634255945 2.040302878308108 0
0 0 1.3717429013479712 1.9940046343343176 2.0074522684459346 0
0 0 -0.9070077073349883 1.2085784877243184 1.967979958669356 0
0 0 -0.5205453988380688 -0.6102374274352345 1.2193574368528752 0
0 0 -0.11325775755164291 -0.24270480686082208 0.4305147043553629 0
0 0 0.7113335478866074 2.052540016698318 1.8468924709963188 0
0 0 1.1457669493939293 -0.22964249477796572 1.95382118262512 0
0 0 1.057969444677724 -0.5777544509753598 1.1952275347628118 0
0 0 0.1994038526752353 2.023898191210839 0.50142120760151 0
0 0 -0.33139895069551883 1.3954907188378602 0.4463412935761909 0
0 0 -1.3700016454506834 1.8951755261506518 0.4813254960733022 0
0 0 -0.08748265298433755 -0.5939571679846745 0.4429558894064942 0
0 0 0.40791649852307077 2.103678515730124 0.4441380221133039 0
0 0 -0.908092154091785 2.1395853852104514 1.5413916708117947 0
0 0 0.5194098403088532 0.48553435261985345 2.026606849036718 0
0 0 1.353884472125289 0.3628515067814091 0.44763511407834133 0
0 0 0.01796731296569254 0.6282769919005895 0.4355094544098368 0
0 0 1.1625250121862223 -0.5734498418488156 0.615499620808056 0
0 0 0.7921342848516084 0.9570444995076592 1.9677770741374827 0
0 0 1.2359170158127832 1.9297708299185465 0.47278557357278983 0
0 0 -1.4058628271477018 1.754761834348207 1.9883595736100435 0
0 0 1.4972342483539016 1.0996012765018395 0.4589291337348008 0
0 0 -0.5124324516541114 -0.5734356476510396 0.4978684460558833 0
0 0 -0.040447698668397036 1.0168953916380956 2.0468776692616952 0
0 0 0.762835650223078 -0.579027150493111 0.6386372261611842 0
0 0 1.1448751445454524 -0.5931059444891218 1.5144680435880484 0
0 0 -1.1641867551508138 -0.6413713882734244 1.6582068456791188 0
0 0 1.3073337222457808 2.069891467563472 0.7082353572615484 0
0 0 0.21853461901986004 -0.6086931847092385 0.6650585079635589 0
0 0 -1.3294709122828603 1.2515421950026393 0.499038742047491 0
0 0 0.7466262159947528 -0.5546491625023491 0.9497767170240266 0
0 0 -0.4432505603980108 1.1217241634266275 0.4600120001956395 0
0 0 -1.289442852495945 0.9115416451088545 0.43887836538832814 0
0 0 0.4039624867975946 2.0767040758065023 1.4612184156277515 0
0 0 -1.4192534423902716 2.061923916254697 0.7385770827138245 0
0 0 0.6863312043761867 0.6546121144352803 0.43683189095762265 0
0 0 -0.9913187644791013 1.2230783073780622 0.4768374831101444 0
0 0 1.258265586737696 1.4935640627095192 1.9803751926306552 0
0 0 0.770886272345443 0.3054739079597196 0.4757887140310334 0
0 0 0.4391072730712535 0.8532083342413257 0.48639000378137376 0
0 0 -0.7270634405489802 -0.4010477619061872 1.9766300068465958 0
0 0 0.8280110498908058 2.1467881110676634 0.775773684978621 0
0 0 -0.9604900501224322 0.7432014216646656 0.42270612012750974 0
0 0 -0.5620003568937562 -0.5586379124206706 1.4814748356458567 0
0 0 0.8288772858215268 0.28449790944890807 0.42278636602790043 0
0 0 -0.3331578726948552 1.0701455801170718 2.040449018057513 0
0 0 -1.3185666763848656 -0.5917535707016655 1.2749060360554865 0
0 0 1.0234042790589108 1.8779808449945181 0.44593645788809666 0
0 0 1.1823559104189805 0.538073775215065 1.9738964668533727 0
0 0 -0.47865499630805464 1.8921954106838246 0.47811355247582676 0
0 0 1.2529735836661553 1.6941079727843065 0.46197683772166764 0
0 0 0.2994481981095958 2.0602571595751664 0.6332042993670395 0
0 0 0.7346431420924349 0.03260045291018354 2.0274311854953075 0
0 0 -1.0515956307415746 0.23548933801633565 0.485829733525565 0
0 0 1.2326058012025105 -0.3529888144779616 0.4116100010242181 0
0 0 0.9584638166505246 2.0962886765927595 1.2057022340364285 0
0 0 0.3196047331741654 -0.5803472145800048 1.24337337304951 0
0 0 1.275520308404562 1.2181037280977989 1.9934718625793697 0
0 0 0.05110802612305809 0.4358451054972666 0.4075717024382304 0
0 0 0.9597746255070208 2.074843007663322 0.8984097197472855 0
0 0 -1.1499688767369878 0.9215555833395286 2.0417538499687033 0
0 0 -0.21312991623618838 1.7210315819435802 2.0155014491699537 0
0 0 0.6116398387672204 0.19030600877236326 0.41075816805914245 0
0 0 -0.7211650063084829 1.3047315583302952 1.9578808401826637 0
0 0 0.7034677680456047 -0.18125810949428756 0.49058778539011716 0
0 0 0.3025499060921033 1.5881665543377197 0.5016173399673002 0
0 0 -1.2171711928986448 -0.29433812531121895 2.0197037504840827 0
0 0 -1.4182965034022885 2.089193191984643 1.1205058497087648 0
0 0 0.05081837314226001 0.18660012643880697 0.4428364212538196 0
0 0 0.4988561044426789 -0.5843707807151746 1.4153384044909838 0
0 0 -0.6565479083951843 1.6218519455570732 0.46350672544242855 0
0 0 -1.1265413526761017 -0.6208272052723975 1.375511880926473 0
0 0 0.9567676081990721 0.5940454366538188 1.989397398602855 0
0 0 0.6580060564840551 1.1454956136793546 0.5018662793249594 0
0 0 -0.6633495741787764 -0.48903934187537845 0.4892079235289585 0
0 0 -1.0163283988750211 -0.5871988255717462 1.9722244858324587 0
0 0 0.5200537021753675 -0.22844895053869407 0.4112945837483012 0
0 0 -1.3694447237980176 -0.6241805810851218 0.7672670888806412 0
0 0 -1.0841337844937866 1.2671194334737625 1.9908373956309244 0
0 0 1.2860988074891626 0.2343128056560686 2.0338575415190676 0
0 0 0.815133874244089 1.4605365707624391 0.449835124414929 0
0 0 -1.230020685148296 1.8037428528329282 0.488606576520334 0
0 0 -0.5849124960664228 2.080391503099145 0.7524353209179946 0
0 0 1.4784450544360652 -0.07944797180251917 1.9657080814018162 0
0 0 -1.0368654374641784 -0.5643603000887176 1.0003554582179044 0
0 0 -1.0382418530557302 2.068667512057578 2.0293896938580236 0
0 0 0.9869376912503891 1.748962129415215 1.972704031900105 0
0 0 0.8910671261001308 2.147915023190311 0.5266750843187368 0
0 0 -0.8166463812351965 2.095669040279252 0.5680505494780721 0
0 0 0.08039056215834761 1.9900895340795424 0.4925322438323959 0
0 0 1.4181949521420116 0.9703935737835017 0.45147471424456 0
0 0 -0.6075198285241681 1.6495898933768791 2.0276419204596983 0
0 0 1.1682136367448477 0.9369275157521588 2.028501213510767 0
0 0 -1.2556608686029582 0.0801169896970878 0.4506894886605034 0
0 0 -0.6792493793530201 -0.6481570439303928 0.8069309915097292 0
0 0 1.3989314228154086 0.31988493322798217 1.9595065826349995 0
0 0 0.35213477742323596 0.31052973217129753 0.4644537305552534 0
0 0 -0.4003443209742694 -0.13376928521144626 0.4991378545243531 0
0 0 -0.23144969464993914 0.9524339587537665 0.43788199552893936 0
0 0 -0.7344847048979954 0.9598208475247731 2.00136246716542 0
0 0 -0.2427175562351731 2.112169564884687 1.5301144290272741 0
0 0 -0.6407727022922189 -0.644715648337455 0.9336431932399443 0
0 0 -0.7410188139078171 1.7382284751731827 0.4248856384745794 0
0 0 -0.10233892574601522 1.076103005178163 1.9555071785888114 0
0 0 0.17193638700195346 -0.6406805499069108 0.7808984718740013 0
0 0 0.5307723787877885 2.0779382650081786 1.6469843628570295 0
0 0 1.5111058140714375 -0.5813933018578259 2.0085682718448656 0
0 0 -0.01692217224018311 2.0567180951653707 1.4295638320756674 0
0 0 -1.2865835931151182 -0.6266371967290885 1.4525363711940342 0
0 0 1.31546608141855 1.8743006088862069 0.4227253981038307 0
0 0 1.303375888850046 -0.5762477612441474 1.3508680116356713 0
0 0 1.095951558916659 1.803069877374827 0.4747209456245275 0
0 0 1.058090116219399 1.5126463600919504 0.4336668987401786 0
0 0 1.3169115887762226 2.1308103215012197 1.359842970910393 0
0 0 -1.4760832096076955 2.0809586526733757 0.849192652615435 0
0 0 0.9816059676788349 2.0583059813170026 1.723603361228134 0
0 0 -1.4249957559685233 2.1227040721055412 1.474471237983171 0
0 0 1.2752803676677549 2.1074736962767706 1.6541836332304423 0
0 0 0.5360472399581551 1.5719169031413422 0.46308863284332336 0
0 0 0.6580052255943452 -0.6160174915048968 1.1356307880976897 0
0 0 1.0130387154861107 0.3985439910751746 0.428923864661923 0
0 0 -0.7688079296716642 2.0495891825139436 0.4698084286652333 0
0 0 -0.5672459993822012 1.6605504443077608 1.9837566561910946 0
0 0 0.12104182706943756 2.068061803090032 0.968515744028203 0
0 0 -0.20319857013492104 2.1377309486068046 0.46603227378194223 0
0 0 0.8240391385616657 1.7136214330647646 0.44057299228643787 0
0 0 -0.7811653995947383 -0.5284345094667788 2.033810511564301 0
0 0 0.9979657364638657 -0.6412399587967794 0.9861796098250366 0
0 0 -0.3325261308223355 2.1444544907252907 1.361205356166323 0
0 0 0.9044876835788878 0.26914680712618433 0.45642859886500875 0
0 0 -0.2194599951496643 -0.5461101235178287 0.47289256497932763 0
0 0 -0.840939371344059 2.1043187191476855 0.9924064498157509 0
0 0 0.40803640813450937 0.2227175027106204 1.9760415872423087 0
0 0 -0.7619961096326402 0.32449812843173576 1.9539585033754232 0
0 0 -1.4037076892519926 2.0618765472643172 1.1045955450350893 0
0 0 0.4752955223154851 1.0243396609491615 0.44528237502019563 0
0 0 0.6805003020622347 2.050847455099724 1.1700633033919194 0
0 0 0.9033605377246379 1.5950961960896588 0.5016457269506293 0
0 0 -0.15413008724002863 1.5182650708494514 2.0508758382502053 0
0 0 -0.04572171797688118 2.0825517516584515 1.7750766717943083 0
0 0 -1.0237545974838795 0.32341117502225125 2.013572244215368 0
0 0 -0.8991558874889942 2.1199381679267875 1.8021690644663033 0
0 0 1.5224721590439665 0.6153678851243636 2.0239934601418543 0
0 0 0.6003990647811097 -0.5518006441379251 0.6269640572672792 0
0 0 -0.11154667977806598 1.271465400470556 2.015595903727311 0
0 0 0.10784239293576303 -0.6277852226594307 1.407046169544479 0
0 0 -0.7731500807779021 0.9969870351485104 0.4344801850090667 0
0 0 0.33451355159286633 1.3688225005791306 0.4782849084836899 0
0 0 -0.8002677988999889 0.27903702437470923 0.4512736211024314 0
0 0 1.324727569776932 2.0974643873109224 2.0337455039326064 0
0 0 0.6323325778211899 0.8736348754861298 0.41527360257466095 0
0 0 0.415512514119031 2.0690613654655152 1.0422347084113275 0
0 0 -0.33171708628841845 -0.043151547032002524 0.41889403906879585 0
0 0 0.5469793536504861 -0.64265737304204 0.5829653395552652 0
0 0 0.07524101439028552 -0.5769749075160704 1.7555087423646585 0
0 0 0.9915091295949074 -0.48236343462785314 0.4849403627236252 0
0 0 0.8665923743762622 -0.3128252438918284 0.4791857634248382 0
0 0 -0.9321738274040268 -0.5897757925292229 0.9266660498092666 0
0 0 0.7500507592828911 0.0010175816381172709 0.4854448483609509 0
0 0 -0.7886081076904231 -0.5606331035326477 0.46232314750723635 0
0 0 -0.10709192313101634 2.1220698283141535 1.199946026860023 0
0 0 -0.9098404432753688 0.17272429334956663 0.41329183227741007 0
0 0 -0.20988050966875038 0.9996420865616238 0.4939669281603888 0
0 0 -0.11157611870397055 1.4841704410979923 0.46866272041555124 0
0 0 -1.1657064995061555 -0.6187259027319854 0.5241021319530162 0
0 0 -0.6019048064895451 -0.1250076925626371 2.006272469103922 0
0 0 1.4189030457114926 -0.6084516729431519 1.8779475467763176 0
0 0 -1.3884578327597283 -0.5772436850316862 1.4692211490681784 0
0 0 1.0653058438409357 0.7902232159043632 0.4994093970920894 0
0 0 -0.25739834670212947 -0.6394156177650152 0.8165141422423171 0
0 0 0.8474343597598959 1.2534718797631053 0.46915587872200615 0
0 0 1.259383295255458 0.038835166873060656 2.0053203382212113 0
0 0 -1.4360369945855744 -0.4611527542067506 1.999923129455047 0
0 0 0.9566446330014999 0.9780002713253542 0.4523236044943545 0
0 0 0.691171545384837 1.0870745936516752 2.0434724187259006 0
0 0 -0.4838465294457699 1.0516491673990218 2.037122728193541 0
0 0 0.540487321851026 0.25213586351219974 2.0057167490466723 0
0 0 0.6574322808567628 -0.6134208702946959 0.8183126891171713 0
0 0 0.2321056778877919 0.9666491209918027 0.4146130929424562 0
0 0 1.1774723816859924 2.1114511761881007 1.602750986717063 0
0 0 1.5244636159684632 -0.19438776708670158 0.46444747617957827 0
0 0 0.26383955758553923 1.381605417116303 0.49478283833175474 0
0 0 -0.3551335759330003 1.5875968290246576 1.9960681028684792 0
0 0 1.2682314602394476 1.4533366336063744 1.9760919453714942 0
0 0 0.7107410433187029 1.2479829089540662 2.0010503834087965 0
0 0 1.0862428294291262 0.7795693509129373 0.4565520281454286 0
0 0 1.1386923816991836 -0.6258034296566157 1.2314277735251546 0
0 0 -1.508614668701904 2.113071432794074 0.44113469542346406 0
0 0 0.2532353983282025 1.9502645108870682 2.012266132250166 0
0 0 -1.4238710952500357 -0.5724912321326479 0.5037919632098808 0
0 0 1.5416102343451077 0.3416056686042481 2.0009264834569134 0
0 0 -0.9110051957341938 2.0520140333032746 1.5876893310360733 0
0 0 0.7613442188277308 -0.5533497107837231 0.6580131875222764 0
0 0 0.6841676556619887 1.6735110836710836 2.0073053929777522 0
0 0 0.717404616656776 0.8894316924795671 0.4075979789045764 0
0 0 0.4385952697186264 -0.09936182927536419 0.4041803195776499 0
0 0 -1.2523365438211767 -0.026913746598922872 0.48269732900140216 0
0 0 -0.6708762071452428 2.1108414048431623 1.8021060139245677 0
0 0 1.3194051656928814 1.7839506381004704 0.40524439992282346 0
0 0 0.8379876316733066 0.8422909476187666 0.4861886429643595 0
0 0 0.11336873032285588 2.143284592233078 0.7041164138957254 0
0 0 0.7118911874144387 0.5776030907843823 2.0108114913658697 0
0 0 1.1462042682046705 0.7384622433011074 2.0477374355846365 0
0 0 0.6271182669879107 2.1175767093244575 2.0278287563280153 0
0 0 0.1949207748688664 2.108163486313395 0.7743698148684114 0
0 0 0.8979345780453474 -0.2724205992386033 0.41391110855171387 0
0 0 -1.044394881447008 -0.6482673510656387 1.9041129097029748 0
0 0 0.16723610437178316 0.5711838356510546 2.03723436672673 0
0 0 1.310062747295225 2.0731846833892282 1.8891577363188408 0
0 0 -0.6810761365258896 -0.5687107253133996 1.3262065838626875 0
0 0 -1.012579766825015 1.6067662958111082 2.0028765826056163 0
0 0 -1.2551035504130963 2.0651279709415857 1.2069130507459562 0
0 0 -0.7765472650166616 -0.6172896314411613 1.9336055077519927 0
0 0 -1.5387347031689123 0.9947695794606815 0.4250940604993154 0
0 0 0.38264058684933966 2.089776058744775 1.5941472335960094 0
0 0 -1.0351055742051298 0.3291047887240335 1.967135938548323 0
0 0 -0.08946199297417068 2.0777526395151096 1.575056367100656 0
0 0 -0.14505651490146865 -0.5018971674994281 2.0513532370064262 0
0 0 0.08039394193101934 2.065480134305321 1.9585893718394145 0
0 0 -0.19515724549892965 -0.5663123479541534 1.2420017677057222 0
0 0 -1.1385858407123735 0.25612986071357324 2.0403567122423008 0
0 0 0.07351284188895968 -0.592004269228265 1.4477368060900637 0
0 0 1.3883889624951053 -0.6201061125879459 1.738414031796747 0
0 0 0.0442525284757469 2.1290917102104734 1.1622831437101553 0
0 0 0.15127711617819384 -0.11323140307695212 2.0198095919754295 0
0 0 -0.15799505735142882 -0.2280115506537903 0.41532429713360774 0
0 0 -0.5299554707694414 0.6271462267789172 2.0352932593435336 0
0 0 0.9283455809653365 2.103091901965729 0.9665151020709208 0
0 0 -0.5838345565302991 2.114207375111172 0.967233724294507 0
0 0 0.6477580285777162 -0.6295074200972988 0.7950997573409232 0
0 0 -1.4664470176425384 2.051124780933988 1.0471638674290271 0
0 0 -0.9383861429160608 0.48837025364818465 2.003815733286058 0
0 0 -0.971295150205144 1.6428073601338322 0.472041204190389 0
0 0 -1.1041319909680196 0.7903983346151309 2.0336922794593417 0
0 0 -1.395576721563382 -0.5760730110562307 1.4736878925552974 0
0 0 0.4039841620619109 1.2317609603281159 0.4569099155065185 0
0 0 1.2570281560605072 0.6375368735408011 2.0389231028226167 0
0 0 -1.0005087967433985 0.013817426488863749 1.9896598355916595 0
0 0 0.37775976724585414 1.7104813972434323 1.96943107127835 0
0 0 1.2186196185159361 -0.12138311078341535 2.047154270393543 0
0 0 0.09995318723973101 1.4461565285772318 2.0214050908973555 0
0 0 0.9558557191165047 0.8892514183722484 0.49582451454341836 0
0 0 -1.1123370634128276 -0.5890011643539093 1.590384908069613 0
0 0 1.2862412323972299 1.9655735864379607 1.9832339756906245 0
0 0 -0.5048397344837106 0.26676719200837395 1.9596778413976765 0
0 0 0.44896052544556886 0.5674769952256231 1.9892873991340083 0
0 0 0.20508630037514575 -0.022978591663103565 0.46703625311701313 0
0 0 -0.7646102934817599 1.703710483148212 2.013747612853002 0
0 0 1.4652137226952617 1.810497920136861 0.45855956695595257 0
0 0 -0.9878270116786618 2.073181591017852 1.65157156223613 0
0 0 -1.406485858089994 -0.34852456810762145 0.41507209575899773 0
0 0 1.5201280382658835 2.148793436174807 0.8422133021102973 0
0 0 1.5543832705889762 -0.15921416825669144 2.0224829732729432 0
0 0 -1.2843819427760974 1.0079100383360395 0.44361155206401737 0
0 0 -1.0512138090347722 0.8855491786174583 2.00366012970689 0
0 0 0.5560634829240598 -0.5869888710905751 1.8136049286758602 0
0 0 -0.6469956077728699 0.4241618289927632 0.47179260940354806 0
0 0 -0.1781373050606061 0.09523747457866427 0.4749316873417445 0
0 0 -0.7086635940936511 2.0643291964045094 1.770964458453998 0
0 0 -0.357239864336796 0.6157649915726517 2.0128815217634317 0
0 0 1.0700360352230858 1.347278215331073 2.019135690823168 0
0 0 1.4641198058966234 0.7533458055597637 0.4426711165926186 0
0 0 1.427345639208537 1.5773847627954434 0.47870934483864025 0
0 0 -0.9784914023164266 1.0678937482072592 0.46787443574883236 0
0 0 -0.5011430220150328 -0.5012372449605982 0.46592849891248 0
0 0 -1.0113719472124731 -0.6023495190415691 0.8294164693345314 0
0 0 -1.1619794786884898 -0.06957815654473776 0.4391670547657477 0
0 0 -0.7979668264318084 -0.6039222702899276 1.8674781187495082 0
0 0 -1.1780699394818608 0.34896179013489426 0.500612844591407 0
0 0 -1.5114823259058066 -0.3033152109023103 1.9892416697985862 0
0 0 -0.6313447875864553 1.1264150207567483 0.46710405753459183 0
0 0 0.24244412062899046 1.7601825552494528 2.0041327557924706 0
0 0 0.5570582171804062 2.058656422415823 1.4248364657442374 0
0 0 -0.9471055083305605 2.051234144670259 0.6514913624390187 0
0 0 1.3656560865780287 2.025526869485332 0.4464233730669602 0
0 0 -1.0021854395834553 2.0836912681533866 1.8824335691668033 0
0 0 0.48227698692007603 0.10102692862929763 2.0001297059693197 0
0 0 0.892296400143501 -0.5736452273324935 1.8907154529772758 0
0 0 -0.09868428418551312 -0.1002909878413607 1.9836905204263964 0
0 0 1.2952393907430926 -0.5698395278105328 0.8371482583851734 0
0 0 0.24033548083427791 2.0866966360190924 0.40582642601384056 0
0 0 0.004778566379627147 -0.5997661831675869 0.9827010441757736 0
0 0 1.1167388303614612 -0.013158241269096593 2.0083985241887397 0
0 0 -0.38884014716848037 -0.6336625756476322 0.6205616682161174 0
0 0 -1.0844659526950629 2.1080978108484034 1.4303397561443159 0
0 0 -1.5078565959619998 -0.3804375182760187 0.4589974408579761 0
0 0 1.0680738913576762 -0.5560457659286502 0.8923174395271716 0
0 0 0.13616512539590664 -0.5858213746571743 1.2833666917817226 0
0 0 -0.5579727681440374 -0.2496301929595669 0.44086024094052545 0
0 0 -0.9915185631645267 0.8201787435104366 0.5007279708338052 0
0 0 0.5738029243989686 2.088801560989255 1.2729093032217738 0
0 0 0.013800694641228795 -0.5556062608236032 0.9907063340676001 0
0 0 -0.8904523844378192 0.2825382801630836 1.9621852866209335 0
0 0 0.17326209514491842 2.0546714437357636 1.629580193106095 0
0 0 -0.20892335445113197 0.9153438109549408 1.9740365064943766 0
0 0 1.0544639168587429 -0.600427681727673 0.7117628157939613 0
0 0 -1.2960674003251713 0.882733723756995 1.9839030416914967 0
0 0 0.3028967620975036 2.089941453266664 0.5367659079554651 0
0 0 1.2898774239772415 2.1059551832513863 0.6519073990308841 0
0 0 0.4585519071382773 2.074910628991549 1.9081119246930265 0
0 0 -1.5446698097380673 1.9402185079373762 0.4899196480419723 0
0 0 -0.7794817489924378 -0.6380312143067333 1.566609315537771 0
0 0 -1.125936035778819 -0.31122865494266394 0.4160167307984036 0
0 0 -0.9319467537284455 0.6124913523775846 2.0163939392567127 0
0 0 0.4405207655552199 0.42796011468274275 0.42050304805846894 0
0 0 0.3233787600106821 2.1021139428569793 1.9535719543311703 0
0 0 -0.5827143562272912 -0.5863177228411645 1.5432960967146383 0
0 0 0.9364516180730269 -0.08413641448976006 2.008346332264944 0
0 0 1.2364417538632364 0.06819071511352959 2.0421026836370757 0
0 0 -0.7105134720352165 1.05540283187272 1.9674662117273547 0
0 0 1.4861170772901828 2.093615409404317 1.313308654867595 0
0 0 -1.271483075102591 2.116154597153126 0.721181573078185 0
0 0 -0.5861762275691462 -0.6372234178975889 1.057921356887628 0
0 0 1.3057757048472567 2.0634781338323966 0.8390908515065092 0
0 0 -1.0413802152245446 2.1425576177334626 1.3511217829598448 0
0 0 -0.2307234370085598 0.6262091745714355 2.020347977978736 0
0 0 -1.1908211327797362 2.063431397550132 0.4673996828306438 0
0 0 -1.070196873239178 0.812121201210005 1.9697722992653732 0
0 0 1.4489227046894495 2.114748564384837 1.0726691226754914 0
0 0 0.6111607441371434 1.3332671163491883 0.4964817158131154 0
0 0 0.7567050421660135 -0.5942449577111666 1.5812064411833988 0
0 0 -0.8912408451212253 -0.6389807411936734 1.8813031673539766 0
0 0 -1.1056248665282469 0.09747626526365283 0.43840418213725807 0
0 0 -0.4610203238539452 -0.44034541931466276 0.4616645847128117 0
0 0 1.1465269226203931 1.623335723369366 0.4775877958865279 0
0 0 -1.2330578698584453 -0.6232040887286758 1.5264580330316344 0
0 0 0.029213746688702136 1.4372511434341064 2.0509784123837003 0
0 0 -1.0625979445580127 0.7690826372892448 2.0144686262480938 0
0 0 0.850330442769514 0.9328366431039856 0.435073020644265 0
0 0 1.538896609101668 2.072556322691873 0.910909405649969 0
0 0 0.3867765506849734 1.3882748525426707 1.9666360986723759 0
0 0 1.4381236257233656 -0.5937784986075383 1.1385980438884544 0
0 0 0.0673685177324348 0.7895867020002487 0.47702619831985604 0
0 0 0.6770865229207463 2.1092927907249446 1.0536964156725452 0
0 0 -0.9710909543667329 0.06872831397265189 2.039929502039056 0
0 0 1.1428885538128504 -0.5869005813996617 1.4150728933888161 0
0 0 0.9341656640180847 0.5930864664347635 0.48555542604467683 0
0 0 -0.07116804309231495 -0.5919090305386867 1.637063315739628 0
0 0 -0.9282927132110013 1.9882936244197766 0.49078163471507097 0
0 0 0.3505307311560537 2.0853610856722993 1.4211787192639 0
0 0 -0.3529660527363543 0.7464691670548265 0.4434042450433917 0
0 0 1.0012798102384433 -0.619099221468413 0.7468735591490203 0
0 0 0.8768693093255551 0.39156557014126003 1.9649282180406047 0
0 0 -0.931422142378496 2.0075654910096894 0.4547353593016188 0
0 0 -0.9452149629492321 -0.2853646637773988 0.42046361882522043 0
0 0 1.4298099832715945 2.098716537007178 1.3300141894310031 0
0 0 -0.8700187672626318 1.3176243455321413 1.9999210679707324 0
0 0 1.3822915233245552 2.058392748313531 0.8028163114443009 0
0 0 -0.7334891719005918 -0.5757319015518032 1.4661808079893457 0
0 0 0.6098401152891189 2.1268527107172126 1.891342109462671 0
0 0 0.935850967257644 -0.6229449464895225 1.119629650026397 0
0 0 1.5534348993275913 2.1035254152546305 1.5785065244191285 0
0 0 -0.6536595296337302 -0.22159659067379156 0.47430393713195573 0
0 0 1.2132300063289505 1.5048625141535312 0.49046390549872454 0
0 0 0.7457412068044853 2.0925760031443135 1.7048469347730715 0
0 0 -1.3442577914966642 -0.3701684454081897 1.9655055003125734 0
0 0 -0.6949854261291807 1.8644709624999474 1.979458593682577 0
0 0 -0.15774830656075278 1.6939149736637134 0.43239041983255544 0
0 0 -0.5242691040486467 2.0978141834829818 0.5894540505365893 0
0 0 0.08754017623410792 2.081821372006046 1.129862180515599 0
0 0 -0.06933013099728735 -0.5510483528003778 0.6022420221376297 0
0 0 -0.08686624790343478 -0.6016951263885921 1.8842019340733491 0
0 0 0.022946805806319137 2.1124274651434805 1.3154221013586733 0
0 0 -0.3449520332292799 1.0560166512685047 0.42004653276859916 0
0 0 1.5499897811176888 -0.6026695613685793 1.0460671648064435 0
0 0 1.0750260447445834 0.8511949946735791 0.4284251066913468 0
0 0 -1.506212670321682 2.1300313131361683 0.5056967554488938 0
0 0 0.1404248434921347 0.30755542517650225 0.41573267950598847 0
0 0 0.40995203086200593 2.0659829179555387 1.1673357304582659 0
0 0 0.9964798940923059 1.0478016574943005 2.0517490850622813 0
0 0 -1.5498288269902474 2.056410292408364 0.97576265654211 0
0 0 1.323697066369753 0.30779692532670766 0.4192918417648014 0
0 0 0.8038438455581725 -0.04409344137841409 0.4788805991483137 0
0 0 -0.6957617922465246 -0.5595957683961872 0.7572631125187078 0
0 0 1.4240898792287124 -0.5686920861827864 0.9928357415432802 0
0 0 -0.19030703305670826 1.0000373044867956 0.48590209930543304 0
0 0 -0.03818545262366535 0.2484949820574811 2.022976224501813 0
0 0 -1.4152260906082406 -0.2679815831863772 0.5015434876978787 0
0 0 -0.6922189979394469 1.1878074849405293 1.9825165086847065 0
0 0 -0.49382912945641344 -0.5542776064227617 1.0927288784357585 0
0 0 0.2881018613307762 2.0743055925001253 0.7980697035881795 0
0 0 -1.2192302027293798 2.1027177143825755 0.4253745655470711 0
0 0 0.56046584317254 0.7927687906658547 2.045296835946224 0
0 0 1.4941989859594957 1.5011227151008895 1.9576356543357334 0
0 0 -0.32228959672302016 2.1229926091290987 0.6344113857899456 0
0 0 1.3586770398006598 2.054484136712027 0.47350948797042025 0
0 0 -0.037767788945406666 0.89420583529242 1.9979077553144158 0
0 0 -1.1297901442194958 -0.570942992482413 0.5320299743514435 0
0 0 -0.5105768968312117 0.1342660012857404 0.43105701982979805 0
0 0 1.3985806546904858 2.0873224829183874 1.9222752359256712 0
0 0 0.5651565579190163 2.1369856934870866 0.8785188493684908 0
0 0 1.1082276655388648 -0.09631063718113064 0.4281797060105281 0
0 0 0.29413157483882024 -0.4145800714506742 2.044773334038041 0
0 0 1.129639320788674 0.48320242082970055 0.4213486787845985 0
0 0 1.1951630852736645 2.1110967259550657 1.2129581505102922 0
0 0 -0.7569302404544818 1.7942869084858113 0.47785856791803805 0
0 0 1.1850528914567153 -0.6074847473854466 0.46541026941930563 0
0 0 -0.04696239708477945 0.32985022018661747 1.9731170221686951 0
0 0 -1.048469145647022 0.7858144461703951 2.043679432395169 0
0 0 -1.3033844185856107 -0.2740259630813551 2.004800907691569 0
0 0 -0.6367220257890277 -0.2931604401653263 2.0052066949693677 0
0 0 0.8926610010776348 0.2305448111737588 2.005271813970269 0
0 0 -0.8935212479574843 -0.6478461105725297 1.4421670654826275 0
0 0 0.32248967136067974 -0.5855019145006213 0.536585985493514 0
0 0 -0.36774895292530685 0.007755584548671646 0.46361613409970603 0
0 0 -0.34592896526857575 -0.5732070878885025 1.1710419147431352 0
0 0 -1.037744700887978 0.8342942499439985 1.9895182906912505 0
0 0 -0.5128853636789703 2.142007506771927 1.7038915999125288 0
0 0 -0.7322373468819465 0.6387933238877224 0.416667791139989 0
0 0 1.441037402521423 1.7564361974901848 0.5009842873693249 0
0 0 -0.5548921959957869 -0.6384915273186873 1.0997348482656089 0
0 0 0.9297758173934643 -0.5777492447379482 1.18867478940364 0
0 0 0.39035196588898247 0.2869404398021218 0.4427970741342766 0
0 0 0.7427979919787937 2.1384891980717717 1.3177505991484542 0
0 0 0.7953899581299813 0.18656648548947663 2.0104674220433454 0
0 0 1.0578535723196771 2.1478778432374206 1.8630965421886814 0
0 0 0.39827718733129513 0.8105641834058255 1.9539628433918959 0
0 0 0.8260480132119032 -0.5707378660590761 0.8443602378986184 0
0 0 -0.8022047869615294 0.5098408157660366 0.4961035936298519 0
0 0 -0.03255464380967821 2.0692483630880494 0.9290969152110536 0
0 0 1.0294257850469277 0.15876313872516123 2.002488309314518 0
0 0 0.3961406975911781 0.32582082275909596 1.9921456837912805 0
0 0 -0.4320843788670319 -0.6183869935062805 1.0486064060992804 0
0 0 -1.4448135131085418 -0.6293926574197399 0.9854689157145687 0
0 0 0.6363485105403823 2.08583448604818 1.8275980918234862 0
0 0 -0.19637368424422852 1.4567709940804792 1.9923836545913387 0
0 0 -0.488386116357455 1.1305442595545951 0.47949033606264346 0
0 0 -1.5179991895860536 -0.3206223917594553 1.9566372694668392 0
0 0 -1.557941390483526 1.463857057717069 0.44629862183421376 0
0 0 -0.03224696713231623 0.45984586533044425 2.0344975679848534 0
0 0 1.4108325187790802 0.27389543696105 2.033600723538638 0
0 0 -0.03319162767227524 0.04300814651944529 0.45953583589987246 0
0 0 1.2524857903922801 1.0334917960506174 2.0218696447507734 0
0 0 -0.43667647029958845 0.5342882744401332 0.4882800188838816 0
0 0 -1.06860353177109 -0.6102720925039931 1.9648339413045792 0
0 0 -0.7226565493154353 0.5670629105806104 0.43179883057946633 0
0 0 -0.3758376072229408 -0.5893990819437909 0.997563255406309 0
0 0 0.7528024912900229 -0.5569772746955017 0.9004444946604291 0
0 0 -0.9800896902697859 1.4663557629004138 0.4031481313738252 0
0 0 1.3791546156940249 -0.08988595843256508 2.0032088246553528 0
0 0 0.12556678246585662 0.5752452309847835 0.4891493995894438 0
0 0 -1.017218255422071 -0.5849135127701042 0.49067132408934677 0
0 0 0.6324133052555396 1.2846122785543375 2.0317295726788496 0
0 0 -0.5796852701475956 0.5382185202459708 2.015194604666512 0
0 0 1.0135752443864954 -0.20960918179278465 0.42199332299435355 0
0 0 0.9435879602482764 2.0419101290908834 0.5024294145028027 0
0 0 -0.0899948388106 -0.5951795131040851 0.6109579838475966 0
0 0 0.9646984707844748 0.4416396800571717 2.028583767660769 0
0 0 1.4122352334304642 0.2795649907379567 0.46070986199571184 0
0 0 1.3475721242010485 0.36418089462672554 0.4490866311915409 0
0 0 0.5274711893636574 2.0984936821016076 1.6275306507679883 0
0 0 -0.060698904929134434 1.4085351751105113 0.41650442464459736 0
0 0 -1.5043806477879325 2.113763905654422 1.4945575557554014 0
0 0 1.2095164535321974 0.5727828083051829 0.4808214513111403 0
0 0 1.5069720916699567 -0.5394674522786602 0.5024518506625014 0
0 0 0.5714240093694625 -0.5606926960556171 0.9994352164992617 0
0 0 -0.0047152074845611125 1.5308706820344435 1.9983640973989008 0
0 0 0.0009415178204486008 -0.5726545791291591 1.1530301048801022 0
0 0 0.36645752697708356 2.1208097779956177 0.45051063681102976 0
0 0 -0.4388462759206908 1.094709952122829 1.9809752265213412 0
0 0 1.4141349872502365 0.17200822199025412 0.4590563793141058 0
0 0 -0.788675657868251 -0.585652855427981 1.2790407592682782 0
0 0 0.14671071861065355 -0.6312517697364417 1.7168407505113186 0
0 0 -0.9340138776351171 2.094222685512494 0.7339700010661045 0
0 0 -0.31755138912989667 0.4829137510909087 0.47718484044504283 0
0 0 -1.559895264697228 0.3875571287548 0.40720538035632803 0
0 0 -1.3069977479932162 -0.6213280709303 0.7023149149876331 0
0 0 -0.33078577037484425 0.3577481413014174 2.0195613011582636 0
0 0 1.0754152039254654 -0.20884200967393451 2.0438865182142996 0
0 0 -1.4027274017701918 -0.5855486398814531 0.5890472479243869 0
0 0 0.9986727025411133 -0.6231124503018222 1.253081494737601 0
0 0 -0.25965421892704676 0.10049753407085238 1.975719683507422 0
0 0 -0.7791812280162754 0.8346569171707785 2.022195522112471 0
0 0 -1.4912612968040289 -0.5783214171314037 1.5864295035970792 0
0 0 -0.42029692510681493 1.2861514098961508 0.45057764634960273 0
0 0 0.37184111402532527 -0.5699713892992351 1.3496976788482642 0
0 0 -1.2105396987127397 2.0749699577370944 1.023305925987902 0
0 0 -1.5394441418121887 0.7724543408355014 2.0506460789205088 0
0 0 -0.8047011130535549 0.5017657140109284 0.499562348556158 0
0 0 0.9255497450114993 1.160962781884149 2.0388918837830357 0
0 0 1.3977880671897758 -0.48507852538669627 0.4560691277008776 0
0 0 0.012756357744782454 -0.5324756715151961 1.9855353002780691 0
0 0 -1.4990050287433987 0.2165929035762032 0.48059655291917736 0
0 0 -0.03897699214947381 2.0603979936594525 1.94548067387968 0
0 0 -1.5445201709069427 -0.5847016387847488 0.9246654548959848 0
0 0 -0.32645521378878506 1.236693826047716 0.4484173278655975 0
0 0 -0.5818354891139705 2.031478971963005 0.41310785352297796 0
0 0 -0.5303901683118979 2.0777689888690167 1.8749390784435476 0
0 0 -1.2098830097850795 2.1182511380815687 1.8128922152559768 0
0 0 0.7226568433953275 -0.6030965241800481 0.6259328332665077 0
0 0 -1.0431093795715909 0.9227959975931117 1.979076354010462 0
0 0 0.3519066384204259 2.0840267730932256 1.2345181849432807 0
0 0 -1.2228406208985885 0.2056683319975492 2.0177323399983913 0
0 0 1.268789495813889 2.051268874141223 1.8748848821270245 0
0 0 0.3562652718388004 -0.5715798953554794 1.2136625213034211 0
0 0 -0.24424626695813312 1.2576326387691723 1.9778539129972388 0
0 0 0.9785770410733687 2.14877431783727 1.1960180737873722 0
0 0 -1.1978678901271895 0.00444671364230953 0.4064025209001636 0
0 0 -0.214874828052938 -0.5578171782261578 0.6739802600298022 0
0 0 -1.239855255692175 1.0191199519179408 0.4917924524024846 0
0 0 1.0408040233838753 -0.2931402690059566 2.013502487818614 0
0 0 -1.020644675910093 -0.6317844903707688 1.9468852300486232 0
0 0 0.7686893992801216 -0.45575298347104276 1.9646821875242657 0
0 0 -0.41648355005765114 2.0651801048943383 1.2555474057661917 0
0 0 -0.2669829309970513 2.0576654653125117 1.7660996463326617 0
0 0 1.2125254533108607 2.079020999849829 0.8464441784502698 0
0 0 -1.077130718385423 0.855766520698553 2.009601731432527 0
0 0 -0.9810419946524046 0.7508603365718551 2.040165042949459 0
0 0 -0.5050746996371362 -0.5514392607769114 1.539772796348947 0
0 0 -0.49804254606774223 0.08894563122220478 2.023552897281622 0
0 0 -0.3385400420376661 2.083938391047523 1.8870732005253643 0
0 0 0.5803367511290816 2.1173745412575986 1.1899217168116478 0
0 0 -1.3987841385087603 -0.3083552849057716 0.46355032531037 0
0 0 -0.2524627229704701 -0.46064739619513606 0.404012313176615 0
0 0 0.029978863025525326 0.30608769832042027 0.4746457213681463 0
0 0 -0.20610129029300994 1.4102932081338924 0.4465128914928477 0
0 0 -0.8825383164349335 -0.5544129908075603 0.9449737948910959 0
0 0 0.7051178996789629 2.1057024065724277 0.9717578797996679 0
0 0 1.4068760914098721 1.6935976828055217 0.45054902414937903 0
0 0 0.6280634124389812 -0.6161548785064033 0.553734162069535 0
0 0 -1.0250953678903545 0.4603393813304779 0.42685119835004004 0
0 0 -0.2212894594363588 0.20524028617908074 2.028878978740055 0
0 0 0.6676218710164088 2.078463805582032 0.8859536181607321 0
0 0 1.4369591244190714 0.2720578113066626 2.021735691875797 0
0 0 0.05715996483635277 -0.5727947390622514 1.0512702530238311 0
0 0 -0.46395800841697166 -0.39355829044018 2.0143713154871907 0
0 0 0.5495470944852747 0.546256119172084 0.4440949274371795 0
0 0 -1.0583710316065027 1.4121488318529118 2.036163638129427 0
0 0 -0.6662228651374692 2.130725635998459 1.5146918776943281 0
0 0 0.5807364941887938 0.5672332810000233 0.46906137394372993 0
0 0 -1.5573955922262432 1.6819769525324137 1.965947382907736 0
0 0 0.07490262766555444 1.7211062916114315 0.45004188613897833 0
0 0 1.3346349910106703 -0.5948495596026462 1.0408492692986333 0
0 0 0.8890876033920949 2.12154851500111 0.6553231536204613 0
0 0 0.8641399600879636 1.9215825985717048 0.4626758528986127 0
0 0 -1.0257888705432783 0.558253930013265 2.041250693219767 0
0 0 1.342643108466814 0.9228595305249154 1.9994201852345077 0
0 0 -0.18691657575018628 2.145932132718577 0.9371311012285455 0
0 0 0.2553172119161433 2.127544042555428 1.3145293521958172 0
0 0 -1.5358521870288337 1.6751219750438058 0.427501450477213 0
0 0 1.3102278151102849 -0.5930424786468904 1.3060755385425695 0
0 0 0.028378954968077075 1.834888684929939 0.4476475196315969 0
0 0 -0.5237451955135493 0.06382153538601076 0.45096516326783787 0
0 0 -0.9091590000976991 1.243987740637849 1.965745839758602 0
0 0 1.4003652421369854 -0.5576824394643027 0.5910797670380019 0
0 0 0.8722536651717561 1.744594829716555 0.47410599850589374 0
0 0 -1.2868664242918886 2.143081171969241 1.2100921347853009 0
0 0 -0.09323389507305935 0.3105596989329319 2.026086813403323 0
0 0 0.6264923971378722 -0.32085990027647626 1.9537588324166624 0
0 0 -0.939076074986273 0.6582601020481813 1.9772714192849214 0
0 0 1.1119549607950838 2.105065575020145 0.6602853415387193 0
0 0 -0.23550910815932413 0.19541956497992818 1.9745999641856238 0
0 0 0.4704196505565723 0.338600100960333 2.0193332100737598 0
0 0 0.543320521117169 0.20841777745494472 0.4967037301132968 0
0 0 0.4933923248813721 0.7327780500259056 1.9911730052400458 0
0 0 0.006998636718417828 0.2799008613744236 0.49496136324354445 0
0 0 0.5649161266239964 0.4249767450171702 0.4456812347450413 0
0 0 1.3696472970431532 0.26213276248149486 0.47286724251973555 0
0 0 0.47750531344095704 1.9428155960811473 0.48312491634435006 0
0 0 0.43062580750425417 0.17048685548075926 0.4393613589832548 0
0 0 0.08486040624882984 1.3591192296926906 1.9535600728088052 0
0 0 0.2815575066083884 -0.2949230656649393 0.4385744609698493 0
0 0 0.4575078624491633 -0.2700453798114619 1.9830946543373589 0
0 0 -1.2653335293698593 -0.6232041815944296 0.45777045511528747 0
0 0 1.0473798600475837 -0.6070130405695959 1.8215049311527434 0
0 0 1.5404837400124318 1.3396919251724753 1.9805328283074632 0
0 0 0.0070412122116465525 2.073123798863247 0.9704371511365313 0
0 0 1.2707615248011694 1.965033983559591 2.0013936896022093 0
0 0 -0.025428271913441547 -0.10181780344448232 0.44365905586475796 0
0 0 -0.4723307115494937 0.9243973559502412 1.9675635338893274 0
0 0 0.8358460553033753 -0.5687444060348614 1.4305553690473458 0
0 0 -1.4642554734423765 1.8035757726137691 1.9668355055842337 0
0 0 -1.373586742501431 1.5780041541720051 2.0260156969925 0
0 0 0.3801189746731639 1.7851272231132802 0.4845774320797873 0
0 0 0.6520749485644686 -0.6112002853068621 0.6706123178986934 0
0 0 -1.1159954737749476 2.0938803056973625 0.7906509219696691 0
0 0 -0.18684702306561696 -0.3805996352827701 1.9692891666986776 0
0 0 1.1935759536189186 0.06722975486206118 1.9817525031734315 0
0 0 1.0568977946104807 -0.18444704680411317 0.42200648146124353 0
0 0 0.679492848632405 0.15343077676863237 0.43751451423329857 0
0 0 1.5462606672305927 0.27042096286229855 2.0431160949965745 0
0 0 -1.2923556778388776 -0.002966242771642147 0.427020156341702 0
0 0 1.1408207324987023 1.9271556848327245 1.9706830035334617 0
0 0 1.050547003556022 -0.24367731689033856 0.4380493480346167 0
0 0 0.33046819140642403 2.1249578269921825 1.4002714633514728 0
0 0 1.1085144624757737 2.1158631636673926 1.1555013548361484 0
0 0 1.1234337131401704 1.715159980290342 1.9709848774781302 0
0 0 -0.9762861394254301 2.0618597976453925 0.948389001659978 0
0 0 0.8819551999223307 -0.5957383549627351 0.6558652297698055 0
0 0 -0.22790093618396723 -0.1349922976647765 1.9554226918995434 0
0 0 -0.26573707898672594 -0.6390878053483728 1.2803920029266842 0
0 0 1.455565431040314 1.5275416497265508 0.4682668760187193 0
0 0 1.018727328189132 2.065219116725632 1.0989056531618357 0
0 0 0.5738683201039891 -0.5654891203181036 1.5208572667821625 0
0 0 -0.8546659730685882 1.508827090952858 0.4508447746528691 0
0 0 1.4413860127601117 -0.2271102442765529 0.4945348228021761 0
0 0 -1.0266397542119643 2.0542425381340026 1.6738741095808982 0
0 0 1.2725851753273312 -0.613971260766853 0.4987509322639567 0
0 0 0.5398001811536517 1.067893093806093 0.41592412747384777 0
0 0 -0.6925039066481867 -0.588509534158943 1.492267699297841 0
0 0 -1.453065459430125 -0.6489394522096592 1.6293377032191656 0
0 0 -1.0503842912841934 2.0543412741000218 1.2859848531061127 0
0 0 0.21850757154449663 1.8173140019335927 2.0470436406018306 0
0 0 1.119443116786945 0.03784919529500097 0.4937426807001615 0
0 0 -1.4023887082540796 2.053615136212967 1.4368670272205437 0
0 0 -1.0152126168151647 0.3624529387977339 1.9635831285172416 0
0 0 0.8209146322287157 -0.648800105924678 1.2633791968554449 0
0 0 1.0792578913147572 2.1307254937683298 1.2797893953544799 0
0 0 -0.20252094750321925 -0.5618651142090754 1.7279784028095713 0
0 0 0.266687263498254 1.9666821134951402 0.4056918487932234 0
0 0 0.8959846675880336 -0.22755847935864137 0.4532544679324465 0
0 0 0.05776926989293196 0.9067446765998659 1.970392879659626 0
0 0 -0.28755484108689244 1.5412340599229422 0.4719905770981193 0
0 0 0.6695971414874653 1.40238206255859 2.0144096036986605 0
0 0 -0.016919729036262154 2.1093798060473237 0.47636670541479353 0
0 0 -1.3931730134590945 0.889714529969948 2.010451294240042 0
0 0 0.05195229951928182 1.3397615325017054 2.007205859165061 0
0 0 0.2112371633006438 1.5214712378461435 2.0408333444657916 0
0 0 -1.567230509399553 0.8961078880547004 0.4470980803697484 0
0 0 -0.5652753831350092 1.3192676767873168 0.4256775895157523 0
0 0 -0.6068273998342453 -0.5820939706712229 1.856300802106987 0
0 0 0.29221064541883646 1.0658779818631272 1.975349402084106 0
0 0 -0.6750657358669625 -0.6336131626198722 0.5969224004507563 0
0 0 0.8053407973724163 0.854624369030283 0.4697626411737502 0
0 0 -1.0950938497651355 2.1060445293509984 1.6386876038786735 0
0 0 -0.8087527246086866 0.027757888659242447 0.43898927941065236 0
0 0 -1.3116101146596688 0.571402619162501 2.021828173597094 0
0 0 1.2190848894935518 0.3665439141133501 0.4068879420045802 0
0 0 -0.5143293930833788 2.0994059138331203 1.7310293229661435 0
0 0 0.1266440846835033 1.8015751990482796 1.9609894506975807 0
0 0 0.3747838584136858 0.6417405114268848 0.4412291508414802 0
0 0 -0.4011468167769421 1.1992455149342582 2.002837554852579 0
0 0 -0.8212058091273104 1.956630840653686 0.49119960878323543 0
0 0 -0.011992401575814826 -0.07711222327687395 1.9967398261364118 0
0 0 -0.844299962314731 2.072663354797514 0.6879180486442025 0
0 0 -1.014932128622359 1.8562058698754649 0.42408850728338376 0
0 0 0.42364988245064805 -0.5884528353748315 0.4878282558618142 0
0 0 -1.5578990029459754 -0.33161608457217895 0.4470255397226027 0
0 0 -0.1253334569843092 -0.5949278051098075 1.117262091537933 0
0 0 0.07714756847369997 -0.6203716299243911 1.7379173841310764 0
0 0 -1.0601229052387073 2.128601114711221 0.6367205175596455 0
0 0 -0.5059897139118061 0.21020142855370905 2.026800304382628 0
0 0 -0.21391418628597503 0.2402751785030497 1.999836871840785 0
0 0 -0.8532818480493007 1.7069512542389613 0.49969058726085425 0
0 0 -1.4249065354718988 2.1309990877231053 2.0383512279891383 0
0 0 -0.3964156938642369 2.122363764577911 1.9731740852134472 0
0 0 0.8764843821021779 2.080448942622829 0.9808164796204253 0
0 0 -0.8127827436068809 0.9694007979066706 0.4499828230472477 0
0 0 -0.5571675313007101 0.7533201436917936 0.40624582372374063 0
0 0 -0.5076115437104052 1.4808140338126823 0.4905868901764334 0
0 0 0.8901865385006933 -0.6087849621637178 0.748393680359255 0
0 0 0.10878468741834646 2.1380693722588786 1.4978515758743276 0
0 0 -0.1532585449261763 -0.08418188012367267 2.046509435667583 0
0 0 0.5748132571514688 -0.09710776925821896 1.9997819221724138 0
0 0 -0.19346357750213783 -0.6367941447478378 1.2335181626263887 0
0 0 -1.2195258522519588 -0.03601046151637366 2.0257725179441453 0
0 0 0.41268716388762083 -0.6098437272173087 2.0344406325189617 0
0 0 1.0643413748974884 -0.0041371230561283445 2.03394319672084 0
0 0 -1.445447636741212 1.4119618910328258 0.46161829087684425 0
0 0 0.7304843429900156 0.18668172457108145 2.0524265844779803 0
0 0 1.1187275223232063 0.3617098072585614 0.46436837656174323 0
0 0 0.5335411517759967 1.4180603867267314 2.0331989379408832 0
0 0 1.4947131053122575 2.1241194842551745 0.8820649352183261 0
0 0 1.3113970212140327 1.2966769944867353 1.9998072390864101 0
0 0 -0.20247767973845332 0.9935372158079336 0.4397832635158554 0
0 0 -1.1654802444660926 0.0601195734579516 1.9977981092071704 0
0 0 0.9201608853116907 -0.6056421791609556 0.9948652047269972 0
0 0 1.0876279238976267 -0.5416111041015592 0.4217894799647707 0
0 0 -0.37901073977816013 -0.2619834475236762 0.5013006218567535 0
0 0 0.06705479339495302 0.3265968012605195 1.9682493072760094 0
0 0 -1.0401291850691723 0.6352438989409173 2.0496406497385564 0
0 0 0.48494505600930493 -0.18954509794748686 2.041475144834372 0
0 0 0.671954794609734 0.3038925269345042 0.4647000814576041 0
0 0 0.5142927010091003 0.27223085722961216 2.049136141470585 0
0 0 -1.2111753200249877 -0.6254725921140816 1.7544144800661272 0
0 0 0.6234220266514465 -0.1574198538087055 0.4110748943579061 0
0 0 -1.153871432287859 0.9048410637167827 0.4559876985714243 0
0 0 0.7555409848346759 1.6060603904102997 1.9852161885043271 0
0 0 0.4982537272668557 2.076886000982279 1.0915857467823438 0
0 0 -0.5782725919913683 -0.6163820613648914 1.8220930103972421 0
0 0 0.5647206168075347 -0.48894500514032657 0.453948800578749 0
0 0 -1.1235275668123794 0.3073100023054526 1.953131439473118 0
0 0 0.4828443273016818 2.1243404855733647 1.8688925135432422 0
0 0 -0.8217161081797335 2.1174956426950557 1.396324156067625 0
0 0 0.5146413898353179 0.5700618365368348 1.9695559692007238 0
0 0 -1.4931171303070574 -0.033197377645130643 0.44311593194117593 0
0 0 1.0197125663660151 -0.44658311777299575 1.9548754213758062 0
0 0 -1.4207882548157635 0.16635708296683893 0.4178682262756067 0
0 0 0.33709945311224465 0.14309806976054773 0.41755420458163583 0
0 0 0.4208195853024159 2.0900347836778534 1.242176643096969 0
0 0 0.1942905184720909 0.2793668217841704 1.9688049979933386 0
0 0 -0.9591163929695601 1.0625585654933742 2.033602319794538 0
0 0 -0.9937726399076525 0.6684780712639316 0.4429837732194224 0
0 0 -1.0276655239139258 2.122338484365132 1.7273164504253293 0
0 0 -0.5660216667405293 0.6825863113531869 0.49572303388346206 0
0 0 -0.4354600696069799 -0.3609747107782846 2.0175298532551285 0
0 0 0.4865109310943665 1.8975831033864907 0.4050782423886121 0
0 0 -1.5078262219627898 -0.07499690294222028 0.4391749061876429 0
0 0 0.41839037113242594 2.1255476144244945 1.6853890000378031 0
0 0 1.2893393708571215 0.7128743400095563 0.4269706932334617 0
0 0 -0.6780905567136734 -0.6010822884479199 1.152527273770521 0
0 0 0.231633104270339 0.039125373424241605 0.4081101528723732 0
0 0 -1.003101620251509 -0.6226544360233461 0.5363119463176216 0
0 0 -1.0508490263286383 -0.21553516604902723 0.41378426844960314 0
0 0 -0.9472271475084285 -0.6344935322725398 1.3687943148010202 0
0 0 -0.5072960245789271 -0.3182003332901968 1.9633277357258403 0
0 0 -0.015239246122830119 -0.5850352852515894 1.7224400425377682 0
0 0 -0.348487778633521 1.4820254853257164 0.45591094794978837 0
0 0 0.6104972916780369 -0.5945953188861086 1.396982983540437 0
0 0 -0.2667147954619644 1.6814888260117808 0.43806633603564216 0
0 0 1.4798066758754236 1.2858283509092694 1.9817397234021543 0
0 0 0.29412305278234996 2.125243237973109 1.2665664156969891 0
0 0 -0.23508726887367115 -0.6150300984445396 0.4104815023475936 0
0 0 -0.8997012957594566 2.0246684936215704 2.0283938348934374 0
0 0 0.9639052796240568 0.06961507653954924 1.9720844171473053 0
0 0 -0.9739066634551892 -0.550079276906317 1.0906546455623087 0
0 0 -0.5624212212353576 -0.6475450375138605 2.004109105308703 0
0 0 -0.09293312152968669 -0.6370963109775818 1.2283077477086644 0
0 0 -0.8957213268002446 0.19201515749491305 2.0031873192012797 0
0 0 -1.3202729647956535 2.1097173825952575 1.221848735755274 0
0 0 1.0238144223384649 -0.5836999734960258 1.1457094167335438 0
0 0 0.25214228889839396 1.8742785320954558 0.44326066644217277 0
0 0 -1.322488633855261 1.4151968669926556 0.44586528721361907 0
0 0 -1.3903848531085656 2.0527711376130036 1.6600503041180974 0
0 0 0.3710553503813949 -0.5280585049128947 0.4306393061991882 0
0 0 -0.3284332931752909 1.5137523192215527 1.963121874337814 0
0 0 0.9852584098793855 0.9553514459276842 0.483111720418011 0
0 0 0.590311304230875 1.8710623198967917 1.9717807400786782 0
0 0 1.250846062718371 -0.5888818298005083 1.727463616546802 0
0 0 1.306884434831034 0.7618638870810195 0.48117125108469594 0
0 0 0.3011464532608328 0.23006215749474168 1.9902289478182793 0
0 0 0.7453741391915143 -0.5982583300214599 1.5185480023299904 0
0 0 1.3908211205085754 -0.1880665903390799 2.0383349542064755 0
0 0 -0.6384852206514033 1.7086539160483343 1.9933586346389753 0
0 0 -1.5323446768210185 2.1252531526310903 1.1796826876340538 0
0 0 1.103350761597842 -0.35959888062128176 0.4270179647807931 0
0 0 0.9506760403518513 -0.15722455949833392 2.0304716253328148 0
0 0 -1.0786107292227984 1.5926403139622083 1.9642431504853146 0
0 0 0.6121434674574417 0.07114213678936221 1.9535486453184063 0
0 0 -1.5039327480084717 0.8050726334970348 2.0078809068427814 0
0 0 1.5441138735424964 1.857589476042049 0.491861565551141 0
0 0 1.1246260950660893 -0.6091326802127226 1.981354193535659 0
0 0 0.13038663335303435 0.2771016329286582 0.4561318845468757 0
0 0 -0.7101410028820341 0.9849310990539344 0.42809858020156444 0
0 0 0.07409017958335973 -0.0764467110405932 2.0212603332845656 0
0 0 -0.07156420643080286 0.05052323389185753 2.0324797295861146 0
0 0 -0.2965423786896648 -0.6386684149188266 2.0327412788082904 0
0 0 -0.23783157995128956 1.9178608361685148 1.990876124103424 0
0 0 -0.7771088219074249 2.1488490816446326 0.8194891201019856 0
0 0 0.14574557741671668 1.4761059309000204 0.4173915792728312 0
0 0 1.0312470136710417 2.126999811681931 0.5063242129991531 0
0 0 -0.5109989065500393 0.05738660209531332 0.45051596750894185 0
0 0 0.3349708671055085 0.32094391185048377 2.0192198194146065 0
0 0 -0.8969563012379417 0.15356297809214037 1.9860738467507484 0
0 0 -0.6780957022791486 1.0325190034131957 0.4589477801857015 0
0 0 -0.4731401702107181 0.02072058978249025 1.9546658160297685 0
0 0 0.9542281401912707 -0.5830284275042987 0.678822401450736 0
0 0 0.20476640257899237 0.24468029314106265 0.44343231602966604 0
0 0 -0.5468097061300332 -0.6428566235643078 1.8245123866980923 0
0 0 1.3369053698604336 0.3730025302940785 2.041927925358742 0
0 0 -1.3920357400371484 -0.6398685804873161 1.093726384086931 0
0 0 1.1345589381125425 -0.6085960947788873 0.4565305026329578 0
0 0 -0.6496940334831979 -0.5569179446590826 2.00515583546017 0
0 0 0.18832754791504502 -0.6197830714763388 1.452289931040237 0
0 0 1.4720640789721 2.0436774710729173 1.979661738004918 0
0 0 -1.079257301962626 1.35540517850348 2.0066232904565195 0
0 0 -1.485345107247175 2.1128882560577806 0.8847463001471524 0
0 0 0.6869283811747544 0.35496225105144996 0.4752683650506554 0
0 0 -0.8572033287671528 2.1296068231643437 1.7492683416827923 0
0 0 -1.2765438061377299 0.8998674302146683 0.43238665888788663 0
0 0 -0.03330278664484054 0.5157492400019885 2.0230264855609965 0
0 0 0.065118898483284 -0.618191153316425 1.2335592445888848 0
0 0 -1.3315271606191397 -0.2034546606749983 1.9737572888497898 0
0 0 -0.09011012551080322 -0.4581596210417316 2.018662781822427 0
0 0 -0.2210349349290941 1.542986654659799 1.956807424139814 0
0 0 0.31347206033936126 -0.5783835484363751 0.5445432082896723 0
0 0 -1.0929174691000587 1.6512100460022883 0.4611102347688192 0
0 0 0.45050095447743965 1.5856360034755383 2.0285623066449636 0
0 0 1.5535209857056493 0.9361556975451688 1.9746492416573216 0
0 0 0.9502570889030442 2.139956655435275 1.996172927232523 0
0 0 0.3520558950457964 0.1443133264733939 2.0162288689965795 0
0 0 0.39638225131909977 -0.5899258972667261 1.3489938913039938 0

