0 0 -1.4652619574666474 1.2107502601978826 0.7495418364519364 0
0 0 1.1200609521184015 1.2019889983145904 -0.7315063325386391 0
0 0 -1.3239672327456786 1.1772677311050257 -0.7735560824489928 0
0 0 -0.9831776140565722 1.3454909771422503 0.19369644952600895 0
0 0 -1.190085180402074 -0.6934473074172655 -0.8095127319223034 0
0 0 -1.343378678802327 -1.2206521270366284 -0.8203219039158158 0
0 0 -0.7089425192178398 -1.209271934351505 -0.7493342767608542 0
0 0 -1.0948768741497155 1.3205671466583764 -0.7074188229973979 0
0 0 0.10025694380715744 0.8225989877838169 -0.7906048122920073 0
0 0 0.46394504988239493 1.3483132160871452 -0.22217548429267786 0
0 0 -0.41295922252511685 0.30405280744659424 0.8093800392516003 0
0 0 -0.18880880248737486 1.378388783929495 -0.24003316703865862 0
0 0 -0.9370874431581884 -0.24722189236370173 -0.792271585210723 0
0 0 0.8964984846681232 0.9397160566737963 -0.790998886591464 0
0 0 1.3089970178876702 -1.344537689733508 0.4511375068254495 0
0 0 1.4093703127859092 0.6503652771696622 0.780871765129758 0
0 0 -0.3959100778876199 -0.013864347852681203 0.7982359791905431 0
0 0 1.3801572988091233 0.5740921394796663 -0.7938605587234264 0
0 0 1.466154014144736 0.7268228808972748 0.7493361834181206 0
0 0 -0.016128178272041493 1.3066129687965515 0.4343388816325693 0
0 0 -0.8826905666755492 -1.3447690958250462 -0.49125348642792666 0
0 0 0.7619572526144718 -1.3794111774489746 0.2915094996435954 0
0 0 0.5317985530910438 -1.3859038160771846 -0.46019826490755456 0
0 0 -0.855796399248081 1.3355867925384577 -0.27048264487000717 0
0 0 -1.3258394630922499 1.351813137062436 -0.27487244233466646 0
0 0 1.3033139263098583 0.8732129694467441 0.7276446547570199 0
0 0 1.121964093527398 -1.113064980934583 -0.7446954837829357 0
0 0 -0.9836072639698755 0.10124149767635027 -0.7837306040269367 0
0 0 -1.4929212834985857 0.5726837737955757 -0.7719458888108472 0
0 0 -0.5901356947594955 1.3585962010360095 -0.7862476036655507 0
0 0 -0.7266964401303562 0.14983761221764302 0.748872143803115 0
0 0 -1.2502774545944308 1.2042506697797422 0.7726311237744163 0
0 0 1.0532685267330786 -1.3999162046998173 0.2958190527359663 0
0 0 -1.3325205888365703 0.9347997232662857 0.7985882071879514 0
0 0 -0.5684965908508419 1.3665957847155266 -0.5827986373233216 0
0 0 -1.121462494514359 -0.3610569716331129 0.7346550311983276 0
0 0 0.22450648119972683 1.3056002700657314 -0.10552583261470283 0
0 0 0.9029876624186732 -0.24900343326660823 0.7321101872114205 0
0 0 1.1788117338375725 0.6990590490471038 -0.7288547222481833 0
0 0 -0.23681021862937324 -0.32116359049155796 -0.7440201822278479 0
0 0 -1.2823462931864162 -0.5273025415829268 -0.7954980732271558 0
0 0 -1.2933206975070204 0.30487323585565185 -0.7859168230124133 0
0 0 -0.7153574351238645 -0.18975309051562794 0.7550774775536315 0
0 0 1.2257831091022426 -1.3221775513106249 0.606600215131688 0
0 0 1.2621577678630609 -1.3200734080306613 -0.6144942689854045 0
0 0 1.214897275642715 -0.8793706035047304 -0.7326675758855562 0
0 0 0.16557778982628912 1.1626289302424075 -0.7985768604481266 0
0 0 0.5826918454709693 1.3755854762859199 -0.3970181786262198 0
0 0 0.3580077968147324 0.27964522197458863 -0.74072090877054 0
0 0 -1.4073134280285493 -1.3205014692960495 -0.7923017199456888 0
0 0 -1.5326147089098905 0.6558714497955018 -0.7755367519730452 0
0 0 0.9040098325614516 -1.3443479824979014 0.534407098012857 0
0 0 0.42987937915121766 1.3054043904249684 0.45185599900741824 0
0 0 1.357333269289437 1.386608848375399 0.03417921200243512 0
0 0 0.49353670968157326 1.3820261799383935 0.25074029593098457 0
0 0 -1.3783013609256607 1.359233057808143 -0.47352470118303536 0
0 0 -0.14063683299888763 0.35110767676719123 0.7262577952505354 0
0 0 -0.714656142047345 -1.1895373219196643 0.779822796272503 0
0 0 0.7327234805729135 -0.8179487143231987 0.7493028405310617 0
0 0 1.0480308792804767 1.0905044804341018 -0.7891698597647717 0
0 0 -0.23830111242283625 -1.3153964393768203 -0.490417593297879 0
0 0 1.480165418686357 0.571464223789111 0.8243424847733937 0
0 0 1.0479179391061018 1.3270935059428868 -0.5436748668150679 0
0 0 -0.13916670847646806 -1.3489550681602283 0.12427061984608301 0
0 0 1.5450286131639523 -0.04345135566820901 -0.8071142978172132 0
0 0 0.7374700472333466 -0.03161526177041063 -0.7386500011807475 0
0 0 -0.7410728694570917 0.7836731760313425 -0.7779646827320601 0
0 0 -0.48542417772773416 -1.341397162145953 -0.7863425116879845 0
0 0 0.8198849921992881 -1.3374466455329845 0.4289032568997768 0
0 0 -1.038328319024558 -1.3091803215441882 -0.39156941980354704 0
0 0 -1.5493151626707582 0.5481751837569342 -0.7991435731248798 0
0 0 0.9263493180364901 -1.3618470126641224 -0.7436174389363459 0
0 0 -1.049687916939721 -1.3599062222516147 0.33479317346600057 0
0 0 -0.5170583576350158 -1.3214918554047055 -0.7043491478073627 0
0 0 0.5663257775522754 -0.0721694756356166 0.8107995315003987 0
0 0 1.569935608072842 -0.21534926643462504 0.7987890068361888 0
0 0 1.4542044585240883 -1.3973582982436203 0.04056509684737197 0
0 0 -1.293173330546221 0.9619884872955164 0.7424200738297817 0
0 0 -1.458307023502693 -0.17258249831292916 -0.821814286355055 0
0 0 -1.4396977439887049 1.3583566150417512 -0.14699114151284776 0
0 0 1.2301889529149186 0.059669345828821996 -0.8134769607636075 0
0 0 -1.3982703911810994 -1.3409931219775586 0.5966575309137845 0
0 0 0.159169502858292 -1.3528866898616974 0.19968890804520245 0
0 0 0.9664062201100241 0.032366619243791694 -0.7342204807820731 0
0 0 0.5327099553499886 -1.319841487358191 -0.16352339120213744 0
0 0 1.5682330785680216 -1.360395552815528 -0.22717867984412565 0
0 0 0.2277373150642128 -1.3235420528121038 -0.2509053288940838 0
0 0 0.3558292962245255 1.3603319970160663 -0.4903959982536493 0
0 0 1.5391305150938286 1.389364240090717 -0.5214544597872407 0
0 0 -0.24039605850785417 0.6377913566889679 -0.7257184042400886 0
0 0 -0.06540218570319589 -1.3919628962951598 -0.2667025733925452 0
0 0 0.7264192546686652 0.5519436471858243 -0.7635300013423689 0
0 0 -0.4387587869330556 -1.3844113685245139 0.06874747590466213 0
0 0 1.0188193963330172 0.47866039729722987 -0.7780446951824451 0
0 0 -1.1820620772047283 1.3977442614492572 -0.02389954903165392 0
0 0 0.23489063273561306 1.0470525999508873 -0.7642221378288929 0
0 0 0.9226751144777059 -0.0452765878145065 0.7623356619869259 0
0 0 0.33735873826706353 -0.6198548120749529 0.7516423699590771 0
0 0 0.20845854432890554 0.3608765299182677 -0.73517719851283 0
0 0 -0.4008877112776761 -1.2455343574904885 -0.7277454523147745 0
0 0 1.2257287147754132 -0.0871913731394327 -0.7660341575352106 0
0 0 -0.8310651838014617 -1.3697862339366775 0.45871825563192337 0
0 0 1.4595413595880697 1.3744006851115995 -0.7229224791238174 0
0 0 1.0766992337100527 -0.9874816512313018 0.7523195297893578 0
0 0 1.062047162989773 -1.186247812423655 0.7534599838475717 0
0 0 0.7584632792919526 -0.19408253621395377 0.755313128604589 0
0 0 -0.25063358601159536 -1.368880693266958 -0.36572950745933064 0
0 0 1.1159551400855743 -0.5209447738185772 0.7590160961956387 0
0 0 -1.3600051866259244 -1.3392764137817303 -0.5098645669477082 0
0 0 -0.6855276183457294 1.3300947055302075 -0.03140408672568962 0
0 0 0.8827366122807216 0.979752150240149 -0.752268303931894 0
0 0 -0.25663775293012026 1.315159719960913 -0.5124281807879233 0
0 0 0.9192142083497385 -1.3919970876316514 0.6589878184869775 0
0 0 -1.1591976009871658 -1.305257213169087 0.04100420640104885 0
0 0 0.4196108470806237 0.3428849597416208 0.8208104654009715 0
0 0 0.21074847423603393 -0.8899467960731284 -0.770137232175549 0
0 0 0.4941456702392024 -0.03252911067241948 -0.7774592003442893 0
0 0 1.376211964788716 1.173288661580153 0.8150367192762823 0
0 0 -1.0625499257993907 -0.7301740892029451 -0.7916704458558506 0
0 0 -1.3879910712635402 0.16648034920748578 -0.7607993901348665 0
0 0 1.1530145831131828 -0.6771013201702277 -0.804768894142603 0
0 0 0.060108354410945086 -0.4268645547023484 0.8036049746736942 0
0 0 -1.4699450789691664 -1.3156751889157483 -0.6989446387293505 0
0 0 0.852479580826083 0.32371026293922656 0.7587575211574239 0
0 0 -1.2268345539042391 1.3267596038361478 -0.26727003626319334 0
0 0 0.44698384613058595 1.331800043896512 -0.2865522123051468 0
0 0 -0.7847690458885666 1.2371515853475172 -0.7683274416017826 0
0 0 1.1513771922436886 -1.1892185279367369 -0.8085953855978679 0
0 0 -0.8845697750506359 -0.7476880217644505 0.7371908911954427 0
0 0 -1.5675714300197154 1.3335922332906551 0.28915399118934615 0
0 0 -0.28894412419819515 -1.385273838961027 -0.05216778437421288 0
0 0 -0.11465285135498648 0.9498832051180439 0.7957369163695198 0
0 0 -0.043330163718128034 1.043603058124215 -0.7536804251771382 0
0 0 0.2697784423895453 -0.23147258894039124 0.7435892886224229 0
0 0 -0.5264800152139422 0.009037444833925212 -0.7450811165183269 0
0 0 -1.2658977217703717 0.7157387659012688 -0.7905596002600899 0
0 0 -0.8415417084958434 -0.6789513415424187 -0.824182218221832 0
0 0 0.12685561648043508 -1.3621204231371968 -0.228533507392101 0
0 0 -0.07406591316328526 0.15282199012427178 0.74618487905091 0
0 0 1.0500810516402375 0.10519603141222111 -0.7762003652997129 0
0 0 0.4797103182991149 1.3200186636939384 0.7833876857433455 0
0 0 -0.3086356681566875 -1.332832017510176 0.2722911424533716 0
0 0 -1.5316868349016315 -0.8941913533693054 0.7350509428076438 0
0 0 0.6930253905187262 -1.331044432744264 -0.1496700542126984 0
0 0 0.0522735620116781 -0.43720016594437794 -0.8091795029192624 0
0 0 0.4924532650932014 1.3657276244116665 0.5152844109731147 0
0 0 -1.1084803894535802 -0.5728418776375441 -0.7443815259502704 0
0 0 0.6748266327343653 -0.155852974078464 0.7748397811873278 0
0 0 1.4327262849179419 -1.1945101628508579 0.7897507113522576 0
0 0 1.4679411772527895 -1.327653387123876 -0.750923477161902 0
0 0 -0.5811152482844374 0.5967128100430903 -0.7546542668339565 0
0 0 -0.977656352970193 1.3292081289421136 0.4047785551974219 0
0 0 1.2409282622494744 -1.3236300713067324 -0.5032609395929748 0
0 0 1.5422770106712744 -1.3385492636441692 0.3526554801918549 0
0 0 -1.2751059099388735 -0.6479496071768375 0.7937946792214847 0
0 0 -1.3359473914961537 -1.364203998706752 0.27418047114922106 0
0 0 0.19761895336642832 1.278683748508359 0.7993157785089018 0
0 0 -1.1789482019412751 -1.3563228074501366 -0.38577891999138675 0
0 0 0.22034260910739034 -1.3667249524093168 0.49175926856948093 0
0 0 -0.9429368443223746 -1.218991914836655 -0.7555740265023412 0
0 0 -1.370920673298285 -0.38077002355987455 -0.7675458370751997 0
0 0 1.1604869664735102 0.33410991261086465 -0.766957614544851 0
0 0 1.5323185272093145 -0.22441634187513748 0.7883368997125448 0
0 0 -0.46474130270870706 -1.3638902989759336 -0.19202613018111137 0
0 0 -0.9168505520527213 1.3611233956064743 -0.06956498767779518 0
0 0 -0.7225755258958902 -0.5074208351178904 0.8113040815721914 0
0 0 1.1106621888442163 0.6666156612674392 -0.7846455736320487 0
0 0 -0.42089942729813457 -1.1466160909699767 -0.7358238154237058 0
0 0 0.32234296283307695 -0.06217209830276005 0.8174857741449428 0
0 0 -0.9217757325019507 -0.5683529513982513 -0.7779938282728671 0
0 0 1.5354442313118328 0.12493159689631295 0.7394243207651348 0
0 0 1.5550908489370139 1.389070897003104 -0.7389168353452309 0
0 0 -0.6159997432226377 0.6579360448906912 0.8160362096880129 0
0 0 0.9120787440216116 -0.15413015579307499 -0.7257167105627262 0
0 0 1.323062158401917 -1.3791300194314315 -0.4783750724839936 0
0 0 -0.9870524817509291 -1.319054274243482 -0.5868762173893887 0
0 0 0.14357726648586144 -0.07331934359585168 -0.8181512420879061 0
0 0 0.9064076149413172 -0.21998129568725777 -0.769466776051722 0
0 0 0.1025008612464755 0.8755649800220933 0.7934850721470007 0
0 0 1.2815181601810872 -1.3730755771114462 -0.45559781497436636 0
0 0 -0.22959488578071996 -1.3459119766547096 0.3080648431741684 0
0 0 -0.07175487988725382 -1.2515732839715412 -0.8174886293983366 0
0 0 0.9620285927328758 -1.3878911040638895 -0.1860446090722906 0
0 0 -0.32527233451049353 -0.08706271162605073 0.7852237746144378 0
0 0 -1.2711949350490426 1.3262225885794803 -0.09261019030939632 0
0 0 1.449748173756742 1.3029270162972542 0.7666391186862944 0
0 0 -1.259782574225527 0.7475982970185011 0.7708385051650514 0
0 0 0.03011552954838126 0.9866491527777155 0.8245752240875203 0
0 0 0.7648048872253415 1.2883836256905028 -0.7834433125610724 0
0 0 -0.2619699901824566 -1.1518209047401453 -0.7333169609579092 0
0 0 -1.5425754486119347 -0.8520356853089976 -0.7505835826215833 0
0 0 -0.28031373380227675 -0.7476262822481539 0.7281218616852698 0
0 0 1.4150889809436666 -1.275766383055876 -0.7561581722337359 0
0 0 0.29759806550409906 -0.2605256247924266 -0.8051676110955941 0
0 0 1.1971433230167463 1.3182534665793835 0.16255431333568404 0
0 0 0.8129173602518245 -1.3899116260078483 -0.5291893025673906 0
0 0 0.18769534087613993 1.3373464878711836 -0.06729820945825282 0
0 0 1.4223659497600032 1.3000162514386924 0.36460847474946934 0
0 0 -0.7547593065417055 -1.3910228429794858 0.819345003586847 0
0 0 -0.7793328165903436 -0.6208388292270887 -0.8124298349348441 0
0 0 -0.7737282537625713 -1.3170106590915092 -0.48697901662875326 0
0 0 -0.07077216199102554 1.3015724497396541 -0.0593480803199985 0
0 0 0.8252511064890884 0.6801296610364829 -0.7669046964607028 0
0 0 -1.3122696597821593 -1.3412403459938527 -0.21023904278470174 0
0 0 -0.08707274015697664 1.329335751805483 0.13260354076669212 0
0 0 1.252321440641559 1.3339061034976067 0.6169759672041244 0
0 0 1.4786528879193512 -1.3631581896422829 0.17005780517535019 0
0 0 -0.9357934803965943 -1.109109495984566 -0.7433922321999231 0
0 0 1.355619462228169 1.389284297161905 -0.36959141003408624 0
0 0 -0.789979171973417 -0.9884190906787582 0.781517362153434 0
0 0 0.20181914898700004 -1.3434755785198091 -0.24079793477606248 0
0 0 1.3279892239021964 0.7664082567830766 0.7836269926338193 0
0 0 0.07837978829060877 -1.1588449044482267 -0.7440569224459901 0
0 0 -0.624875699903471 -0.12233938232258756 -0.8171101956829799 0
0 0 0.876895934752365 1.3174869341902635 0.7000959111696634 0
0 0 -0.5291491846491461 0.5208939990656967 -0.7334924056637269 0
0 0 1.1524909031314228 -0.42247738671267565 -0.8034285846257763 0
0 0 1.5449311870596154 0.1807531737628305 0.8100725186896592 0
0 0 1.2075171105190092 1.3348899417631368 -0.2664646675258485 0
0 0 -0.32504165974810717 0.9860738863774106 0.780921218496319 0
0 0 -0.9442564227784941 -0.08393711062332687 -0.758749669640627 0
0 0 -0.5936091108608752 0.24578575992735208 0.7863255135084928 0
0 0 -0.5751268748369802 0.2705395535116595 0.7406982674830335 0
0 0 -0.12841722965555613 -0.9196138432091832 0.7933683781708734 0
0 0 -1.5467687586595813 -1.3766730920544712 0.27349603069466544 0
0 0 -0.697953883718452 -0.3433521627924636 0.7413391936528679 0
0 0 0.8436184662147967 -1.3864622420505237 -0.27216406987273734 0
0 0 -1.181216282390331 -1.3313211576068134 0.2114077193454147 0
0 0 0.26149976356052185 0.3716265882579062 -0.7960468273309782 0
0 0 0.030886189282730125 -0.08160190568412062 -0.7879968331011066 0
0 0 -0.5079479817894297 -0.33511252333701536 0.7302262256509351 0
0 0 -0.8039833853090811 0.9552339885734609 -0.735452258483897 0
0 0 -0.45888284912368094 -1.344490760321956 -0.7307076699626605 0
0 0 -0.6392100794133945 -0.14770966050348222 0.7556114348007473 0
0 0 0.31014909237583366 -1.398047114609224 -0.6159163363011575 0
0 0 0.5008583681694865 -1.1803104056555576 0.7835605688297291 0
0 0 1.3800321002587466 1.3738313496703234 -0.8035094380604509 0
0 0 1.2598947222809533 -0.14516523481097332 -0.7560401953306861 0
0 0 0.6048403904265167 -0.6683956097950653 -0.7664578381255472 0
0 0 -1.3455104780511702 -1.1200609510007096 -0.7844909683058352 0
0 0 -0.5378127237986485 -1.392129295999194 0.28667922594260564 0
0 0 0.6987092770688497 1.1971124646707099 0.8238797858788118 0
0 0 -0.31273192353538914 -1.0320111262713012 0.7756747986964063 0
0 0 0.7187446407302045 -0.5872595424510995 -0.8221900286521283 0
0 0 -1.0934868498877421 0.9839794524521539 0.7984395751875855 0
0 0 -1.5353006904064168 0.5057279827961445 -0.7444247248732481 0
0 0 -0.7892934077082892 -0.10930380287628916 -0.7412627514314759 0
0 0 0.058835305021295525 1.373216578146966 0.5344733986665966 0
0 0 -1.0442933506907488 -1.2880534959008283 -0.7917019280716691 0
0 0 -0.32655272801562685 1.3605495807033463 0.45147388088723095 0
0 0 0.7391207123392975 -1.368579015667008 0.8097631513464623 0
0 0 0.4023347449089718 1.3139829492555826 -0.16278300642429622 0
0 0 -1.29924772611953 0.01228021458215367 0.7790501515385686 0
0 0 -0.5992737249268733 -0.2762802290342319 0.7619010574334915 0
0 0 -0.7453589431784755 -1.3145278276103902 0.232073079872682 0
0 0 0.7999554554566011 -1.300780830538758 -0.7610434155018979 0
0 0 0.9183026466270143 0.9625712911647979 0.8233384436268187 0
0 0 -0.592437599584312 1.1793171669643951 0.7831980793001998 0
0 0 -1.4707917082411568 1.3710435085473507 -0.5470742295817188 0
0 0 -0.344622301505324 1.3276064495059252 -0.16623739055311137 0
0 0 0.20234603842527132 -0.4505622220965322 0.8131329308123757 0
0 0 -1.5043503939752774 1.3061356456774766 -0.41956642475167416 0
0 0 -0.4446112529915922 -0.7398648457613064 -0.7763833651823209 0
0 0 -0.40238518692386016 -0.9123311276763391 0.7670691231872013 0
0 0 0.4059956985880213 -0.9785939789744054 -0.7993996502792429 0
0 0 -0.21976871679446797 -0.1517016139907108 -0.751602137185186 0
0 0 -1.499357991289215 -0.7330890098138813 0.776109461539436 0
0 0 -1.379690856824951 0.10795045481656529 0.8142113994967548 0
0 0 -0.14317311268464183 -0.3810434201670887 0.7592130037201621 0
0 0 -0.033136195958007875 1.2516401571826228 -0.7650395064938903 0
0 0 1.3984292802458795 -1.0832534987993452 0.7365257170267242 0
0 0 -1.4279624262792119 1.299683383891596 0.754846187109746 0
0 0 -0.9053390162722318 1.390829816171938 0.5743762452489483 0
0 0 1.039239705675561 1.1323588672947562 0.7743350820298753 0
0 0 1.1166555182542353 -0.7390016810093663 0.7883973335458077 0
0 0 0.38490874628192806 -0.6446469159174865 -0.8099598776211941 0
0 0 -0.17924345011571807 0.28688227091805496 0.7992525893731097 0
0 0 -0.6280460157824302 -0.002093749897883246 0.7797907660231901 0
0 0 -1.2149319354340584 1.3501376347432223 -0.04388230294864193 0
0 0 -0.5395544087155342 1.365454070620252 0.4946138662780144 0
0 0 -0.4661507930253017 -0.8834816208258263 -0.77242997219823 0
0 0 -0.8986005624372564 -1.3393714982612535 -0.4933697426164464 0
0 0 -0.8568149498008668 -0.5185637014974405 -0.790540173133797 0
0 0 -0.6562383632938747 0.6605275897877616 0.7256453758951569 0
0 0 -0.22311456779987426 1.3353925877851092 -0.39649344974304374 0
0 0 0.8975730083288269 0.7434895257941834 0.7758571892257428 0
0 0 -1.2823922331456314 -0.9697354432838012 -0.732804666765724 0
0 0 1.2378918656870104 -1.3101209829642673 -0.7257159343201347 0
0 0 0.10022567221801815 0.8307568995212755 -0.8055189479628642 0
0 0 0.024318488508732417 -1.3513129246468327 0.7285874635548777 0
0 0 1.5347906676245135 1.056318551338647 -0.7509575545965886 0
0 0 -0.5253012240241652 0.7938322911674736 0.7303150585505117 0
0 0 -0.805853185998485 0.8848201185885307 0.7699119554801579 0
0 0 -0.6513165860036886 -0.6706923262810658 -0.8073007639381864 0
0 0 0.9900753562658386 1.1078264275037124 -0.795973506562133 0
0 0 -0.4242291072637252 -1.335799952307175 -0.17234600091928853 0
0 0 -0.505284479000758 -0.21148046330290593 -0.7886774050043039 0
0 0 -1.1709241988469412 0.3039363678186291 0.7478368372173791 0
0 0 0.4010874054943028 -0.6261277049018961 0.7515685655987147 0
0 0 0.9021371425177831 1.305372136573347 0.35696721025607925 0
0 0 -0.6430882390513203 -1.0982401675985596 0.7542389487246033 0
0 0 -0.08967065299712962 -0.022780206083212295 -0.7470534404327727 0
0 0 1.0648535790762454 0.4843368095256011 0.7776799135286266 0
0 0 -0.5935253000412924 -1.3366390414003921 0.5092479083130437 0
0 0 -0.5365254073627361 -1.3386279429282097 0.5163060393142209 0
0 0 0.0410948207497992 1.3567453158216056 -0.6043961328841683 0
0 0 -1.3340587197438607 -1.3513966554868646 -0.16821049869166294 0
0 0 -0.2677349253039798 -0.17192645928660477 0.770578207133793 0
0 0 1.032722003135759 -1.3589847637205348 -0.7341041450346916 0
0 0 -1.4985789052855092 1.3490994606970925 0.4664232147374756 0
0 0 1.207773069842554 1.039808215042309 -0.7620150674621411 0
0 0 -1.503085232055478 -0.000989544675038756 0.7994851046863625 0
0 0 -0.3558155455304679 0.6070093417375475 0.8039735852500848 0
0 0 1.156508350826328 0.6383643334666569 0.7710424836095441 0
0 0 1.1604336895105658 -0.508648059752243 0.7621395571932875 0
0 0 1.091509122889982 0.9204856030196547 -0.7517631024088476 0
0 0 -0.9942505475103454 0.9213105605731824 -0.7418392369380357 0
0 0 0.4565475365018057 -1.1988860810961146 -0.7396323082506898 0
0 0 -1.358553311485674 -0.24332727012398547 0.8042810706373024 0
0 0 -1.172391908730827 -1.3752564094392794 -0.6090880959115716 0
0 0 -0.24459582554271897 -0.3087019871497796 0.7598242679344149 0
0 0 -0.6834071293264937 -1.2534558183983218 0.7663359384423233 0
0 0 1.4713933638791463 0.9297444678396964 -0.7634665778934493 0
0 0 -0.5401076244801091 0.3751156424382671 -0.7314975280474533 0
0 0 -0.5047249152498257 0.8838273705165978 -0.7903374348477417 0
0 0 1.1271024225717365 -1.1016744795417235 0.7920946274640646 0
0 0 -0.9387743119621054 1.3009025231675981 0.7078996769181731 0
0 0 -0.060112672490061136 1.3214901185064862 -0.6061674115089618 0
0 0 -0.5716310770900087 -0.8840502195311608 0.7713855323310643 0
0 0 0.4888559674229218 -0.686339127774997 -0.7478120067506345 0
0 0 -0.9726167641695983 1.3585701179267726 -0.5458547246889822 0
0 0 -1.4382310748897666 0.2146526118775285 -0.7614214645997645 0
0 0 -1.0849620361755885 1.082990481353139 0.7810653353316673 0
0 0 -1.4495715491588241 0.18873771454131139 0.7800053346699902 0
0 0 -0.2011519188607549 -0.6728943749450219 -0.8044894291511772 0
0 0 0.2856503959569672 1.1117532693176895 0.7832551412239775 0
0 0 0.17977262935111216 1.3322108840714568 -0.07741671019813912 0
0 0 0.23383562497749733 -1.0136256201455158 -0.7454029200993694 0
0 0 1.4295101299683477 0.5070983107122966 -0.8165698999009737 0
0 0 -0.8891406943166278 1.0081337351609985 -0.822937129688654 0
0 0 0.5100166480887616 -1.3153490707896067 0.2810506734768221 0
0 0 -0.9244313956410134 0.8798586887537903 0.8200546846939085 0
0 0 -0.9806073665935873 1.2356666509275442 -0.765672825898157 0
0 0 1.1580432031986039 -1.3708390960967378 0.011962474271155155 0
0 0 0.5212605690055412 -1.204022813753418 0.7461466113210616 0
0 0 -0.7264067533491394 0.06704071921447019 -0.7780425548801484 0
0 0 0.9432530572687132 1.3429529868892676 0.009220135842401 0
0 0 0.14262234663777318 -1.3316777613510262 -0.028658615145753852 0
0 0 1.4680935539692044 0.7045787462570197 -0.7494165589286254 0
0 0 -0.09813141187568997 1.1911635014636655 -0.7318245717976343 0
0 0 0.5928670775271518 0.6035281096962479 -0.8032232451183501 0
0 0 -0.6979807556081452 -0.4971886179564188 -0.791402662802775 0
0 0 1.1013448214930834 0.08571344410863979 0.793759711062964 0
0 0 -0.6684568616296533 0.23865156759013306 0.7805835112991059 0
0 0 1.4443644266389728 1.3890826996137382 0.0653887047367917 0
0 0 -1.3658791037381015 -1.3129305918564322 0.357717723705252 0
0 0 -1.020547876201367 0.14135505124200742 0.7627764959435719 0
0 0 0.7294832175858765 0.04794241598334947 -0.8154805158470908 0
0 0 -0.7285678279491336 -0.35251102038639737 -0.7641419897308179 0
0 0 -0.4491921746077219 0.886758837391495 0.8026174785183104 0
0 0 0.46449769296906984 -1.328035551433224 0.1347796075060138 0
0 0 1.3283565275702838 -1.312623365742052 -0.30347176781332785 0
0 0 0.754461243665955 -1.2961329360990432 -0.7981533172047552 0
0 0 0.7554118990010945 0.36239271141060736 0.7395099310700709 0
0 0 1.5623139751491664 -1.3550552346730287 -0.19753723124288247 0
0 0 0.08873437810796703 -1.3409044924243805 0.6911374369666781 0
0 0 0.1956018068203076 -1.3334616970196036 0.658715188398574 0
0 0 -0.9721973064829136 -0.1014589141945057 -0.7372560288196157 0
0 0 0.7230614590036017 1.3425045637573376 -0.5963525138325898 0
0 0 0.725904802478782 1.3492339545468104 0.4420177061213464 0
0 0 -0.6530699054498381 0.09320989550962255 0.7324961854126256 0
0 0 -1.1525814585406657 -1.1447645522647516 -0.7653951882810276 0
0 0 1.3606421786779639 -1.3324652866378552 -0.2297658215676569 0
0 0 -0.19930410934438925 1.3799185739271533 -0.03955214602723989 0
0 0 -0.25891352311371785 -1.3893734865035043 0.5020663092473037 0
0 0 1.0189470502924247 1.3232899839847387 0.10379946871474632 0
0 0 -0.11619861159663913 0.39981647539786014 0.7922887896037093 0
0 0 -0.9781594719643846 -0.4108135525246762 -0.8140933300112043 0
0 0 0.4077189744789085 0.13095318154055557 0.8208900710547103 0
0 0 -0.7222622993327645 0.39073322608593686 0.7262044603979712 0
0 0 1.0315167914455161 1.3535396532125525 -0.4771567962134668 0
0 0 0.26048870147626735 0.1360816273935319 0.8001699176360869 0
0 0 1.338021058769244 0.5547139970988553 0.8189568421771197 0
0 0 -0.6533599419361761 -1.325857459919704 -0.7111183469592 0
0 0 -0.6367201388267631 0.6122753601461233 -0.7844711863372476 0
0 0 -1.1936479701425795 1.3176732882560462 0.6228997816464099 0
0 0 -0.1598721359193549 -0.4547227842924474 0.8219969125520823 0
0 0 1.269813080640351 1.0930514859925091 -0.775650094794253 0
0 0 -1.308217001733058 -1.371945408676879 -0.5988544973452343 0
0 0 -1.4824679279831472 1.3670570312233032 0.7922426879836919 0
0 0 -1.1329868155388576 -1.2139580722437748 0.8160812399929586 0
0 0 -0.263368994235166 0.7072842553011085 0.7326632239160723 0
0 0 -0.575052147271743 0.4879077739258586 -0.8110389483341888 0
0 0 0.32362342313221726 -1.346730362011221 0.5354444935870917 0
0 0 0.07166153515458817 -1.3783452432911854 -0.48490784062078984 0
0 0 -0.7315546953208025 1.3920722592615822 -0.015657632352164885 0
0 0 0.47255120942041406 -0.48686653100567623 -0.7815824585951546 0
0 0 0.6471329761186513 0.20830268318230405 0.8058458321977506 0
0 0 -0.30910379062946225 0.26230847175317207 -0.7256471785832833 0
0 0 -1.235158432531897 -1.0650109398299183 0.7641077847456327 0
0 0 -0.698510122591171 -1.3797250910729602 0.04888237607463197 0
0 0 0.9949575348117121 0.6181257284077979 0.7364407126869935 0
0 0 -0.6709094068827559 -0.3115991576175978 0.7324442939786565 0
0 0 -1.48230481284108 -0.8346364640424966 0.8216933179681943 0
0 0 -1.2273806505618703 1.1705876266327813 0.7633293550173186 0
0 0 -1.2057097430623598 1.0385332274411738 -0.7896926395382732 0
0 0 -1.3013038779103778 1.1114131292474958 -0.7895968074620284 0
0 0 0.09203144681230135 1.3722207976157086 -0.26187109951497567 0
0 0 -1.2087219664886208 -0.24622603183007996 0.7893863607987834 0
0 0 0.26381462580814397 0.7235815058157102 -0.7564877384580949 0
0 0 0.39990957856477394 -0.07433868183470405 0.7252698272847015 0
0 0 0.28211879150126884 1.108492069734613 -0.7725757431633111 0
0 0 0.5853487970372786 1.3191621987107969 0.6341351710972394 0
0 0 0.4884699784324842 0.715721603836901 0.7308876974517527 0
0 0 -0.2894601624986244 0.6716198771061905 0.7365353144326381 0
0 0 -0.6860603768480488 -0.9240127352590544 -0.7353856157669443 0
0 0 1.1247695588847244 -0.6308464113416429 -0.7856780322408362 0
0 0 0.6556525291144779 -0.01602853914283764 0.7818645737266906 0
0 0 -1.4284011975424438 1.3062146592598836 0.721863869507188 0
0 0 -0.4338110913536126 0.8955051239332306 -0.7931659165610022 0
0 0 -1.1085002062631129 1.3031385111626992 -0.5765205030878129 0
0 0 1.1881777752041782 -1.3355349318002527 0.6877538143141517 0
0 0 -1.4833036975294087 -1.2296134257352263 0.7809804860877936 0
0 0 -1.4778006762215505 -0.4390508938778287 0.7764400006740906 0
0 0 -0.46722755873736044 -0.7213223500795619 -0.8086163382844932 0
0 0 1.0306408286779654 1.3752789250041013 0.2243430954244705 0
0 0 -1.3358578955953986 0.0556395446288287 -0.7624748364404746 0
0 0 -0.33313101178175475 0.585158137187848 -0.8092140046940719 0
0 0 -0.24875385328109045 -0.42317656805655435 0.8140679813605123 0
0 0 0.15695249245349352 -1.3362279625450433 -0.7238018378975279 0
0 0 -0.3217457243309305 -1.3573596783471875 0.31074964249843595 0
0 0 -0.20556166620299998 0.7090913518955981 0.815735318020903 0
0 0 0.6479877515226335 1.364470241987228 0.1928962619015162 0
0 0 0.1425796947189899 -0.8246672499129242 -0.8005012966727459 0
0 0 -1.508581678585608 -0.7025176055635659 0.7269079878573649 0
0 0 -1.3302632845572806 1.3712136612181753 0.37834645503222997 0
0 0 0.6639612098742647 -1.3440095575145639 0.03780536820642244 0
0 0 0.26917472170731993 -1.3299409203706403 -0.44768188579656754 0
0 0 0.7564949008813606 1.352964964445239 0.2109185840701251 0
0 0 -0.9493584609135137 -1.244046057234601 0.7435604530308283 0
0 0 -0.8569726210261276 1.313421407894304 0.4619919931449683 0
0 0 1.511451721985679 -0.8818427846763646 -0.7555799398776019 0
0 0 -0.1391640090808819 -1.3548747826132845 0.756010270554835 0
0 0 0.7791172345100374 -0.19129318227924452 -0.7940955855798573 0
0 0 0.4314242469163081 0.7606637374455325 -0.8059537988357539 0
0 0 -0.5617591000138071 -0.6736003094540229 0.7677419044029404 0
0 0 1.2361857087296473 0.3250326732197779 0.7844212044395574 0
0 0 1.4469325862270814 1.2862907236202343 -0.7914625709034605 0
0 0 0.8343672296463529 -1.3090024677708367 0.2853525002807695 0
0 0 -0.1785090174745132 1.3592583257696402 -0.2305818191342235 0
0 0 1.1205374547441669 -1.1193509142481346 0.7384017564532256 0
0 0 1.4441822930691117 -0.8472455933568324 -0.7417271826967504 0
0 0 -0.16821332244235276 -0.7292087343988097 0.7692873581122696 0
0 0 0.5166386784768746 1.2621238567012016 0.8244057363084502 0
0 0 1.2698583733487996 -0.25333745782243056 0.8230708026057371 0
0 0 -1.5486141891831602 0.3417899778704425 -0.7868563015267895 0
0 0 1.3653306530683604 0.15177452368719435 0.785989518844168 0
0 0 -1.5138296561580522 1.3520523486589968 0.7246233978538277 0
0 0 -1.4694914616927583 1.3848238993664288 -0.028734862919736592 0
0 0 1.536181680379813 -1.2306371152585291 0.7278379391871679 0
0 0 -0.6443162154082143 -0.06930617636446978 -0.7327937056515066 0
0 0 -0.7415599630435511 1.36053857195606 -0.7121684567800245 0
0 0 1.3459109938171516 -1.2236391403516924 -0.7837855319295313 0
0 0 -0.8515067459075367 1.3538328747920545 0.7675079593843521 0
0 0 -0.43678695874738915 0.5011999916059415 -0.7921539850855959 0
0 0 0.05323593588965525 -1.1872302124618108 -0.7896142248778804 0
0 0 -0.6622375332141215 1.386500116054728 0.6983853964380453 0
0 0 1.3060406738950259 -0.9124688989473082 -0.731623022222242 0
0 0 -1.284619788824899 -1.021104388845827 -0.7368663299218541 0
0 0 0.2390531289285378 -0.8213418155637486 0.7374742519647105 0
0 0 0.2616958433028709 -0.16852135822702352 0.766271224699222 0
0 0 -1.2047132939664942 0.6840386984494011 0.7350604660146749 0
0 0 0.18754386415152524 -1.317355390902362 0.7584031040891692 0
0 0 -0.8208860561550209 0.9849698859337905 0.7441242075984434 0
0 0 1.5337017105933284 -1.164052902553099 -0.7286392192620675 0
0 0 1.195077007381526 1.1680514999074798 0.7961310198921833 0
0 0 0.9522286625712932 1.367067063720607 -0.10489079180077032 0
0 0 1.2473921233883551 1.1905845637196413 0.7561129342435567 0
0 0 0.08719603393274 1.3508432599589177 -0.6702146877712449 0
0 0 0.5470055211829941 -1.3162267227607953 0.32276563875819075 0
0 0 -1.2526336298743592 1.3244218737681368 -0.23440403122481024 0
0 0 1.5629240526132846 0.20354494700282433 0.7525463666042972 0
0 0 1.1797375912930383 -0.056176434700667244 0.824602744403614 0
0 0 -1.1731853435640094 1.1864191931222245 0.7802945108791906 0
0 0 -1.3388858045963328 1.3659780625364923 -0.4298773330379593 0
0 0 0.9174915881328451 0.6788989625225064 -0.81676297769466 0
0 0 -0.0028718142083166143 -1.3325994316909395 -0.10346669851092882 0
0 0 0.8699771933169202 0.26584581855178824 -0.7808004217984053 0
0 0 0.6423209972866091 -1.1949284130846052 -0.7253811993450809 0
0 0 -0.5896377837810156 1.3798276235201774 0.4127759332526342 0
0 0 1.2701221747764109 1.3414859769504954 0.06796342520600995 0
0 0 1.393129470991922 1.3753600291137476 0.470603230871683 0
0 0 1.4990948379520121 1.3874443858446508 0.6314619265657819 0
0 0 0.7335682710929672 -1.3728983629532705 -0.31257500215667555 0
0 0 -0.08523827161204345 1.1310470207647627 0.7334421012313538 0
0 0 1.3482116420625734 -0.3450884268678286 -0.8185199517693463 0
0 0 0.2716398932686086 -1.3033919190454772 -0.5434891499816691 0
0 0 1.2431389162403232 -1.3148791881337478 0.556390755750994 0
0 0 0.8701758709882155 1.3981815639371187 -0.07847830361757913 0
0 0 -1.4521965915514694 -0.8883607660417445 0.8210888000237698 0
0 0 -0.0867701229130855 -0.3470609847414363 0.7433703042931538 0
0 0 -0.9583629745260976 -1.321491193169204 -0.621638087565144 0
0 0 0.9270022359640544 0.31440696932213985 0.7346888235166296 0
0 0 -1.443552512911286 -0.5006174026586505 -0.7450985457564728 0
0 0 1.3129169362279565 1.3664805654691916 0.5620105338072323 0
0 0 1.242419825743843 0.11530537743045999 0.8202421653637592 0
0 0 0.8847423212807417 -0.13421784845739726 0.7318080109949974 0
0 0 0.489371847702627 0.6241214445330465 -0.7844165778867616 0
0 0 0.591458917987163 0.4727008858907833 -0.7509420769624502 0
0 0 -0.8864575781611941 -0.1683371046936144 0.7925268883300152 0
0 0 -0.23727706380302327 0.527502949937896 -0.7396811995443403 0
0 0 0.5072607670610041 1.351008192854046 -0.5552069918331497 0
0 0 -0.6861145497715376 0.45937086460644316 -0.8154839968344583 0
0 0 -0.31333190952892775 -1.2615964460482296 0.7926997476920085 0
0 0 0.30138565889364477 -0.7508416643723346 -0.790107755911962 0
0 0 1.3412293937271715 1.3518412438424476 -0.40796492060453343 0
0 0 -0.7647149185061685 -0.7666442516529917 -0.823635747811386 0
0 0 -1.3161968545299905 1.3094800217391283 0.47580417036088773 0
0 0 1.1536707266719266 0.5609489599146582 -0.7743389333036236 0
0 0 -1.3907618667370203 -1.3702595454414566 0.09237398569763822 0
0 0 0.8450710838489797 -0.7087141805436646 -0.8184523045326113 0
0 0 0.601794679846892 -1.318756030470616 -0.18818735761080474 0
0 0 -1.1998305241331966 0.48791153858642855 -0.8146876130010574 0
0 0 -1.2992820386665689 -1.0511675726131298 -0.7380353351828512 0
0 0 1.2856067199454073 -0.6043207516416109 0.7353765749166011 0
0 0 -0.8065481270690205 1.330210919604079 0.6052273858779504 0
0 0 0.7764508623187538 0.2144099745724859 -0.753040047307772 0
0 0 0.40701367900744634 -1.3300576802605792 0.3998614237137903 0
0 0 0.6970553952211627 -0.7097323499643602 0.8149938935348569 0
0 0 -0.6378099786476384 -0.36646606621902367 0.764111638234509 0
0 0 0.3388355884245633 1.2698213315548188 0.7802192573804371 0
0 0 1.1886725289917557 0.11226918220396986 -0.8026726074284832 0
0 0 1.4885679916779226 -0.6982373310598332 -0.7388256742312699 0
0 0 -0.11473095628539332 1.3522793415729255 -0.15155681304794422 0
0 0 0.07745802849777239 -0.8836170639612599 0.7931871170328625 0
0 0 -0.6851084120497373 1.3627138047050786 0.6132370484939429 0
0 0 -0.6414096572406913 0.6494575413456518 0.7343045693121751 0
0 0 -0.17431118718071237 -0.8456915721584631 0.768431003119941 0
0 0 0.7281402454839903 -0.8589100426707523 -0.787037624795193 0
0 0 1.1554836805752435 1.3244387160175535 0.18738219073631912 0
0 0 -0.4118862726974444 0.38306817653373937 -0.7552805317482683 0
0 0 -1.1912472088833468 -1.3698080941189898 -0.17377851605014438 0
0 0 -0.41987836851326343 -0.01576531514545154 -0.7322532797128527 0
0 0 -1.1101231503844042 1.2558726683595551 0.736514779319495 0
0 0 1.4635364115154776 1.1128209109074148 0.7625643907573278 0
0 0 1.417874556299263 -1.3361129226149708 0.7582621884402996 0
0 0 -0.5780109351365685 -1.3582428589781437 0.8001106762884769 0
0 0 -0.4034703726322979 -1.3238789257098305 0.48218611549651813 0
0 0 -1.1491203503251854 -1.3293487827453534 0.1817204559999004 0
0 0 1.0160274747417173 -1.344952333545624 -0.1816157358068281 0
0 0 -1.1103260138788915 -1.319608207071966 0.08197662985170351 0
0 0 -1.4460744380825783 -0.2312801818526693 0.7376968462738849 0
0 0 0.9443674666696831 -1.2280655250608383 -0.7799220118635054 0
0 0 -1.2931378390866017 0.0666963767642581 0.8083560148228701 0
0 0 0.06428911711326801 0.11446584603443277 0.8122504013156984 0
0 0 -0.14074640628128976 -1.2553901007552237 0.7899421506543403 0
0 0 1.5174513215746606 0.9722718522961087 0.7308629080678599 0
0 0 0.49410916277990236 -0.011076006724601184 -0.8232616463959272 0
0 0 -1.0805069829175025 1.3031746132876896 0.36469661187774305 0
0 0 -1.142122860458372 -0.610438022129111 -0.8025154944595317 0
0 0 -0.45049868564550133 -0.8486279543776327 -0.8045750608260719 0
0 0 -1.1135663809852387 -1.3960299053687597 -0.26615957180347116 0
0 0 -0.4235939281464802 -1.3522408560937507 0.3120637276648486 0
0 0 -0.7491533337820275 0.46109213476365074 -0.7472068139291306 0
0 0 1.4248383027799418 -0.5639961030888104 0.7710720740795645 0
0 0 0.6176675335681496 1.3823579586716175 -0.6531568951436781 0
0 0 -0.9536695156771706 -0.3704069407256987 0.7352690739340891 0
0 0 1.2535159930873268 1.388074047277339 -0.5966178736113604 0
0 0 -0.18035467869169608 0.9829383193451762 0.7272654604354397 0
0 0 -1.157101276280217 1.3481866476674587 0.4333683796439076 0
0 0 -0.6215145284480835 -1.3652423013044384 -0.4623703897308431 0
0 0 0.9811147994364462 -0.9896874278182465 0.7909129771556442 0
0 0 0.8732939025109578 1.3614900595528054 0.21404221387755817 0
0 0 -0.2903579184270506 -0.7229331702389182 0.7552153116971053 0
0 0 -0.7007423938047597 1.3764182007761117 -0.1981889594886791 0
0 0 -0.11366569382426572 1.2139518278849992 0.7799197538283734 0
0 0 -1.4961343936191656 -0.05929296319691435 -0.7374689140850639 0
0 0 1.5515215097468165 -1.1046922224567657 -0.782244541933632 0
0 0 1.3633746459455036 1.3909218456676773 -0.585535696925179 0
0 0 -1.0597576687270043 -0.8743349553465656 -0.731275408109494 0
0 0 -0.42630058248606506 -0.18862313275695164 0.7306631914017686 0
0 0 -0.3167613079417617 1.2979810363014483 -0.7557483739467367 0
0 0 0.4388396094690443 -0.0856474317081628 -0.8015269836703598 0
0 0 -0.6764954781605537 -0.2846423825982709 0.7881751434773748 0
0 0 -0.3484219044859107 -0.32955240475463976 -0.7419982618173456 0
0 0 -1.25033312392338 -1.3105327987062647 -0.4485237941785621 0
0 0 0.43686932492973085 -1.3513179805199298 0.20601376637628044 0
0 0 -0.8332041254282945 -0.9595388632462867 -0.7566555645282829 0
0 0 0.6204958722126981 1.3447010761920626 0.29854127813111364 0
0 0 0.845177124957456 -0.24754391853323 0.7839532911627711 0
0 0 0.6567475279685193 0.6173336113525796 -0.7360429707610162 0
0 0 1.3738480506449906 -1.3580891273194435 -0.4195388390674138 0
0 0 -0.943491580399822 1.3313065252972345 0.7373947684019555 0
0 0 1.1161302518033462 1.3064151830466642 0.12194234031002016 0
0 0 1.030122560599306 1.3675743147505586 -0.13151961237628906 0
0 0 -0.6766811810038178 1.3126492849969775 0.42422306634596585 0
0 0 -1.4588246767788242 1.3221109765382302 -0.5690959079537923 0
0 0 1.4731077178567724 -1.3932782066698706 0.6710299614180564 0
0 0 -0.0930143986503631 0.9903898472670625 -0.7603971642056585 0
0 0 0.6244321252072811 1.3313045866075606 -0.7327589242228433 0
0 0 -0.5936132106825996 0.9685636237253188 -0.7527879410798256 0
0 0 -1.5213277718109341 1.271933729199722 -0.7494398729418906 0
0 0 0.189674154302099 -1.3411526514648715 -0.5847679801258362 0
0 0 1.1208441744449353 1.3625517877485722 -0.30170987822303186 0
0 0 -0.5578723528984595 1.304786039794339 -0.2421072922391979 0
0 0 -0.028256055642891242 0.8935943196427998 -0.7337591230584471 0
0 0 -0.00638801829745006 -1.3187235898636533 -0.7413919910685814 0
0 0 -1.2954787090282762 1.0514935250151682 -0.8052231147001838 0
0 0 1.3700408281049987 -0.5007216564136697 0.7916536306078398 0
0 0 -0.8149440202147485 1.3507803490749313 0.017227846240437605 0
0 0 -0.4188720650677076 -1.3065886918909755 -0.30073982879699157 0
0 0 -1.4122824865117256 1.3906416216241189 0.6701131761064936 0
0 0 1.413645646898828 0.8427068726751992 -0.7623320838522047 0
0 0 -0.880979894615933 1.3418471125774742 0.14859920745024935 0
0 0 1.0918291091096148 1.3903488296303788 -0.4799048541969193 0
0 0 0.2435641689082575 -0.6930770751929736 0.790215012389124 0
0 0 0.724784975208606 -1.372758543819285 0.05412759221692809 0
0 0 -1.1709980820274686 1.3603737979324928 -0.17415948215858812 0
0 0 1.04283951271236 0.30879329255577304 0.7617838748734225 0
0 0 -1.2948050313403479 -1.3423373746648024 0.3909938021470596 0
0 0 -1.3804923022307451 0.3156290452284727 -0.7520733860789881 0
0 0 -0.08898960304385195 -1.2966657452024004 0.8009653780868277 0
0 0 0.8340192372545223 -1.3777046157052006 0.2610582937986896 0
0 0 1.0817834009612337 -0.3506841795108848 0.8184818557857558 0
0 0 0.8881383233615354 0.115052595682676 0.7562388472342363 0
0 0 -1.3054055950234917 1.0427026283390954 0.7917183120986284 0
0 0 -0.49610558239189784 -1.3587995432736415 -0.821834471786165 0
0 0 1.250999169486954 -1.3143187083702164 0.2268276900223849 0
0 0 -0.47826490473221983 -1.336676962186155 0.49033099330677055 0
0 0 0.3684684596628509 0.9670887928665428 0.7614156246330235 0
0 0 1.419091964145299 0.17942128972310512 0.7266739075086195 0
0 0 0.7284064169109619 1.330067952693897 0.1389309946279601 0
0 0 1.461105438092325 -1.3856858728490027 0.5008260972546987 0
0 0 -0.5351992771482548 -1.1564176028631472 0.7808837605409451 0
0 0 0.9562146182905216 -0.028272153234800035 -0.7276904133063349 0
0 0 1.0749397077323377 -0.7016422834787982 0.7642556763267427 0
0 0 0.8260960908942443 0.6206110853835243 -0.7817238136616564 0
0 0 -1.2090433004358963 -1.358807461842607 0.03809302459163655 0
0 0 -0.04460960615487841 1.3880486861356545 -0.5600943100895743 0
0 0 1.4326843156674625 -0.5790918415016741 -0.7848057396778257 0
0 0 0.20611849447247743 0.37125258660798677 -0.7464453806418164 0
0 0 -0.6494498168288947 0.09709015484522698 0.7282995124018781 0
0 0 -0.780493801411735 -1.303957766953177 0.4630898521612583 0
0 0 0.14388781724773292 -1.3954401262785765 0.6775249945504922 0
0 0 0.16759045666363614 1.3313290122405557 -0.34110739601483 0
0 0 0.9678273116391534 0.3050656402329375 0.737448753392789 0
0 0 -0.3162826546934545 -0.3478724594830791 0.7310570359250584 0
0 0 0.20020563955375592 -1.307229893554265 -0.6502496379447981 0
0 0 -1.4003439125730577 -1.3090050376414004 -0.08244238701657924 0
0 0 0.7102186107079071 -0.4765929216199374 0.7787334910086346 0
0 0 1.3513377934052881 -0.9096860072624072 0.7758906747079816 0
0 0 0.7490318553678752 1.3406817807885687 -0.6632623750330497 0
0 0 1.465722044821895 0.2365896666795606 0.7633063284431479 0
0 0 -0.26129675749360093 -0.26315742364914163 0.8189908821237485 0
0 0 -1.2626828131690686 0.6401849862814295 0.8201452208798339 0
0 0 -1.2264856509519508 0.7547939693555625 -0.8248818733745135 0
0 0 -0.56909406798392 0.7226895629829431 0.8218204868587429 0
0 0 0.15706260389764126 -0.88708133048694 -0.7489997340901879 0
0 0 -1.4769209104091614 1.1363884687021517 -0.741445490555356 0
0 0 0.5114703240441978 -0.6378126106541567 -0.7585828843170417 0
0 0 1.085865386984139 0.334636753862261 0.728249786909247 0
0 0 1.2266728876675987 -1.3695383779343353 -0.7991185387219494 0
0 0 -0.4277859371986996 0.05658236378535553 -0.7595847001122964 0
0 0 1.4633008229532658 1.3130171024457504 0.30411218309465293 0
0 0 -0.9032865647670902 1.3417398069619157 0.339240374918673 0
0 0 -0.6226086698266668 0.39710488905573604 -0.7994482431131752 0
0 0 -0.6730079166993582 1.2263019555474604 -0.7730145532868832 0
0 0 -1.2471500969284737 -1.3011287893046586 0.17403517606774843 0
0 0 -1.1291701388293491 -0.9780132287033683 -0.7479650582382449 0
0 0 -0.05750245307175472 -0.39373550995401485 0.765240684143864 0
0 0 0.5600676026006739 -1.332794488424357 -0.7327501074489913 0
0 0 1.1953767546166567 -1.35095462579688 -0.7103991460513086 0
0 0 0.8269913054308762 -1.3545220352555454 0.6101307584461841 0
0 0 0.06884801455100509 1.3286315071186319 -0.4962598024349042 0
0 0 0.49663393039939363 0.6224435451553372 0.7790939927999165 0
0 0 -0.4352521049388307 0.2477903467223439 -0.7940220923409345 0
0 0 -0.09357728580873492 -0.7058172450835783 -0.7409611873837119 0
0 0 1.5245475816778735 0.09909804071198858 0.7852910308799903 0
0 0 -1.26912646210604 0.03435328971692009 0.7346306666540872 0
0 0 0.8281005754872055 1.3620565447974853 0.5520395748191955 0
0 0 -0.9361135240675422 -1.3261034230310444 0.3000909252708279 0
0 0 0.016030938917147353 1.3786679032785094 -0.6191027682654835 0
0 0 -1.3788300131298785 -0.9130363810353732 0.7736440842093139 0
0 0 1.020264895337231 -0.304082748648145 -0.8071827363467807 0
0 0 0.8266867366366992 -0.4142099905177733 -0.8012546690220904 0
0 0 0.8126399029817577 1.3277029082601326 0.6325338571569248 0
0 0 0.8138834985900054 -1.1801209335870382 0.7846017449284146 0
0 0 -0.1953397709261191 -1.3026116770508238 0.6996223260753609 0
0 0 1.3874736381335833 1.2319208880251133 -0.8194428777830052 0
0 0 1.5000914405373589 0.4126247741196605 0.790937557836528 0
0 0 -0.7713925252775622 1.3705315059389205 -0.5738221803967289 0
0 0 1.5466047892672141 -0.5295373487961278 0.740594411411689 0
0 0 -1.1687122397756446 0.16082438799566923 0.8020300407308011 0
0 0 0.4940416662749607 1.1351065379482164 0.7608473749223363 0
0 0 -0.29946894330326823 0.7844967466572246 -0.7289401340103842 0
0 0 -1.4501215752732475 -0.590622218176097 0.7425811406121493 0
0 0 0.18026696601586978 1.32697786095098 -0.09577168941796887 0
0 0 -0.7614637667794553 1.2713109758039913 -0.8035352135958551 0
0 0 0.1442392943158206 -0.536882401332335 0.8147030225579018 0
0 0 0.7019676490893048 1.3987898032877875 0.12499656613727772 0
0 0 0.9383959709246055 -0.8683105597890364 -0.7361296667434994 0
0 0 -0.7218343709137078 1.386466266084289 -0.7594320958870906 0
0 0 0.6973973618850735 -0.34474520040716605 0.8119196181138966 0
0 0 0.11496796373855744 0.5652120419564926 0.7913048557087049 0
0 0 0.696182762553216 1.3318268304936975 -0.7079197817970636 0
0 0 -0.2329580550130368 1.3561006464783563 0.2995272146372294 0
0 0 -1.3492057273900617 -0.2074358231259239 0.7400743152469204 0
0 0 -0.008931019276330332 0.010052958918495447 0.8202072290131026 0
0 0 1.1577432156075047 1.3702055400602215 0.5180870416631749 0
0 0 -1.2191409465763965 1.3578346427418644 -0.4597949367737218 0
0 0 -1.1087521162324196 1.391835325411109 0.5039546579194456 0
0 0 -1.1428561650080202 -0.4265586135266204 0.7419899505578914 0
0 0 1.5159344709069122 0.5763051128310903 0.7871737497875552 0
0 0 1.107234557019745 0.4482455064477353 -0.7929291181402923 0
0 0 0.7925040730885078 1.3433010692036083 0.24889680393833125 0
0 0 -0.17739327823765372 0.6197272667824913 0.7604871245048265 0
0 0 -1.2596290332262583 -1.3636969924445805 0.48029508003551813 0
0 0 -1.1333479300695515 1.3469524437976266 0.33954806257466363 0
0 0 0.6843563451674135 -0.04428198931277105 -0.7685535763457818 0
0 0 -0.048243156819817834 -0.8445281758940193 -0.745061112215574 0
0 0 -1.0112022666553417 1.34177462257445 0.2364650658471661 0
0 0 1.2256585782976326 1.3930734714103779 0.29722390712675906 0
0 0 1.1125856001451502 -0.8274017063356012 0.7585601872314155 0
0 0 0.4652489215956366 1.3678405743617867 -0.563078881937739 0
0 0 -1.190853444485513 0.30550468513998297 -0.7573750045109402 0
0 0 1.2138144977384067 -1.2584265328634254 0.7275055733724821 0
0 0 0.05333557551645707 -1.0273490421840015 0.7338070180963876 0
0 0 1.3530220248713918 -1.0020152405400318 0.8070883562425989 0
0 0 -0.7485262083282564 -0.3026250876710531 -0.7456182590588494 0
0 0 -0.4442660157380669 -1.3514177397621274 0.5027003661070124 0
0 0 -0.5291310280277985 -0.6487496398846041 0.7439810321596272 0
0 0 1.5341568533165195 1.3579718946678818 0.6051493361328331 0
0 0 -1.1129574199658796 -1.395921495880913 -0.7983643581256051 0
0 0 -0.4325025531627056 0.6325894638266241 -0.7942379287941992 0
0 0 -0.7168130981668754 -1.3744584746209572 -0.3622651902491495 0
0 0 1.0041673972332106 1.3500271783077245 0.39946559775132773 0
0 0 1.103206741756137 -0.6876025335517972 0.8158486776279944 0
0 0 -1.3328833986918023 -1.3291604820593759 0.8066245759090844 0
0 0 -0.06670916394572202 0.0699860489800046 0.800282889479719 0
0 0 0.03479195627382059 -1.3134351069533399 0.7346459735132889 0
0 0 0.7694497663267423 -1.1682334179997378 -0.768339446324279 0
0 0 0.4085290933562373 0.3618201999101307 -0.7937623659835314 0
0 0 -1.3455678223208563 0.1164822716933378 0.7540771346785801 0
0 0 -1.2256934767978114 0.17902436718733705 -0.787939482689387 0
0 0 -0.9648114762460759 -1.3311450565166918 -0.35302815558951006 0
0 0 1.2685793465667077 0.5195947724382382 -0.8029332800763228 0
0 0 1.1423916260997449 -1.3941475844878597 -0.7106753627745949 0
0 0 -0.8731387684576511 1.3960963386948888 0.7772991606528836 0
0 0 -0.19774749425097893 0.0470242785078101 0.7674746616363782 0
0 0 -1.0533201012553195 1.1413907363796716 -0.7325242676393237 0
0 0 -0.7585844671390785 -0.8896440700731858 -0.7345386564277936 0
0 0 1.420594927624863 1.300492239588928 0.04346389045323873 0
0 0 0.6340744478746516 -0.882476281811726 -0.7956793549512847 0
0 0 0.6285112075325063 0.9229580645772073 0.7344682870931832 0
0 0 0.008496072202875737 -1.2993563530225096 0.7315915379945638 0
0 0 1.534246100077572 -1.3068299859246697 0.1805679377685614 0
0 0 -1.0523174873687937 1.0615621781171785 -0.8074848457471208 0
0 0 0.9970567096534055 -1.3653750232965087 -0.03668745088224756 0
0 0 0.14535613695423577 1.085937136985913 -0.7379068756036333 0
0 0 0.32356282468459696 -0.7090390651886739 0.7517647405654974 0
0 0 1.4027991249364908 0.16196906543095113 -0.8032948101702504 0
0 0 1.04485238987531 -1.319881564633917 0.27488636762174123 0
0 0 -1.0850314827305452 -0.9740631188074667 0.7361228746205082 0
0 0 0.6564953041291517 1.378115504611733 -0.8129894186623049 0
0 0 1.2116731470405901 -0.7849129394546451 -0.8056727878236527 0
0 0 0.8631369055096583 -1.3619691188885226 -0.05944940088174766 0
0 0 0.4520734241587183 -0.23474031977789167 0.7541940345844435 0
0 0 -1.2594332925126561 0.03303226526756031 0.7887121723859697 0
0 0 -0.8139919360713308 -0.8412622445622036 -0.7510156696393592 0
0 0 0.2135951787172472 -1.3958976820909543 -0.5856307032658263 0
0 0 -0.6467448332277985 1.2085180556151165 -0.7504381532334988 0
0 0 1.1301375840062091 1.306800563768546 -0.33814957032390597 0
0 0 -1.423886406095865 0.3413980996127728 -0.7306987499001991 0
0 0 0.32104659828395143 -1.3616422870063112 0.5021223022028269 0
0 0 1.1578444171599571 -1.3377727080920692 -0.44034549458399747 0
0 0 0.4198165898663795 -1.349341104560537 -0.05185353581377561 0
0 0 1.1978608884192607 1.3836206000461324 0.26596213167203064 0
0 0 0.8658726525340454 1.1478845439718544 0.814689303546012 0
0 0 0.7265380121180551 1.3576867445791863 -0.3951786737943933 0
0 0 -0.17792337656959734 -0.2977169988126611 -0.7756818640650356 0
0 0 -1.5240116584923737 1.3434546151038846 0.6759351177784583 0
0 0 -0.7161573724006296 -0.7145720026469068 -0.7284155731774794 0
0 0 0.32046932618234725 1.3212495798509318 -0.14800025589225874 0
0 0 1.0209952721849462 -0.19435811486160093 0.7766585984310432 0
0 0 0.9420119521371175 0.020113842841628093 0.8075348048438401 0
0 0 -0.5006555836629887 -1.1190156406927998 0.8072661812494979 0
0 0 0.5771997565935383 0.16369747158520465 0.8037433310149902 0
0 0 0.6866596437328658 -1.319666803870265 0.4715361237486393 0
0 0 -0.07737896546805123 0.2987480847735626 0.8152411134499534 0
0 0 -1.4914773595898305 0.6879678682897605 0.7959303705923585 0
0 0 -0.9631159692308936 -0.9449148461857462 -0.7448060040719691 0
0 0 -1.3961366502625203 -0.9687297959786694 -0.7690708624169187 0
0 0 -0.23075350826705687 -1.1891451956983123 -0.7462852396334317 0
0 0 -0.09615337783815603 -1.3048974781476306 -0.5504030520671355 0
0 0 1.2853698417270225 -0.6030687250761255 0.8071240695347887 0
0 0 -1.4283500590922513 1.377723272471898 0.7398528332455379 0
0 0 -0.8471917576807706 1.3325389291286582 0.7455973781220644 0
0 0 1.422176130202787 -1.3976620800599036 0.0021464121417805737 0
0 0 1.4131552787163373 -1.3245978856446705 -0.4197271141403565 0
0 0 -0.14027272541911606 -0.3390873959324444 -0.7290640061890062 0
0 0 -0.8890393240346951 0.03365569562046811 0.8029264250457414 0
0 0 1.3200071779782703 0.2514283896535454 -0.8135628868259149 0
0 0 -0.6057002350449611 0.20855215830679485 0.8002977601818735 0
0 0 -0.7371543320834075 -1.359005880647606 -0.07760555704304184 0
0 0 0.47159601911841875 -0.3855261238565242 -0.769001320561159 0
0 0 0.6041966989728991 1.3130596064198676 -0.036437874857739194 0
0 0 -1.4741625173522688 -0.4407119880677147 0.7378866803140139 0
0 0 -1.1920011727485558 -1.3742995182424127 -0.11774244513426269 0
0 0 -1.226587265608253 0.3323318417187757 -0.7384047715495236 0
0 0 -0.6500400668492953 -0.8995667297433324 -0.7834581328682744 0
0 0 0.03760873737584958 0.9908783419433298 -0.8037301381425755 0
0 0 -0.8984066031132161 1.3644891549533897 0.40552105103645975 0
0 0 1.3799607606724722 1.3694552912116114 0.07341078582282579 0
0 0 -0.3903718189946699 -0.1409401603195437 -0.7331174820041833 0
0 0 0.3177077220934059 -1.2701753368523225 -0.809006862782307 0
0 0 -1.224810561456338 -0.045125649955407576 -0.8119716858062485 0
0 0 1.1333209381586555 0.6787026203681814 0.8142660426035297 0
0 0 -0.40192193225358785 1.228732577526498 -0.7798636405448753 0
0 0 0.46921882677036253 1.347241659654166 0.5971679200021973 0
0 0 -0.861706292627098 1.2511132032442351 0.7633671521116047 0
0 0 0.7992475959165115 -1.3498795438445965 -0.006181649702520331 0
0 0 -0.29393755792398646 -1.397211419288538 0.10639703379869547 0
0 0 1.534361840850508 -1.3767812239386146 0.816820013813033 0
0 0 0.6702019868115587 -1.3400610997989397 -0.7385657256655265 0
0 0 0.9613274798829679 -1.015342701813695 0.7961450002103819 0
0 0 0.9148986978287654 1.369927116730466 -0.16443604203903406 0
0 0 0.908766539394914 0.6761729445233711 -0.8104187404876582 0
0 0 0.689624093421374 -0.0744384577610877 -0.8152318821523428 0
0 0 0.5781832943506848 0.551334593210818 0.7581198917107975 0
0 0 0.21237677307819003 -0.7491038647819246 -0.785395096956319 0
0 0 -0.5761988748374447 1.330923753583634 0.08075909778679757 0
0 0 1.5521170331427752 1.38105711863591 -0.061561158179829545 0
0 0 1.4130104741663274 0.03576842460786267 -0.728940880729686 0
0 0 -1.521444423595929 -0.24975759927793617 -0.8046518972139051 0
0 0 0.8970362844957709 1.3104272551801592 0.47272834872920666 0
0 0 -0.8116507414758836 -1.3701398356925771 0.4734668646489226 0
0 0 -0.23500102331244466 1.3876424681506532 -0.2354232706134154 0
0 0 1.2632663991811635 1.350135980474063 -0.6628485758018176 0
0 0 -1.1905911383294492 -0.42518270890799437 -0.7696120762780071 0
0 0 0.4276363392973761 1.339007055777148 0.023006586501379434 0
0 0 -0.462494195111846 1.3645184032495161 0.37391269030907814 0
0 0 -1.3752935480394692 1.3931703294150308 -0.08993569383697331 0
0 0 -0.24588705975119818 0.8955441557442747 -0.7622764249710224 0
0 0 0.8756495177829131 0.5455233377666613 -0.7972131616337299 0
0 0 1.023933565275346 -0.5473249820193977 0.7405628022478811 0
0 0 1.3711320603705404 -1.2317663205513973 0.7391456860861814 0
0 0 -1.435338783746627 -1.3412344577636115 -0.06780476407549707 0
0 0 -0.6205325490631753 -1.3507619167444591 -0.19700948004232277 0
0 0 -0.24249913275280455 0.37401480650671526 0.7543422035476914 0
0 0 -1.3779468277102935 -0.255518538140858 -0.780554133873447 0
0 0 -0.7657430356755582 0.8728059596081323 0.7494320237514536 0
0 0 0.3228159522445444 0.9537746707732369 0.8039064504639744 0
0 0 -1.5667305403904788 -0.8109768018906112 -0.7768725442931856 0
0 0 0.7990586591766156 1.0018996282349082 0.7739493012670804 0
0 0 0.9404740478738813 -0.48253237925382997 -0.7849811132697777 0
0 0 0.32134434071428775 -0.31532563410413983 0.8199379111631396 0
0 0 1.105406071244948 -1.3354064142223765 0.17867929824793727 0
0 0 -0.8377277856612757 -0.7927308751116755 -0.7270098949265623 0
0 0 0.7808231282673983 0.5315256440151481 0.7529771544160335 0
0 0 0.3931806370826363 1.3216580163915221 -0.02337454337515321 0
0 0 -0.7042862997856639 1.216453819001477 -0.7508952683391004 0
0 0 -1.2597440007308416 -0.5197719421514663 -0.764646674138463 0
0 0 0.1056855875564846 -1.0871876312765831 -0.7711188064131821 0
0 0 -0.35134596663795326 -1.116456985064893 0.8052788732419253 0
0 0 -1.061489991067174 -1.0145486394928431 -0.7610548742179117 0
0 0 1.0126039771979247 -1.3575310252578772 0.10653253411005337 0
0 0 0.6326960802498647 1.3505575474905354 -0.2913370403827552 0
0 0 -1.1661926987591495 0.09887121158881884 0.8101549237579332 0
0 0 -0.6949719399165909 0.8649876110286392 0.7579984997369746 0
0 0 1.184606408641418 -1.3376567336500516 0.06281254977937456 0
0 0 -1.2464055613919354 1.3326145276642263 -0.18529179088028813 0
0 0 1.564376370283537 1.12047802301796 -0.7809691883435677 0
0 0 -0.7428547928991251 1.371334825848463 0.008415981905180558 0
0 0 -1.0279514683774562 1.3138910476179502 -0.7080840615214765 0
0 0 0.5038736890240214 0.7604150871213753 0.8224122354808465 0
0 0 0.05703142027822983 0.8323510091232598 -0.7526431339729811 0
0 0 0.34353490517849594 -0.48998733407948347 -0.7721740618747744 0
0 0 -0.6713726055476483 -0.5256190192624421 -0.7328761600558117 0
0 0 1.2456369534505303 -1.3995915580714575 -0.1895018037330155 0
0 0 -1.04577190258869 1.3584476009376993 0.19213717082359572 0
0 0 0.9807699659851568 -1.3273392114581442 -0.1133321835660881 0
0 0 0.8307161154590896 -1.363580366836204 0.1313845078620708 0
0 0 -1.1413430253593897 -0.7976252546715558 0.7976393045372587 0
0 0 1.158061592130076 0.6431041438490106 0.8079862216026699 0
0 0 1.058474473673983 0.17988408877995066 0.7373236957996844 0
0 0 -0.4306954503179532 -1.3374388333159601 0.6444006224413759 0
0 0 -0.5209261789337221 0.9957108691576877 -0.792977969368235 0
0 0 -0.008045167315194002 -1.318125498839559 0.5903947950840689 0
0 0 0.8795611344899408 -1.360973710141193 -0.6861903945702282 0
0 0 -0.3828966858519489 0.44555793357895235 -0.7312088886570576 0
0 0 -1.3909364999827263 1.0357791338749107 0.7858815935646927 0
0 0 -1.4575591915740573 -1.3542737098852138 -0.3039068880315855 0
0 0 1.5685940838784318 -1.326622309692232 0.10254139322810185 0
0 0 1.4896172043611338 1.0767243411038747 0.8207586193283266 0
0 0 -1.008102585460895 -1.309995763323581 0.5104922248706825 0
0 0 -0.20744498963657287 0.04979605685596056 0.7524592201195736 0
0 0 -0.7065719753508823 0.9402489314390878 0.7999139111897242 0
0 0 1.0894075604217575 -1.3493130076208508 -0.5711340488694192 0
0 0 0.6156393072226156 0.17654098237340832 0.7861028245631624 0
0 0 0.5606672844193135 1.270046174523075 0.755422113510107 0
0 0 0.738789895941621 -0.510417274102823 -0.7686306336239815 0
0 0 0.4954130217228325 -0.5694710145989493 -0.8045617376302332 0
0 0 0.18469907178785916 -1.37363554157029 -0.5364543944307152 0
0 0 -0.39175229540634304 1.203091155211516 0.7314601314626036 0
0 0 0.6720409116339385 -1.3618640352745945 0.8016253273643459 0
0 0 -1.4807910721599393 0.7688835357021102 0.7812912392747019 0
0 0 0.8769695389571357 1.3244908514165987 -0.004071166081511701 0
0 0 -0.7565439640803239 -1.1652732266131736 -0.7623250867811656 0
0 0 -1.4436240376296614 -0.9107558712864541 -0.7989733364029719 0
0 0 1.0961227812824696 0.37749500087238874 0.7510759003033365 0
0 0 -1.2438162936278183 -1.3719843454066105 0.6005022820526911 0
0 0 0.28127396151338036 -1.3896807515137306 0.48038692891081713 0
0 0 -0.13727405883750365 -1.3086592256960217 -0.36719305844671585 0
0 0 -0.142700239162046 -1.354810742409321 -0.38263622294966465 0
0 0 -0.3221168556129663 -1.3893246702110524 -0.7055390964085495 0
0 0 0.2883689346713707 1.2748229049666866 0.7601915053506368 0
0 0 -0.4799296210877724 0.8572015989555186 -0.7713081153788595 0
0 0 0.9584525754166964 -0.44968982681850667 0.7372616483778675 0
0 0 0.22240016258545126 1.047609929407862 0.7595479410506245 0
0 0 1.5136488784302133 1.3035254680170116 -0.5854806543691149 0
0 0 -0.5187398951984494 -1.3616189576078637 0.12276583060056001 0
0 0 1.1472667461362716 -0.6244929109217364 -0.7943937006939699 0
0 0 1.286704984120123 1.3383039369981884 0.11313864383187844 0
0 0 1.0928145676231424 -1.3597112985059208 0.3360207312079586 0
0 0 1.3660510000112276 -0.5957804789030897 0.7516026170402548 0
0 0 0.34636103486493197 0.674796883120754 -0.778441169632768 0
0 0 -0.7163804788453727 -0.6721923501841708 0.7335732694338986 0
0 0 0.27091277016557913 -0.8630445665818729 -0.7515086587247272 0
0 0 1.1627924394758726 1.315922534527271 -0.702103426604435 0
0 0 0.5774083716934295 -0.7950869288407459 -0.7355463881609156 0
0 0 1.2097656349628139 1.3312379834592496 0.6256824123442275 0
0 0 1.2264357008665536 -1.387605010394095 -0.03969437206671422 0
0 0 0.8572690331242674 0.8003563821565816 -0.7350242960825473 0
0 0 0.4788844277452169 1.3341633172392386 -0.05432880122835093 0
0 0 1.5545224484985884 1.3358097200216998 0.2901899026631234 0
0 0 -1.4958485912922685 0.819221352247909 0.7739836637640135 0
0 0 1.1973832518854715 1.3176167184026946 -0.10624862831602788 0
0 0 0.7499271963119001 0.7763361994649653 0.7811440282343938 0
0 0 -0.1856926576354303 1.3960914861746796 0.24049519563393917 0
0 0 -0.23770972381293598 1.3874409097734628 -0.23576772503055354 0
0 0 0.9998951370647853 -1.336209123588643 0.012618369515999817 0
0 0 -0.8607709152458675 1.3940530902417707 0.661018803070172 0
0 0 -0.27367150373598736 -1.3074610915582008 0.3546516608240782 0
0 0 1.085106461418512 -1.110536413019905 -0.7703677168485531 0
0 0 -0.21039365016102107 -0.3297983288301152 0.7358286969798399 0
0 0 1.246471161739482 -0.6479873339690346 -0.7717396542117645 0
0 0 1.313404451319487 0.08585758351612682 -0.7251052627202211 0
0 0 -0.5945692414587705 -0.7866126119730168 -0.7566300668433735 0
0 0 1.5672885118966144 0.3744292859344165 0.7940612109714067 0
0 0 -1.4889209759195607 -1.0398545222997053 -0.7669597696261874 0
0 0 -1.3997520842532793 -1.1832979704537032 0.7940476126476674 0
0 0 0.3939605729513471 -1.0744300680482142 0.7815401176003638 0
0 0 0.24450104866352818 0.11428089477558823 -0.8064528982730922 0
0 0 1.465024876427182 1.3053876693544577 0.1167333304690017 0
0 0 0.9665955048827768 -1.391287709085194 -0.409520899901171 0
0 0 0.06687896651903547 -1.1815321976208002 -0.7718757085446556 0
0 0 -0.8154944296543849 1.3025676716747108 0.28547763025144035 0
0 0 -1.1019382713288273 -0.5092983446359572 -0.7397350863927271 0
0 0 1.4956708050093996 0.4593556478626417 0.81329093957953 0
0 0 -1.4224205736969537 1.0696018940226144 -0.7465636530452618 0
0 0 -0.24246809892196786 1.3183985959071995 0.4083922613712301 0
0 0 -0.6114765835242436 1.3900951592472872 -0.5660164318113161 0
0 0 0.46302083824620555 1.3471108191870926 -0.773996501018512 0
0 0 -1.1791308278208124 -1.3607664895760567 0.16917457685182213 0
0 0 1.2609495000716726 -0.8834928682396406 0.7772745120977366 0
0 0 0.8973602003540981 0.0013858005863749412 -0.7504980132683055 0
0 0 0.7172518682574087 0.23823962560838585 0.7844718272776182 0
0 0 0.9518162607079836 0.05199228737273698 -0.8084619584815488 0
0 0 -0.41051356767053493 -0.545907631203762 -0.7514381102458376 0
0 0 -1.1882021347258163 1.3373479710970329 -0.2602007350905664 0
0 0 0.9348746660185667 0.004264812604980017 -0.8213127938904548 0
0 0 -0.5983350614056528 -1.0342144901796093 0.748270950567566 0
0 0 -0.05992326351184629 -0.9596897271057985 0.7615407047596191 0
0 0 1.1124351087628996 0.9610346015944871 0.8127033898887391 0
0 0 -0.5614634982349744 1.3326507483846375 -0.8045833767779778 0
0 0 1.1943526909093292 0.012205118909116353 0.7768955527599246 0
0 0 -0.03486374518735502 -0.8106356183616896 0.7496669324750227 0
0 0 -1.2820468712945043 -1.0906342622700458 0.7490998235727463 0
0 0 0.11210927948169114 0.2600409333151583 0.7320638601705751 0
0 0 -0.6307864397969926 1.3872384201533652 -0.1911479742934571 0
0 0 0.6906756629421396 -0.2854959630154863 -0.7726833493591634 0
0 0 0.8400962589620105 0.4226110680699804 0.7674182590092589 0
0 0 -1.5620542798196837 -0.5891870270412926 -0.7303963175406389 0
0 0 -0.06232048848538363 -1.328005563515816 -0.10423543243261624 0
0 0 -0.6154284458048006 -0.3073111150773725 -0.7715899856467491 0
0 0 -0.8838601037426462 -0.7691190658351479 0.7712018225214011 0
0 0 -0.7949049433718307 -1.3706949943195903 0.3981855228158624 0
0 0 1.5662368556112192 -0.3457666885389039 0.7331668162728848 0
0 0 1.458673626395104 -1.3939572524410966 0.8004958507983757 0
0 0 -1.1102833853778142 0.46944124399198417 -0.8156032555438563 0
0 0 0.16392556224177124 -1.30626725042367 0.26847791837021484 0
0 0 1.2763708685041815 0.3185027770864699 -0.7276344495694197 0
0 0 0.4479312076338955 -0.9200200270239844 0.7489378567444313 0
0 0 -0.42556200276562395 1.3045384761223697 0.20639013273265916 0
0 0 0.1697021742940199 -0.7325132206749972 0.792082489056987 0
0 0 1.2617877214180546 0.2165000358090532 -0.798734867650867 0
0 0 0.0902916862260097 0.9454491548689223 0.8230733487744901 0
0 0 -1.3321002892606422 1.3752078056306327 -0.40254151000163635 0
0 0 1.2791886333974483 0.07903207891137232 -0.8156390002642573 0
0 0 -0.27641579984539244 1.310664022291932 -0.0879690823040763 0

