0 0 -2.3615277797152867 0.2851917922494823 2.00634255854873 0
0 0 1.2831898364560805 1.5286457231250175 0.4210826375174783 0
0 0 2.864682152824308 1.6506395862558205 0.4632948722311223 0
0 0 -3.0528677275175347 0.7549667979999839 2.031919583487122 0
0 0 3.0772906321770748 -0.5975690801291387 0.5581839334937728 0
0 0 -2.3795466578629325 0.53746886545194 2.0461256455279937 0
0 0 -0.8712287396924041 -0.638534606410389 1.220367065540572 0
0 0 -2.3323671286684773 0.5779113981141031 1.9594287181642573 0
0 0 -3.1227996500641857 1.7256215212894725 2.018721936136445 0
0 0 0.737795612688477 1.9732645228086623 0.4977442221342119 0
0 0 1.2960611236797854 1.1026583225792366 1.9754590414401858 0
0 0 -0.10414236218302841 -0.29922121469422613 0.41540798501202303 0
0 0 -1.3213104509735791 1.3344856495126651 2.0170295157943285 0
0 0 2.8588743981236266 2.080625266379942 1.0060624065948702 0
0 0 0.07979220157741862 -0.4647166307475086 2.004477637669049 0
0 0 1.913387381668847 0.12449617222378684 0.432609943286289 0
0 0 -1.076400268377307 2.124005393832861 2.0142101475430727 0
0 0 2.106070730923544 -0.5845443549031504 0.7326747120088353 0
0 0 0.43900414247166397 0.8602214644800843 2.0411239392076883 0
0 0 2.111526512112838 2.0459551446608177 0.43587016262017997 0
0 0 -2.974399281651344 -0.4225852362663405 0.4851953947707385 0
0 0 -0.9912873120981636 -0.6275679724137702 1.1440998088652776 0
0 0 -0.25804800226057134 -0.6122205507341398 0.5152857377387721 0
0 0 2.716966765560663 0.046195696067952374 1.9907719596626057 0
0 0 2.9798397399014958 1.2188626718883089 1.9599780996279361 0
0 0 2.6918396491861554 0.14631831509395476 0.4556078991083824 0
0 0 -1.9770885237840128 2.1222374791052054 1.427114272942085 0
0 0 1.5544424584261822 -0.486918409175384 0.5018080183549306 0
0 0 1.2342694275966037 1.7830492619770049 0.48822674137584365 0
0 0 -0.6970034282024482 2.0527560702493592 1.3406977021850073 0
0 0 1.3485736739949257 1.49027705543103 2.0364064701535693 0
0 0 1.273486321325966 1.5241992015239842 0.41314868699296303 0
0 0 -2.015210259227468 -0.6338823628423902 1.450414427180316 0
0 0 1.3470373450375153 -0.07816247046096492 2.0099320529154188 0
0 0 0.2863274416251369 -0.22683522841073545 1.9972654180853482 0
0 0 -0.9887636016286963 -0.6093444121449876 2.0217564146621743 0
0 0 2.156259721780371 -0.3474780124525847 0.49696017701038786 0
0 0 -0.4969312452892791 0.2063430218019484 0.4075428715228492 0
0 0 -0.5008674197305005 2.092615288813171 0.590232566178708 0
0 0 -1.890303052249178 0.4968819448557562 2.0239577900677443 0
0 0 -2.3807013719666728 -0.31785975562828606 1.9884866294855552 0
0 0 1.5371146836604597 0.05071345199315502 2.04333544656329 0
0 0 -1.3350647660340387 -0.5506699637124566 1.94128501722189 0
0 0 2.603882363726882 -0.5602775367208914 1.8151285834763131 0
0 0 -0.019647709511150246 0.6868845090537692 0.4434203099732321 0
0 0 2.6461717626074455 2.1450365238061764 0.6368656479734409 0
0 0 0.00804982252788955 1.107334690571983 0.44307602691370374 0
0 0 1.2798204741572148 1.7688030034044353 1.9641998972099008 0
0 0 -1.6242603727003975 -0.39415581177863546 1.9661630574571947 0
0 0 2.68049660431885 1.0105016585702038 0.418191612726343 0
0 0 -0.7120166672306896 1.440839545174056 1.9648163635856983 0
0 0 -3.1071370577468356 -0.5685592308309013 1.7391130176923921 0
0 0 0.9284035057207793 2.1229186872340615 0.7525589419203838 0
0 0 1.492077538237237 1.2313646672555085 0.4955541622299936 0
0 0 -0.8774246800373806 1.6083455389882715 0.40716446125465 0
0 0 -2.427530632049605 2.0692025209298546 1.3749967185395127 0
0 0 2.6501526682700387 0.2765435412600702 0.45568400152171895 0
0 0 -0.15404845619347496 -0.6337439464873378 1.5766980876845855 0
0 0 0.7655631305390993 0.5199151864509555 0.4188809624989509 0
0 0 -2.0458978619789896 0.8707273997859089 0.4674073215410135 0
0 0 1.7585708604693435 1.209135395844497 0.4814345541187415 0
0 0 -2.9093214474935016 1.0116559309964779 2.0214790053734175 0
0 0 -2.756130586330351 0.6709704474748863 0.47410543926971194 0
0 0 2.8838192853892064 -0.6493989670348452 1.870994817647319 0
0 0 1.0212888053001077 1.3714871741045638 2.0406407181092794 0
0 0 -2.5702290154960035 0.09943010206138347 1.9836152059987533 0
0 0 -1.065874234035066 0.5154139397473974 0.44388664513140497 0
0 0 2.9741318447508 2.148498536745411 1.1662404021558639 0
0 0 0.11873951831836038 -0.6173388403803455 1.5824278523424895 0
0 0 -0.11788745819063884 2.1089798050095983 0.7459594109918419 0
0 0 -1.6983785712165933 0.26946610851820163 2.05253643406956 0
0 0 -1.9268113549624155 2.1297958951181895 1.0426137186152886 0
0 0 1.9294164705671966 -0.44742602298672196 0.4312439053926882 0
0 0 0.8155636217643356 -0.586889336389836 1.6713805882188126 0
0 0 2.3015833778553043 0.029990543724213503 1.999140037258507 0
0 0 0.641389493524561 0.3147153181457836 0.459497327887588 0
0 0 1.1019973927188849 2.120877984950091 1.330110181838448 0
0 0 -1.3627842212941856 0.6922445054044217 1.9742417037763738 0
0 0 -0.024720205682743135 1.0165422884721025 2.0114051072503285 0
0 0 -0.02765552187715059 0.749387735379967 0.48782067363549475 0
0 0 -2.1491784696102845 -0.1668600110633226 0.49122283655944243 0
0 0 3.1227185889195495 -0.6488550421824557 1.4127018547515307 0
0 0 2.1124234048283146 -0.5746551506374751 1.3141967020659333 0
0 0 2.2898873907410504 2.073956562997663 1.352126090642833 0
0 0 -2.6335680080918014 -0.6350887567061332 1.8005783728442541 0
0 0 -2.4178305149275143 1.2341013084604988 0.44472860857424623 0
0 0 -2.2459424241852366 0.08662993148023013 1.9741025150501053 0
0 0 -2.488253969364212 -0.5665373541699394 1.5284378851812428 0
0 0 1.662697843299882 -0.6367495834822938 1.2383339183892803 0
0 0 -1.4993971106063293 -0.6426971059983271 1.4432231400031903 0
0 0 0.7367871666867685 0.03500698220293674 0.42539778651332016 0
0 0 -2.779671233049512 1.5924309155267748 0.4459410160574647 0
0 0 -0.09473200429561057 0.9571901011430837 0.4349376037576822 0
0 0 3.0211229045733514 1.0466778706904032 0.4044678704937865 0
0 0 -2.072421761316711 -8.114012435900264e-05 0.43495137796589467 0
0 0 -0.017774929385415916 2.1098022820026463 1.865352849835008 0
0 0 2.6257843044531093 1.6156362784843947 0.4713728150328177 0
0 0 -1.583746212044569 2.088133366085887 0.4817633432611368 0
0 0 -3.081960611060776 -0.11116323729354538 0.45589755631528384 0
0 0 2.1195152591436717 -0.5619077122337279 1.9010566850695971 0
0 0 -2.421357669457311 2.0908986209294733 1.998814192911443 0
0 0 -1.8129209719068409 0.2590125332673612 2.009100066464015 0
0 0 -0.07427482261927221 0.33341664382478786 0.43212655072048345 0
0 0 0.8040807543127073 -0.49307394155672046 1.9563425762490239 0
0 0 -2.3440945529838713 0.4621178128907595 1.9994270561805072 0
0 0 0.5463380302328837 1.4944931227733826 2.001282225622038 0
0 0 2.674393716738427 -0.6211734854371935 0.4825857573714366 0
0 0 -0.5827793396677494 -0.6389812365835663 1.1974774459556916 0
0 0 -0.37320106453305657 0.8057630683707064 2.0111739336880556 0
0 0 -2.6876384617268143 -0.6085493358072458 1.6863424731806829 0
0 0 2.5504386181725884 -0.6387479859445491 1.050771201809922 0
0 0 2.85840092278496 1.49321721566283 2.02126147036727 0
0 0 -0.9226249023640416 2.077749474156775 1.6392287748586973 0
0 0 -2.8489518331591945 0.2902897575881528 1.9786101074402236 0
0 0 -0.18431349556806254 2.0616897901631273 1.3677837635803956 0
0 0 -2.800975207649131 -0.6229302226045919 1.97889181843987 0
0 0 2.421051585163595 -0.05026238235910463 0.42759905870281867 0
0 0 -1.882564158567504 1.1470274634405704 1.9762827173996604 0
0 0 -2.418053493635195 -0.5878170702975312 0.45522138957935776 0
0 0 -2.9236227942070325 2.1314102114138036 0.7231131097494943 0
0 0 2.192455814818987 0.3410796706793313 2.0328271769068875 0
0 0 -1.5758660533137612 0.8729060720831971 2.0054931528138815 0
0 0 -2.643738467890498 1.1901800780402418 0.4174342690026124 0
0 0 0.3648308625068326 2.0920460437821324 1.64686977831364 0
0 0 0.83804977244551 0.6020810528628111 2.0500995951717513 0
0 0 -2.4188072436984167 0.9505377631147733 1.9789771675831678 0
0 0 -0.7040062858884175 2.1131417727652666 0.7121806711959853 0
0 0 -1.4429624081805141 -0.4357107430798193 1.9792327578787465 0
0 0 -1.8876059056301082 0.031409987955824836 0.42021924546553513 0
0 0 0.8281213109736751 0.542730964804911 1.9686359185706532 0
0 0 1.2347370337981296 0.5678875568117856 0.4290494635832345 0
0 0 0.45699537239533683 -0.30970259271071976 0.4351799783896738 0
0 0 -0.7598241363115474 -0.6216255702543727 0.6159191558416872 0
0 0 -0.25586929642168954 0.15589806349734103 1.9769773091807588 0
0 0 -0.8083469059842301 0.36940665418321994 0.47482995355546265 0
0 0 -3.000718248897286 -0.5937757734176661 1.0569743081349463 0
0 0 1.4068789505345158 -0.6047800656403308 1.2948030134857542 0
0 0 -2.084948583270801 2.094350324014469 1.2892167486020496 0
0 0 0.07769091660031036 0.9434870792833998 1.9906946834535337 0
0 0 -0.452547393086697 2.1314300301823454 1.5152714910554503 0
0 0 -0.6193868922296568 2.069224732067318 1.8930848941549216 0
0 0 -2.033559565111412 -0.6039625248775355 0.9148695067094498 0
0 0 1.402162195208538 0.12173501354151106 1.9613672940537277 0
0 0 0.92997410971536 2.1437228474923913 1.902337224265225 0
0 0 3.049513544413121 0.6714228031606799 1.9850904712390336 0
0 0 -0.9729011559025191 -0.21214588255752687 1.9549856829591752 0
0 0 1.137529975233904 1.1177957723495004 0.47553347508011845 0
0 0 -0.4029211190849016 0.13549653742738288 2.0322217781154857 0
0 0 1.9225691801269047 2.108853557548639 1.9066437843868265 0
0 0 -2.487269564182391 -0.43360519225048555 2.0245682164505623 0
0 0 -1.507547758659407 2.1105045767444235 0.8223274083786336 0
0 0 -1.4613008986353944 -0.6097598139834615 0.7413220920860344 0
0 0 0.4229963569072335 2.0904268022296106 1.9279566160839154 0
0 0 -2.730530464778927 2.056955172068217 1.530051921511429 0
0 0 -0.8910307606877264 2.1005970052855756 1.5628024977444133 0
0 0 -2.507412547102117 -0.5306666483486282 1.9688830902929646 0
0 0 -1.4671532148193978 1.610744610129528 0.42124137980034404 0
0 0 -2.524512767285259 -0.6205086759599181 1.293872349124654 0
0 0 -0.11697552217465601 -0.10265552465874506 0.4988108136067714 0
0 0 1.3079356679526732 0.37990569650363426 0.4208160947916747 0
0 0 2.7527262009231928 0.6602041261083791 2.048540197676149 0
0 0 1.2754977614847594 1.7016305107521783 1.9963633497682562 0
0 0 1.6855848303100025 1.3869986084132846 0.4043460758275039 0
0 0 1.8347536647716938 -0.5782658799892673 0.524773689399449 0
0 0 2.893281282140144 1.8010788023591628 2.0512738117863156 0
0 0 -2.2271086693512903 0.8773161010608395 1.9927351465208885 0
0 0 0.3004429185854214 0.8033207006903225 1.9711917138499369 0
0 0 0.8296073425991222 0.4412080364509958 2.045337451729905 0
0 0 1.8559829031813662 -0.4193288816565435 0.43737849981450794 0
0 0 0.08887222602842293 -0.6466606438738394 0.6684743024941584 0
0 0 -1.0572307744405056 -0.328112902566547 0.4584850633486146 0
0 0 -2.1083146899303236 2.11135890332409 0.8081711540484112 0
0 0 -0.5534283000479201 -0.5873842114381833 2.01762363744203 0
0 0 -1.1077514581454349 -0.5611294795570707 1.0160690097843452 0
0 0 -2.4819672455962944 1.5531569105963692 0.47214705810328716 0
0 0 -3.1111880370116105 1.3688767009975253 0.47530487852716574 0
0 0 -1.1998359308149833 -0.25258722118202925 0.4479408358639647 0
0 0 -2.631116110337163 1.2573105190522083 1.9816259754825327 0
0 0 -1.4235809976235065 0.35816900573174504 2.0119159302712717 0
0 0 1.9717480702293129 -0.21456076472238772 0.46122422767370397 0
0 0 -1.6826223131584355 0.8823367757401808 1.965206238364348 0
0 0 -2.854812748827265 2.1357345741702427 0.8960668398266702 0
0 0 -2.293788005656999 1.0035169112247964 0.47873129194702935 0
0 0 -0.002505074833132337 -0.46350459943558464 0.4800895208253546 0
0 0 0.5661087739403143 2.0615925773764614 1.3227951052227667 0
0 0 -2.429400395832806 2.0987842355196444 1.7077944034735324 0
0 0 -2.839896993904396 -0.3889258786610297 0.4594481927644992 0
0 0 2.126190820190642 0.14418063413617943 1.9821868726822325 0
0 0 -1.1452993080384086 0.8877498959221042 0.4766205096862146 0
0 0 -0.3583940690968421 2.0591362137428604 0.9879532956721003 0
0 0 0.8017054556901404 -0.6294788569076328 0.8319263214694139 0
0 0 -2.3000619646181635 1.3801896634719961 0.4417322464537615 0
0 0 0.2840642531842845 -0.5317919130203212 0.490868512292566 0
0 0 -0.8316211228484174 -0.5764689859646652 1.6659244595403282 0
0 0 -1.1066288649949567 -0.6475797543129855 1.6926027110680164 0
0 0 0.11877863321182769 1.0315537048654888 1.9866027661422632 0
0 0 3.097698691098832 2.094496648303857 1.2702403629407995 0
0 0 1.5939440625742858 -0.5563541462337356 0.756209834394378 0
0 0 -0.8843092641206889 2.0941523168078 1.2677870808356566 0
0 0 0.6691090935312554 -0.5605623211159181 0.5968158095824024 0
0 0 2.452888688674835 1.9385017282270824 0.4216087478435262 0
0 0 -1.321753606275148 2.0523332525326987 0.9908422397021743 0
0 0 -1.1049703724942175 2.1057143451870344 0.506190908385158 0
0 0 -2.338208614347754 2.093807415802221 1.3468989086452179 0
0 0 -2.997546112691819 2.0672153449941035 0.6553087299240441 0
0 0 3.016901512320267 0.6492650797195274 0.4366845706207144 0
0 0 2.14094668691202 2.097461280624214 0.6950044492925574 0
0 0 0.4540983271554291 0.9505877113789416 0.44042630537795113 0
0 0 2.684726595196289 1.724533039937495 0.42728465612781985 0
0 0 1.38168736378422 -0.640038422537847 1.9430754212453871 0
0 0 -1.0973016226312966 1.075326734362732 0.45734160457362105 0
0 0 -3.0931860259897044 1.813358735086479 0.40532531729883314 0
0 0 0.965548957963577 -0.6030055670881465 1.5261027021921898 0
0 0 -2.39373915872633 0.19460423327951482 2.025723824079739 0
0 0 2.240354977120531 2.059268345332754 1.2895791239204506 0
0 0 2.7335192240860673 0.3670108536871268 0.438228903273176 0
0 0 0.49840288983028636 -0.5949892285983971 0.8255019749154233 0
0 0 1.9905087871643294 -0.5848378212915621 0.785393491340906 0
0 0 0.15570047632284423 -0.62833950820418 1.8533533373528956 0
0 0 -0.848828509628583 1.6575730765927597 2.047257966645132 0
0 0 -1.807238501300282 1.9335368283834227 1.967522061766247 0
0 0 0.4983264752797578 2.060638050259425 0.9523219764211848 0
0 0 -1.7552661294668033 1.1123594007248943 0.4872945223365921 0
0 0 1.685484942179766 1.6120915474235604 2.014565641882019 0
0 0 2.1847840348493666 1.8743096938163235 2.0306242254158247 0
0 0 -0.8602252763077343 1.6402412295584916 0.4410187120876269 0
0 0 -1.3357185074732674 1.5575515515668739 0.4322705266529071 0
0 0 1.713944810855308 2.0645953152321095 0.741839570116755 0
0 0 -0.15216191216689 -0.5758815441542511 1.0036299667949558 0
0 0 2.303437504561108 -0.2679887276172237 1.9718045273003066 0
0 0 -1.8928847180037325 0.9931868245316458 1.9576429021834745 0
0 0 2.202258999217543 0.9863093498341275 2.0340059318329384 0
0 0 1.700642345358573 -0.23556682362841308 0.46287333461353086 0
0 0 0.341288077699085 0.4898482204563739 0.4764209064590842 0
0 0 -2.8574294665354176 -0.38972398934367347 0.40921827207964856 0
0 0 1.792212942325981 -0.039747211535716365 1.988331242366419 0
0 0 -0.5303066227013056 -0.5848492338514115 1.5830041324881405 0
0 0 2.544631395820689 -0.5745532726318603 1.8854952210740097 0
0 0 -1.4615919246411342 1.7711842660017412 0.48443787256725035 0
0 0 -0.34216396907155255 -0.579537733616942 1.6179674783150608 0
0 0 -2.3459216308889657 0.012057364144573146 0.48170409462940156 0
0 0 1.1514121477591432 -0.22703715151175774 1.9808421906832856 0
0 0 3.034786524840917 -0.22395836355544518 1.987224369075708 0
0 0 -0.3482620151986566 1.221121599105496 1.9740252123830677 0
0 0 -2.613843543150522 0.36567811080323065 0.40863699768382655 0
0 0 2.356733532866209 -0.2820730980140813 2.035050658942373 0
0 0 -2.578613259202672 -0.5603525948135792 2.046830967487275 0
0 0 2.8376601128806387 0.9132810312386672 0.48038980400241926 0
0 0 -0.494414647689958 2.1165374646077435 0.5433862340766021 0
0 0 -0.6227046605604065 2.0880214327402298 1.3731237647832368 0
0 0 2.538260442496691 0.8045013431793673 0.48883439718861654 0
0 0 1.9450400899132472 0.7522001299895902 1.9566513933661471 0
0 0 3.04367421926612 1.5579891297689958 1.9830038389526825 0
0 0 2.952642284621594 0.8359472496022542 0.4268984822686097 0
0 0 -1.6320230689309256 -0.6173939075816577 1.6048021464870055 0
0 0 -1.8525179488867163 -0.6435306126715867 1.1320646251579949 0
0 0 1.5885204209890498 0.41844833918392677 2.043900823859795 0
0 0 0.17255163689978614 0.6577473263285041 1.9915050147032365 0
0 0 -2.4921963665308384 2.0653856562526927 0.502611167110105 0
0 0 0.29602998205492925 1.4263843988991582 0.4596829877490175 0
0 0 -1.2938041191626755 1.1876226688149092 0.4998005527383179 0
0 0 0.6981274087575411 -0.0781865540561113 0.492379146355568 0
0 0 -1.5821826813474007 2.0886257292713437 1.205949178531177 0
0 0 -2.2323773964775175 -0.5531191277756469 0.7298586536703122 0
0 0 3.066494460988684 2.089890365008114 1.3670030181129773 0
0 0 -0.13379598416614602 -0.5519247831537395 0.6565817760386577 0
0 0 -2.1593287763114715 -0.09682346215521531 2.0101890627602006 0
0 0 -0.47987626098841485 1.1617636325667637 2.0135853555180114 0
0 0 0.3761425198250663 0.711305307814361 2.0005749085189195 0
0 0 -2.2568792482766575 0.21936744219998627 0.4143179825797192 0
0 0 0.9392698056543818 2.0046187279180563 0.46354390167903736 0
0 0 1.3201581895972945 -0.6179672931899163 0.4541752963613602 0
0 0 -1.925806172772092 0.9971533968789104 1.995022774294713 0
0 0 -2.877917025859308 1.7077238203809026 2.0410670305476373 0
0 0 2.00557919583738 2.0812756185553862 1.441213480241182 0
0 0 -1.9415678359645472 1.666877465792732 0.4262270450611213 0
0 0 1.5778944166326143 2.107712336641297 0.8434093817333161 0
0 0 1.16420609927681 -0.5957075853166969 1.491550314300575 0
0 0 1.54387225647804 2.051780154227956 0.48370642676995756 0
0 0 0.23673526432355496 2.082208549392738 1.8412192447460898 0
0 0 0.93537544997052 -0.5386535603441751 0.47987203340918394 0
0 0 -1.7229754334231584 0.18505226469017666 0.44651184542338784 0
0 0 -0.4255727043268944 2.0547282364390576 0.5205730522162832 0
0 0 -2.5171306355588103 -0.3152934231844349 2.039144252902191 0
0 0 1.264118720497378 1.82253235144073 0.48694940127123376 0
0 0 1.8747990638634748 0.30641213441978166 0.4422299062408934 0
0 0 -2.3908795698939413 -0.3961840516910762 2.0359931297455183 0
0 0 -0.7307730479741914 0.3312230971626726 0.48013628630974414 0
0 0 3.127862648172588 1.5763886764409143 1.963602099622356 0
0 0 -1.6498919055118448 -0.33805485876569374 1.9843238941934527 0
0 0 -1.4399368019637806 -0.626298779763176 1.8552012719816984 0
0 0 -3.0677395662234717 -0.5530200194227399 0.8113720826695089 0
0 0 -0.4803783938905437 2.0861906832469184 1.656684714710143 0
0 0 0.7925959895406787 1.650716559090643 1.9906504210958933 0
0 0 0.6593048815001521 2.1354181146232203 0.4643274555842739 0
0 0 -0.8889967033941408 1.7373627240760603 1.9554862074780792 0
0 0 -2.354471520337192 1.4332617577709597 2.044072425161629 0
0 0 -2.1820312753361772 0.6108440450288122 1.9555821691490283 0
0 0 -0.9202530612354884 -0.558930257111768 1.9151080241087854 0
0 0 -2.5499420318665784 1.3567401433078663 2.0293052622072847 0
0 0 0.8933439485823547 2.0923383569820064 1.3357985618889343 0
0 0 0.12633361355694372 -0.43861983955464656 2.001747447375375 0
0 0 -1.015150067351855 2.120965827462993 1.3812507087391233 0
0 0 -2.2489814380280806 -0.2862905005049794 1.9715356863638365 0
0 0 -2.243845082086805 -0.6455186255908978 1.8292334323578752 0
0 0 2.299043951255629 2.117669198155947 1.814237799479186 0
0 0 3.0926224017127337 0.7155938284526338 0.44028742975765 0
0 0 -2.869719451454276 0.8927561579922585 1.9574478040640306 0
0 0 -1.809435671688021 0.15705850866430737 2.0084456974611165 0
0 0 0.08166865058213979 1.1743926890551921 2.01566623608055 0
0 0 -2.629906747737107 0.9539490172087546 0.44547890930746914 0
0 0 2.9096054589288682 -0.6211163904371046 1.1142235423216778 0
0 0 -2.412279346746913 1.5680597032565895 1.9909016468157756 0
0 0 -3.099627727587753 2.09181209754822 1.320547883520258 0
0 0 -0.6147491767160549 2.1413202469880157 0.9907235525239297 0
0 0 -0.9864208555316596 1.2999967216725319 0.49803405539454726 0
0 0 3.0700971318708925 1.5269683485472714 1.9556125485398281 0
0 0 1.7105446450043242 2.05941810846722 0.6703454045974964 0
0 0 2.12158255123678 -0.12749635187034936 0.4418658097781476 0
0 0 0.014534345797769355 -0.2604424367927263 2.0196022162937552 0
0 0 2.2409645199652433 -0.5589709713510627 1.8309749217162974 0
0 0 0.7961594964801639 2.1016078559073885 1.1863435819282562 0
0 0 -2.4719710026921073 1.7780350275674663 1.9592862606172785 0
0 0 0.15784832224353584 0.1450377851239928 2.022502006135979 0
0 0 -0.4137996383804028 1.6863727415873246 1.9811958160485856 0
0 0 0.21856052872085652 0.014069182191584817 2.025924517379644 0
0 0 -1.021487784277403 2.1198286268774735 1.5003749250406828 0
0 0 -2.6705689125694057 0.05295623312515885 2.046903835459392 0
0 0 0.25634555492642175 0.9865984202353681 0.44379913081096045 0
0 0 1.1562260646222215 2.1180064593441923 2.004252301399423 0
0 0 -2.3717740249910424 -0.645956829246559 1.518404889537895 0
0 0 -0.12077327740062316 1.9677205318038762 0.43310901767227605 0
0 0 -1.0767399288074961 -0.5818082320047375 0.5918245059220526 0
0 0 -2.6326493572880945 -0.5123224971272693 0.4774493977948241 0
0 0 1.6246218559452608 -0.6205248997375223 1.4874726629614963 0
0 0 3.023258205957629 2.119312619980571 1.3971090767258767 0
0 0 -1.5128878298621804 -0.23771108707644895 0.451106659384789 0
0 0 2.40040668119091 2.10140383824265 1.126604731247362 0
0 0 2.2148201352629027 -0.6115422006947531 1.1358488217028688 0
0 0 2.9424273714237854 -0.6287251067332382 1.787939291790532 0
0 0 -0.7163989862023867 2.1236162940343863 0.6704768392609837 0
0 0 0.8767423337279583 -0.40043877488341173 0.4752340472251636 0
0 0 1.913449545687338 2.148290503041982 0.8045164784812704 0
0 0 -2.5983370959973096 2.1074715566059723 0.8822153533110573 0
0 0 -1.802483406813044 2.063950163493312 0.6061278107871438 0
0 0 1.0864714716806745 1.6784678930944923 0.4999420037804556 0
0 0 -1.9693287975413458 -0.5872326388612916 1.533864203628617 0
0 0 -2.0009958564466706 -0.3842218359111429 0.4517255356236476 0
0 0 2.21855430311731 0.9021781760284411 0.4146635034104089 0
0 0 -0.5162088207384032 -0.6392415648927718 1.3584134492996576 0
0 0 2.0729221366296136 1.1154157306146335 1.9715446975684516 0
0 0 -0.41337164577241126 0.6825178078964529 0.4972071440850999 0
0 0 -2.9573646855212696 -0.5947705938185375 0.7852064460431395 0
0 0 3.002460343451239 1.5196357431998992 0.4111828907601328 0
0 0 2.6001019506583116 -0.5782140762086478 1.206252666190842 0
0 0 0.13611381656522603 1.7198388626748018 0.4070223069195211 0
0 0 -1.5693224355964763 2.121430000966621 1.4507464514860382 0
0 0 2.605666939574782 2.061314426735616 1.657595358717104 0
0 0 2.156527121044528 0.5883276497686991 0.4671987282922776 0
0 0 2.4445845420032697 -0.5878072662671807 1.5146664793205533 0
0 0 3.006867496826805 2.0569823931317717 0.5768704327583034 0
0 0 -0.6685246472739328 -0.33950458846040643 2.0522957148633294 0
0 0 1.2833493696060767 -0.44981116537192944 0.41602310938115916 0
0 0 1.3334355237700741 1.3148089314820657 0.44494949924437543 0
0 0 -1.947649283394739 1.7198180131846852 2.016134598974314 0
0 0 1.771115941230704 1.5117705920727527 0.49604372354486037 0
0 0 -0.2060004374324751 -0.11878943402812858 1.9872767087642411 0
0 0 -1.8322326121364614 -0.6130676701488 1.1950053257766378 0
0 0 0.24142908767250448 2.0542101802605615 0.8755852156875892 0
0 0 -2.5874228487333566 0.6409133943956637 2.004068309104455 0
0 0 1.756125004601719 2.143881806990249 1.8267493119194267 0
0 0 0.3908249246991966 0.4844304223234879 0.40896890080791826 0
0 0 0.19568700756000146 2.1324224527289424 0.8413052781012788 0
0 0 2.3079918381157176 -0.1036304580090408 1.9622499141139798 0
0 0 1.4720428669860475 -0.4275758569452732 1.9709421982795243 0
0 0 -0.7093884319654338 -0.6269253544575986 1.2032440850563917 0
0 0 2.574686869707114 2.129057298889352 0.5632916405635289 0
0 0 -0.8703598596744184 2.0835348017578967 0.7024999721100265 0
0 0 -0.5653280380023888 0.5791883380092682 1.957416910060321 0
0 0 0.3087295887106998 -0.2357847142121542 0.457853416128001 0
0 0 -1.3397980377215712 0.7891899173537078 0.44918976766577157 0
0 0 2.3760791676245283 2.079030324029221 1.2832118828824832 0
0 0 -2.230821976881004 0.812140823001114 0.4447447480987371 0
0 0 3.137295373661604 1.4511979732712177 2.037517761942089 0
0 0 -0.7466500395568292 -0.5561385138262978 1.66111871386553 0
0 0 2.808361698016755 1.1654375033338562 2.0074264909423443 0
0 0 -0.18065663773231666 -0.4797225318664986 0.43982991185426445 0
0 0 2.5659148670995675 0.20936480628046483 0.4389156853476046 0
0 0 2.353537312369177 0.0533018472017478 0.46380266096753686 0
0 0 2.275694339243562 -0.6226019064685815 0.8358739775589312 0
0 0 -2.0668494994037623 -0.6042274894780879 0.5623786726996308 0
0 0 1.4525102367481688 -0.44236057199814205 2.01250804257978 0
0 0 1.970853137740182 -0.5963709294104271 1.4456899269356573 0
0 0 1.606685831546626 -0.4988171353525348 2.0463006735129534 0
0 0 -2.22882477760838 2.058613167374056 0.9167942505145789 0
0 0 1.554249291275899 0.46226046825968026 0.4926833321714973 0
0 0 -1.4399569695146004 2.0918044091583203 0.8611163775779465 0
0 0 0.9165903801549646 0.9477085751093033 1.9541927812622564 0
0 0 1.1876442399028546 2.148111367366071 0.6317269142651828 0
0 0 -0.3657965173585729 0.7138502080112534 1.994577740185405 0
0 0 -3.1350179042695214 2.1363694184609656 1.8197003040646116 0
0 0 2.474660728584185 1.3162003517030718 2.022246221598139 0
0 0 -1.8064640222664812 1.168407873792669 0.46240188873164056 0
0 0 -0.706217298253494 0.5544701128984604 0.4574509815416071 0
0 0 -1.5771326545117652 2.064627209977104 1.8416628564288395 0
0 0 2.05395284145511 1.2066348725463902 0.43536922742724804 0
0 0 -1.5666428737088445 -0.634429433356408 1.9449189381193803 0
0 0 -2.164700815170244 -0.43451629099171774 1.997358859604359 0
0 0 2.5361208300026785 1.9815889157020121 1.9832342191663488 0
0 0 -1.9936226341178582 0.4031037871015113 1.9727078287925472 0
0 0 0.2283571510332778 -0.5757482589662692 0.8830564048515769 0
0 0 0.8073993948420228 2.0487511156475593 1.9717265255644278 0
0 0 0.09142014535019172 2.145657226396146 0.5338035285602887 0
0 0 -0.25642598553789764 2.1196147800520935 1.3068645373683871 0
0 0 -1.1251751041459426 0.134036258429449 0.4144135216616136 0
0 0 -0.38737976264563256 0.13005775686922305 2.0281567225075676 0
0 0 -2.124425092624297 -0.585794424300957 1.2037955317886069 0
0 0 -2.8597419872998766 -0.604526801930535 0.7231780741947766 0
0 0 3.0447157107921976 1.7185343785138845 2.003822551117125 0
0 0 2.730593885052788 0.1927592966998366 1.995705829852727 0
0 0 -1.1272377334461123 1.2955811713398033 2.0411345446763036 0
0 0 1.619177949708419 -0.5645497127885883 0.8525944327451047 0
0 0 2.663528593682213 2.063408446695133 1.7749695753822776 0
0 0 -2.456636784838627 -0.28416614827412956 2.036175357306981 0
0 0 -1.241293660724397 1.5301852316148319 0.41957878151808625 0
0 0 -2.8339081756739697 -0.5628357144068996 1.7892114054410364 0
0 0 -2.651139958079594 -0.6077918800300082 0.9163674051091554 0
0 0 2.8345824700171773 2.1351846229079907 1.2309942079844083 0
0 0 2.2408238967758054 2.055280061753237 1.5510965297196948 0
0 0 1.3428901101476987 1.7651241144347891 2.0305013879790863 0
0 0 1.8446111294038383 0.52011902982059 1.985246365463004 0
0 0 1.7998940988835574 0.4356467750302978 0.4472080951338723 0
0 0 -1.0301489729173006 1.020533401017091 1.9546690014485488 0
0 0 -2.878082408572661 -0.147561182752455 1.9578626646223123 0
0 0 -0.4564654898584033 -0.42921679291247994 0.49988395835263044 0
0 0 -1.9494503949767663 -0.6138934859593781 0.4858511760290576 0
0 0 -0.24202009350440123 -0.5871859936849524 0.5371166900069958 0
0 0 0.4402685597524223 0.14834510390691513 0.4505157393948618 0
0 0 0.9225531073058733 -0.516384076592989 1.9618607757168611 0
0 0 -2.104343467403773 0.6418666664027681 0.4458798691952226 0
0 0 1.2614911956641324 0.4465539509426818 0.41128434961511784 0
0 0 1.8277763460977914 -0.3912929175540947 2.0087314190455823 0
0 0 0.3997505969351365 0.28443704243088375 0.5015578107742917 0
0 0 -1.0040644682484974 2.1213233105208147 0.48356123465017087 0
0 0 1.1577422778056228 -0.6326902844625564 1.8874531390174027 0
0 0 1.1444377303293756 0.6406878216324212 0.4657833342786192 0
0 0 -1.8437679213577889 -0.07799298658487142 2.022174213729504 0
0 0 2.779496216585523 2.1406241459736943 0.4357622371994734 0
0 0 3.0114454288710126 2.142883946780821 0.756006088102018 0
0 0 -0.3838509778491419 0.7767272323511196 2.0024444652468185 0
0 0 3.03078271260392 -0.5852196759944293 1.4180812253777837 0
0 0 -2.170670411050282 0.383337419134691 2.015752720994942 0
0 0 -1.0317457980172393 2.148606666433599 1.5088588695445293 0
0 0 2.1826639330428534 -0.6482987716641084 1.1830682103970176 0
0 0 0.39739439840086943 1.830512268530515 2.007211345388607 0
0 0 -0.14792404023352024 0.0011912229748951564 2.0179370207067144 0
0 0 2.865238019468541 -0.5535195356096472 0.7082920373451986 0
0 0 1.563766491066298 2.101178126180128 1.3963843525699982 0
0 0 1.6220235753117747 1.2364092888862164 1.9566942059653631 0
0 0 -1.641142707859372 1.5985135022454886 0.4483763175655322 0
0 0 0.7590522432764417 -0.6393993998481571 1.5662706508906261 0
0 0 -0.37117058412045445 0.5401366906922689 0.4640708790676674 0
0 0 -1.4126373616973913 0.38001240733886 1.958711167631355 0
0 0 0.8712671100767428 2.0639383695086337 1.979606796160804 0
0 0 0.8703587877893071 0.6158213359903653 2.0449415239311395 0
0 0 1.2633756537163556 -0.6343153277113709 2.006845454285318 0
0 0 2.8084280059532105 -0.611514681119464 0.9006461874124809 0
0 0 -1.8440207736418515 0.62691874467277 0.46814444588831483 0
0 0 2.214387518936542 -0.4435481732195292 0.4335436504141881 0
0 0 -0.6506079011237413 1.7553199096629697 2.006317485056649 0
0 0 1.3166047580592979 -0.6266756192943694 1.8506702880880652 0
0 0 2.0866927933408146 0.6609354637498452 0.49422198797237715 0
0 0 0.06380107920854616 -0.1150623282851343 1.989492548297755 0
0 0 0.33226628917509693 -0.39701535055653303 0.4949714358448215 0
0 0 2.219875704305709 1.4724202372934123 0.40783292633841484 0
0 0 -0.2753208686615993 -0.2951234287483038 2.022221586071216 0
0 0 -0.14817324414166322 1.722433330531299 0.4788402393557376 0
0 0 -2.228067100377716 -0.5676957742739714 1.6538953157186111 0
0 0 0.5675629998424996 1.0260105128140986 1.9942199499220568 0
0 0 -0.30459602970663546 0.0658147715657661 0.4458036205375625 0
0 0 0.011884271356381593 0.5116610961208967 2.0406985437783027 0
0 0 -2.270307962835086 -0.43234559294962693 1.9917469434223913 0
0 0 -0.606330222050588 -0.4404838315033732 0.4599329223650037 0
0 0 2.2188796128859067 0.6823516955315148 2.037363683098736 0
0 0 2.397543795223257 1.0821477475147856 0.48034059738099644 0
0 0 0.7283624435214784 -0.6327312369937512 1.4070406816721246 0
0 0 -0.029875390826197723 0.282914692219865 1.9597355064852917 0
0 0 -1.9629959936103152 2.1328790922588197 1.4315042791317287 0
0 0 2.834773560652561 -0.6300911747662801 1.0831170908222054 0
0 0 1.251532734385309 2.0707617411048633 1.2714887933940684 0
0 0 2.9546227942819554 0.6837030325474565 1.9977834222293425 0
0 0 -2.305617407401624 2.077925999710388 2.0269247119319855 0
0 0 0.13141647418385727 1.9108488040977056 0.41150464325984826 0
0 0 2.6424135908980926 -0.635995451806348 1.0418008235439136 0
0 0 2.557770972673528 1.001507189543736 0.4635833977597903 0
0 0 2.1942267944766556 1.3383476195520105 2.0098861149558473 0
0 0 -2.725480366814354 1.7001315526033853 0.4581309694836804 0
0 0 1.1698190643507909 2.126281069741064 0.4761705325894281 0
0 0 0.9413530148905087 0.783351340387801 1.999185795651012 0
0 0 2.2613517126435783 -0.5599033971767489 1.6535040365619647 0
0 0 -2.8590841776426403 -0.5571423552899204 1.775763991510467 0
0 0 -3.084764879720856 1.3032404982267927 0.40958431032669074 0
0 0 -2.8914783953651733 1.3212523274683825 0.4074622824763161 0
0 0 2.846083225067522 2.115907548107436 1.2551009185181483 0
0 0 -0.7947766924370088 -0.10261965580076327 0.4261287348848285 0
0 0 -1.8053332478831454 0.43954781609523463 1.9947874826226306 0
0 0 -2.890769221392989 0.16835067092303768 2.015399586337571 0
0 0 1.9590599442202636 2.0389487180004293 1.995416873406683 0
0 0 -1.719598204274488 2.1021713652258636 1.5149454646229776 0
0 0 1.574839080196699 -0.3574462634223605 0.46647100760967086 0
0 0 -0.8223937896290172 1.865145141709082 0.40801772602991904 0
0 0 0.38153185683590474 2.1103599802762476 1.210163902417181 0
0 0 -2.867356968170408 0.3360568494877967 0.41190195022899345 0
0 0 -1.63131899947392 1.968769622391599 0.4433540217165982 0
0 0 0.9422161774646423 1.7887408645809109 0.4811204681265885 0
0 0 2.6617709962243756 -0.36232800436206425 0.4829679848207358 0
0 0 0.40649457303673575 -0.585218073227826 1.8078085751832946 0
0 0 -1.3551510107824591 2.086604449728016 0.6491342102502635 0
0 0 2.262950834036965 -0.6363470417306332 2.022118753601259 0
0 0 0.33013883021532653 0.6882505883337908 0.4466751736256491 0
0 0 -1.1656776492305825 -0.6304542423660286 1.3805793992837438 0
0 0 0.126698620666144 1.8240388335133144 0.4944628962609372 0
0 0 1.2993439814952907 -0.6162260958602954 0.4316423801633327 0
0 0 2.323315997960057 -0.5808555653393794 1.9233242403004556 0
0 0 -0.30058988634721784 1.828853138575275 1.9781525233527226 0
0 0 0.7571730377568411 -0.6241835060588894 0.9760679662370824 0
0 0 1.253925568073921 -0.12739373532923892 2.0230150556443642 0
0 0 -2.0863631850748234 1.7884882842210181 1.969376697356282 0
0 0 0.7253665746525453 1.6349594595033519 2.0260966354200307 0
0 0 -1.7424967336370394 -0.5729131630817257 0.8118754765096003 0
0 0 -0.3534581121523259 1.7849641111342371 1.9756564158802856 0
0 0 -2.524634434008591 -0.5996628109931272 0.6927201762788125 0
0 0 -0.06288417660320977 1.5378685479362673 0.41767936537957095 0
0 0 1.6411646834752007 0.9253639692071092 1.973883442343595 0
0 0 -0.6971201226269113 -0.5742239196194885 1.3169352644141417 0
0 0 -3.1015875502825594 -0.6464099436615489 1.0049036407472092 0
0 0 -1.6553695794797088 -0.5575903871072263 0.45220391572014906 0
0 0 2.795425264854451 2.0891831569460084 1.1194699320384611 0
0 0 -2.5053590993994255 0.7361938895716005 1.9997903627968956 0
0 0 -0.14485561381418144 2.0956722064878868 1.5878748299943788 0
0 0 1.5163050257202748 0.947586317554759 0.424241998419705 0
0 0 -1.983796487266077 -0.4974476218525856 2.0044151265310255 0
0 0 -2.1200989177312635 0.10867262837582614 0.4290238051329631 0
0 0 1.944988664203379 2.1024673626314008 1.993493488173859 0
0 0 1.0122561608407556 -0.5551019765149645 1.9108132620398537 0
0 0 1.6792586217374321 1.2644706224781141 2.0219232229947193 0
0 0 -2.638484501803274 1.3734821325529378 0.4708954084491287 0
0 0 1.0103225775784859 1.0808509040257068 0.46266854367335175 0
0 0 -1.7506987511998935 1.2322724167199355 0.4707544793338124 0
0 0 1.2973318108087444 -0.5866880034005608 1.0932534376665397 0
0 0 2.3703043459058692 0.22523702793198508 2.031732460632641 0
0 0 1.994640390890222 0.9248414017306019 0.41737585331803007 0
0 0 -0.2947341106769765 -0.5772614301967423 0.7608963346094912 0
0 0 2.4447003711215105 1.9504444386973312 1.9546537596833373 0
0 0 -1.6857088882624087 1.7345176672718778 2.0031297868677216 0
0 0 0.5243232191425555 0.7094779345863078 2.0152043221221208 0
0 0 -0.9940390405771331 2.089990238173839 1.5434495511519477 0
0 0 -0.3646619190362568 1.542182069216713 0.4537672130091136 0
0 0 1.9822300931565309 2.1460019377672883 1.9964698492607407 0
0 0 -1.6977834832436642 0.07639832898438637 0.40509650752740967 0
0 0 1.309130352112157 -0.6275321697694103 1.6026201047014834 0
0 0 0.028949488113827027 2.0507216547917544 1.1371683176495064 0
0 0 -0.5770546348633454 1.247294475741247 2.0499408291595356 0
0 0 -2.3209882208891734 0.6462921839933995 0.4721372268121167 0
0 0 -1.8236346474866882 0.4457337886776579 0.5024024810726245 0
0 0 2.0848860000884475 -0.12577456419118893 0.46888849754675777 0
0 0 0.4026957978138408 -0.6082909465485606 1.0267173438511394 0
0 0 -0.49519790359436433 -0.599279872579993 1.004617628547085 0
0 0 0.24581949266564118 -0.2392073787242982 0.4841615576773387 0
0 0 -0.23420773682760698 -0.5585259938227987 1.214311758656704 0
0 0 -0.33438046919976694 1.1298097388295738 1.9998155197926417 0
0 0 -1.6768255633225573 -0.6100353492488724 1.2482056658071143 0
0 0 -0.4122176274091065 0.31650369477725937 0.4461872214433017 0
0 0 -0.1618225620969076 1.1060992506516105 0.45598447985198964 0
0 0 2.922358133593418 -0.5631815522955308 0.8805981306402255 0
0 0 -1.7148619417779773 1.8102905975991728 2.013914224439521 0
0 0 0.7799250319830482 0.26474805286618863 0.42553021645872546 0
0 0 1.4927701877704633 0.85410687036569 2.0325236484055766 0
0 0 2.569497875401713 1.0249779220078823 2.039609486421506 0
0 0 1.79790516755404 0.2622404377594518 1.953002714340848 0
0 0 -1.0202644230684457 2.082872785759233 0.8628958246212892 0
0 0 0.14973439172449376 1.1000087675603882 1.9608820457109202 0
0 0 -2.7270796043451897 1.9761067895387556 1.992893576874869 0
0 0 -0.24154317327811636 0.4852866969399834 2.000479824182802 0
0 0 2.3823325566394686 2.122131757628706 1.3516852639089878 0
0 0 0.14989538489746046 2.0528936144247005 1.675469388769335 0
0 0 -2.083200965235812 2.027061828869856 1.9998959228552333 0
0 0 0.31726102754936125 2.0750114994653157 1.2225589049453967 0
0 0 3.022585568109278 0.5439402571542342 1.9862277351899569 0
0 0 2.474208294122411 2.0833765735490983 0.7492664623040177 0
0 0 -1.85339052793542 1.3000870351367266 2.043787719740582 0
0 0 2.6614207808740344 -0.6318006758458234 1.7652445100410288 0
0 0 -2.3794674321231764 0.9684160318976947 0.48372497999846475 0
0 0 1.7580710584597172 0.9921145192015106 2.0042138716210056 0
0 0 -0.26328092705487904 -0.4723293247346845 2.000659691622025 0
0 0 -1.4249033711951542 1.68624788818441 0.43326262924053816 0
0 0 -1.7156316370768923 0.8817229190727323 2.0062714413958673 0
0 0 -0.45592700172845424 -0.5657170105799274 0.7328311257637425 0
0 0 0.7974723235770997 -0.6169660790578313 1.9472776641417389 0
0 0 2.9737636106357117 1.5008326279552484 2.013588928028695 0
0 0 3.1035676310318756 2.11185880610586 0.6303817465283386 0
0 0 0.24077730304377232 0.853492174408552 0.4159011886633216 0
0 0 2.4891031512176713 0.21735916594336868 1.9857339226525914 0
0 0 2.3054628173758305 -0.6484261348078897 1.4159317715049529 0
0 0 1.2712586349130595 0.1796787176013317 1.9919392639652582 0
0 0 2.214434013279649 0.029145175937272616 2.0509579004282514 0
0 0 1.2351367342694592 1.4792277436257681 0.41717445814645193 0
0 0 1.443519129987548 0.2645921675899885 0.4265874953238945 0
0 0 -2.353311739091282 2.0552861085665866 0.8547365678989423 0
0 0 -1.5955193753526429 2.1069754641453744 1.5533299926569384 0
0 0 -0.20557918385660656 -0.5552257943676417 0.8488281062392251 0
0 0 -2.0025639985691828 0.5632733812025457 1.98206304005019 0
0 0 1.9744488762877177 1.1222513258867768 2.0305718752262734 0
0 0 -0.45609575752768006 -0.63970019142251 1.2765984315422707 0
0 0 0.8579985474639118 -0.25959785325411966 2.0371403529725076 0
0 0 2.3274576758417336 0.7420505797833017 0.4068519119290921 0
0 0 -0.31296490906336194 0.6575931995237798 1.9886720503573723 0
0 0 1.5342560660129108 0.4292015758407356 1.985537253376207 0
0 0 3.001634922484053 0.5957866449827574 2.0201758257229083 0
0 0 -3.022776432199618 -0.625555548276785 0.9408939032665529 0
0 0 2.6129525920648007 1.9083340926275854 1.9691330549729216 0
0 0 1.5749702215660628 1.8776511098310575 0.48330166788038353 0
0 0 -3.0307172209363067 2.0636356424565374 0.7736430487052159 0
0 0 0.7367569425167182 -0.5685366662194056 1.4680475883225446 0
0 0 1.7373743566766562 -0.6069848233065596 1.6408340338316745 0
0 0 0.16089890729630962 0.025142636618104675 1.955303392308485 0
0 0 2.1498800917660654 2.079389149982263 1.499209442023071 0
0 0 1.4163422263314072 -0.0009362990661557768 2.0063640425063918 0
0 0 0.6276209299375184 2.1282073544316362 1.1571365099915991 0
0 0 -2.9944064267899186 0.8976184122116824 0.4145912707803985 0
0 0 0.2583340081295131 0.7942276774566475 0.41222604157764453 0
0 0 2.3566675722706574 1.0555536703244277 0.4412204077077918 0
0 0 -2.4181398823354865 1.832098097722343 0.43424416697019286 0
0 0 1.9248305208462781 -0.5745137365646862 1.4115329689119094 0
0 0 3.048939699737783 2.090560011786982 1.9268794500932516 0
0 0 1.5633473215933247 1.6974721903543963 1.9534130008509307 0
0 0 1.9608751981257484 2.0656299944198437 1.8907344413317129 0
0 0 0.6420127210524327 2.0747620649143297 1.126477088819735 0
0 0 1.9143845851838392 1.6498416639754219 0.48254430355951317 0
0 0 2.2843921466186696 -0.4180485523359947 2.010376741006566 0
0 0 -1.2817226977800034 0.03047913636865085 2.012515533159533 0
0 0 -0.469043773577297 -0.45026292170939985 0.4675512117964198 0
0 0 1.5711469336897101 1.9108735846681488 0.44645628579711616 0
0 0 1.044390789687621 2.0941714748422076 2.0462038096507618 0
0 0 2.9484318534840295 -0.6330806937413473 1.3721696929338436 0
0 0 2.8728961266575634 1.7280764885012838 2.005306843863197 0
0 0 0.17791628713215868 2.058785786884724 1.25897230438366 0
0 0 1.8443148869861883 -0.5685378405260086 0.4962195621437251 0
0 0 -2.573365393591663 -0.46867853083955957 2.024684725382143 0
0 0 1.8147313780375356 -0.6284590295754364 1.4821163750704676 0
0 0 0.041925643784839206 0.35521913996390375 0.46247303996226663 0
0 0 1.0068589100089484 2.0579045076715987 1.4298411593061102 0
0 0 1.5051469736835559 2.099873225263511 0.42515250702745033 0
0 0 -1.892116835968669 2.105521541018054 1.818800902510565 0
0 0 -0.451551101435836 0.4609248970771498 0.43715331559306025 0
0 0 2.3272815193703593 2.0636267891500415 0.6221184476817683 0
0 0 2.6077041981693094 2.0862870304005776 0.9047775046421754 0
0 0 -1.6974135821477465 -0.6011118719041249 2.011412956365155 0
0 0 -1.0345685035734946 -0.3532165656988311 0.4221850116439738 0
0 0 1.5584624084519074 2.056394883775793 1.6508773769118872 0
0 0 -0.6444340811064619 0.5484205167851659 2.03436125302889 0
0 0 -2.4395283380378805 0.21092313972704346 2.0095762204605347 0
0 0 -1.8560798973075108 0.42862626420551353 2.0282615897231544 0
0 0 0.42336510049011267 2.0569854196265336 0.7801374673780672 0
0 0 1.0424701856006848 0.8141708116170123 0.5005825328626217 0
0 0 -0.2139273596135407 -0.5749277273579041 1.5724692920937338 0
0 0 2.2504584403702594 -0.12180605604985162 0.4920664529305995 0
0 0 2.1937574198521483 2.087700449784306 2.035024918489449 0
0 0 -0.49405474566457475 0.10921920187207101 0.4552002460205753 0
0 0 0.1354220593714528 -0.014166816951039496 2.0515785907630297 0
0 0 -2.1973690746204646 2.0886295210638406 1.0692988151316456 0
0 0 3.125123205903023 2.1192056302764524 1.5829230823799332 0
0 0 -0.5515637327185594 2.0771659847853297 0.5870862748102641 0
0 0 -2.9425513908295855 0.32487104822885093 1.9970312866599196 0
0 0 1.3526395986987705 2.0918889216370795 1.6706175687757467 0
0 0 1.9200137087369011 2.0531666854458113 1.4883139133493382 0
0 0 -0.02810222271608298 -0.3202552272840733 1.9768022258154128 0
0 0 -1.2416873116090412 2.1002396974967006 1.0403489764807192 0
0 0 -0.1194316303166234 -0.3295205280292848 0.4703805553321807 0
0 0 -1.3086404045432563 -0.17458151088581553 2.0483620787686236 0
0 0 -0.8090130070258073 0.4261901055743086 2.0217151303464354 0
0 0 0.4195840404068818 0.9792547774454912 0.44660370693132323 0
0 0 0.8814411437836309 0.6030318797651897 2.003381711267305 0
0 0 -0.19177268985703844 2.1330763077626367 0.7322745506631316 0
0 0 0.3064510556588531 1.9937255212449025 0.49508041111847123 0
0 0 -2.207627004348688 0.3604498488669967 0.4865170389344363 0
0 0 -0.3057793799230333 -0.10007403580671792 0.4510727643444803 0
0 0 0.07987470253644968 -0.25092791672329673 0.44711889677443206 0
0 0 0.334694058361916 0.7923573493427525 0.4930624206727242 0
0 0 2.4413366634980314 2.112082438525013 0.4667761979798313 0
0 0 2.371915106403005 -0.2365608304305613 0.4722932845245469 0
0 0 -0.8373317807976801 0.9628698549654386 0.43553795747837354 0
0 0 0.7288092872973553 -0.21123728426205146 0.4238348943935428 0
0 0 0.37188344138137586 1.9318656881397633 0.43379708322052757 0
0 0 -3.019539374980799 2.0851160365334183 1.7817715326102392 0
0 0 1.8643705349905337 0.7370871109535007 1.9648820061605652 0
0 0 3.05926144349111 1.3837604850108165 2.015694055732201 0
0 0 -3.0663475639443383 2.0766107692863764 0.5599364572514524 0
0 0 0.4820365748789541 -0.5718079266992799 0.486337586895611 0
0 0 -0.276167101514905 2.0768321315969187 1.6764954385350945 0
0 0 1.200467823715206 1.603395740673039 1.976377004915597 0
0 0 -2.645812153820577 0.16961951470414127 0.49857967003287196 0
0 0 -3.1319738080157533 -0.6004533166521369 1.1799167669122794 0
0 0 -2.589451276217726 1.226162673084274 1.9892625458688618 0
0 0 -1.7998947493785897 1.074977389133903 0.42218647892850614 0
0 0 3.041933770130158 1.331327946803766 0.4910372946241429 0
0 0 -2.9428224459274754 1.5547962564249154 0.48987335450735014 0
0 0 0.8377838416643875 2.057572646667781 0.5532785818516254 0
0 0 -1.4410964417129923 0.9590550866331857 2.040244389437283 0
0 0 0.9608653142668668 0.8690557207441638 2.001448289778245 0
0 0 0.6952636316272773 -0.6409853512352595 1.2850621634515924 0
0 0 0.2353944572741451 1.1695698481751016 2.044798550226372 0
0 0 0.043282224296976146 1.7745439294331755 1.9779050566259913 0
0 0 -2.898379482749606 2.0846197197962835 1.284148206310856 0
0 0 0.5780398234398145 1.153264457596194 0.4663891590248861 0
0 0 -2.198495447574747 -0.574048981123761 1.5772757962818134 0
0 0 2.512547152244726 -0.3659990028618316 0.46489639082695156 0
0 0 2.609625533244178 1.688113495358709 0.48589966913422333 0
0 0 -1.076586655507414 1.0598062122599847 0.4866909636036931 0
0 0 -1.613766063227552 2.0804562958629447 0.45961501089234635 0
0 0 2.727887481865679 1.1483694295426594 0.48157367373718774 0
0 0 0.6402312865526647 0.9848029472433399 2.0053059463448264 0
0 0 0.07965832944857043 -0.5716148378886095 1.08810473652798 0
0 0 -1.3993168441897366 1.7100252933361533 2.0131216653825 0
0 0 1.253996031662889 2.0893710254399087 0.46701549468545345 0
0 0 -0.5784602943317823 2.1299189008786543 0.5236431157298731 0
0 0 -0.14906844017909693 -0.5773316996078959 0.4910573246556913 0
0 0 2.0512464852159695 -0.6408299732547427 1.1153353847354457 0
0 0 1.1285463970417462 -0.5858078923273162 0.9886960204225246 0
0 0 1.814851954559714 2.0644150699561155 1.1807110239232497 0
0 0 0.14327093481876485 0.5742597965405802 0.45394272644791356 0
0 0 1.6037651886720434 -0.5957550287804547 0.48007331183542756 0
0 0 -1.626016988275294 2.099495155741292 1.62166066381351 0
0 0 2.032173476555193 2.0884352364090017 1.5469431823294597 0
0 0 0.956878221102194 1.532277428481761 0.4642907617967361 0
0 0 -2.119117569326315 1.9898089094618 0.46886285295284724 0
0 0 2.460197723847614 -0.5629461790714205 1.5425129833472735 0
0 0 0.13350833833121856 2.077330866687668 1.785415228819335 0
0 0 1.8152336235998074 0.1326043013935545 2.0074908185976907 0
0 0 -2.465959853267483 -0.1191176502904232 0.425227127084987 0
0 0 -0.9161856163216497 1.8172139646564125 1.984401033192138 0
0 0 -2.6570648250381854 -0.6040161230527559 1.8362796197225977 0
0 0 -2.6222194220380683 1.4087025055338545 1.985545095116855 0
0 0 -2.1463681304433786 0.8767287399689312 0.47195151016095327 0
0 0 -1.8082989553364182 -0.5865150602069946 2.002926506478384 0
0 0 -0.8161831243651965 2.0925597092466273 1.1714064641145279 0
0 0 -0.9493637085116622 -0.5686770596724522 1.1631400105183536 0
0 0 -2.4279045391339733 1.663872926242284 0.43018210948864255 0
0 0 -2.160452634652642 0.41221301156333734 2.000190077630312 0
0 0 -1.0741321545098503 -0.6440249367451494 0.5886478600767977 0
0 0 2.16867597269104 1.762049924915617 0.45526237955043813 0
0 0 0.581107216345107 0.30850236008712806 1.9900018512493594 0
0 0 0.6165522168270465 1.493566888845457 0.470789123950206 0
0 0 1.400902032353132 1.5083098921154432 0.4275251040350949 0
0 0 2.960817096558035 0.6485448439413799 0.4374169530253277 0
0 0 1.5552069633910506 -0.1749066939336852 2.0419581910924935 0
0 0 -2.8807821469309776 0.4460520586715553 1.9918124952858431 0
0 0 -0.9679865534676622 1.3550581984522498 0.4195062983407669 0
0 0 0.6703437342934255 -0.6142143235402817 1.1736657901210543 0
0 0 -0.9014292513496462 -0.6233324178141633 2.0309646186294623 0
0 0 -0.05294254358930184 2.126488007138448 0.9380995014839738 0
0 0 -0.7182909444446928 1.286610540137508 2.0043776344537796 0
0 0 2.4076461065586923 1.509307973447881 0.45324742050478495 0
0 0 -2.865882494290963 -0.28470519252423787 1.9975059477231 0
0 0 -0.6697893562562913 2.097726611297714 1.0846683578139245 0
0 0 1.7374160506675693 1.3638121096185087 2.0380665503485247 0
0 0 -3.007613565958532 1.4834746013371054 1.9553720142739075 0
0 0 2.3921354126785035 2.080364263041015 1.9975837812201702 0
0 0 1.4200767895362914 -0.5648417543258846 1.8252921962602582 0
0 0 -2.1749627738878394 0.14648160588054315 2.013406060229968 0
0 0 -0.3140428302462617 -0.5505490093986232 1.6379266066742555 0
0 0 -2.057131485166142 -0.6371822177426403 1.5322288607881691 0
0 0 -0.8415638557851399 1.9568217544674298 0.4084307826578627 0
0 0 2.238088541742804 -0.4977076142594261 0.4115434320611697 0
0 0 3.0900633183119384 -0.5790645193546082 0.8280510080897225 0
0 0 0.6655817427148243 2.0994963813554124 1.0120877635818655 0
0 0 -2.219585899840433 -0.550781931942538 1.4708372806313559 0
0 0 -0.46048351887807737 -0.5619218206387651 1.6630060891861567 0
0 0 -2.79952002350515 -0.5771549182056108 1.305955937614292 0
0 0 -2.5034447766793404 0.24247520887103746 2.0362667224026882 0
0 0 -1.0816972429628269 2.1393877905080987 0.5371719065035091 0
0 0 -1.956642032308482 2.0848077802476226 1.0382802065007384 0
0 0 1.9590342806757768 1.9341618801909364 0.43733994072149507 0
0 0 3.03827756869591 0.6451508612771912 0.478555289832889 0
0 0 -2.8071561795265074 1.5676759396668494 0.4332479902619073 0
0 0 -2.7498141606110407 -0.16935433403771571 2.0325504147979556 0
0 0 0.6758162358822228 1.1524117381268846 2.049384679081433 0
0 0 -1.635381238538346 0.3251376769191223 0.43174288332765254 0
0 0 -1.317331914341455 0.8885131111818627 0.450199989854954 0
0 0 2.3954160292078575 -0.6149403066423822 1.577598180073448 0
0 0 -0.5731079944382493 2.0543151561220756 0.42196368886395563 0
0 0 -1.8658389643569837 -0.028157832779557856 0.45294669050533665 0
0 0 2.78314915603001 -0.6169857802909862 1.1893494987747006 0
0 0 1.973490398865959 2.1191903113030133 0.6996407908522448 0
0 0 1.8212076979851384 0.9132128713705381 0.4737580843299444 0
0 0 1.7862054617341778 -0.17548451949709998 0.4354976546998732 0
0 0 2.2451559303502444 0.92539378589427 2.0294109576742096 0
0 0 1.162952522251599 2.0512020176638925 1.8591806787809604 0
0 0 -0.5199059581895726 -0.26953659615282977 2.003337512162264 0
0 0 0.5981732168074134 1.650625226144481 0.5002654948757553 0
0 0 -2.835103585040874 -0.6312533064776229 0.7655466491938203 0
0 0 1.4117752251017412 -0.20812787761551177 0.42682010220632405 0
0 0 0.4856490212707252 1.4624238240767748 1.9578048569231723 0
0 0 1.1523732756787703 -0.34974942428635103 1.9764431592476575 0
0 0 -3.1151825209850985 0.8546707397299422 2.015940046206086 0
0 0 1.387018374388032 -0.5567695754975055 0.9347835340616163 0
0 0 -2.296112875797118 -0.06984505305681465 0.42171495726091324 0
0 0 0.15796644650870872 0.7382654652185796 2.005886995009902 0
0 0 2.9787286708179117 -0.5688310787312851 1.4324674280195158 0
0 0 2.5101499807257213 0.28160487968618597 0.43914400224500305 0
0 0 1.3236003680195827 -0.6438176394876902 1.28738442421604 0
0 0 -1.6977908929313004 -0.3071827848756037 0.47770792817782104 0
0 0 -2.0674228775892898 1.1405708596384712 0.42562656465882465 0
0 0 2.5022903707790523 0.2629385727093084 0.46529478456017226 0
0 0 1.9465233252293803 -0.48017054159162287 0.47914686939612294 0
0 0 1.8398353612459575 -0.5501208474936783 0.8661079411736354 0
0 0 -2.663106372303761 1.1355965012020364 2.0107794957391816 0
0 0 -0.0491187490607321 0.1198566519109362 2.0110301744642367 0
0 0 -2.5411831174893558 0.250348039358797 0.4426741840618218 0
0 0 -0.38183066375611263 -0.364988927565262 1.95439448912731 0
0 0 -0.35363852782277094 0.15215873280599723 0.454012512462568 0
0 0 -0.8094041753295471 0.35847723820456123 0.44808862499645774 0
0 0 -1.6834970300241314 -0.6004548720705079 0.8167687033383451 0
0 0 -2.769556406880722 -0.09898769160621979 2.024963679601735 0
0 0 -0.4469153101168679 1.5359283682297036 1.954295879251069 0
0 0 -2.2767865524838538 0.5491386522786252 0.444750206356055 0
0 0 -1.7800506961012579 2.0780609060150486 1.0788961728683089 0
0 0 -1.3824328888390984 -0.12386266691691716 2.037102944587442 0
0 0 -1.7973489026873866 -0.639110203159349 0.9251615160903532 0
0 0 1.653915252181232 -0.5834267139369622 0.40448581887449886 0
0 0 1.8368390657605378 1.2602866655351126 1.9798732763558622 0
0 0 -0.6627631018322155 1.574214806940985 2.0355307841600085 0
0 0 0.7862575548887478 1.0433510831014954 0.5021133688329728 0
0 0 -0.4724917219335065 2.1358032836524847 0.8742606629233631 0
0 0 2.8430083939296065 1.728726598625056 0.4080797407556752 0
0 0 -1.5317247602403439 -0.6229784904809246 1.9726593504116892 0
0 0 0.6545436692786804 -0.5995428258244682 1.4343514337732617 0
0 0 2.004459451611333 -0.11454548800249409 2.0444186822522985 0
0 0 -1.1284730003357555 1.0344492675022245 2.0400494623390264 0
0 0 -1.8631647694091713 2.1377601557398016 1.690947989230405 0
0 0 -1.1041962002223582 0.2771219603495594 0.41289587549381335 0
0 0 1.9292963178896025 1.071610018411396 0.4125287156857237 0
0 0 0.6033178544978344 2.132503244989901 1.5130769840774163 0
0 0 2.605450079403875 1.3594314360877784 0.42129487797422405 0
0 0 0.6534986579450726 1.4359324097247093 0.4594617180686066 0
0 0 1.7972363068052104 0.44213262521723784 0.4871275522442954 0
0 0 2.899602758458208 1.0486176903055056 2.0119477329691575 0
0 0 1.7321017719082663 2.0666677121458696 1.1869602913404957 0
0 0 -2.7819935654209895 -0.5662753335763955 1.8094850954001702 0
0 0 2.9869183849896315 2.0832123537545577 1.8067397109017325 0
0 0 -2.338574296885814 0.07338471546129688 0.47111606671523887 0
0 0 -2.6728811730205657 1.8667993886198404 2.0389303220884676 0
0 0 -2.1384453461013946 2.1154022710590104 0.9110111991727463 0
0 0 1.6046980954149097 -0.5968100726213377 0.5566470148715372 0
0 0 1.4148650993659624 2.0572011387013935 1.9716651557401916 0
0 0 0.27061642943225994 0.6814121003940541 0.4529954507889099 0
0 0 0.3298659555578536 0.8748736924071259 0.4803298376505084 0
0 0 -0.3778133775319912 1.5530098481982015 0.4740046213701421 0
0 0 2.117913695247637 1.3529491251449828 1.9964649347664367 0
0 0 -2.5765156403071887 1.5782193010525434 0.4894123342082284 0
0 0 2.1797593982410053 2.062246460257044 1.3474483908516728 0
0 0 2.1436850291354856 1.8283146674792066 1.9704269451441652 0
0 0 -2.0493092535102777 -0.21584877972176142 1.9645933149583183 0
0 0 1.1283610772717347 -0.5852838389165613 1.7710930985043776 0
0 0 0.2718259030301806 2.078275968342874 1.8670618910436985 0
0 0 1.6804316845977674 2.0550920588483677 0.4293287782114422 0
0 0 1.651459339371324 -0.11934382991464343 0.4344922641908159 0
0 0 1.8430225694214641 0.24766052459997168 1.9786934887612284 0
0 0 0.9126107075158201 2.0833164799708537 1.9051707059394527 0
0 0 2.4633006641369803 1.9295084527521726 1.9874316306909723 0
0 0 2.1785363215361384 1.5120990879781415 0.43072262943071227 0
0 0 -0.7960199526163003 -0.6228756749259561 0.659198390750295 0
0 0 1.7603436751626242 1.7064706503650042 2.005508083543914 0
0 0 -2.5430815628230325 -0.5623040669236323 0.42677342260722395 0
0 0 -1.9350833732096206 -0.5848827331163073 0.4892788717701857 0
0 0 0.16616628607005213 0.7041008553479875 2.00463620121495 0
0 0 -2.6978087487772946 1.5868551805975126 1.9545005219770164 0
0 0 -2.6348461913754857 2.121551404638275 0.6421380090497492 0
0 0 -1.0307305534393212 2.123003970075043 0.9061251522025724 0
0 0 1.3238635481987266 0.5867674713806794 1.998725581605117 0
0 0 -2.909405569526382 -0.634564912141679 0.4736033263045032 0
0 0 1.8352716845038168 0.13170378074713163 0.40697870069705544 0
0 0 0.29481241079080966 1.3187551991983606 1.9714503934008594 0
0 0 -0.76616657781168 1.5521174238030035 1.9880639450918505 0
0 0 0.631663957774756 1.8202734927520654 0.49645678690131356 0
0 0 -1.2298482034496476 1.9561759813872974 0.41704501463109733 0
0 0 -0.41275082113324624 0.7809089443319779 2.0337316045115528 0
0 0 -1.5946368293133786 2.095794020687994 1.759420132156296 0
0 0 -2.252040612686634 2.1344799016890597 0.7570939848035649 0
0 0 1.005845337699185 -0.592705361119612 1.4429169072503687 0
0 0 2.2233566153977424 0.021619410156013097 0.4956405116569994 0
0 0 2.975894358532707 -0.6450125572087511 1.0371499667131763 0
0 0 -0.23510200522595248 -0.6357442557252291 1.0354080884945547 0
0 0 -2.341651593079883 -0.5854075160401921 0.4692418581561374 0
0 0 -1.240647800589063 0.24776404607201807 0.4776212716796391 0
0 0 -1.7166109355792287 1.4714860690198301 2.0202671902821883 0
0 0 -1.9415809699187838 1.805045510465596 1.9802512305862994 0
0 0 -2.916930808552676 2.0010565506850844 2.0073755702690343 0
0 0 -2.691435543684341 0.9108474402338325 1.9556790663181065 0
0 0 -2.779990836023947 -0.23680720265477673 2.041782244266628 0
0 0 0.3195461811473712 1.4068864642132732 0.41248420250080386 0
0 0 -1.3747876944115909 -0.6018209479110634 1.3350523367888107 0
0 0 -1.5251570694846506 -0.42187662817138927 0.47705929035989736 0
0 0 2.6909990356408198 -0.6463641509224993 0.6802592819965347 0
0 0 2.666550243387327 2.0940299063881103 1.1533420961420398 0
0 0 -0.7213425720434166 2.100807632828482 1.4209662690119094 0
0 0 -1.1176090531028313 0.001985413990426399 0.429646381392252 0
0 0 -0.14347000484784234 -0.12383675520997572 0.43081856744255975 0
0 0 2.2660775616508007 0.8412054855441495 2.0233511158118676 0
0 0 -0.24044325480300577 1.5614947496927536 2.0138109187520534 0
0 0 0.43392526668137466 -0.5906493688652317 1.7437119422204927 0
0 0 0.40808622882972445 -0.05133450480796542 0.45399007188319984 0
0 0 0.2052595775891386 -0.2349418276895765 0.4997294908420392 0
0 0 2.2973073089559906 1.8617543364906715 0.4641277542676838 0
0 0 -2.4243393296235505 -0.10439247639164384 2.050100750494211 0
0 0 0.779021740099076 0.6663002924798356 1.9593744837139564 0
0 0 -1.6467147661142274 2.124740160054383 0.7301527704716699 0
0 0 -2.9170060541798195 2.073099394967042 1.1767105178673622 0
0 0 -2.743695437803394 -0.23174344234632227 0.4857995586171825 0
0 0 2.0369982743100143 0.6523764308220132 2.013340416981615 0
0 0 -0.9353091350671408 -0.6343438512134896 0.8002450244476759 0
0 0 1.383803526049693 0.8794664473203548 1.96406941599371 0
0 0 2.354098953458264 -0.5637560886048103 1.3287227075884473 0
0 0 0.8420075304269568 -0.5604122356725831 1.9204590210979489 0
0 0 -3.059906525475527 2.020654644534126 0.48846917985813854 0
0 0 -2.2095189054250586 0.16412702480460728 1.9631432369065465 0
0 0 -1.5264849087836005 -0.6145253931673185 1.4794048495513643 0
0 0 -0.2288951080820345 2.0554740071566364 0.9297906898941037 0
0 0 0.08056507740809282 2.056846693515456 1.1021294077094415 0
0 0 -2.705952864107857 2.1317738231409695 1.983450241963316 0
0 0 -1.3003768600744052 0.9862637793857121 0.44066087382777164 0
0 0 3.1367796043611644 0.02423429512692643 2.048460043690964 0
0 0 -2.580655180559519 1.6363996576290971 0.46324308049064356 0
0 0 2.1216427286804933 -0.57421336893075 0.7699237503798909 0
0 0 0.7861632691075258 -0.5873185960393774 0.9425258656773072 0
0 0 -0.16785481795741708 -0.6197633687762867 2.0378654108972336 0
0 0 1.3161782455773459 -0.6258722962010157 2.0131074198846584 0
0 0 -1.578134859030898 2.124467268748859 1.2234417294914888 0
0 0 -2.1894804752701402 -0.03703504628311405 2.026365596870987 0
0 0 -1.3945538265087836 1.8474707244629014 2.0526230111797865 0
0 0 2.205430643949944 1.5771313644576608 0.41061813579319295 0
0 0 -2.295898124708474 1.234137361295721 0.43208211895208204 0
0 0 -0.2177611518548308 1.473493437317338 0.48357922961668287 0
0 0 -1.8314052836870138 1.1392269681003724 0.4760346541133782 0
0 0 -0.9480880211150726 1.8587267558727085 1.9621710667097005 0
0 0 1.3074551218084514 2.104049271938837 1.9464927380926973 0
0 0 -1.7378162920157427 1.296952033175396 0.4093493094987616 0
0 0 -0.9609675271540765 1.5680050816458586 1.9661640563578873 0
0 0 -2.732786444254895 -0.556846414782199 1.363740214413514 0
0 0 1.344324677763681 0.31860592729731085 1.9678041230228498 0
0 0 -1.5936764586291556 -0.5655945206763102 1.6614513837521785 0
0 0 -2.9718517390381187 0.19865391402751165 2.050769831327765 0
0 0 -0.8076914789121146 1.1037286143112512 0.5020396892153344 0
0 0 -1.891028161977814 1.635361201170485 1.987194469282997 0
0 0 -0.5884020477560199 -0.4893990856348365 0.41534956537550904 0
0 0 -1.54536322049969 2.064234595903018 1.9127200670057873 0
0 0 1.8821295507446347 2.0594621075192157 1.0863576976104603 0
0 0 0.6077268813988352 0.7906188094136213 2.050770103985967 0
0 0 0.9411542284348737 -0.2737591185590751 0.4100279982405719 0
0 0 -0.5834154762105568 -0.6040230578484427 1.729660980911925 0
0 0 -0.6550657759748288 0.13016586196564206 0.4793471180713572 0
0 0 -2.9475554898033227 2.125468386643514 1.9326242015864634 0
0 0 -2.564351600914602 1.3600766535197986 0.42918828857607905 0
0 0 1.967048472201518 2.137561754309249 0.8226085610689746 0
0 0 2.1842354911808552 2.0948325424434824 1.4276582587098778 0
0 0 0.2546774532722176 0.15515599706624528 2.0296039030908837 0
0 0 -0.6808485034751062 0.9673862812076206 0.4528499537885683 0
0 0 -0.5312635616182297 0.030843403665231084 2.0257862014396726 0
0 0 1.715207397539535 -0.28093422516469335 0.4361072869474949 0
0 0 -2.4523289360835445 0.0025704304178707504 0.4150807634114685 0
0 0 0.8974400545449521 2.015740623617692 1.9634803282317064 0
0 0 -0.844261985989228 -0.1842630021971754 0.4275839425508374 0
0 0 1.7214282798233214 0.9706733377842982 1.9725153876241843 0
0 0 1.1633095511498928 0.4729783827560763 0.422803971563243 0
0 0 1.1949170528282727 -0.01178411841735394 0.40359757523764384 0
0 0 -2.605920040988457 -0.3950538600836646 2.0407128266806933 0
0 0 -0.422279659444762 2.0977332945990703 1.6228548081988028 0
0 0 -0.3779883121862819 0.19606180226068703 0.4414457850991682 0
0 0 -1.3754716679489085 -0.17948151675022173 2.0480038184540272 0
0 0 0.941985595138231 0.4199798705010578 0.44867475594012596 0
0 0 2.2691804162208014 2.109715276473867 1.9658132660832257 0
0 0 -2.3345400503313227 1.9016117671274715 2.044353412259946 0
0 0 -0.3419460374141958 -0.19646011263597718 2.0256814605587037 0
0 0 -0.8894185872505469 0.7532363872680126 0.4761703622402351 0
0 0 1.5687409458531416 -0.21377368075490089 2.004049961401636 0
0 0 0.15339122003451777 2.0995075950169824 0.7779199296113958 0
0 0 -1.7897956166864593 -0.6359057382098001 1.4052282096836668 0
0 0 2.4951810785531636 2.132504416988235 1.324220803882994 0
0 0 -1.6782783552892744 1.776531990468458 0.4245306393080469 0
0 0 -2.174580176106895 1.054874557660063 2.0176878933672837 0
0 0 1.6599351618955538 -0.23790729072692474 0.48483710216085985 0
0 0 0.10310117574967093 1.188983760756604 2.031613307570338 0
0 0 2.679515670824811 -0.11264754733772586 0.439313991276549 0
0 0 -1.7082413282065823 -0.5175218041819889 0.44881019033907077 0
0 0 1.607475533895343 -0.5515640795517711 1.4210818373758918 0
0 0 0.6239589313073055 2.144893920394968 1.5525706419612018 0
0 0 1.1258417939210084 0.3652952085977633 2.0277732903074237 0
0 0 0.1768472880366434 -0.26821395176769025 0.4751764176733677 0
0 0 2.341951188909709 1.4116684271255895 0.45480177550982925 0
0 0 1.116935665797513 0.6364091488131216 0.48136874145343866 0

