0 0 0.7864436162795188 -0.24861851505887467 -1.0521990867897353 0
0 0 0.40801531325613505 0.6521162806867091 0.8945278515506813 0
0 0 -0.15185467011671894 1.0774491693273156 -0.24103125496715289 0
0 0 -0.6789145309164883 -1.1316191367571875 -0.0646154508040286 0
0 0 0.578848539434424 0.325055417026975 -1.0072323473611535 0
0 0 -0.6194398223624724 0.025725882630001043 -1.1304437646313517 0
0 0 1.2787867421978745 -1.001875390609801 -0.3781092112897012 0
0 0 0.18778054137836664 -1.0612655094326051 -0.296775990801639 0
0 0 1.3641423269535524 -0.745926613467507 0.8545478044240045 0
0 0 -0.031756985946799876 0.18662287299130925 -1.040410050564989 0
0 0 -0.7656471989673804 -0.9049892989556214 0.6148449668634187 0
0 0 -1.1030476949812733 -0.6658636977858284 -0.8608342510957797 0
0 0 -0.2531670075389396 0.5028470469640793 0.95416267029722 0
0 0 -0.13029821106885398 0.973514252873522 -0.538580201592307 0
0 0 -0.16851784896053723 -0.09252267090641939 -1.054019566585439 0
0 0 -1.52613417323774 0.8798361191708884 0.6414372957390091 0
0 0 -0.48237980568618655 -0.9487709547635518 -0.4632037170371882 0
0 0 -0.9675340752238818 -0.7929232106279273 -0.7961465540774357 0
0 0 -0.7138326795506199 -0.5999596116118248 0.9654780305238316 0
0 0 -0.6402983198315194 -0.833339338902656 -0.6943543326371627 0
0 0 -1.5111353719465466 0.994686908183224 -0.3791054395628593 0
0 0 -0.4255521738656949 -0.8873536691533971 0.6040909106303657 0
0 0 -1.0159556331363642 0.9815744882383796 0.5171115319024597 0
0 0 0.7315358283725564 1.0197929455745554 0.37139997230793387 0
0 0 1.1166552333932347 0.9092427180465474 -0.5852257856513049 0
0 0 0.8601397370114388 -0.354292869324502 -1.0402727800669804 0
0 0 0.7404252787664283 0.8104109347580832 0.7166052351953918 0
0 0 -1.1990039879821577 -0.7791951577692166 -0.8208165985630291 0
0 0 -1.3310948847762683 -0.6807658932796931 -0.8123404980076638 0
0 0 -0.25916248950090615 -0.9732517255870106 0.5278849305078894 0
0 0 1.4782066738570663 -0.9982341509205697 0.31979096253503203 0
0 0 -1.0140240657068111 0.5974980690118132 -0.8775549150161261 0
0 0 -1.5117130213679877 -1.027382879073993 -0.2278785886366047 0
0 0 -1.386506019947816 -1.071361247050245 0.31795436037127095 0
0 0 -1.1901986514966756 1.0405713839467645 0.09614929544125204 0
0 0 0.6990675722019382 1.0512029915385834 -0.22731878500592143 0
0 0 0.3801580014477748 0.44338195907836925 -1.0280757799158335 0
0 0 -1.528036466996753 0.24192258548717369 -1.1049848669608522 0
0 0 -0.07298598717706573 -0.7218652815994998 -0.8057487375639603 0
0 0 0.8207497375053627 1.021174186765457 0.433381408340344 0
0 0 1.0842330143109367 0.3625670293434889 1.0740926371251085 0
0 0 -0.06433642552250163 -0.9101907851823725 0.6147769226027329 0
0 0 -0.5730079685849482 -0.9738492340555395 -0.4670981111003313 0
0 0 -1.3991864261544358 -0.629111605563043 -0.9465245901906117 0
0 0 0.3665748531593289 -1.03995232319142 -0.3062638017148593 0
0 0 -1.507737807339933 1.0268685639192847 -0.2445200871204092 0
0 0 0.4174158010249187 1.0674057202670317 0.37636484265435777 0
0 0 0.45376336531043737 0.7938654658511386 -0.8113198013049905 0
0 0 0.06108993909031968 1.082224983344679 -0.006770284526416503 0
0 0 1.0589610990908294 -1.004814925243564 0.44744636445753355 0
0 0 1.4919141646737573 -1.094656736040705 -0.19774623291877214 0
0 0 0.10293598438582396 -0.3015054929032907 -1.0894708555051922 0
0 0 1.058862897769946 0.34763854752180745 1.00931082005299 0
0 0 -0.4048049834436762 0.33042884969672826 1.055963173544224 0
0 0 -0.44113906520371193 -0.8851250372908882 0.626618837085201 0
0 0 0.82562174060235 -1.0275479179202 0.3059781606069474 0
0 0 1.2726893963851382 0.8092258433348939 0.7635740196098487 0
0 0 1.186161248190226 -0.8893309292546461 0.711149811814309 0
0 0 0.9943636206640409 -0.7588593283258314 -0.7365093005119199 0
0 0 -0.4332374284415337 -0.7068378330724472 -0.830588676298377 0
0 0 0.9953667075395063 0.6862252892866346 -0.8524898892741021 0
0 0 -0.5454327923509044 0.3760593641931268 1.0212813457872405 0
0 0 -0.6917593799827009 0.41239741737296803 1.0560791650460792 0
0 0 0.6589719636732023 -0.05782797009493651 -1.13692378473093 0
0 0 -1.1536223282591498 -0.9716490488824121 -0.42999325483934203 0
0 0 -0.3187110001929345 0.21301790754450026 -1.0575841483556854 0
0 0 -0.506682174000014 0.18532889979556696 1.1006249001680415 0
0 0 -1.5566254290842616 0.6035382837734652 -0.8950947757156997 0
0 0 1.0587532197127452 1.1036846188871543 0.2224076414606349 0
0 0 0.9103697557757253 -0.4849736682428787 1.0217121867208414 0
0 0 1.2492984413726367 0.7576299629372799 -0.8019181042899349 0
0 0 0.39025312598009587 -0.8650680511715148 0.7169199399978946 0
0 0 -1.373330547399437 1.0265753977021026 0.3272562676335702 0
0 0 0.19421962003245175 0.6923943950283403 -0.8496348298167049 0
0 0 0.3419938814302692 0.9474484416058937 -0.5980289010537828 0
0 0 -1.337266541663653 -0.9410651348978453 0.46840186666740724 0
0 0 -0.2221729219851687 -0.02204896159950595 -1.0782456069471984 0
0 0 -0.9194851676336996 -0.40852390669157623 1.0489643297492772 0
0 0 1.1033564060111756 0.682805397072969 -0.8578232469613006 0
0 0 0.3959905344855763 -1.1074756282471672 0.19526588526407526 0
0 0 -1.2664856383770569 0.7133055970563122 -0.7886426865082802 0
0 0 -0.9215878118710459 -0.5133808458020167 -0.9136734649241367 0
0 0 -0.585405175810499 1.0319083323536136 0.3965515552006427 0
0 0 -1.4937666992693257 -0.6429622588641524 0.8254796181166307 0
0 0 1.2210547824022773 -0.9362282715373861 0.48212410355662383 0
0 0 -0.09684725006739758 0.32444884539654134 1.0915678624099048 0
0 0 0.735956281108169 -0.2018488916629528 1.0295455245292358 0
0 0 1.0091055863166671 -1.059679198725274 -0.31105960833103874 0
0 0 -1.1316509627526339 -0.8362794404344546 0.7578214572003297 0
0 0 -1.5092211952013828 0.5474407396678583 0.8929814229256193 0
0 0 0.6344214040816532 0.9181610410625625 -0.519988245257995 0
0 0 0.11327953670634283 -1.1091748842548816 -0.11676553861629892 0
0 0 -0.34873307634072104 -0.5963777956881664 0.88068621309971 0
0 0 -0.0778063874911823 0.13100189330115147 -1.087987742494658 0
0 0 1.2206668575347983 0.7767650538726845 0.8127361820594035 0
0 0 0.40202345128866845 0.6659986642720194 0.8143100630584089 0
0 0 -0.5112970524120659 0.9490405020486624 0.589871462823969 0
0 0 -0.5808960964984737 0.9773086127318796 0.43700218844413763 0
0 0 -1.4619548016422939 0.5761716101286243 -0.9399849223395351 0
0 0 1.368724757570813 1.04691495095576 -0.23787780087827395 0
0 0 -0.3928970498872828 -0.22372638782829465 -1.0458947019344023 0
0 0 -0.3918700686679557 0.9734392308072377 0.3675654059172966 0
0 0 -0.1825082473018924 -1.0480778442755547 0.2140689476937581 0
0 0 0.24758682775868746 0.4542887430576894 -1.0241805970282998 0
0 0 -0.14007451205970844 -1.0943871796516942 0.27325384760805216 0
0 0 1.3021155728162754 -0.8564152522002973 0.6867323680448633 0
0 0 1.1562354946156987 0.931880400525082 -0.6310362431074441 0
0 0 -1.0108782913443144 1.1075307116268704 -0.23864415596007457 0
0 0 0.8709081581377789 0.08250037460653592 -1.1173903322529313 0
0 0 0.4598450630883728 -0.11665163609488566 -1.0842998696368091 0
0 0 0.22873032439768326 0.36532850038130316 1.071750642358169 0
0 0 -0.8944103955621258 1.0508972191288113 0.30403038785355474 0
0 0 0.15098403879762645 -0.5185558686777413 0.9587968575843564 0
0 0 -1.4922780364122625 0.07692828376335946 1.0434209573208633 0
0 0 -0.917022032237082 1.104068321758009 0.08891747168542362 0
0 0 0.10386366378606393 0.11277661914769187 -1.040701011895491 0
0 0 -1.2375106529411997 -0.8851867848953541 0.6291909628107886 0
0 0 0.4124346006343875 0.7138139453024467 -0.8677029137391883 0
0 0 1.4487653155313818 -0.6775516884111447 -0.8417050076612536 0
0 0 0.5480399618465377 -0.9631968652376713 0.5798404286619955 0
0 0 1.239552020482943 -1.0858328745331551 -0.031032325820044608 0
0 0 0.7725595673851573 1.0050447579362092 0.5092766837462339 0
0 0 1.5440722309451056 -0.6508050518005875 0.9255365502625305 0
0 0 0.5544006267106032 -0.6899110459559483 -0.8201220056382743 0
0 0 -0.7270496528434574 -0.9107933215310633 -0.5154656493948825 0
0 0 -1.2820968252845293 -1.0030364132152965 -0.31434847054757964 0
0 0 -0.22310235348473562 0.9020790072429155 -0.5811468063450205 0
0 0 0.2501429878134085 -0.2704973762747282 1.036288967806056 0
0 0 -1.4308716802309713 -1.110797971984033 0.0457841967577385 0
0 0 0.22868893288862213 -0.1117402483679471 -1.1228796417797848 0
0 0 -0.7352016355646233 0.08231923228488924 1.0379441276781447 0
0 0 0.9382244026409574 0.8736907985153336 -0.6291042941736847 0
0 0 0.7286123423378594 -0.8796390831498081 0.7247212963109027 0
0 0 1.1330983518324724 0.5381050897262878 0.8965652811560249 0
0 0 0.019045638285193123 -0.0229799563732888 -1.1321245242522313 0
0 0 -1.184499723110029 -0.24996431625482565 1.0745950607411368 0
0 0 1.0540937163236581 0.4282324485770248 0.9859900914215712 0
0 0 0.08098035777694479 0.39445413375851457 -1.0389712381892822 0
0 0 -0.5146653455708781 0.12898271211449086 -1.0651410397926502 0
0 0 0.7895479506433691 0.13066599049503774 1.063793451826184 0
0 0 -0.24496548905302817 1.0618096773685204 0.20661151517487775 0
0 0 0.6219568121420811 -0.21985712049497644 -1.1161052974303358 0
0 0 -0.1967959537104036 1.000368545434875 -0.372222794649867 0
0 0 0.6205381788651496 -0.02003917717338673 -1.0541592613562125 0
0 0 -1.1197874678861797 0.9663928373059754 -0.5409900276501896 0
0 0 -0.5835818749496995 -0.23447860956659705 1.077567628683981 0
0 0 1.3888868932086744 0.5985296761133434 0.954551582208427 0
0 0 0.8518429918894497 -0.5082365329504865 -0.9123563705347755 0
0 0 -0.8548517802398848 0.4625896577706837 0.9786688508092116 0
0 0 -0.6003969809938845 -0.22481391650827423 1.081658030274607 0
0 0 -1.4877680775846567 0.40671901155171747 -1.0234902557021364 0
0 0 0.10495996933158658 -0.3426135735082457 1.0546048543592144 0
0 0 1.4878231291465327 0.6658288711242437 -0.9158801791228717 0
0 0 1.100764426492764 1.100746732395954 -0.22989905067281446 0
0 0 -0.25365462748483103 0.3750111184885157 0.9925281157919981 0
0 0 1.3231144062722713 -0.9668106308138451 -0.5524437134774223 0
0 0 1.4199392513611975 -1.0066202737178376 -0.2788183910551456 0
0 0 -0.5219515562777672 0.9509182295139665 -0.5891059305654284 0
0 0 -0.2979379630857615 -0.013303935747715873 1.085061841269355 0
0 0 0.6046613097315854 0.9645778250008027 0.532592556576307 0
0 0 -0.8982676890223532 -1.1222066490487133 -0.18344768079128781 0
0 0 0.13767945586472696 1.1228805238982875 0.006700986226662543 0
0 0 1.3156269081111112 -0.2570969572449401 1.0915643920472171 0
0 0 1.4864682027307397 1.005207891224112 -0.35638374464786365 0
0 0 -0.9748112953903738 1.0061684339267176 -0.530062193111329 0
0 0 0.709084982251702 -0.8608844023826937 0.6117165050158891 0
0 0 1.3934657621218718 0.8357527632146131 0.7547286722767649 0
0 0 1.150901149194714 0.38358243988212615 0.9987911956237899 0
0 0 0.22934542355350307 0.1971974230971216 1.0510638965491035 0
0 0 0.11081925655815672 -0.705501788665075 0.7886507034573325 0
0 0 -0.67163224220336 0.928358012940061 -0.6028231571670435 0
0 0 0.8375141765145475 -1.0599792368174472 -0.10314983568661348 0
0 0 -1.314930391070209 0.32699721860703396 1.0583196039954554 0
0 0 1.5357168873942282 -0.3944983016825181 -1.019356419934926 0
0 0 0.09461687281373532 0.8583724289567453 -0.6521642124731546 0
0 0 1.055646350534595 1.060135708809828 0.27832824044995713 0
0 0 -1.288755139905791 0.891464756200054 -0.6748963491958028 0
0 0 -1.514029860111819 -0.9964390461678179 -0.3538844009027381 0
0 0 -0.19378701430906076 0.08247418257446808 1.0735537468204481 0
0 0 -0.18788894593932848 -1.0058595841855453 0.3462398779714094 0
0 0 -0.011971330191730134 1.0308293640384039 -0.2511351240725417 0
0 0 1.225732169410842 -1.043438677845591 -0.3206631376193458 0
0 0 0.5492229497946601 0.6815435591811847 -0.7897482217809294 0
0 0 0.47724478341042564 1.1019421277710517 0.1285196294360145 0
0 0 0.38598058525356516 -0.9746199833991109 -0.4379296272807826 0
0 0 -1.5416970789637214 0.8759432280915105 0.7043281395561373 0
0 0 -0.9897192289114036 0.9909647137007589 -0.3889121082038501 0
0 0 -0.16204245293882735 -0.6375975032614031 -0.9277959700468966 0
0 0 1.0495372649682406 -1.0698658382848363 -0.14763941856603555 0
0 0 1.3113104008950645 -0.44703961321724 0.9468399523070447 0
0 0 -0.6720530123380081 -0.8593877068921131 0.642761967161454 0
0 0 -1.0022791238847844 -0.84428932314615 0.7095705627493627 0
0 0 -0.6644079713221132 -0.6273966275502705 0.8856885389628766 0
0 0 -0.1953531034566245 0.9628789523070345 -0.39510898102747133 0
0 0 0.7210951122160849 -1.064391870364788 -0.2710255055697189 0
0 0 -0.7998574135646237 -0.6763970584053797 0.8588162232449214 0
0 0 -1.408327678761011 -1.0263890538325382 -0.16935573959518746 0
0 0 1.010807708840082 0.6700691613860319 0.8661767011944276 0
0 0 0.0701523493912608 -0.19777632384362412 1.1225547955438206 0
0 0 -1.3521783086859058 1.0559064192568235 -0.18475675575664594 0
0 0 0.11507734268280223 0.31766045508857593 1.020674715163743 0
0 0 1.4183672350271013 0.8633470933308153 -0.6536431945579984 0
0 0 1.4713070747120902 0.545271363858641 0.8937908486295147 0
0 0 -1.456697184241006 -0.26643966045036144 -1.0566215343635237 0
0 0 -1.0680257355109286 -0.08497679634363345 1.0537181074967408 0
0 0 -0.6748275707360103 0.5364499005033642 0.9992189209785554 0
0 0 0.34077284886968506 0.6902723001297414 -0.8495359516107084 0
0 0 1.0455729035738606 -1.1202966636299025 -0.07388462166909696 0
0 0 0.5872708919451264 1.039916249685567 0.18307060121896815 0
0 0 1.0989100767408484 -0.3531622000990709 1.0326390967749008 0
0 0 1.02938793135004 -0.5593926631317387 0.9675306869571076 0
0 0 -0.7958583245058668 0.9511737213264833 0.49236707853093514 0
0 0 0.4235672323396542 1.128712713778543 -0.04827742421895214 0
0 0 -1.3412180716411701 0.1688567970735754 1.1272324760001315 0
0 0 -1.066414357412136 0.06051885981034275 1.1088849993635481 0
0 0 0.12191928943811692 0.97283434126727 -0.460901240233412 0
0 0 0.6129058357550661 -0.7270791972728008 0.7780640195423474 0
0 0 -1.5510988990008308 -1.0084198449793755 -0.3796899963564841 0
0 0 0.1463996354651831 -0.6049001716467985 0.8894885743469401 0
0 0 -0.24515134290751628 -0.0599707492094148 1.0895383185368277 0
0 0 0.8876547919678948 -0.9993883621819811 -0.47713030040937787 0
0 0 1.2285675470165316 0.8073246594362163 0.7851613885288041 0
0 0 0.010326422215530151 0.5840013553057595 -0.862405543153069 0
0 0 -1.2627306206899065 0.08852669298206901 -1.1032683061752664 0
0 0 -0.7435176540216997 -0.9249727046816086 0.6341341870379376 0
0 0 -0.49673594453614456 -0.10959994797370526 -1.1267644203173524 0
0 0 0.2249304397834191 1.0047083598977289 0.33484723754143875 0
0 0 0.4078861266121885 0.965719684920333 -0.519193705351714 0
0 0 0.2611642149021336 -0.16701348002517077 -1.1238193470940212 0
0 0 -1.3425547341057633 0.801679384127013 0.6950578386182065 0
0 0 -0.06030447110498183 0.7921627499386414 0.7042831126379036 0
0 0 -0.8938551028889025 -1.1222286190331727 0.14711140224503774 0
0 0 1.084432737446484 -0.6047727202116036 0.9481618605003526 0
0 0 0.3791785210104077 -0.7121381455303115 -0.8605486518230295 0
0 0 -1.4978502035786498 0.9144324481259068 -0.5170668106054461 0
0 0 -1.0889706700982873 0.9125034558664228 0.5459067335550339 0
0 0 -0.722470748156599 0.7871263804701528 -0.8152214320462019 0
0 0 0.29196748663342253 0.15274601266349158 -1.0961010573830987 0
0 0 0.5589298904171303 1.1041545152978405 0.047350774644204854 0
0 0 -0.22778318810753495 0.10905396292795398 -1.097366327544163 0
0 0 -0.8416135903708557 -0.7242509439534254 -0.7520543665917998 0
0 0 -0.708601857503093 -0.4908277880803507 0.9430867832435371 0
0 0 0.7473358986765297 0.8597926790643101 0.6227796177421933 0
0 0 0.896215477317162 0.06889662036812669 -1.0609688292539248 0
0 0 -0.7478519796760498 -1.0039446232685703 -0.42348107500542 0
0 0 -0.6845141151374073 -1.035957214978639 -0.42967724064592105 0
0 0 -0.7401631629932425 0.9504572967308319 0.5448780451616654 0
0 0 -0.6809740042686608 0.8442781484637967 0.7039110690935249 0
0 0 -0.9465531034371533 1.0260494488926968 0.36566707483198546 0
0 0 -1.2288112604104602 0.6650129345437854 0.8107949094488804 0
0 0 1.4642854338079174 -0.9990382736421358 -0.339521219188453 0
0 0 1.1223875483044283 -0.9382034171966713 0.4923244738930485 0
0 0 -0.4108338888099492 -0.5311042813877785 0.9468880245397167 0
0 0 0.23526705720193886 -0.885004494466395 -0.557675345263284 0
0 0 0.7231547814683261 0.5987824278721283 -0.9004920780833814 0
0 0 1.1297765405281477 -0.001080279100512428 1.060750424723524 0
0 0 -0.5090630186814025 0.5014711312990544 -0.9613304271975127 0
0 0 0.26808768676338657 0.34610286328580026 1.0710494057095223 0
0 0 0.340603241038796 -1.0356302028730757 -0.35594562923105727 0
0 0 -0.7671942473102665 -0.857847206688831 -0.6373429867888624 0
0 0 0.9841998625707182 -0.5724725045455443 -0.8838659439457511 0
0 0 0.8543989414746225 0.961764884756181 -0.5029059954858802 0
0 0 0.570002048118146 -1.0001930662211214 -0.3211689161211115 0
0 0 0.0193571625991682 -0.32581029266833483 -1.0642947269521672 0
0 0 -0.004931019838611883 0.39807698356079274 -0.9823692771260435 0
0 0 0.37390495060798723 -0.9714653039879702 -0.5776736713807825 0
0 0 -1.0664554223951144 0.5758767709936793 -0.9204099887855103 0
0 0 -0.43630201411710434 -0.27937781318284405 1.060551041856663 0
0 0 -1.3588105993526436 -0.9018504112459976 -0.5529580068337931 0
0 0 -1.0583664615314547 -1.0543933927899989 0.2314014443886198 0
0 0 -1.2896017827256194 -0.7919507571855533 0.7927732494867901 0
0 0 0.015338456151747337 -0.45739538812320074 0.9694075046262244 0
0 0 -0.513651898846172 0.6216908630697621 -0.872420341533147 0
0 0 1.1135155842094897 0.5324103694680077 0.9704661184522625 0
0 0 -0.9322371523768713 0.7970128933061359 0.6746795664061438 0
0 0 -0.33714810635865655 0.31414460872874644 -1.0054764226483957 0
0 0 -1.5198529038702104 -0.25333278668746634 1.0637018975381773 0
0 0 0.4003604943311545 0.9056978629413945 -0.5123008118336422 0
0 0 -1.2571421977746988 0.6049469071065966 0.9119347444849075 0
0 0 -0.4219581486583259 -0.9747117898038253 0.40107788412909334 0
0 0 0.8397696957513103 -0.7921145266224568 -0.7967208779075785 0
0 0 0.38592162435433797 0.8839522464501967 0.6046642394681192 0
0 0 1.0414324314693464 0.0334722994796177 -1.0773292631429598 0
0 0 0.6977534294685519 -1.0602174213543265 0.21563593922993324 0
0 0 0.6121047960185635 0.9014662743251615 -0.5498754880142622 0
0 0 -0.44579521260655386 -1.0926817780093485 -0.18599090869808438 0
0 0 -1.4116455202160727 -0.9703008583232269 -0.5813489082931695 0
0 0 -0.21079675876618786 -0.15565771677435594 1.039154822641584 0
0 0 -0.21974368393871124 0.03624347434363411 1.1076084794977417 0
0 0 -0.3765959335346183 0.20391572758297546 -1.033956144465397 0
0 0 0.845197355918343 1.112908008383659 -0.11656761961711799 0
0 0 0.14839728284496023 -0.9757970000683656 0.47753241801230156 0
0 0 1.084341607655734 -0.585278324359152 -0.9544487025398124 0
0 0 0.4993758032923039 0.4255680394510345 -1.0350452383591988 0
0 0 -0.127163942808324 -0.207726847795855 -1.076824811853501 0
0 0 0.09976839971085583 1.0901742413539717 0.0893619984684208 0
0 0 -0.5450161712448742 0.6558439051069441 -0.8164083248982648 0
0 0 -0.45714988467501305 -1.081082929601714 -0.1757336872574902 0
0 0 -0.11132366362529411 -0.5977121369015024 0.9071174190547378 0
0 0 1.0349820436058228 -0.22347799780276573 1.0476785347572959 0
0 0 -0.15633834226216314 -0.5700394215249889 -0.9703507102652116 0
0 0 -0.5008695588915735 -0.24346011786484364 1.1086553144993327 0
0 0 -0.7428083417409591 1.0398218117021303 -0.33322989167678996 0
0 0 1.0606801494258686 0.884156631470941 -0.5630773216945476 0
0 0 -0.19819395523000805 -0.21976839047548996 1.1139206777789807 0
0 0 1.0555688164917258 -0.6119478824067577 -0.8830276482467844 0
0 0 0.33590078669825996 -1.0533932744569934 -0.328328931791334 0
0 0 -0.02284257634533038 0.26492899729943303 1.0690975010025734 0
0 0 -1.2283724294863805 0.3572377089789286 1.0340115092933586 0
0 0 -1.5435922164755753 -0.49855714237041 -0.9690723054756967 0
0 0 0.4106534028753803 -1.090265134526679 -0.17639092881332152 0
0 0 -1.4736876879085163 -0.12825972385381332 -1.08096339884007 0
0 0 1.3739523949377102 0.9303439678094648 0.5629909576624028 0
0 0 1.4619657101349426 0.8121079513368146 -0.6805067754740632 0
0 0 0.4039672327126682 1.0627588871692073 0.16149666678078953 0
0 0 0.0549730026223596 1.0177684693758056 0.46934561055005763 0
0 0 0.7230095303175035 1.0022242127462864 0.43762068297900064 0
0 0 -0.591803504515754 0.4749321952320922 0.9746997502602579 0
0 0 0.8579797303760208 0.9635454726964902 0.39196136553637134 0
0 0 1.028729910775358 -0.3287258201772708 1.061453638096805 0
0 0 -0.4409296529090194 0.2721728923026634 1.0337955282388103 0
0 0 -0.9603188044803899 0.9046143615105476 0.6582156463725414 0
0 0 -1.408706274539146 -0.9920111881202262 -0.5357322691367936 0
0 0 1.524757866929519 0.002681438350085664 -1.1388974792624469 0
0 0 1.2542801212317505 0.34154793326545047 -1.0751737060537712 0
0 0 0.8132258221809274 0.16822039903884875 1.1211450997790056 0
0 0 0.5113595613323092 0.6459550971287619 0.8834375332718736 0
0 0 -0.48369025681608413 0.4079251205816415 1.02923672035534 0
0 0 0.5462565932725254 0.12177771616145791 -1.1138364283876645 0
0 0 0.8985789739687173 -0.19286755992224514 -1.0620473579089567 0
0 0 1.488835020335094 -1.1307833221941241 0.004223094382498354 0
0 0 1.023199925871396 -0.360056188024256 1.0234001137375903 0
0 0 0.7660934606354326 -1.0990905923460257 -0.20853988750897684 0
0 0 0.2616381183564689 -1.0493247553395273 0.04858094037444764 0
0 0 0.9846459428502636 -1.0469222118306316 0.1821736799587005 0
0 0 1.1255061209975277 -1.0290487748023114 0.31734386123803887 0
0 0 -1.552789871378881 0.34759352856883907 1.0413146761464096 0
0 0 -0.480193340700211 -0.8881401505751413 0.583418544511498 0
0 0 -0.04374120027253947 0.7591650687039709 0.809151719760341 0
0 0 -0.5804050748549217 0.9659020098084381 0.39437482626474624 0
0 0 0.24503208355680428 0.9275415758746471 0.48758438002727766 0
0 0 1.0872999859747634 -0.30730245291238517 -1.0511340501013975 0
0 0 -1.0400777820290927 0.005481670751886114 -1.0707058156853169 0
0 0 -0.7365356287338017 0.5205024973521561 -0.9011065893048913 0
0 0 0.02508712627378573 0.13475132453454905 -1.031693430751227 0
0 0 -0.19114568725962156 -1.053172501177617 0.3168056520206677 0
0 0 0.8353587322446714 -1.014988883393926 0.3355750630034298 0
0 0 -1.026483727749853 -0.9380919955153757 -0.5780179984659631 0
0 0 0.6529654851777869 -0.6566103140134829 0.8269421868568072 0
0 0 0.4649833138913597 1.0965562376974065 -0.11784352203374353 0
0 0 -0.2729463276239019 0.075487821342658 1.0500453533359748 0
0 0 0.42388785864169654 -1.0467343172944856 0.3813438454706634 0
0 0 -0.9150915952635021 -1.0693480399422164 0.2675234868791971 0
0 0 -1.4208709310906786 -0.1918164991859461 1.060245598021833 0
0 0 0.4905759048030962 -0.7866950845273748 -0.7730306067829281 0
0 0 0.01724869519905159 -1.0785707323668325 -0.008571696152726333 0
0 0 0.763664009269418 -0.4081961283779777 1.021053621556578 0
0 0 -0.18793576375097576 -0.8201925953744131 0.7575698890181987 0
0 0 -0.2382118598378684 0.24445153337313671 1.0787729784549462 0
0 0 0.3041832548871757 0.5279160236623628 0.9767986670126162 0
0 0 0.03428605289693998 0.6170197949939351 -0.8885354131656817 0
0 0 -0.8790647370746046 1.069175614633371 -0.10143027714091367 0
0 0 -0.507044908868439 -0.32585549160105987 1.0511871881436146 0
0 0 -1.0629237053783993 0.14144146984101932 1.0474218780406508 0
0 0 0.20455739420156283 1.123207391025777 -0.02082425435390975 0
0 0 -1.0220832648267264 0.7969057982246839 0.7418802767978055 0
0 0 -0.33860159268263423 0.4346817530768931 -0.9608194336094343 0
0 0 -1.2148098769455034 -0.13914836368508376 1.1231283323077539 0
0 0 -0.5732388141956172 -0.13633280393070055 1.0979588224962067 0
0 0 -0.538078986688999 1.0541292056483096 -0.13125061962673257 0
0 0 0.6705847487347594 0.08822179840907715 1.127786267825557 0
0 0 -1.3558596370246965 0.909755422665025 -0.6048208007046738 0
0 0 1.5522125333043273 -0.8995318802332543 0.5902196078800351 0
0 0 0.5561747571787219 1.0937020894602778 0.07259080809382844 0
0 0 -1.0379187696223533 1.1115202502508392 -0.24311568093777114 0
0 0 0.18493866995103403 0.04562613568158292 -1.0716552546207285 0
0 0 -0.22510938004289205 0.9913781610226954 -0.49620789976575913 0
0 0 1.0548905390213315 -0.06363592837237333 1.1073799929434223 0
0 0 -1.30621071489708 0.8377486491866315 -0.6594855312486312 0
0 0 0.8799841035222293 -0.4775907265469826 -1.0161138529084373 0
0 0 -1.196349926893498 0.4210883399789181 1.0592218691293735 0
0 0 -1.356259060473136 -1.0808974989640312 0.04337032268358552 0
0 0 -1.3986981072858151 -0.43552443079948233 -1.0367581432189066 0
0 0 -0.7649999954533109 -0.17671219276192152 -1.0355074950891014 0
0 0 -0.674642109321681 -0.8213067488117965 -0.6455714837292837 0
0 0 1.3408671649262756 -0.6878905302418616 0.809348873102747 0
0 0 0.5389170065796702 1.1285634571404908 -0.13157724933370363 0
0 0 0.7456594070069698 -0.4541585845799446 -1.0305783346726256 0
0 0 -0.07245344144622967 -0.8586042397286988 0.649758898160299 0
0 0 0.6859920587723267 0.868743691330653 0.6164352858120624 0
0 0 -0.9077498215078283 -1.084684215396659 -0.0104357153692334 0
0 0 -0.7335946530241062 -0.9789993072022967 0.40871707198807655 0
0 0 0.8819756111882602 0.4665592982834741 1.022550066724987 0
0 0 0.05532667052027729 -0.9118233908636226 -0.5843413371564483 0
0 0 -0.28435780564105095 -0.2949218141410671 1.050624725762988 0
0 0 -1.4184505964650918 0.45892082279884694 0.9792736753336758 0
0 0 -0.9978995766496322 -1.133667653016597 -0.07575335881518329 0
0 0 -0.7973890181154318 -0.22052214841785223 -1.0997467482187624 0
0 0 0.7741402707123188 0.4491843417194993 0.9984475405118126 0
0 0 -1.1076765349815063 0.7722006311874932 -0.7949683235647466 0
0 0 -1.238861876020602 1.0425553400350838 -0.1291861471527121 0
0 0 0.20807512839061193 1.0074481535644888 -0.5134389990178888 0
0 0 -1.3811335419730646 0.8569153908478944 -0.7221553451806924 0
0 0 1.3129166879314953 0.5984779267124691 0.8946840404922354 0
0 0 -0.9126628277217488 -0.8755845805001548 0.682647498584142 0
0 0 -0.15334906788489322 0.2600582042605538 -1.06821162105869 0
0 0 -0.6926763641628924 -0.7421385372664436 -0.8628267222019734 0
0 0 -1.1686073347332082 -0.3837166279257916 -0.9914473123568547 0
0 0 -1.2456878453173679 0.025945570642124813 1.1234065404427904 0
0 0 -0.8054744221514274 0.7727436539832367 0.7042083291328022 0
0 0 -0.5382247678308085 0.7105212894161251 -0.7890378957807223 0
0 0 0.777631795424472 0.9326343646486248 -0.5327551589358318 0
0 0 -1.3751200306259028 -0.942078619590395 -0.6138446298795124 0
0 0 0.5710845174297026 1.0716843294170386 0.1692080899041304 0
0 0 -0.8218408765347038 0.6908030498455009 0.8704745983379797 0
0 0 -0.3755776609430068 -0.5112067366580232 0.9806879503702529 0
0 0 -0.5220092484963021 1.0428029203203861 -0.21934909774070416 0
0 0 0.17731165188897013 -0.7494339403171586 0.7225241451142881 0
0 0 0.9575811717220235 0.49070653409960996 0.9502179466677256 0
0 0 1.3358341328724395 0.1520970189517401 -1.063455873152769 0
0 0 0.014725947618132507 -0.769442056660784 0.7519749087244769 0
0 0 1.1434665311691985 -0.8969715902386318 -0.6485386433942458 0
0 0 0.9877832323562319 -0.13498813999863846 -1.080927157240313 0
0 0 1.2248282430345494 -0.6989661122283486 0.8740727337769679 0
0 0 0.22674218099801746 -1.049395039839653 0.2813487139694677 0
0 0 -0.3782508197023797 -0.6857746499450967 0.8240440694293081 0
0 0 -0.6418006151727609 0.4336040110850005 1.038317232104697 0
0 0 1.1241102795143787 0.9660567461513668 -0.44692350801215264 0
0 0 0.4349368899846251 1.0674591280146728 -0.20045639637520532 0
0 0 -1.08848060272451 -1.0407441068957435 0.14010214933079798 0
0 0 1.4454252175207927 -1.0986725906295651 0.29091102893298837 0
0 0 1.2741980746366597 -0.4302509283746906 -0.9811822887528272 0
0 0 0.6198751652842747 0.5286315061913109 -0.9869206657269208 0
0 0 0.5766819318386531 -1.065973252329971 0.07985909598254597 0
0 0 -1.0682429770485067 0.17867086609002117 -1.0681319360932695 0
0 0 0.1601436002778447 -0.03910909360333804 -1.039755369622804 0
0 0 -0.42676383868802636 -0.9546086389203551 -0.5583735597774945 0
0 0 -1.2832784898600904 -0.7546176549805637 0.835642735090193 0
0 0 -1.1057767333592603 1.0272089040177703 -0.35708349053739663 0
0 0 -1.3193281888361565 1.088387101917936 0.31946966354797657 0
0 0 -0.9386855572506657 -0.7725950254175005 0.765526862795205 0
0 0 0.4794939139977359 -0.1845634440861889 1.0837557406606293 0
0 0 1.5373101402439828 -0.6304647219789821 -0.8547072079823882 0
0 0 -1.238377209593076 -0.8307033468069575 -0.6698836798127742 0
0 0 -1.315986970791097 -0.556335844615811 0.9695139221215364 0
0 0 0.9227733092335488 0.6017152538111906 -0.936062045334407 0
0 0 1.467505229951851 0.2684467926725641 1.0986275718919931 0
0 0 1.0876608259762328 -0.7112328617213007 0.833997172574018 0
0 0 0.3306044714343668 -0.9224873384876418 -0.4863797410136965 0
0 0 -1.431808039398097 0.43373064043356124 0.9604665368861459 0
0 0 0.18366224467888248 0.6666408074034644 -0.8080392012180787 0
0 0 -1.5389398921108306 -0.37974070731628384 -0.9687569587741321 0
0 0 -1.3968710420374328 -0.4185539536441304 -0.9986704840827725 0
0 0 -1.182046747214089 1.0550193397621501 0.25133836647951663 0
0 0 1.4082007703229968 0.8414195796865627 -0.6133328977423179 0
0 0 1.0552927462930488 -0.7770175353148373 -0.7508921165909056 0
0 0 0.0019005501839279848 -0.39901767123332194 0.9776895559635 0
0 0 1.0714701885016997 -1.073793232506445 0.10830319972268547 0
0 0 -0.4751068002511363 0.9965333447749006 -0.3256788020801031 0
0 0 1.509136472963828 0.9225023708067556 0.6516143871384649 0
0 0 -1.1310844297310507 -1.032003375250369 0.2412969698835431 0
0 0 0.9590818793123392 0.9993398766654666 0.3735195370724242 0
0 0 -1.5107340638888394 0.8417097099680825 0.6884398803435936 0
0 0 -0.43709310254197287 -0.3867645633789175 -1.0452913792063252 0
0 0 0.0590081763105208 -0.7306125358042158 -0.8042152034543754 0
0 0 -0.5507282561285767 1.1273706299207096 0.04529274114962102 0
0 0 0.8246036031817385 -0.7881791106877649 0.6894781335893376 0
0 0 -0.04345768867726796 1.1096946408312922 -0.06397819117628842 0
0 0 -0.45331586059227336 -0.7500395325540032 -0.8486204959530564 0
0 0 -1.3755130395923727 -1.0314936536888786 -0.43690744258525294 0
0 0 -1.0104769090889447 0.3089808752427248 -1.0023779019551395 0
0 0 0.043424708048825034 -0.4750289560646308 0.9684012389343036 0
0 0 -1.1531584308672058 1.1236739430594849 -0.10565912626448015 0
0 0 0.9827357093005222 -0.19211211879636023 -1.0595804442887098 0
0 0 -0.5759144262518368 -0.7511334415353009 0.7498095132131259 0
0 0 0.33352989220892293 0.11451237115459205 1.044347605529632 0
0 0 -1.3628299997501814 -1.0472589198018143 0.0642982345679894 0
0 0 0.4119287088001613 0.834231503554748 0.6879961359534298 0
0 0 -1.134241290845882 -0.3548121170932309 -0.9876680571292875 0
0 0 -0.7312627722186337 -1.101426748537236 -0.07378450588947154 0
0 0 0.742008683634984 -0.9042116372055792 0.5994530924673457 0
0 0 0.5600721647347071 -0.052367151894684945 -1.051105673641544 0
0 0 -0.9715098925468078 0.9821056766924645 -0.47377510739487194 0
0 0 -1.5481246847712538 -1.039623764941381 0.13065039615168447 0
0 0 0.21525324463610507 -0.7574610305681515 -0.7243992657981722 0
0 0 -1.4319667905027784 -1.055374300366998 0.16885381797316737 0
0 0 -0.3173967736524208 -1.046222601682964 0.1335666567898395 0
0 0 -0.6679422037167723 0.3147569510445538 1.0631550003091488 0
0 0 -1.475799262557763 -0.8108429622823481 -0.7800893584779917 0
0 0 0.8072469730009053 -1.0479973053076843 0.2866871571826696 0
0 0 0.6380999884709131 0.7918609383369855 -0.6970752717409497 0
0 0 0.20871437731347897 0.9266968564229286 0.5648349230639483 0
0 0 -1.5552948615444495 -0.10265714673029092 -1.0467767027345214 0
0 0 -1.1803216006615316 -0.3293071417233827 1.030038004706694 0
0 0 1.421943645181369 -0.23930148013891966 -1.0771134367074626 0
0 0 -0.8722405904259789 0.8146728391165089 0.7407960972639934 0
0 0 -1.347030226605718 0.1997347451195969 -1.0646947983242532 0
0 0 0.7829815576658135 -1.0421136926346786 -0.40989809174467506 0
0 0 0.10385632031320347 0.5723595520236701 0.9489423473119342 0
0 0 0.16400244508219242 1.1012121578472893 -0.08031284610103227 0
0 0 -1.015725966349059 -0.8106568410042323 0.7663708910981838 0
0 0 -0.7776429132993433 -0.19237373621422998 -1.0786868821013262 0
0 0 -0.28194397558901985 -0.9747448021098618 -0.4994578493576143 0
0 0 1.4911043527224188 0.863296360832139 -0.6520426206630272 0
0 0 0.5668106862661317 0.8579734965806711 0.6701170094985929 0
0 0 0.04000028282992174 -0.9058698521928354 0.5708559004388831 0
0 0 -0.6806092892296067 -0.14964129705683615 1.1057501119482493 0
0 0 0.6282164274033266 -0.8468078792862073 0.679659976972665 0
0 0 0.9702009750229856 -0.07487413919719332 1.1294832893853657 0
0 0 1.507860310526504 -0.06676661959561303 1.0476353580166593 0
0 0 0.9110979416325362 1.1020262838411838 -0.15534355808512262 0
0 0 0.35571977288848 -0.3119196151819681 -1.0183960842829047 0
0 0 -0.31358262845537443 -1.022066274801757 -0.19576448565351864 0
0 0 0.523923708139928 0.9127685607613338 -0.6250170508119834 0
0 0 0.9166914514623636 0.4248715461804382 -0.9805777773111787 0
0 0 -1.3121148813376247 -0.9373236112548476 0.46142267938797554 0
0 0 1.4561863029955915 1.0259767629421983 -0.3286127438552811 0
0 0 -0.681822509721337 1.099419699605717 0.024131712018148368 0
0 0 0.42070609022158423 -1.0040404907414917 0.47073391709330653 0
0 0 0.8049732396113263 0.8784799727645334 0.5775821462461423 0
0 0 -0.27780112570048354 0.7246272441420266 -0.8247449940987817 0
0 0 -1.0977202639865247 -0.7155327450338412 0.8466061500939535 0
0 0 -0.024309493338303456 -0.2293989422000509 -1.0817899371013842 0
0 0 0.35092311563008893 0.9222646514586278 -0.5457634662231962 0
0 0 -0.9880517220706939 0.14886323923265352 -1.0982903419484251 0
0 0 -0.28074859483739467 0.9633407974469471 -0.542815900082867 0
0 0 1.3557391862741812 0.55515388477848 -0.8870401093250142 0
0 0 -0.685443759420155 -0.9399663069982783 -0.6301634004997332 0
0 0 -0.4639447273495163 -0.3078274491554938 -0.9998789783279453 0
0 0 0.17384128392714548 0.13597549140095738 -1.0936325527214914 0
0 0 -1.3259157703012054 0.619242969115605 0.8554244604865493 0
0 0 -1.2288016582072356 -0.6922044029561258 -0.8890334741111852 0
0 0 -0.0799617140795903 -0.46496313778484416 0.9902638304303819 0
0 0 -0.07980037160860909 0.03019885968844648 -1.0618288781710656 0
0 0 0.4754419773405574 0.9951827793806819 0.38844811003098273 0
0 0 0.7020219342625076 -1.0581140783774505 -0.05347035225634954 0
0 0 -0.21431851647958333 1.084247521515009 -0.2054036719186998 0
0 0 1.2509556845107968 -0.6820145273050455 0.8293669787575159 0
0 0 -0.09352791210053635 -0.42255379752210503 -0.953891709777243 0
0 0 -0.17674102436141936 -0.8630373286366619 0.7368645652040945 0
0 0 0.043959140379513206 -0.27743339289045893 -1.03196641282012 0
0 0 -0.14034022192544282 0.9790739553806959 0.38884670569739177 0
0 0 0.12194726544076717 0.06213786411472278 -1.0807523240851538 0
0 0 -0.789125976682504 0.5916344258989589 0.910138418573742 0
0 0 1.097129953278321 0.6915795782894507 -0.8169432728640403 0
0 0 0.015596540021840966 -0.9021127011945476 -0.518301867521992 0
0 0 0.2486453294004225 -0.3743713915244903 1.0484768300580012 0
0 0 -1.404845552591041 -0.05536744768913649 -1.059488729174828 0
0 0 0.8900142831070732 -1.033975517842563 0.17073488817337354 0
0 0 -1.4991181632640576 -1.0828015360627175 0.04230354348439807 0
0 0 0.2628818315616943 -1.1007042568555974 -0.14189926672289954 0
0 0 -0.7419585786301497 -1.0312033149101438 0.14938523426884562 0
0 0 -1.4861960083925814 -0.7660072710254987 0.720716485993057 0
0 0 0.9923777274435892 -0.08092042951989202 -1.0917852565849462 0
0 0 1.0366617538975311 0.40862094094925056 1.0436708665940841 0
0 0 -0.9776249649159172 -0.25476027564819376 1.0910975208763651 0
0 0 -1.1807600290038793 0.17729840031753355 -1.0916294115539928 0
0 0 -1.0311616395591927 -1.0763199073706498 -0.26359333920711175 0
0 0 -0.34498114969577154 0.9661685036289689 -0.5587834057368416 0
0 0 -0.14885835430823624 -0.2246446850555707 1.0444668357684765 0
0 0 -1.0268630419401625 0.6896471887577791 -0.8773847976416049 0
0 0 1.1953411773371792 -1.050385578663937 -0.016563463308647924 0
0 0 1.1638024298169407 1.0833717420125166 0.09825172428140132 0
0 0 -1.2643473549925413 1.0686835824136138 -0.23062628580114 0
0 0 -0.03882452022651739 0.11556195939267738 1.0794718897403424 0
0 0 1.463230733837106 0.7236939641514941 0.8386972680714081 0
0 0 -0.9637727669647164 0.701868888300848 -0.8218225257521835 0
0 0 1.0750192417383526 -0.7237858973789676 0.7971202028535788 0
0 0 0.5140062384343436 0.39591542303595206 -1.0159336747724095 0
0 0 0.46165224828509155 -0.179213552877221 1.1212232492343346 0
0 0 -1.0057075362192929 -0.06861111134439367 1.096346077982096 0
0 0 -0.08348841061872436 -0.8853820795679385 -0.6073682385907834 0
0 0 1.2072397253959921 -1.0554544204013916 -0.399985730971731 0
0 0 -0.4241876627159955 0.7707891860346515 -0.8021379028042428 0
0 0 -0.8075760229711036 -0.5287113408217509 0.9636186336181192 0
0 0 0.9527773574266418 0.46108130841945955 -1.0019412623971953 0
0 0 -0.866003679557073 0.4465882528568862 -0.9758561165781493 0
0 0 0.2317520285281296 0.6232658667605039 -0.8405804028024716 0
0 0 1.1050474481175927 -1.0105029426755179 -0.38913867691622345 0
0 0 -0.9146754921532224 -0.7785175574535755 -0.6986173279056063 0
0 0 0.2704686549003499 -1.1000646344380958 0.2489922261119956 0
0 0 -0.8344802367164048 -0.1285215696549221 1.1240631710853375 0
0 0 0.4514654066695676 0.16868811074318224 -1.0686712148370017 0
0 0 -0.5546896617303505 -0.775127491787717 -0.7382438168121448 0
0 0 0.49475460769005286 -0.8501488632640674 0.6527278375046968 0
0 0 1.2266249885290414 0.5217439186910898 -0.944244411244963 0
0 0 -0.7208358725914744 1.0725837066537873 -0.07460840022783442 0
0 0 1.296985932825946 -0.29822314068318473 0.9978269528122062 0
0 0 1.3301986825242342 -0.6992848840337078 -0.83174765187747 0
0 0 0.7048837171988516 -1.0536811289793366 -0.23332188442057272 0
0 0 -1.0933581645208936 -0.8386202379700696 -0.6233400916543544 0
0 0 0.8999948480049524 -0.09642550340365373 -1.0746738758842447 0
0 0 -1.1645943233340388 0.6253551320246852 0.9276484495614828 0
0 0 -0.2716495910794754 -0.8079774500373017 0.7486381266657184 0
0 0 0.12385444038317783 1.0534643347546235 0.28267382454939477 0
0 0 1.4379778765286617 1.046989918711523 -0.24900275433249078 0
0 0 0.13318095293265175 1.0396652007204692 0.4550908714656453 0
0 0 -1.121194102026339 1.0380041663748991 -0.27389767314636776 0
0 0 0.20265212568559354 0.9752427823781135 -0.5602978293825894 0
0 0 -0.4655072484028566 -1.032208674927187 -0.3184503299720185 0
0 0 0.908373889503328 0.7800980959683653 0.7258000452143216 0
0 0 -0.15272553869163152 0.5700087744568644 -0.9082113574577056 0
0 0 -0.6829967962299189 0.47778829771418174 0.9653562830097192 0
0 0 0.30927435805523373 -0.9697444294922412 0.44397846885443915 0
0 0 -0.7096170753182626 0.8993610302552598 0.5716815274459647 0
0 0 0.735451474101168 -1.0348481953176778 -0.26889211266745106 0
0 0 1.2920178520322727 -0.6022703581186292 -0.8760539441276245 0
0 0 0.9635632664087694 1.0520522670981836 0.06603145079266116 0
0 0 -1.41248211593466 -1.126981488493824 0.15721337242122474 0
0 0 0.09823878303549893 0.7762194424018466 -0.7646465975654776 0
0 0 0.5847599703142303 0.7700595423362596 0.7129431480365962 0
0 0 -0.26605190648877386 0.9492633789682807 0.4923792783126459 0
0 0 1.5608759188798538 0.9412388033319243 -0.5066383499265188 0
0 0 1.2274264641186305 -1.056902360664952 0.4052708906675973 0
0 0 0.20210149962445234 1.019922731523847 -0.3270339574726252 0
0 0 -1.0866705442096336 0.6217206464553919 -0.945613489424317 0
0 0 0.16758872378352785 -0.15135732023502418 -1.112369121053361 0
0 0 -0.10729310793046132 0.8819935980751016 -0.6687850233600157 0
0 0 0.14105166012250736 -0.03736453592214143 -1.1004067797329895 0
0 0 0.29460684236388124 0.6708184425683714 -0.8371656052340357 0
0 0 0.7131393711859695 -1.0714847489982586 0.3278407026693462 0
0 0 -1.459504669685286 -0.6752296906491897 -0.8029951856699172 0
0 0 -0.667314693187394 -1.0554401755774045 0.2942575023903032 0
0 0 0.040768986245913075 -0.611861784559627 -0.8597057173346081 0
0 0 0.8394568728588632 0.7356718476000379 0.8000554795712866 0
0 0 -0.15778601955787552 -0.9777281156645488 0.5393586906732799 0
0 0 1.5109967302203358 0.3815708063538054 -1.0452485837019956 0
0 0 0.8789290580272007 -0.9342843416675625 0.5567169095807697 0
0 0 0.7665769336395654 0.7142093455519197 -0.826465811776238 0
0 0 0.002719181329068121 0.3972112381200073 -0.9636530904797712 0
0 0 1.4369079297647538 -0.6818219081169784 -0.8083457456285349 0
0 0 -0.8999437593532202 0.7172524386080926 0.8225999677119036 0
0 0 1.0091988658515234 -0.9584984412624552 0.6045244971136655 0
0 0 0.9814240164035959 -0.7284226182830966 0.8337098726467554 0
0 0 0.05194947106071779 0.23629710236911466 -1.1040917262595533 0
0 0 1.3656640910488478 0.38860834982592357 -0.9753983170115293 0
0 0 -0.7268010876235453 -1.0407576119011506 -0.33483745712095486 0
0 0 -0.9997508049811675 0.9923702963487951 0.5534193987180257 0
0 0 0.24921845862346204 -1.0669014584637406 -0.3592409499746288 0
0 0 -1.5487777322895468 1.0644201680080085 -0.11931303194810404 0
0 0 -0.08808441347281759 0.2245507414064748 1.1098452581411744 0
0 0 0.7003198207868713 0.643053875384769 -0.8784134901509285 0
0 0 -1.1462633720119912 0.86050398390901 0.5918843971404131 0
0 0 -1.202898676652697 -0.25335763894912217 1.0746198720345492 0
0 0 0.5660390603388934 1.0463249265408239 -0.33136853416671236 0
0 0 -0.0768959116728849 -1.0094408091035874 0.3665809120279427 0
0 0 0.5349830253346113 -0.6086668854932369 0.8713819988518535 0
0 0 -1.3688168420698892 0.8073891153353266 0.7494535660552218 0
0 0 -1.3899054143175653 0.4215855579583164 0.9882378884178811 0
0 0 1.446338193955588 0.2721902087596972 -1.0654144218449875 0
0 0 -1.0375896082942773 -0.9436222266518014 0.6043228015697958 0
0 0 -0.02229704633618934 -0.6512623335150978 0.919437267451628 0
0 0 1.3661419343124943 1.0018166466796432 0.5094850359336489 0
0 0 1.1636361216947972 -0.6946925230973607 -0.8125984628351872 0
0 0 -1.0512983532429585 -0.6220805836524713 -0.9345120117804218 0
0 0 -0.6458897979482977 -0.6400573945687896 -0.8393001660254712 0
0 0 1.0121269064276328 1.1269626233535157 0.05914543505266177 0
0 0 0.2258518287073079 0.28892616999937 1.0789687504261116 0
0 0 -0.13306971206718132 0.9883441407177854 -0.40447723713529077 0
0 0 0.6665943703269832 1.0625994909272245 -0.1957765103348796 0
0 0 1.1162665890096148 0.8701424941768064 0.657227015542529 0
0 0 -0.1725127005258058 0.8111294618328727 0.753586813969063 0
0 0 -0.4738953768842633 -0.6106614830724769 -0.9370462918328373 0
0 0 0.7933297927378273 0.9858457155048067 0.463533238450497 0
0 0 0.7912381475055668 -0.03502676894781536 1.1249277876463337 0
0 0 -0.5783467241649234 1.0503620288892628 0.32691356755558487 0
0 0 0.32871690577618606 -0.27772343691460705 1.020980533210353 0
0 0 -0.9318288154503643 0.12262384200614206 1.0744424189807074 0
0 0 -0.6040116656646864 -0.5202778120472276 0.970057444581754 0
0 0 0.7707353931912966 0.047904224569941596 -1.06431755098851 0
0 0 0.3095059848093218 -0.9751405206383585 0.42492226755391393 0
0 0 -0.505634651806153 1.0600267692391214 -0.22370644355847963 0
0 0 0.3098056596723975 -1.0914688365273457 0.12965422056827955 0
0 0 1.1178392582186012 1.0950589430691786 0.19572225840467466 0
0 0 -0.01195025307040165 0.01014638571679602 -1.0421535765732288 0
0 0 1.2532983492974292 0.14825833897321522 -1.0981350881354628 0
0 0 0.1768426259471929 -0.3733185140433782 -1.0744182415384085 0
0 0 1.0184416356589554 0.3181523564758196 -1.0211897574439053 0
0 0 -1.3428397752568197 0.9284600878146825 -0.6108948611837293 0
0 0 -0.42488848944030266 0.2241695260426459 1.0802507214775217 0
0 0 -0.18949347321397236 -0.6629137819034566 0.8840947301928627 0
0 0 -1.234786608547116 -0.42906449232421884 -1.0413246220274657 0
0 0 -0.6164607133188155 -0.882266450160646 -0.627745488266607 0
0 0 -1.3664548966317451 0.9467391242106752 -0.4584793930289631 0
0 0 -0.1675050970450398 1.111463735077947 0.0626858192246528 0
0 0 0.2471200698455842 1.0535174047681126 0.012105759319570036 0
0 0 -0.8529427760228272 0.4469324064377082 -0.9518261845551286 0
0 0 1.3921527828730076 0.39819990949445605 1.0254682989825255 0
0 0 0.26965297803393296 0.8831269997080953 0.7022743201333224 0
0 0 1.1463000807618031 0.31541733272314987 1.021566009183523 0
0 0 -0.4333799016526463 0.7641848042978969 -0.7298524047529354 0
0 0 1.1419082308131263 -1.0695046003756286 0.005824950897421705 0
0 0 -0.029388021710760714 0.7261316916266037 -0.8492899461234951 0
0 0 1.3699565147077188 0.931102481717355 -0.529658563755637 0
0 0 -0.300118403814009 0.7930518002879151 0.7535286732286663 0
0 0 -0.7653129796935894 1.0654508187154963 0.37574060793265945 0
0 0 0.8842582563699386 1.029554248892193 -0.39844026430570084 0
0 0 -1.042621525261748 0.8254799227123307 0.671453729597725 0
0 0 0.8227629142006347 -0.2928660595616583 1.0872100655672385 0
0 0 0.4186645961900741 0.9932003850653891 0.46000529988318284 0
0 0 -0.049755159990894304 -0.5890846441982703 -0.9350313096177125 0
0 0 1.5188692153228014 0.7605468863467301 0.7892189663250414 0
0 0 1.4365778272229206 -0.5581697744989395 0.9241245111533541 0
0 0 -1.0785711441327615 -0.268190808580534 1.065292631103139 0
0 0 -0.04751842956933272 0.019569599078493052 1.0745478956414756 0
0 0 0.2649912937315575 0.23842994028672762 1.0909680047170878 0
0 0 -1.273185139337417 -0.5455278883045364 -0.9114858053164353 0
0 0 0.5843805938042359 0.9475989246201147 0.4567460988174247 0
0 0 1.322428646876224 1.0816817932567961 0.01286264491612984 0
0 0 -1.3810649833348008 -1.0929123390276474 0.05677659774407445 0
0 0 -1.492251375526999 0.5415842375997574 -0.925329697020961 0
0 0 -0.30358000326701173 1.1345505587264653 -0.00887509717034531 0
0 0 -0.17956375949995196 -0.8582872263005867 -0.6488642254445238 0
0 0 1.464927975276746 0.4829459044845191 0.969035601362697 0
0 0 1.3641617024914727 -1.0057234094026288 0.47568569434070695 0
0 0 0.6442281140012414 -0.18759041806714627 -1.1134341708777151 0
0 0 -0.45279562342315915 -0.9282699793753368 0.5145509731228489 0
0 0 -0.5341188567742545 0.6819827427541603 0.833381931926943 0
0 0 -1.520047811034936 -0.6615053464181194 0.8347672860734823 0
0 0 -0.511713570772127 0.8787501882619709 -0.5885809199108334 0
0 0 0.1035269146926383 -1.105561632977132 -0.2165033066050068 0
0 0 1.2700114330770575 1.0548764244530222 0.07630230662700233 0
0 0 -0.5338059304846039 -0.9287686841874151 0.658477467262536 0
0 0 0.0631708621847944 0.805503126845451 0.7830362476956203 0
0 0 -1.0519120058182634 -0.9599928878115142 -0.5740241645605811 0
0 0 0.4967328125037018 -0.12911013520029535 -1.1193955590343563 0
0 0 -1.4138414318984585 1.0174814735775475 -0.4988321614584692 0
0 0 1.501906138305391 1.1296843095055418 -0.04016425493314748 0
0 0 1.1888531622144072 -0.3756421292699132 -1.071329176341807 0
0 0 -0.11470672440338725 -0.27646193637833044 1.0568819052597072 0
0 0 -0.352718570026914 -1.0404032052638577 0.27804898854037186 0
0 0 0.5882086699298257 0.5914134744556417 -0.9599744975720385 0
0 0 0.8812829339525701 -0.016079522019206673 1.0570778889384158 0
0 0 0.4120286593173601 -1.1031943828382489 -0.1537624972880331 0
0 0 -0.5411077830873541 -0.8105407063783407 0.754496207489546 0
0 0 0.5853448173511397 -0.9107394670579227 0.6087725818942761 0
0 0 1.2920313738291513 -0.3648183935788002 1.0525510696354934 0
0 0 -0.0719533218730426 -0.33738099801717675 -1.0844663324369093 0
0 0 -0.27555029445027746 -0.2406002220380211 -1.0139849558512488 0
0 0 -0.31749083223681973 -0.850577229230059 -0.7331593176948692 0
0 0 -0.4195639937446247 -0.931979616824897 -0.5705125319566512 0
0 0 -0.4130891645340238 0.21161994726847463 1.0263717429276078 0
0 0 1.1531738344295457 -1.0054466210125828 -0.47172098432730236 0
0 0 -0.5534735538909104 1.131765133932961 -0.12787483122783913 0
0 0 -1.3447010241922164 0.7620421731712148 0.7248313153253577 0
0 0 0.3963260596601328 1.036031513919964 -0.18167884378145363 0
0 0 -0.7819080103313311 -1.0264176471871624 -0.2735660563841482 0
0 0 1.049111705047352 -0.3896950195143365 1.003033057983377 0
0 0 1.0912305451343784 -1.0950260550781312 -0.02812537588639724 0
0 0 1.530284689883226 -0.8768656623987505 0.6874975519639304 0
0 0 -0.3876018251249731 1.0786723849033744 -0.2840186270423891 0
0 0 -0.04685024883798272 -0.6748996598560106 -0.8763772484134447 0
0 0 1.1158259132544575 -1.083249874329413 -0.02632027872929365 0
0 0 -0.2058980308138656 1.123140175978182 -0.1906668699510528 0
0 0 -0.6609769838911919 -0.6950619833805689 -0.8204440337198461 0
0 0 -1.396854464385095 0.986335812133549 -0.5050269044290644 0
0 0 -1.4328200766128323 1.0446859558253034 -0.3081329524223625 0
0 0 -1.040179453572047 1.042460087999385 0.3328061992252639 0
0 0 0.07472782843834613 1.0168648231343418 -0.4092533405575998 0
0 0 -1.0885184513323491 -0.819445873581182 -0.6729374561127619 0
0 0 -0.32310211288666246 1.085244316203484 0.10784013027308095 0
0 0 0.6631902011914295 -0.5172532889735787 -0.9624427481812241 0
0 0 -1.0828669396104518 0.13870863618721807 -1.0570708537678795 0
0 0 1.4967667533187918 -1.090429069292309 -0.28726784841349884 0
0 0 0.34056079865841715 -0.9604417372713281 -0.4882630925800533 0
0 0 -0.4875001641700265 0.9861969775488489 0.3897081706367648 0
0 0 -1.0609484698532228 0.9742195692205018 0.4724834665748741 0
0 0 -0.7394518520166635 0.6754461331503867 0.8316123211517551 0
0 0 -0.679055685981581 -1.1221120005536922 0.11029005651169294 0
0 0 1.288049440227065 -1.015759456041827 -0.34539238174284126 0
0 0 -0.7970747765661673 -0.637929986820499 0.9326197198683339 0
0 0 0.8330052308052327 0.30058527161565973 1.0579568137412745 0
0 0 0.3834925420320714 -0.9032439498429784 0.578215960858365 0
0 0 -1.1050416794084361 1.1152321829509855 -0.17597419880822965 0
0 0 0.07868661592448456 -1.0924102815617251 0.06154102536292696 0
0 0 1.31419349023655 -1.0387848780395832 0.21300724603732948 0
0 0 0.19935266081936032 0.17853268172490508 -1.0580324870525954 0
0 0 0.2862949397646528 -0.973656570841536 0.5399359473415111 0
0 0 -0.26671473013574687 0.5239138714221452 0.9739357797787377 0
0 0 -0.9336465290573089 -0.2242188289243777 -1.051585234725754 0
0 0 0.34183580158229554 -0.29837423427475906 -1.0253584758251457 0
0 0 0.27756491111002557 0.932308276023866 -0.5173857119404807 0
0 0 -1.428390846855644 0.3811335695296321 1.0178279310903662 0
0 0 0.7285560712965116 0.36406490886998427 -1.029954414013336 0
0 0 1.3589274311681256 -0.07799758911045059 1.0581169894652798 0
0 0 1.2596817640572224 1.0878024349911635 0.06328455807128422 0
0 0 0.008519349534770182 -0.35725197252323915 -1.0603171511502414 0
0 0 -0.48022023260392355 -0.02746547896358157 1.0906473096691534 0
0 0 0.5995398514986561 -0.7536652990394279 -0.8397880123403733 0
0 0 0.8971070355687734 0.9442721905765169 -0.458642959459686 0
0 0 -0.8157517041818827 -0.8131227271301532 -0.7493546528825119 0
0 0 0.9011088551343622 -0.41140926909198783 -1.0240802763769605 0
0 0 -1.0032687611683302 -0.8629806160246142 0.6837086171403447 0
0 0 0.573337925261526 -1.1095264381658227 0.0613616425622499 0
0 0 -0.9539292815916203 0.14330412520377891 1.092033373684482 0
0 0 -1.3362412246867006 -0.6581664878596546 -0.8606109515704009 0
0 0 -0.039199482340501746 -0.7334193051326309 -0.8464407658298732 0
0 0 -1.02266542537672 0.5388591232281409 0.9896034530004021 0
0 0 1.1573365993480902 0.8998828550128252 0.6050222974341416 0
0 0 -0.28755609935862103 1.0471088894340466 0.3098313053010112 0
0 0 -0.27895457319873596 -0.4521167910519674 -0.9924158522780149 0
0 0 -1.4206872064506344 0.4278894432876528 1.02149389281335 0
0 0 1.1337485063147277 -0.5412370253767237 -0.8939519113729943 0
0 0 0.21106630198318466 0.6904996877304975 0.7779133351573373 0
0 0 1.5361566582928559 -0.8495643439619136 0.6171058191737094 0
0 0 1.325128094252436 0.7877795406223929 -0.7081340656523467 0
0 0 0.6046299631021181 0.1302248424903669 1.091956807042414 0
0 0 -0.44301596203483373 0.9109812892096185 0.5812794888731223 0
0 0 0.5567371740034042 -0.7884900895083183 0.7310866629169716 0
0 0 0.7315214041568767 1.0564064500648056 0.17974538814650948 0
0 0 0.3357781259234449 -1.0413167170535749 -0.20054476530794682 0
0 0 0.9389467538431173 0.44409728768487305 -0.9543313805437262 0
0 0 -1.0754224951566778 -1.0927180932647649 0.3076061237157042 0
0 0 0.6028522602973392 0.8762431562542967 -0.5786030027817172 0
0 0 -0.09283011024294874 -0.751918061087104 0.7295207444770521 0
0 0 0.5235996895319408 -0.2978141084667605 1.0093720439325211 0
0 0 -1.1287304846738677 -1.0546557091725184 -0.18451223619581034 0
0 0 -0.1290447736840148 -0.9176020531688817 0.6469978023311406 0
0 0 1.2782040753962614 0.3384529653623962 -0.9949843829156908 0
0 0 1.3484458084319622 -0.588808189098754 0.9179990152219913 0
0 0 0.9166880434410687 0.8394112911245882 0.6989428392204622 0
0 0 -0.34327244756465247 -0.4926264347965352 0.9495684170841576 0
0 0 -0.3883923416666675 0.7498805142769298 -0.8389562501695578 0
0 0 1.4823923968609019 -0.9777608664093208 -0.49787688954488163 0
0 0 -0.21912215114198208 1.049526877299458 -0.03012371271737763 0
0 0 0.17138204483764974 0.1708703985216491 -1.0950648734635475 0
0 0 -0.17531541483092083 0.4681066809828791 0.9849008281313834 0
0 0 -1.2840263013586264 -0.06236740275914123 -1.1339262306911793 0
0 0 0.5728586306713166 -0.5892304153940092 -0.8983254461784624 0
0 0 -0.13059761742288067 -0.6181373694126406 -0.9005781460944158 0
0 0 -0.036311056968012956 0.6010524332797431 -0.8857643863075093 0
0 0 0.13959357373117798 0.13048425855070178 -1.0411713048306797 0
0 0 -0.8035202864865617 0.22458212578178277 -1.0682472452113931 0
0 0 0.8122350055446756 0.5201272097367912 0.9319120570230305 0
0 0 -0.48176916266574343 1.0343214106987282 -0.20066982599403665 0
0 0 -0.5392421785949368 0.9828570143697106 -0.3593807517132813 0
0 0 -0.9828337750838294 -0.49385234594305955 1.0229721328735668 0
0 0 -0.49884267125223714 -1.128573259941638 -0.09739065049815951 0
0 0 -0.343517799403132 -1.111300387953343 -0.21910091068175927 0
0 0 0.15022988122150127 0.14799246030982546 1.049332006610246 0
0 0 0.047868524956127034 0.9539699507589661 0.5665551427924959 0
0 0 1.2012205301819647 0.89035424559125 -0.5406079093878944 0
0 0 -0.9181121380846033 -0.392530176443803 1.0456441588208554 0
0 0 0.5736861055652676 0.14042953953962914 1.053386774600714 0
0 0 -0.5802612565884084 -0.6003344983120034 0.8804700087908568 0
0 0 1.5014791814611614 -1.018483343456132 0.42339616121393947 0
0 0 0.18677551113033752 1.0455404911179935 0.28943615328291483 0
0 0 -0.6937424242994232 0.4323376574605215 0.986437185909107 0
0 0 0.41577933648102117 0.19010334720083158 -1.084694289652973 0
0 0 1.0210748985627935 -1.0806296534742883 0.12741671524291773 0
0 0 0.8631087959219648 -1.1045044652609328 -0.0745284711562303 0
0 0 0.4126130212006809 -1.0376117949413408 -0.24819581244656871 0
0 0 -0.001869772029433392 -1.052543378437399 -0.010750473370820465 0
0 0 -1.462764634104227 -0.29345383075874154 1.0309518654088448 0
0 0 -0.5040390138511852 1.0626814199594476 -0.16628631351145542 0
0 0 0.33318051529946136 0.6047289226119996 0.9191234834673261 0
0 0 0.6218289755433108 1.069063865362158 0.24196297619204857 0
0 0 0.7612853496005738 0.7799768585799274 0.7226284034501219 0
0 0 0.6040591645816997 -0.35563748343161206 1.0481400544831438 0
0 0 0.9838556012741666 -0.8603234655154628 0.59390535083998 0
0 0 0.8703554712851647 -0.8801254075634144 0.6785980083344023 0
0 0 0.7444057780467261 -0.11704784256333353 1.0441797103317327 0
0 0 -0.32093654098846947 0.27197689515397255 1.0370194902041874 0
0 0 1.345702243113453 0.046836063680322476 1.057355976818972 0
0 0 1.4845122859783966 1.049250935307373 0.3733086026707863 0
0 0 0.1521880792192858 0.7078228872748579 -0.8217838842221729 0
0 0 -0.17877174371738125 -0.8988087314258939 0.6030851664627271 0
0 0 -0.4508776055611252 -0.19546941683287222 -1.0587480212988005 0
0 0 0.7243599728536774 -1.132824257407956 -0.10264474057120719 0
0 0 1.1527342144074049 0.8808079207432978 -0.6935423392198555 0
0 0 0.8781023529130962 -0.8069123277449959 -0.7226987632748765 0
0 0 0.5407076186293738 -0.951564927344578 0.6084459674615622 0
0 0 -0.26564989408677775 -0.6137622092658406 0.9111046271930209 0
0 0 0.08423795940710099 -0.6623801015574121 -0.8650686286790309 0
0 0 0.3283406141827858 0.9047547019835485 -0.5521242835484924 0
0 0 1.158781485296052 -0.6076153449290866 -0.8649845729189655 0
0 0 -0.22110831340504045 1.0047541066006132 0.5302891510006665 0
0 0 -0.7466318327772985 -1.100228720924873 0.06390886322480638 0
0 0 -0.7815532038326466 0.2543749609456454 -1.1034602010569796 0
0 0 1.3218414926210538 1.0994936893264167 0.025213898590299356 0
0 0 0.05285468292873707 0.9386793023470116 0.5853691254294733 0
0 0 -1.2652871612128078 -0.32920136462817556 1.0117908127166684 0
0 0 -1.2107264771565918 -0.5974725009247861 -0.8853976163509697 0
0 0 -0.824082407454761 -0.6690566641297923 -0.9193224100707086 0
0 0 1.4845431894817653 -1.0667669388358367 0.10629579295618174 0
0 0 -0.449531033363614 0.6782140616353421 -0.8481281833924712 0
0 0 0.1962767863733237 -1.0149658952181597 -0.23527604192074789 0
0 0 1.2287866806562389 0.2837663813228048 -1.0392270404177277 0
0 0 -0.8831437063046345 -1.1201078674582565 -0.16138615584857754 0
0 0 -1.2881348594783135 0.9163998999779669 0.6060324825508334 0
0 0 -0.25745671323675734 -0.5821753723042437 -0.9351499674869298 0
0 0 0.45276325411718865 0.573770959767159 -0.9617419158157388 0
0 0 -0.3934734910682063 -0.8058692181535014 0.6764623691791706 0
0 0 0.5492529382850706 -1.0575676902421767 -0.3090424029239216 0
0 0 -1.4364687806235408 -0.4379498302154966 1.0181758330182722 0
0 0 1.1201782417954256 0.778828923999236 -0.7400691212511472 0
0 0 1.3497438687832526 0.9022775878213856 -0.6950789108036283 0
0 0 -1.4146880135135105 0.9733227935134355 -0.46261852915157853 0
0 0 -1.5379837323657755 -0.607991407029647 -0.894594730466243 0
0 0 0.34628740925393653 0.6727099850254948 -0.8761470669615748 0
0 0 1.4509244828013923 1.0294548202226907 0.32470602993311193 0
0 0 -0.09296146123632498 -1.015108000707006 0.36438071994228227 0
0 0 -1.2649497176326927 1.0808609334573 -0.010233591015068646 0
0 0 -0.3530170658258054 1.0947377437330408 -0.2483176136712675 0
0 0 1.4878633569691804 0.7738611947145903 -0.7255413345224044 0
0 0 0.4639923080640469 -0.2151075048387411 1.072818638812593 0
0 0 -1.4913265462651786 0.016121023614583625 1.0663517527111992 0
0 0 0.9975078186477915 -0.4178124006339259 -1.0409880829174116 0
0 0 -0.5098822978225255 -0.6650377832251821 0.8287500099491337 0
0 0 1.1654769200488126 0.934162403662779 0.6015726491199411 0
0 0 1.2337636980152098 0.8264334011684052 0.70484351320704 0
0 0 -1.5145826988761484 -0.1908304964559083 -1.0296098402349179 0
0 0 -0.9997998724254125 -0.0728584345390248 1.132549994631029 0
0 0 0.21371437243708735 -0.2257822680521777 1.0969247957178914 0
0 0 -1.467271085140332 0.8676822348016004 -0.5954586796755502 0
0 0 1.4881427442092758 -1.0612806702571447 0.12341207116981753 0
0 0 1.3402069859195413 0.951798440963168 -0.4402147410147034 0
0 0 0.7896986984796106 1.029803205128763 -0.1947089649110984 0
0 0 -1.1109025121094582 -0.2321895334587186 1.0425701710097937 0
0 0 -0.31822038242265815 0.6517884254013436 0.9019141129412593 0
0 0 0.20881562322558267 0.074215199171216 -1.102594290098608 0
0 0 -0.40954689985117754 -0.9011707148675872 0.5642977812228384 0
0 0 0.5218143409908245 -0.07987663697312092 -1.0608832916082656 0
0 0 -0.01744895123995871 -1.0776839698915355 0.020688598703887708 0
0 0 0.13817084077452835 0.9831758650612242 0.37505738027208757 0
0 0 0.4559531411886213 0.5300571097863073 0.9110453594826802 0
0 0 -0.09240452013640055 -0.9779794766111783 -0.5327149439903129 0
0 0 1.4322047721690763 0.5156847368942092 -1.0080815263525074 0
0 0 1.4036377742856407 0.3703042409335209 0.9748683857340833 0
0 0 1.3665659463521869 -0.9149222563379571 -0.510993988302716 0
0 0 0.3512639825771813 1.1073307293525307 0.04114803145575232 0
0 0 -0.8236305073319041 0.6277234758582008 -0.903220667034511 0
0 0 -1.2896847633060573 -1.0384981337104002 0.06839916264876841 0
0 0 -0.3179490907971525 -0.9787383110786779 0.4951840956662115 0
0 0 -0.7598888348227324 0.9107537858185678 -0.6431929097789746 0
0 0 1.4720194359536425 0.009885573943650406 1.1096508146710606 0
0 0 1.1897939804124533 0.6101433668403828 0.8980973249702577 0
0 0 -0.06327904672948437 1.0309088227434058 0.45270612705041324 0
0 0 1.245578447821849 -0.012882901923325987 1.081856854725525 0
0 0 1.2039970827561457 -0.17272603741215423 1.032111716130615 0
0 0 -1.0004102809233837 0.44503746407413797 -1.0096621365769172 0
0 0 1.0684131565066441 -0.2755104523807677 -1.013648611311104 0
0 0 1.3917112677496077 -0.7582514223443918 0.7682224210237679 0
0 0 -1.368912134722187 -0.751796053893001 -0.7951708792988952 0
0 0 1.0712908915297437 0.7326806012047157 0.7519755514538529 0
0 0 1.5647868782095382 0.7010651821794902 -0.7927671013972284 0
0 0 0.11136187387494001 -1.0569409141946027 -0.3286532516003152 0
0 0 0.8848366035752648 -0.17842003406618268 1.0808039326156558 0
0 0 -0.48369146351655856 0.633780098184422 -0.8283872790783386 0
0 0 1.3514255015803176 0.10569963181141406 1.0621634689478214 0
0 0 -0.999251355876772 1.0813556808373639 -0.13355094498243855 0
0 0 -0.8035325322961898 -0.24801064625099456 1.0817151421929316 0
0 0 -1.364559129790284 -0.6568015831905519 -0.8963821005056222 0
0 0 0.7102466851714722 -1.0540670082498493 0.22878809662890723 0
0 0 -1.2489434937355581 -0.997129447203359 0.4638203801266414 0
0 0 -0.9141334772178861 -0.3122868177592922 1.001692555199706 0
0 0 -0.984568099294019 1.0230499444739571 0.2757466894129213 0
0 0 -0.4457460023090176 -1.072263569244859 -0.34993037851371117 0
0 0 0.7398358378320067 -1.0061364115330798 0.47251892953552854 0
0 0 -1.3109474972214523 -0.5585418196067442 -0.9119690725080399 0
0 0 -1.1348346304756096 -0.4865279486968628 -0.9679547603946792 0
0 0 0.83255216675837 0.30129865637031866 1.0089013479950006 0
0 0 -0.18261346418331015 0.5427050983462741 -0.9680250362970685 0
0 0 -0.5746418267856566 1.0225757626369463 0.2011648475577026 0
0 0 -0.681872428489261 -0.06805558436957486 -1.0521089472271672 0
0 0 0.1986598451108179 0.044468543796413774 -1.095803481108574 0
0 0 0.5342871569502088 -0.07665506346001258 1.119649854289653 0
0 0 0.13864283640096153 -0.6849324845921035 0.8511936361086762 0
0 0 -0.9404344495583008 1.0960398098172088 0.2419012442080961 0
0 0 0.5327961140831405 1.0469019557338701 0.39909410328114897 0
0 0 -0.9052689715787159 0.8710323927698838 0.6340094961298366 0
0 0 0.08392561690369704 -1.0471281541966089 -0.007764890449486776 0
0 0 0.2424015519284446 0.40753357839790455 0.9666283258789523 0
0 0 0.13131816453242973 0.15340137562687486 1.110816755188284 0
0 0 -0.8885699115385229 0.29536270154688776 1.089672595029892 0
0 0 -0.9628389390230426 -1.0082940458685046 0.41519485634290043 0
0 0 -1.4393233832862533 0.8149927148554748 -0.742706478849676 0
0 0 1.466803064993417 -0.22251608189618075 1.0867670739055821 0
0 0 -1.4090891027985228 -0.1353718343276976 1.0843224671242475 0
0 0 -1.0807791194539869 0.6621825821693722 -0.8104977699788921 0
0 0 -0.11096511760111571 -1.106610280654994 0.1237917734356978 0
0 0 -0.25599068144469195 0.23792320287672897 1.0634097233330762 0
0 0 1.2277544801167761 0.15539831455263506 -1.09599047098433 0
0 0 -0.4545256635290458 -0.2648949561134618 1.0648802476568773 0
0 0 0.10325909237093356 0.8531469851502114 -0.7010091619025449 0
0 0 0.7737959938984034 -1.1178835010585755 -0.1358185775317258 0
0 0 0.9694212450158863 -0.3051035097126858 1.0787194132973013 0
0 0 0.22956577030203706 0.06011482984548107 1.0544022856847737 0
0 0 1.2462942367679974 0.6787003729397753 0.8197104394178899 0
0 0 -1.4840053431883335 -0.22843747085266708 1.0625579007935546 0
0 0 0.6969326832579172 -0.033100847760607975 -1.0741644509286647 0
0 0 -0.6189806916943547 -0.1559371128771878 1.0891973383973044 0
0 0 0.810584054309861 -0.9030658443476838 -0.5627505716756456 0
0 0 -0.46100560330010065 -0.6515470090572604 -0.9058482082173852 0
0 0 1.0923113793812123 -0.9649937248956958 -0.5867084522805036 0
0 0 -0.9878594615503999 1.0663369830628726 0.3010319294181308 0
0 0 0.6679893615821113 -0.998278447331477 -0.3291890984309382 0
0 0 -0.1305576522021321 -0.6377924941294496 0.8315549073265778 0
0 0 0.33187200725356036 -0.9709368264494161 -0.5891059853189171 0
0 0 -1.261862624378585 -0.7763982666714694 -0.737483572280463 0

