-1.9798303890624631 0.6360112003520864 2.3972902413921027 0.7671553694904054 0.2165785742064792 0.14689372072362306
1.1099605073462424 1.2289102231418427 -1.368814330593513 0.6077752352225152 0.34633084241471884 0.14040106472579422
-1.9798303890624631 0.6360112003520864 2.3972902413921027 0.7671553694904054 0.2165785742064792 0.14689372072362306
1.1099605073462424 1.2289102231418427 -1.368814330593513 0.6077752352225152 0.34633084241471884 0.14040106472579422
-1.9798303890624631 0.6360112003520864 2.3972902413921027 0.7671553694904054 0.2165785742064792 0.14689372072362306
1.1099605073462424 1.2289102231418427 -1.368814330593513 0.6077752352225152 0.34633084241471884 0.14040106472579422
-1.9798303890624631 0.6360112003520864 2.3972902413921027 0.7671553694904054 0.2165785742064792 0.14689372072362306

1.7475593665453932 -0.697241640524449 0.0158410550879953 0.4313977035134788 0.20044986753192706 0.13374661886300496
2.2519262309343038 -0.624145491790245 -0.967813771212255 0.10276701406150485 0.26740320631075754 0.1404304445561163
1.7475593665453932 -0.697241640524449 0.0158410550879953 0.4313977035134788 0.20044986753192706 0.13374661886300496
2.2519262309343038 -0.624145491790245 -0.967813771212255 0.10276701406150485 0.26740320631075754 0.1404304445561163
1.7475593665453932 -0.697241640524449 0.0158410550879953 0.4313977035134788 0.20044986753192706 0.13374661886300496
2.2519262309343038 -0.624145491790245 -0.967813771212255 0.10276701406150485 0.26740320631075754 0.1404304445561163
1.7475593665453932 -0.697241640524449 0.0158410550879953 0.4313977035134788 0.20044986753192706 0.13374661886300496

2.4993748884459186 -0.593790853223661 2.8734021668357004 0.03529320150990342 -0.24815358924181957 0.1356524295649381
1.4605776125837826 0.7752326292007043 1.8130409256421938 0.7952136796253634 -0.3648893532280496 0.148495851101502
2.4993748884459186 -0.593790853223661 2.8734021668357004 0.03529320150990342 -0.24815358924181957 0.1356524295649381
1.4605776125837826 0.7752326292007043 1.8130409256421938 0.7952136796253634 -0.3648893532280496 0.148495851101502
2.4993748884459186 -0.593790853223661 2.8734021668357004 0.03529320150990342 -0.24815358924181957 0.1356524295649381
1.4605776125837826 0.7752326292007043 1.8130409256421938 0.7952136796253634 -0.3648893532280496 0.148495851101502
2.4993748884459186 -0.593790853223661 2.8734021668357004 0.03529320150990342 -0.24815358924181957 0.1356524295649381

-2.293961539141277 -0.8003766025742254 2.9780987921013518 0.4649646884060476 0.3367287582853967 0.14448818372423936
1.5444403639856896 -0.6539300280975043 -0.3211377635203274 0.5993323312536718 0.3930367068418955 0.14003280401917728
-2.293961539141277 -0.8003766025742254 2.9780987921013518 0.4649646884060476 0.3367287582853967 0.14448818372423936
1.5444403639856896 -0.6539300280975043 -0.3211377635203274 0.5993323312536718 0.3930367068418955 0.14003280401917728
-2.293961539141277 -0.8003766025742254 2.9780987921013518 0.4649646884060476 0.3367287582853967 0.14448818372423936
1.5444403639856896 -0.6539300280975043 -0.3211377635203274 0.5993323312536718 0.3930367068418955 0.14003280401917728
-2.293961539141277 -0.8003766025742254 2.9780987921013518 0.4649646884060476 0.3367287582853967 0.14448818372423936

1.9214089368434635 -0.5598482548966882 3.0651258163319235 -0.38556137737981316 -0.2728964889911842 0.14008298667711278
-1.5725144916439697 -0.7506747865866523 0.14696848376322824 -0.1703314836336588 -0.3108646415820481 0.13278822342001073
1.9214089368434635 -0.5598482548966882 3.0651258163319235 -0.38556137737981316 -0.2728964889911842 0.14008298667711278
-1.5725144916439697 -0.7506747865866523 0.14696848376322824 -0.1703314836336588 -0.3108646415820481 0.13278822342001073
1.9214089368434635 -0.5598482548966882 3.0651258163319235 -0.38556137737981316 -0.2728964889911842 0.14008298667711278
-1.5725144916439697 -0.7506747865866523 0.14696848376322824 -0.1703314836336588 -0.3108646415820481 0.13278822342001073
1.9214089368434635 -0.5598482548966882 3.0651258163319235 -0.38556137737981316 -0.2728964889911842 0.14008298667711278

2.052474168102434 -0.19133493381798872 0.49824982479026 0.347726638132704 0.4232493605995434 0.13137569681187172
1.7018241834816983 0.27161271393629904 -0.4517922034139447 -0.40889647432883547 0.18244650670910245 0.14074253628200745
2.052474168102434 -0.19133493381798872 0.49824982479026 0.347726638132704 0.4232493605995434 0.13137569681187172
1.7018241834816983 0.27161271393629904 -0.4517922034139447 -0.40889647432883547 0.18244650670910245 0.14074253628200745
2.052474168102434 -0.19133493381798872 0.49824982479026 0.347726638132704 0.4232493605995434 0.13137569681187172
1.7018241834816983 0.27161271393629904 -0.4517922034139447 -0.40889647432883547 0.18244650670910245 0.14074253628200745
2.052474168102434 -0.19133493381798872 0.49824982479026 0.347726638132704 0.4232493605995434 0.13137569681187172

2.4302839989318836 0.11983122505811745 1.121386981263361 -0.6091359488735486 0.2217859211435682 0.130719390755625
-2.030659236473016 -0.5419271193927091 -2.9226199548836322 -0.8724323499600537 0.022852255497100682 0.134584050564739
2.4302839989318836 0.11983122505811745 1.121386981263361 -0.6091359488735486 0.2217859211435682 0.130719390755625
-2.030659236473016 -0.5419271193927091 -2.9226199548836322 -0.8724323499600537 0.022852255497100682 0.134584050564739
2.4302839989318836 0.11983122505811745 1.121386981263361 -0.6091359488735486 0.2217859211435682 0.130719390755625
-2.030659236473016 -0.5419271193927091 -2.9226199548836322 -0.8724323499600537 0.022852255497100682 0.134584050564739
2.4302839989318836 0.11983122505811745 1.121386981263361 -0.6091359488735486 0.2217859211435682 0.130719390755625

2.4868941046539392 0.26476012660475706 1.1094443542592252 0.2161349707634298 0.35689517326512227 0.13956119547618834
1.3543921389927376 0.02657124802750783 -1.5331741073139504 -0.47046585556765197 0.40172247027323327 0.1387303576870138
2.4868941046539392 0.26476012660475706 1.1094443542592252 0.2161349707634298 0.35689517326512227 0.13956119547618834
1.3543921389927376 0.02657124802750783 -1.5331741073139504 -0.47046585556765197 0.40172247027323327 0.1387303576870138
2.4868941046539392 0.26476012660475706 1.1094443542592252 0.2161349707634298 0.35689517326512227 0.13956119547618834
1.3543921389927376 0.02657124802750783 -1.5331741073139504 -0.47046585556765197 0.40172247027323327 0.1387303576870138
2.4868941046539392 0.26476012660475706 1.1094443542592252 0.2161349707634298 0.35689517326512227 0.13956119547618834

-2.7005120069265325 -1.0773679044921973 1.1163506656434605 0.6417571964893106 -0.04276005523239923 0.1313166476983288
2.2018367181282423 0.4506945194716113 -2.7091635737564124 0.5531568337009436 -0.11338260731504046 0.13653091130559453
-2.7005120069265325 -1.0773679044921973 1.1163506656434605 0.6417571964893106 -0.04276005523239923 0.1313166476983288
2.2018367181282423 0.4506945194716113 -2.7091635737564124 0.5531568337009436 -0.11338260731504046 0.13653091130559453
-2.7005120069265325 -1.0773679044921973 1.1163506656434605 0.6417571964893106 -0.04276005523239923 0.1313166476983288
2.2018367181282423 0.4506945194716113 -2.7091635737564124 0.5531568337009436 -0.11338260731504046 0.13653091130559453
-2.7005120069265325 -1.0773679044921973 1.1163506656434605 0.6417571964893106 -0.04276005523239923 0.1313166476983288

2.189858197273035 0.17116142053094185 -2.007780615482799 -0.046382408264230957 -0.41244275749843357 0.1309957877155592
-1.7184026776645909 0.8789440258417289 0.17444105564714066 0.0888268604905817 -0.11023976659173151 0.13664852577863862
2.189858197273035 0.17116142053094185 -2.007780615482799 -0.046382408264230957 -0.41244275749843357 0.1309957877155592
-1.7184026776645909 0.8789440258417289 0.17444105564714066 0.0888268604905817 -0.11023976659173151 0.13664852577863862
2.189858197273035 0.17116142053094185 -2.007780615482799 -0.046382408264230957 -0.41244275749843357 0.1309957877155592
-1.7184026776645909 0.8789440258417289 0.17444105564714066 0.0888268604905817 -0.11023976659173151 0.13664852577863862
2.189858197273035 0.17116142053094185 -2.007780615482799 -0.046382408264230957 -0.41244275749843357 0.1309957877155592

2.1035980475110705 -0.7105572482573866 0.3777087937363006 -0.398460350604906 0.422735838783719 0.14858232256788467
-2.505430522099471 0.4834738236791997 2.626676276173225 -0.7378149099720525 0.2788285242528833 0.13415938792520804
2.1035980475110705 -0.7105572482573866 0.3777087937363006 -0.398460350604906 0.422735838783719 0.14858232256788467
-2.505430522099471 0.4834738236791997 2.626676276173225 -0.7378149099720525 0.2788285242528833 0.13415938792520804
2.1035980475110705 -0.7105572482573866 0.3777087937363006 -0.398460350604906 0.422735838783719 0.14858232256788467
-2.505430522099471 0.4834738236791997 2.626676276173225 -0.7378149099720525 0.2788285242528833 0.13415938792520804
2.1035980475110705 -0.7105572482573866 0.3777087937363006 -0.398460350604906 0.422735838783719 0.14858232256788467

0.5973882603335088 -0.3889680893523508 -2.1396972553590743 0.14705774115780365 -0.328457299161122 0.14349082401566904
1.8562422283790792 -0.35533949024946715 -3.0500520261162896 0.20648755357653337 -0.09509529500609104 0.13115050626696975
0.5973882603335088 -0.3889680893523508 -2.1396972553590743 0.14705774115780365 -0.328457299161122 0.14349082401566904
1.8562422283790792 -0.35533949024946715 -3.0500520261162896 0.20648755357653337 -0.09509529500609104 0.13115050626696975
0.5973882603335088 -0.3889680893523508 -2.1396972553590743 0.14705774115780365 -0.328457299161122 0.14349082401566904
1.8562422283790792 -0.35533949024946715 -3.0500520261162896 0.20648755357653337 -0.09509529500609104 0.13115050626696975
0.5973882603335088 -0.3889680893523508 -2.1396972553590743 0.14705774115780365 -0.328457299161122 0.14349082401566904

-1.8928402371054511 -0.6509411028648068 -0.8024977544362333 -0.7666384010834275 0.1251268803976826 0.14549086541586276
1.3380597628812776 0.07582855886945271 0.8511219951785828 -0.7532787894468517 -0.31221460916270405 0.14451636566022924
-1.8928402371054511 -0.6509411028648068 -0.8024977544362333 -0.7666384010834275 0.1251268803976826 0.14549086541586276
1.3380597628812776 0.07582855886945271 0.8511219951785828 -0.7532787894468517 -0.31221460916270405 0.14451636566022924
-1.8928402371054511 -0.6509411028648068 -0.8024977544362333 -0.7666384010834275 0.1251268803976826 0.14549086541586276
1.3380597628812776 0.07582855886945271 0.8511219951785828 -0.7532787894468517 -0.31221460916270405 0.14451636566022924
-1.8928402371054511 -0.6509411028648068 -0.8024977544362333 -0.7666384010834275 0.1251268803976826 0.14549086541586276

-2.0429067032492325 0.8583419024562737 1.66701302707171 -0.2570116963671998 0.2981399795077895 0.14118090957662457
1.193141101967065 0.5034938824511431 -0.3483016997203971 0.44336554512158816 0.1689598193210362 0.1366043442193048
-2.0429067032492325 0.8583419024562737 1.66701302707171 -0.2570116963671998 0.2981399795077895 0.14118090957662457
1.193141101967065 0.5034938824511431 -0.3483016997203971 0.44336554512158816 0.1689598193210362 0.1366043442193048
-2.0429067032492325 0.8583419024562737 1.66701302707171 -0.2570116963671998 0.2981399795077895 0.14118090957662457
1.193141101967065 0.5034938824511431 -0.3483016997203971 0.44336554512158816 0.1689598193210362 0.1366043442193048
-2.0429067032492325 0.8583419024562737 1.66701302707171 -0.2570116963671998 0.2981399795077895 0.14118090957662457

-2.8748422382185552 -0.4487834863051052 -1.2658023840868489 -0.8229849410478659 0.34698809138488573 0.13611330525267018
-2.3230076949940797 0.9026495882172194 -2.7661668426136456 -0.750886609913452 0.25042462299746704 0.14436721555529053
-2.8748422382185552 -0.4487834863051052 -1.2658023840868489 -0.8229849410478659 0.34698809138488573 0.13611330525267018
-2.3230076949940797 0.9026495882172194 -2.7661668426136456 -0.750886609913452 0.25042462299746704 0.14436721555529053
-2.8748422382185552 -0.4487834863051052 -1.2658023840868489 -0.8229849410478659 0.34698809138488573 0.13611330525267018
-2.3230076949940797 0.9026495882172194 -2.7661668426136456 -0.750886609913452 0.25042462299746704 0.14436721555529053
-2.8748422382185552 -0.4487834863051052 -1.2658023840868489 -0.8229849410478659 0.34698809138488573 0.13611330525267018

-2.011316369446902 -0.7774613649954124 2.2778947697528173 0.560826424793468 0.37716751182260266 0.1488078236410979
1.8836227040292308 -0.8622632679243228 -0.8161359912908657 0.6345992230318456 0.2531410561044949 0.13742251923001303
-2.011316369446902 -0.7774613649954124 2.2778947697528173 0.560826424793468 0.37716751182260266 0.1488078236410979
1.8836227040292308 -0.8622632679243228 -0.8161359912908657 0.6345992230318456 0.2531410561044949 0.13742251923001303
-2.011316369446902 -0.7774613649954124 2.2778947697528173 0.560826424793468 0.37716751182260266 0.1488078236410979
1.8836227040292308 -0.8622632679243228 -0.8161359912908657 0.6345992230318456 0.2531410561044949 0.13742251923001303
-2.011316369446902 -0.7774613649954124 2.2778947697528173 0.560826424793468 0.37716751182260266 0.1488078236410979

-1.7939816539025524 -0.46059392237155566 -2.969195487119962 0.5231622628765635 0.04920440776092461 0.13430563687265018
-1.401046515135451 1.061738550683243 -2.9555738443679678 0.6222200761643576 0.05644662844758319 0.1409103853823144
-1.7939816539025524 -0.46059392237155566 -2.969195487119962 0.5231622628765635 0.04920440776092461 0.13430563687265018
-1.401046515135451 1.061738550683243 -2.9555738443679678 0.6222200761643576 0.05644662844758319 0.1409103853823144
-1.7939816539025524 -0.46059392237155566 -2.969195487119962 0.5231622628765635 0.04920440776092461 0.13430563687265018
-1.401046515135451 1.061738550683243 -2.9555738443679678 0.6222200761643576 0.05644662844758319 0.1409103853823144
-1.7939816539025524 -0.46059392237155566 -2.969195487119962 0.5231622628765635 0.04920440776092461 0.13430563687265018

-1.4811612336993012 -0.7421329078567334 2.7843311713170382 0.07857253657625429 0.1914185842369559 0.13128200632602935
-2.540684861707792 -0.4615648475698732 -2.6250895171650255 0.4908869796670723 0.32885305274944016 0.1394785445621067
-1.4811612336993012 -0.7421329078567334 2.7843311713170382 0.07857253657625429 0.1914185842369559 0.13128200632602935
-2.540684861707792 -0.4615648475698732 -2.6250895171650255 0.4908869796670723 0.32885305274944016 0.1394785445621067
-1.4811612336993012 -0.7421329078567334 2.7843311713170382 0.07857253657625429 0.1914185842369559 0.13128200632602935
-2.540684861707792 -0.4615648475698732 -2.6250895171650255 0.4908869796670723 0.32885305274944016 0.1394785445621067
-1.4811612336993012 -0.7421329078567334 2.7843311713170382 0.07857253657625429 0.1914185842369559 0.13128200632602935

-1.6954442977743418 0.2760405880703615 -0.5140001762676016 0.36543149459899643 -0.14163058144316498 0.13675570726475167
-2.8051777237316124 -1.2546459512249295 1.0075287250096483 0.2156697553334512 -0.1011888007592785 0.13994607766707884
-1.6954442977743418 0.2760405880703615 -0.5140001762676016 0.36543149459899643 -0.14163058144316498 0.13675570726475167
-2.8051777237316124 -1.2546459512249295 1.0075287250096483 0.2156697553334512 -0.1011888007592785 0.13994607766707884
-1.6954442977743418 0.2760405880703615 -0.5140001762676016 0.36543149459899643 -0.14163058144316498 0.13675570726475167
-2.8051777237316124 -1.2546459512249295 1.0075287250096483 0.2156697553334512 -0.1011888007592785 0.13994607766707884
-1.6954442977743418 0.2760405880703615 -0.5140001762676016 0.36543149459899643 -0.14163058144316498 0.13675570726475167

-1.7570531906862255 -0.9561290376269478 1.8529385113485368 0.700326929540768 0.25071990148210443 0.1496483231421882
2.666848152950597 -0.7352045406548322 -2.3192319247536073 0.8704286890299338 0.25977355706402694 0.14495380135823963
-1.7570531906862255 -0.9561290376269478 1.8529385113485368 0.700326929540768 0.25071990148210443 0.1496483231421882
2.666848152950597 -0.7352045406548322 -2.3192319247536073 0.8704286890299338 0.25977355706402694 0.14495380135823963
-1.7570531906862255 -0.9561290376269478 1.8529385113485368 0.700326929540768 0.25071990148210443 0.1496483231421882
2.666848152950597 -0.7352045406548322 -2.3192319247536073 0.8704286890299338 0.25977355706402694 0.14495380135823963
-1.7570531906862255 -0.9561290376269478 1.8529385113485368 0.700326929540768 0.25071990148210443 0.1496483231421882

1.9773472604932545 0.23031055811162873 -2.7073279799379426 -0.7132261915818512 -0.20781513765361126 0.14454077882425445
1.6595166537545096 -0.4049774757559913 2.2823035416392696 0.16765742412527784 -0.3310667530829785 0.13644008820120762
1.9773472604932545 0.23031055811162873 -2.7073279799379426 -0.7132261915818512 -0.20781513765361126 0.14454077882425445
1.6595166537545096 -0.4049774757559913 2.2823035416392696 0.16765742412527784 -0.3310667530829785 0.13644008820120762
1.9773472604932545 0.23031055811162873 -2.7073279799379426 -0.7132261915818512 -0.20781513765361126 0.14454077882425445
1.6595166537545096 -0.4049774757559913 2.2823035416392696 0.16765742412527784 -0.3310667530829785 0.13644008820120762
1.9773472604932545 0.23031055811162873 -2.7073279799379426 -0.7132261915818512 -0.20781513765361126 0.14454077882425445

1.1813298641855279 1.177296598132258 2.961712170269141 0.8632269964284939 -0.10211044133552694 0.1467675123969622
-2.3933161458190866 -0.619928169859166 1.0798430980918723 0.6821862098056275 -0.3694197634701544 0.13847585898891177
1.1813298641855279 1.177296598132258 2.961712170269141 0.8632269964284939 -0.10211044133552694 0.1467675123969622
-2.3933161458190866 -0.619928169859166 1.0798430980918723 0.6821862098056275 -0.3694197634701544 0.13847585898891177
1.1813298641855279 1.177296598132258 2.961712170269141 0.8632269964284939 -0.10211044133552694 0.1467675123969622
-2.3933161458190866 -0.619928169859166 1.0798430980918723 0.6821862098056275 -0.3694197634701544 0.13847585898891177
1.1813298641855279 1.177296598132258 2.961712170269141 0.8632269964284939 -0.10211044133552694 0.1467675123969622

-1.737759439776587 0.8640214638398529 0.2620170932805984 0.9584907480410415 0.3615854076833075 0.13728542861521814
-2.8024397990943077 -0.82649686561014 2.3882675155922315 0.7409072688896983 -0.030158561261307254 0.14899270429911235
-1.737759439776587 0.8640214638398529 0.2620170932805984 0.9584907480410415 0.3615854076833075 0.13728542861521814
-2.8024397990943077 -0.82649686561014 2.3882675155922315 0.7409072688896983 -0.030158561261307254 0.14899270429911235
-1.737759439776587 0.8640214638398529 0.2620170932805984 0.9584907480410415 0.3615854076833075 0.13728542861521814
-2.8024397990943077 -0.82649686561014 2.3882675155922315 0.7409072688896983 -0.030158561261307254 0.14899270429911235
-1.737759439776587 0.8640214638398529 0.2620170932805984 0.9584907480410415 0.3615854076833075 0.13728542861521814

-2.6531032630877243 1.0250459949440958 -1.2246978576506298 -0.7788607143303174 -0.16188213040274846 0.13702462483408107
1.4913257476716464 0.5127232813363123 3.0500436374994635 -0.9175054513174651 -0.08084691211098993 0.1369163257689512
-2.6531032630877243 1.0250459949440958 -1.2246978576506298 -0.7788607143303174 -0.16188213040274846 0.13702462483408107
1.4913257476716464 0.5127232813363123 3.0500436374994635 -0.9175054513174651 -0.08084691211098993 0.1369163257689512
-2.6531032630877243 1.0250459949440958 -1.2246978576506298 -0.7788607143303174 -0.16188213040274846 0.13702462483408107
1.4913257476716464 0.5127232813363123 3.0500436374994635 -0.9175054513174651 -0.08084691211098993 0.1369163257689512
-2.6531032630877243 1.0250459949440958 -1.2246978576506298 -0.7788607143303174 -0.16188213040274846 0.13702462483408107

2.346259762621798 1.1853400437730806 0.09666200059133279 0.8939872574948609 0.30225982726645484 0.13248923679533908
-2.9691617811328355 0.8494994787580394 0.96923160063751 0.7704193140529249 0.33552916591710075 0.14702407339683934
2.346259762621798 1.1853400437730806 0.09666200059133279 0.8939872574948609 0.30225982726645484 0.13248923679533908
-2.9691617811328355 0.8494994787580394 0.96923160063751 0.7704193140529249 0.33552916591710075 0.14702407339683934
2.346259762621798 1.1853400437730806 0.09666200059133279 0.8939872574948609 0.30225982726645484 0.13248923679533908
-2.9691617811328355 0.8494994787580394 0.96923160063751 0.7704193140529249 0.33552916591710075 0.14702407339683934
2.346259762621798 1.1853400437730806 0.09666200059133279 0.8939872574948609 0.30225982726645484 0.13248923679533908

-2.190874539750997 0.5517406267153975 1.5884045218017575 0.7601650306950054 0.12938169095573024 0.1463230919757475
-1.3252354255574414 -0.6924544752419106 1.9041024160732083 0.695691891700377 0.07982346591040079 0.1455344212605222
-2.190874539750997 0.5517406267153975 1.5884045218017575 0.7601650306950054 0.12938169095573024 0.1463230919757475
-1.3252354255574414 -0.6924544752419106 1.9041024160732083 0.695691891700377 0.07982346591040079 0.1455344212605222
-2.190874539750997 0.5517406267153975 1.5884045218017575 0.7601650306950054 0.12938169095573024 0.1463230919757475
-1.3252354255574414 -0.6924544752419106 1.9041024160732083 0.695691891700377 0.07982346591040079 0.1455344212605222
-2.190874539750997 0.5517406267153975 1.5884045218017575 0.7601650306950054 0.12938169095573024 0.1463230919757475

2.322501020783515 0.4068426992832308 -2.3537289959968 -0.3491948136901412 -0.3350870401757237 0.14253326870372518
-2.679799910640246 0.8407733782698228 -0.9727319100748357 -0.33777698383097576 -0.2630934742256816 0.14229291556944595
2.322501020783515 0.4068426992832308 -2.3537289959968 -0.3491948136901412 -0.3350870401757237 0.14253326870372518
-2.679799910640246 0.8407733782698228 -0.9727319100748357 -0.33777698383097576 -0.2630934742256816 0.14229291556944595
2.322501020783515 0.4068426992832308 -2.3537289959968 -0.3491948136901412 -0.3350870401757237 0.14253326870372518
-2.679799910640246 0.8407733782698228 -0.9727319100748357 -0.33777698383097576 -0.2630934742256816 0.14229291556944595
2.322501020783515 0.4068426992832308 -2.3537289959968 -0.3491948136901412 -0.3350870401757237 0.14253326870372518

-1.519011983557158 1.049977404472119 3.061290848005941 0.4731594742302376 0.07521178422464958 0.13374451019504655
1.3486541729742596 0.366286989313831 -1.0459914074361203 0.2856203292050191 0.4083639916523446 0.14960922655025005
-1.519011983557158 1.049977404472119 3.061290848005941 0.4731594742302376 0.07521178422464958 0.13374451019504655
1.3486541729742596 0.366286989313831 -1.0459914074361203 0.2856203292050191 0.4083639916523446 0.14960922655025005
-1.519011983557158 1.049977404472119 3.061290848005941 0.4731594742302376 0.07521178422464958 0.13374451019504655
1.3486541729742596 0.366286989313831 -1.0459914074361203 0.2856203292050191 0.4083639916523446 0.14960922655025005
-1.519011983557158 1.049977404472119 3.061290848005941 0.4731594742302376 0.07521178422464958 0.13374451019504655

-2.557323547806497 0.625900403746457 -1.5774317988232465 -0.9065109328554702 -0.4018281086118899 0.1398947657607874
-2.4057552846830315 0.5060497561216639 -1.3733837421602173 -0.8248978953790591 -0.4197258663762212 0.14948778762728643
-2.557323547806497 0.625900403746457 -1.5774317988232465 -0.9065109328554702 -0.4018281086118899 0.1398947657607874
-2.4057552846830315 0.5060497561216639 -1.3733837421602173 -0.8248978953790591 -0.4197258663762212 0.14948778762728643
-2.557323547806497 0.625900403746457 -1.5774317988232465 -0.9065109328554702 -0.4018281086118899 0.1398947657607874
-2.4057552846830315 0.5060497561216639 -1.3733837421602173 -0.8248978953790591 -0.4197258663762212 0.14948778762728643
-2.557323547806497 0.625900403746457 -1.5774317988232465 -0.9065109328554702 -0.4018281086118899 0.1398947657607874

-1.7367278997645448 0.36289287854828695 -1.264972808902047 -0.6860432875446212 0.11948247017363844 0.1343194839913039
1.8262333469422558 1.0813834582630877 1.3224957290270307 -0.6856648570976023 -0.3048246745626177 0.14157834150656876
-1.7367278997645448 0.36289287854828695 -1.264972808902047 -0.6860432875446212 0.11948247017363844 0.1343194839913039
1.8262333469422558 1.0813834582630877 1.3224957290270307 -0.6856648570976023 -0.3048246745626177 0.14157834150656876
-1.7367278997645448 0.36289287854828695 -1.264972808902047 -0.6860432875446212 0.11948247017363844 0.1343194839913039
1.8262333469422558 1.0813834582630877 1.3224957290270307 -0.6856648570976023 -0.3048246745626177 0.14157834150656876
-1.7367278997645448 0.36289287854828695 -1.264972808902047 -0.6860432875446212 0.11948247017363844 0.1343194839913039

1.7747037675869537 -0.603546018802686 -2.846156017063852 0.053578784421941014 -0.352959029284744 0.1450508739225876
2.6439247138546587 -1.274374326730023 2.0887907024620205 0.13591860338504014 -0.08415532470053733 0.1486624118154812
1.7747037675869537 -0.603546018802686 -2.846156017063852 0.053578784421941014 -0.352959029284744 0.1450508739225876
2.6439247138546587 -1.274374326730023 2.0887907024620205 0.13591860338504014 -0.08415532470053733 0.1486624118154812
1.7747037675869537 -0.603546018802686 -2.846156017063852 0.053578784421941014 -0.352959029284744 0.1450508739225876
2.6439247138546587 -1.274374326730023 2.0887907024620205 0.13591860338504014 -0.08415532470053733 0.1486624118154812
1.7747037675869537 -0.603546018802686 -2.846156017063852 0.053578784421941014 -0.352959029284744 0.1450508739225876

1.736983783945196 -0.12911852268197677 3.0408336819902146 -0.3970154435728237 -0.17915075774596334 0.1402417273780343
2.166482756918995 0.2145134459783357 2.9885267337927686 -0.3493668079785165 -0.2281541936831626 0.13905746043364586
1.736983783945196 -0.12911852268197677 3.0408336819902146 -0.3970154435728237 -0.17915075774596334 0.1402417273780343
2.166482756918995 0.2145134459783357 2.9885267337927686 -0.3493668079785165 -0.2281541936831626 0.13905746043364586
1.736983783945196 -0.12911852268197677 3.0408336819902146 -0.3970154435728237 -0.17915075774596334 0.1402417273780343
2.166482756918995 0.2145134459783357 2.9885267337927686 -0.3493668079785165 -0.2281541936831626 0.13905746043364586
1.736983783945196 -0.12911852268197677 3.0408336819902146 -0.3970154435728237 -0.17915075774596334 0.1402417273780343

1.5466398781212447 0.6572136988907727 -2.7125740298744834 -0.9747122134888684 -0.12434393873970939 0.14262080405768696
1.831126977539485 0.6347663053554374 2.9660515178032116 -0.2401929947162314 -0.2570188090034905 0.13011999749369332
1.5466398781212447 0.6572136988907727 -2.7125740298744834 -0.9747122134888684 -0.12434393873970939 0.14262080405768696
1.831126977539485 0.6347663053554374 2.9660515178032116 -0.2401929947162314 -0.2570188090034905 0.13011999749369332
1.5466398781212447 0.6572136988907727 -2.7125740298744834 -0.9747122134888684 -0.12434393873970939 0.14262080405768696
1.831126977539485 0.6347663053554374 2.9660515178032116 -0.2401929947162314 -0.2570188090034905 0.13011999749369332
1.5466398781212447 0.6572136988907727 -2.7125740298744834 -0.9747122134888684 -0.12434393873970939 0.14262080405768696

2.5971415006476635 -0.8679014792366143 -0.2891662250822821 -0.19693124648655924 0.3045932630053182 0.14804520860877812
-2.5245518695414657 -0.8595222721896378 -3.031347952902502 -0.8339517424935082 0.34019375022166387 0.14171534601071994
2.5971415006476635 -0.8679014792366143 -0.2891662250822821 -0.19693124648655924 0.3045932630053182 0.14804520860877812
-2.5245518695414657 -0.8595222721896378 -3.031347952902502 -0.8339517424935082 0.34019375022166387 0.14171534601071994
2.5971415006476635 -0.8679014792366143 -0.2891662250822821 -0.19693124648655924 0.3045932630053182 0.14804520860877812
-2.5245518695414657 -0.8595222721896378 -3.031347952902502 -0.8339517424935082 0.34019375022166387 0.14171534601071994
2.5971415006476635 -0.8679014792366143 -0.2891662250822821 -0.19693124648655924 0.3045932630053182 0.14804520860877812

2.2588791845697553 -0.009540940581037577 2.295832725485748 -0.18511204280942606 -0.29574428209238846 0.14681933425739088
2.252934726544207 0.17815121500856115 2.7533153151164345 -0.2500617709949897 -0.24337321365376674 0.1378627405016975
2.2588791845697553 -0.009540940581037577 2.295832725485748 -0.18511204280942606 -0.29574428209238846 0.14681933425739088
2.252934726544207 0.17815121500856115 2.7533153151164345 -0.2500617709949897 -0.24337321365376674 0.1378627405016975
2.2588791845697553 -0.009540940581037577 2.295832725485748 -0.18511204280942606 -0.29574428209238846 0.14681933425739088
2.252934726544207 0.17815121500856115 2.7533153151164345 -0.2500617709949897 -0.24337321365376674 0.1378627405016975
2.2588791845697553 -0.009540940581037577 2.295832725485748 -0.18511204280942606 -0.29574428209238846 0.14681933425739088

2.2595699967467455 -0.19348352771415614 -0.08984538063851208 -0.8584438865714756 0.3617563773523823 0.1388516992381993
1.9728157431779836 -0.2610312970621515 0.46549081416920357 -0.8087102606478975 0.19423764157060452 0.14303704811417609
2.2595699967467455 -0.19348352771415614 -0.08984538063851208 -0.8584438865714756 0.3617563773523823 0.1388516992381993
1.9728157431779836 -0.2610312970621515 0.46549081416920357 -0.8087102606478975 0.19423764157060452 0.14303704811417609
2.2595699967467455 -0.19348352771415614 -0.08984538063851208 -0.8584438865714756 0.3617563773523823 0.1388516992381993
1.9728157431779836 -0.2610312970621515 0.46549081416920357 -0.8087102606478975 0.19423764157060452 0.14303704811417609
2.2595699967467455 -0.19348352771415614 -0.08984538063851208 -0.8584438865714756 0.3617563773523823 0.1388516992381993

2.2257896698502604 -0.2519218332898772 -0.0964633772861356 0.9082623848976311 -0.09421923966470354 0.14119165160672964
-2.84364576054066 -1.0834406602722848 2.6868200881595596 0.6781885949450905 0.08750081724353065 0.14014327349044142
2.2257896698502604 -0.2519218332898772 -0.0964633772861356 0.9082623848976311 -0.09421923966470354 0.14119165160672964
-2.84364576054066 -1.0834406602722848 2.6868200881595596 0.6781885949450905 0.08750081724353065 0.14014327349044142
2.2257896698502604 -0.2519218332898772 -0.0964633772861356 0.9082623848976311 -0.09421923966470354 0.14119165160672964
-2.84364576054066 -1.0834406602722848 2.6868200881595596 0.6781885949450905 0.08750081724353065 0.14014327349044142
2.2257896698502604 -0.2519218332898772 -0.0964633772861356 0.9082623848976311 -0.09421923966470354 0.14119165160672964

2.5170116288950872 0.44396241371821343 0.186412399574055 -0.9073663092987367 0.3295012658978119 0.14286679746731404
0.6123187370072659 0.5359090608899715 -1.2978261890076932 -0.8504777224009271 0.28845961999692904 0.1375643824887368
2.5170116288950872 0.44396241371821343 0.186412399574055 -0.9073663092987367 0.3295012658978119 0.14286679746731404
0.6123187370072659 0.5359090608899715 -1.2978261890076932 -0.8504777224009271 0.28845961999692904 0.1375643824887368
2.5170116288950872 0.44396241371821343 0.186412399574055 -0.9073663092987367 0.3295012658978119 0.14286679746731404
0.6123187370072659 0.5359090608899715 -1.2978261890076932 -0.8504777224009271 0.28845961999692904 0.1375643824887368
2.5170116288950872 0.44396241371821343 0.186412399574055 -0.9073663092987367 0.3295012658978119 0.14286679746731404

2.0219668793714565 0.32646690123444866 2.5142652368615908 0.6734936390386217 -0.2744799678097705 0.14161475858015937
1.9954920041641442 -0.06485439066906044 2.815972268517196 0.3522014822239957 -0.03897235127043719 0.13265277663764913
2.0219668793714565 0.32646690123444866 2.5142652368615908 0.6734936390386217 -0.2744799678097705 0.14161475858015937
1.9954920041641442 -0.06485439066906044 2.815972268517196 0.3522014822239957 -0.03897235127043719 0.13265277663764913
2.0219668793714565 0.32646690123444866 2.5142652368615908 0.6734936390386217 -0.2744799678097705 0.14161475858015937
1.9954920041641442 -0.06485439066906044 2.815972268517196 0.3522014822239957 -0.03897235127043719 0.13265277663764913
2.0219668793714565 0.32646690123444866 2.5142652368615908 0.6734936390386217 -0.2744799678097705 0.14161475858015937

2.009517347959001 -0.5345810008366856 -1.0159412830320624 -0.3011374233063209 0.27609662801013257 0.14450511844668423
1.271490239403002 -0.6942827551837081 1.1136008795184198 0.7234166529572389 0.3441585360314122 0.14554794875103197
2.009517347959001 -0.5345810008366856 -1.0159412830320624 -0.3011374233063209 0.27609662801013257 0.14450511844668423
1.271490239403002 -0.6942827551837081 1.1136008795184198 0.7234166529572389 0.3441585360314122 0.14554794875103197
2.009517347959001 -0.5345810008366856 -1.0159412830320624 -0.3011374233063209 0.27609662801013257 0.14450511844668423
1.271490239403002 -0.6942827551837081 1.1136008795184198 0.7234166529572389 0.3441585360314122 0.14554794875103197
2.009517347959001 -0.5345810008366856 -1.0159412830320624 -0.3011374233063209 0.27609662801013257 0.14450511844668423

1.6950734084418915 -0.5412348033490892 0.8154270964707688 0.792227505274578 0.19624393119143957 0.13006576682960594
-2.192420801023949 0.2489107283998553 2.918332179776603 0.48067318389707986 0.19965962742462084 0.13756487735801207
1.6950734084418915 -0.5412348033490892 0.8154270964707688 0.792227505274578 0.19624393119143957 0.13006576682960594
-2.192420801023949 0.2489107283998553 2.918332179776603 0.48067318389707986 0.19965962742462084 0.13756487735801207
1.6950734084418915 -0.5412348033490892 0.8154270964707688 0.792227505274578 0.19624393119143957 0.13006576682960594
-2.192420801023949 0.2489107283998553 2.918332179776603 0.48067318389707986 0.19965962742462084 0.13756487735801207
1.6950734084418915 -0.5412348033490892 0.8154270964707688 0.792227505274578 0.19624393119143957 0.13006576682960594

-1.584745977121008 1.0339900110328084 -1.542140372933081 -0.5869768651278999 -0.10264889051562608 0.1380393721620641
-1.7425912136081896 0.24570458686486682 -0.8517145626335975 -0.7900499218717114 0.2674714204674622 0.14754293703475693
-1.584745977121008 1.0339900110328084 -1.542140372933081 -0.5869768651278999 -0.10264889051562608 0.1380393721620641
-1.7425912136081896 0.24570458686486682 -0.8517145626335975 -0.7900499218717114 0.2674714204674622 0.14754293703475693
-1.584745977121008 1.0339900110328084 -1.542140372933081 -0.5869768651278999 -0.10264889051562608 0.1380393721620641
-1.7425912136081896 0.24570458686486682 -0.8517145626335975 -0.7900499218717114 0.2674714204674622 0.14754293703475693
-1.584745977121008 1.0339900110328084 -1.542140372933081 -0.5869768651278999 -0.10264889051562608 0.1380393721620641

2.1544713477697837 0.025621278623655055 0.2602546736256718 -0.565242869134767 0.19770504903669872 0.13126420722097798
-2.2388015159025825 0.5035949899876933 -2.8346524822835177 -0.28191009853079 0.3702002954261569 0.14914911137140366
2.1544713477697837 0.025621278623655055 0.2602546736256718 -0.565242869134767 0.19770504903669872 0.13126420722097798
-2.2388015159025825 0.5035949899876933 -2.8346524822835177 -0.28191009853079 0.3702002954261569 0.14914911137140366
2.1544713477697837 0.025621278623655055 0.2602546736256718 -0.565242869134767 0.19770504903669872 0.13126420722097798
-2.2388015159025825 0.5035949899876933 -2.8346524822835177 -0.28191009853079 0.3702002954261569 0.14914911137140366
2.1544713477697837 0.025621278623655055 0.2602546736256718 -0.565242869134767 0.19770504903669872 0.13126420722097798

2.1480999056064722 -0.5460039206859444 -1.6256400054800975 0.5914268023760895 0.41148169245711236 0.14954032382861965
-2.0804352265572668 0.5180423549306395 1.929793896459342 0.8068432980412452 0.34011641694946115 0.13943441191996375
2.1480999056064722 -0.5460039206859444 -1.6256400054800975 0.5914268023760895 0.41148169245711236 0.14954032382861965
-2.0804352265572668 0.5180423549306395 1.929793896459342 0.8068432980412452 0.34011641694946115 0.13943441191996375
2.1480999056064722 -0.5460039206859444 -1.6256400054800975 0.5914268023760895 0.41148169245711236 0.14954032382861965
-2.0804352265572668 0.5180423549306395 1.929793896459342 0.8068432980412452 0.34011641694946115 0.13943441191996375
2.1480999056064722 -0.5460039206859444 -1.6256400054800975 0.5914268023760895 0.41148169245711236 0.14954032382861965

1.058398081350206 0.7328044306891675 -1.4767799011718266 0.8375627657696676 0.25193545858123206 0.1342611774103843
-2.5583005357892077 -0.6557740759879902 2.4248253505177906 0.7498973959325954 0.3666995351938885 0.1467726324432355
1.058398081350206 0.7328044306891675 -1.4767799011718266 0.8375627657696676 0.25193545858123206 0.1342611774103843
-2.5583005357892077 -0.6557740759879902 2.4248253505177906 0.7498973959325954 0.3666995351938885 0.1467726324432355
1.058398081350206 0.7328044306891675 -1.4767799011718266 0.8375627657696676 0.25193545858123206 0.1342611774103843
-2.5583005357892077 -0.6557740759879902 2.4248253505177906 0.7498973959325954 0.3666995351938885 0.1467726324432355
1.058398081350206 0.7328044306891675 -1.4767799011718266 0.8375627657696676 0.25193545858123206 0.1342611774103843

-0.5267740025815518 1.1276718506019037 -0.002383874346463301 -0.6105095667162413 -0.39738179924156575 0.14697098368567071
1.882160430248459 0.5924877714166354 2.5914049088756865 -0.6196604003684207 -0.3358633785054529 0.13382973452700397
-0.5267740025815518 1.1276718506019037 -0.002383874346463301 -0.6105095667162413 -0.39738179924156575 0.14697098368567071
1.882160430248459 0.5924877714166354 2.5914049088756865 -0.6196604003684207 -0.3358633785054529 0.13382973452700397
-0.5267740025815518 1.1276718506019037 -0.002383874346463301 -0.6105095667162413 -0.39738179924156575 0.14697098368567071
1.882160430248459 0.5924877714166354 2.5914049088756865 -0.6196604003684207 -0.3358633785054529 0.13382973452700397
-0.5267740025815518 1.1276718506019037 -0.002383874346463301 -0.6105095667162413 -0.39738179924156575 0.14697098368567071

1.2031344597389702 -1.1146984896561907 -1.24988340686384 0.6017062102878112 -0.32799032692145375 0.13756143397159626
2.0027247843938842 0.3976785252185293 -1.0918328742027599 0.8293082663876308 -0.2783052183095489 0.1337582311762889
1.2031344597389702 -1.1146984896561907 -1.24988340686384 0.6017062102878112 -0.32799032692145375 0.13756143397159626
2.0027247843938842 0.3976785252185293 -1.0918328742027599 0.8293082663876308 -0.2783052183095489 0.1337582311762889
1.2031344597389702 -1.1146984896561907 -1.24988340686384 0.6017062102878112 -0.32799032692145375 0.13756143397159626
2.0027247843938842 0.3976785252185293 -1.0918328742027599 0.8293082663876308 -0.2783052183095489 0.1337582311762889
1.2031344597389702 -1.1146984896561907 -1.24988340686384 0.6017062102878112 -0.32799032692145375 0.13756143397159626

-2.777262612605179 -0.6865751711990967 -2.5921067710771126 0.8202991362519438 0.3073931791391069 0.1398757699891972
-2.095228870566349 1.1462544294972357 1.9432527968312343 0.5589146454909717 0.2616763926170086 0.14889084589529433
-2.777262612605179 -0.6865751711990967 -2.5921067710771126 0.8202991362519438 0.3073931791391069 0.1398757699891972
-2.095228870566349 1.1462544294972357 1.9432527968312343 0.5589146454909717 0.2616763926170086 0.14889084589529433
-2.777262612605179 -0.6865751711990967 -2.5921067710771126 0.8202991362519438 0.3073931791391069 0.1398757699891972
-2.095228870566349 1.1462544294972357 1.9432527968312343 0.5589146454909717 0.2616763926170086 0.14889084589529433
-2.777262612605179 -0.6865751711990967 -2.5921067710771126 0.8202991362519438 0.3073931791391069 0.1398757699891972

2.0418485910467563 0.5007746071742307 1.507865882138103 -0.6970580922255301 0.42408729891742236 0.13915281585256706
-2.18098480196529 -0.8197560087620749 -1.7789208055307897 -0.753830037656098 0.3592195403385204 0.14554414884644964
2.0418485910467563 0.5007746071742307 1.507865882138103 -0.6970580922255301 0.42408729891742236 0.13915281585256706
-2.18098480196529 -0.8197560087620749 -1.7789208055307897 -0.753830037656098 0.3592195403385204 0.14554414884644964
2.0418485910467563 0.5007746071742307 1.507865882138103 -0.6970580922255301 0.42408729891742236 0.13915281585256706
-2.18098480196529 -0.8197560087620749 -1.7789208055307897 -0.753830037656098 0.3592195403385204 0.14554414884644964
2.0418485910467563 0.5007746071742307 1.507865882138103 -0.6970580922255301 0.42408729891742236 0.13915281585256706

-2.0801961201692962 -0.5224145140494965 1.2013117252669565 -0.34322690563598307 -0.30118603685013823 0.14863858539379302
-1.7914944135769986 0.6591378744287846 0.9152994625068187 -0.4325126165940756 -0.41980430674125174 0.13959987051321973
-2.0801961201692962 -0.5224145140494965 1.2013117252669565 -0.34322690563598307 -0.30118603685013823 0.14863858539379302
-1.7914944135769986 0.6591378744287846 0.9152994625068187 -0.4325126165940756 -0.41980430674125174 0.13959987051321973
-2.0801961201692962 -0.5224145140494965 1.2013117252669565 -0.34322690563598307 -0.30118603685013823 0.14863858539379302
-1.7914944135769986 0.6591378744287846 0.9152994625068187 -0.4325126165940756 -0.41980430674125174 0.13959987051321973
-2.0801961201692962 -0.5224145140494965 1.2013117252669565 -0.34322690563598307 -0.30118603685013823 0.14863858539379302

-2.1852090308703813 -0.513888663801393 0.17985832741733065 -0.9050782818319122 -0.26433110188615583 0.13387726145330753
-1.752711614152139 0.5763758447980475 -1.1828987832940299 -0.43959405284261854 -0.26914984188664737 0.14681433435240576
-2.1852090308703813 -0.513888663801393 0.17985832741733065 -0.9050782818319122 -0.26433110188615583 0.13387726145330753
-1.752711614152139 0.5763758447980475 -1.1828987832940299 -0.43959405284261854 -0.26914984188664737 0.14681433435240576
-2.1852090308703813 -0.513888663801393 0.17985832741733065 -0.9050782818319122 -0.26433110188615583 0.13387726145330753
-1.752711614152139 0.5763758447980475 -1.1828987832940299 -0.43959405284261854 -0.26914984188664737 0.14681433435240576
-2.1852090308703813 -0.513888663801393 0.17985832741733065 -0.9050782818319122 -0.26433110188615583 0.13387726145330753

-2.591790330778306 -0.5034668979980342 0.2653552377332125 0.4546451201930189 -0.406052018544503 0.13356942556381096
-2.495764796088452 0.6890090910353828 -0.7784652135959749 0.5846062221918004 -0.10852560660205002 0.13566266232489305
-2.591790330778306 -0.5034668979980342 0.2653552377332125 0.4546451201930189 -0.406052018544503 0.13356942556381096
-2.495764796088452 0.6890090910353828 -0.7784652135959749 0.5846062221918004 -0.10852560660205002 0.13566266232489305
-2.591790330778306 -0.5034668979980342 0.2653552377332125 0.4546451201930189 -0.406052018544503 0.13356942556381096
-2.495764796088452 0.6890090910353828 -0.7784652135959749 0.5846062221918004 -0.10852560660205002 0.13566266232489305
-2.591790330778306 -0.5034668979980342 0.2653552377332125 0.4546451201930189 -0.406052018544503 0.13356942556381096

-2.5620564713075935 -0.5200724051147583 1.5940846243098088 0.7793118108134531 0.2524376951382351 0.14700944849665185
-2.5571518449598507 0.21883735956986203 2.0279902706824036 0.867720407177618 -0.35528255642216844 0.13217015020086967
-2.5620564713075935 -0.5200724051147583 1.5940846243098088 0.7793118108134531 0.2524376951382351 0.14700944849665185
-2.5571518449598507 0.21883735956986203 2.0279902706824036 0.867720407177618 -0.35528255642216844 0.13217015020086967
-2.5620564713075935 -0.5200724051147583 1.5940846243098088 0.7793118108134531 0.2524376951382351 0.14700944849665185
-2.5571518449598507 0.21883735956986203 2.0279902706824036 0.867720407177618 -0.35528255642216844 0.13217015020086967
-2.5620564713075935 -0.5200724051147583 1.5940846243098088 0.7793118108134531 0.2524376951382351 0.14700944849665185

-1.9469350928948066 -0.6606468297922812 -2.415959525361828 -0.5796081004557185 0.35418139278156524 0.14679799819957495
2.435768864190635 0.10660092138715692 0.7371014795625151 -0.9359579894043931 0.34498620569250976 0.1495369452624362
-1.9469350928948066 -0.6606468297922812 -2.415959525361828 -0.5796081004557185 0.35418139278156524 0.14679799819957495
2.435768864190635 0.10660092138715692 0.7371014795625151 -0.9359579894043931 0.34498620569250976 0.1495369452624362
-1.9469350928948066 -0.6606468297922812 -2.415959525361828 -0.5796081004557185 0.35418139278156524 0.14679799819957495
2.435768864190635 0.10660092138715692 0.7371014795625151 -0.9359579894043931 0.34498620569250976 0.1495369452624362
-1.9469350928948066 -0.6606468297922812 -2.415959525361828 -0.5796081004557185 0.35418139278156524 0.14679799819957495

0.8810775933167821 -0.3681833675852067 1.1330230307902325 -0.10163214050911235 0.37080523943734456 0.13258288019875947
2.8838425558525502 -0.08074742016233591 -1.370577005374477 -0.4519380805776515 0.363011154973749 0.13973531259973387
0.8810775933167821 -0.3681833675852067 1.1330230307902325 -0.10163214050911235 0.37080523943734456 0.13258288019875947
2.8838425558525502 -0.08074742016233591 -1.370577005374477 -0.4519380805776515 0.363011154973749 0.13973531259973387
0.8810775933167821 -0.3681833675852067 1.1330230307902325 -0.10163214050911235 0.37080523943734456 0.13258288019875947
2.8838425558525502 -0.08074742016233591 -1.370577005374477 -0.4519380805776515 0.363011154973749 0.13973531259973387
0.8810775933167821 -0.3681833675852067 1.1330230307902325 -0.10163214050911235 0.37080523943734456 0.13258288019875947

-1.7396837408835608 -0.48790362911061685 -2.011312808043387 -0.28649053477586317 0.26122348912268384 0.13736784382450598
-1.5688738990089135 0.28316355014653527 -2.0662343015058524 -0.21879173794977425 0.34515495730795737 0.13218271157251277
-1.7396837408835608 -0.48790362911061685 -2.011312808043387 -0.28649053477586317 0.26122348912268384 0.13736784382450598
-1.5688738990089135 0.28316355014653527 -2.0662343015058524 -0.21879173794977425 0.34515495730795737 0.13218271157251277
-1.7396837408835608 -0.48790362911061685 -2.011312808043387 -0.28649053477586317 0.26122348912268384 0.13736784382450598
-1.5688738990089135 0.28316355014653527 -2.0662343015058524 -0.21879173794977425 0.34515495730795737 0.13218271157251277
-1.7396837408835608 -0.48790362911061685 -2.011312808043387 -0.28649053477586317 0.26122348912268384 0.13736784382450598

0.7574814918846644 -0.7988680516117426 -2.3080380796633033 -0.9242131019984533 -0.28766984858248046 0.13016107544761688
-2.627055862974113 0.9342654698408176 -0.8638342126504056 -0.9328111210329987 -0.2754112656387413 0.1367322350380503
0.7574814918846644 -0.7988680516117426 -2.3080380796633033 -0.9242131019984533 -0.28766984858248046 0.13016107544761688
-2.627055862974113 0.9342654698408176 -0.8638342126504056 -0.9328111210329987 -0.2754112656387413 0.1367322350380503
0.7574814918846644 -0.7988680516117426 -2.3080380796633033 -0.9242131019984533 -0.28766984858248046 0.13016107544761688
-2.627055862974113 0.9342654698408176 -0.8638342126504056 -0.9328111210329987 -0.2754112656387413 0.1367322350380503
0.7574814918846644 -0.7988680516117426 -2.3080380796633033 -0.9242131019984533 -0.28766984858248046 0.13016107544761688

1.6391481070919711 -0.23360673545286412 1.7921527261261179 -0.674503919882258 -0.28995895765726615 0.14901302454734103
-2.471293639883748 0.49775496050527435 -2.042100035149494 -0.820571255752123 -0.4080928969943761 0.13742980646221306
1.6391481070919711 -0.23360673545286412 1.7921527261261179 -0.674503919882258 -0.28995895765726615 0.14901302454734103
-2.471293639883748 0.49775496050527435 -2.042100035149494 -0.820571255752123 -0.4080928969943761 0.13742980646221306
1.6391481070919711 -0.23360673545286412 1.7921527261261179 -0.674503919882258 -0.28995895765726615 0.14901302454734103
-2.471293639883748 0.49775496050527435 -2.042100035149494 -0.820571255752123 -0.4080928969943761 0.13742980646221306
1.6391481070919711 -0.23360673545286412 1.7921527261261179 -0.674503919882258 -0.28995895765726615 0.14901302454734103

-1.926077370956729 0.4203565398218414 0.46842596318030827 0.7546815978851737 -0.22845720889445587 0.13497792589739405
1.8964014529230306 0.6526611413581522 -2.053709929321313 0.8457487831084647 -0.2880461063862817 0.14851755296591068
-1.926077370956729 0.4203565398218414 0.46842596318030827 0.7546815978851737 -0.22845720889445587 0.13497792589739405
1.8964014529230306 0.6526611413581522 -2.053709929321313 0.8457487831084647 -0.2880461063862817 0.14851755296591068
-1.926077370956729 0.4203565398218414 0.46842596318030827 0.7546815978851737 -0.22845720889445587 0.13497792589739405
1.8964014529230306 0.6526611413581522 -2.053709929321313 0.8457487831084647 -0.2880461063862817 0.14851755296591068
-1.926077370956729 0.4203565398218414 0.46842596318030827 0.7546815978851737 -0.22845720889445587 0.13497792589739405

2.1204221996699064 0.18515265548299717 -2.006056275614239 0.710863872879905 -0.3215440941900188 0.1397719177650553
2.3544118195007413 -0.21958314723866562 -3.0221073124710656 0.8470568835265775 -0.27648991172547077 0.13460711909740744
2.1204221996699064 0.18515265548299717 -2.006056275614239 0.710863872879905 -0.3215440941900188 0.1397719177650553
2.3544118195007413 -0.21958314723866562 -3.0221073124710656 0.8470568835265775 -0.27648991172547077 0.13460711909740744
2.1204221996699064 0.18515265548299717 -2.006056275614239 0.710863872879905 -0.3215440941900188 0.1397719177650553
2.3544118195007413 -0.21958314723866562 -3.0221073124710656 0.8470568835265775 -0.27648991172547077 0.13460711909740744
2.1204221996699064 0.18515265548299717 -2.006056275614239 0.710863872879905 -0.3215440941900188 0.1397719177650553

-1.6307898077333005 1.06582358919979 2.7608720779886085 0.6390567801882967 0.18548136077742616 0.14005017923580956
-2.1018964936843716 -0.8683422442842386 -3.052326702387173 0.4996257850023231 0.08077724808480102 0.13527679335075432
-1.6307898077333005 1.06582358919979 2.7608720779886085 0.6390567801882967 0.18548136077742616 0.14005017923580956
-2.1018964936843716 -0.8683422442842386 -3.052326702387173 0.4996257850023231 0.08077724808480102 0.13527679335075432
-1.6307898077333005 1.06582358919979 2.7608720779886085 0.6390567801882967 0.18548136077742616 0.14005017923580956
-2.1018964936843716 -0.8683422442842386 -3.052326702387173 0.4996257850023231 0.08077724808480102 0.13527679335075432
-1.6307898077333005 1.06582358919979 2.7608720779886085 0.6390567801882967 0.18548136077742616 0.14005017923580956

-1.5952451908679155 0.09731456681852667 -0.4848353819949407 0.6929758384357563 -0.3764353748062429 0.13064669371270696
2.885532248953168 0.6698205495293198 -1.541229303673768 0.2735173613515116 -0.2932331540508302 0.13688000583215768
-1.5952451908679155 0.09731456681852667 -0.4848353819949407 0.6929758384357563 -0.3764353748062429 0.13064669371270696
2.885532248953168 0.6698205495293198 -1.541229303673768 0.2735173613515116 -0.2932331540508302 0.13688000583215768
-1.5952451908679155 0.09731456681852667 -0.4848353819949407 0.6929758384357563 -0.3764353748062429 0.13064669371270696
2.885532248953168 0.6698205495293198 -1.541229303673768 0.2735173613515116 -0.2932331540508302 0.13688000583215768
-1.5952451908679155 0.09731456681852667 -0.4848353819949407 0.6929758384357563 -0.3764353748062429 0.13064669371270696

-2.1101347763272957 0.2981452746063874 -0.7460705221152182 -0.647568497326849 -0.151055025173638 0.14066701949744148
-2.3321785822412626 1.0943438819625526 -1.4026604470850563 -0.5671906177579462 -0.23765599684719607 0.13334496502648963
-2.1101347763272957 0.2981452746063874 -0.7460705221152182 -0.647568497326849 -0.151055025173638 0.14066701949744148
-2.3321785822412626 1.0943438819625526 -1.4026604470850563 -0.5671906177579462 -0.23765599684719607 0.13334496502648963
-2.1101347763272957 0.2981452746063874 -0.7460705221152182 -0.647568497326849 -0.151055025173638 0.14066701949744148
-2.3321785822412626 1.0943438819625526 -1.4026604470850563 -0.5671906177579462 -0.23765599684719607 0.13334496502648963
-2.1101347763272957 0.2981452746063874 -0.7460705221152182 -0.647568497326849 -0.151055025173638 0.14066701949744148

-2.1101739325200075 0.4731981737236899 0.40557056335932135 0.22573160903414008 -0.2268007565655168 0.14318706540393938
-1.6171052125001923 -0.8191827549769145 1.0320968493678733 0.12348837743341456 -0.4153522561369466 0.14362071495928708
-2.1101739325200075 0.4731981737236899 0.40557056335932135 0.22573160903414008 -0.2268007565655168 0.14318706540393938
-1.6171052125001923 -0.8191827549769145 1.0320968493678733 0.12348837743341456 -0.4153522561369466 0.14362071495928708
-2.1101739325200075 0.4731981737236899 0.40557056335932135 0.22573160903414008 -0.2268007565655168 0.14318706540393938
-1.6171052125001923 -0.8191827549769145 1.0320968493678733 0.12348837743341456 -0.4153522561369466 0.14362071495928708
-2.1101739325200075 0.4731981737236899 0.40557056335932135 0.22573160903414008 -0.2268007565655168 0.14318706540393938

2.1242106804875296 -0.4574228231910767 -2.87152340424554 0.5604890649734084 -0.28322214524961586 0.14593496384037052
1.5063658044840298 0.6426680352566672 3.06451547679689 0.7932076280812034 -0.34288761010351665 0.13778053225953313
2.1242106804875296 -0.4574228231910767 -2.87152340424554 0.5604890649734084 -0.28322214524961586 0.14593496384037052
1.5063658044840298 0.6426680352566672 3.06451547679689 0.7932076280812034 -0.34288761010351665 0.13778053225953313
2.1242106804875296 -0.4574228231910767 -2.87152340424554 0.5604890649734084 -0.28322214524961586 0.14593496384037052
1.5063658044840298 0.6426680352566672 3.06451547679689 0.7932076280812034 -0.34288761010351665 0.13778053225953313
2.1242106804875296 -0.4574228231910767 -2.87152340424554 0.5604890649734084 -0.28322214524961586 0.14593496384037052

1.4865686107557892 0.3635424050134645 -2.594331837122284 -0.8717311426809635 -0.14966111160722095 0.14497600241032338
-1.4564396563019404 -0.5898796400190025 0.3069611268575774 -0.7238652411070742 -0.09954272877070858 0.1346253928678105
1.4865686107557892 0.3635424050134645 -2.594331837122284 -0.8717311426809635 -0.14966111160722095 0.14497600241032338
-1.4564396563019404 -0.5898796400190025 0.3069611268575774 -0.7238652411070742 -0.09954272877070858 0.1346253928678105
1.4865686107557892 0.3635424050134645 -2.594331837122284 -0.8717311426809635 -0.14966111160722095 0.14497600241032338
-1.4564396563019404 -0.5898796400190025 0.3069611268575774 -0.7238652411070742 -0.09954272877070858 0.1346253928678105
1.4865686107557892 0.3635424050134645 -2.594331837122284 -0.8717311426809635 -0.14966111160722095 0.14497600241032338

1.9051530502068243 1.1896482070364551 1.8769561836594713 -0.6120019498935876 0.13183126997812156 0.1330331130225201
1.3927179358069195 -0.874015506795483 1.9625870432800516 -0.6378253842998431 0.23194335241962208 0.14466820908628233
1.9051530502068243 1.1896482070364551 1.8769561836594713 -0.6120019498935876 0.13183126997812156 0.1330331130225201
1.3927179358069195 -0.874015506795483 1.9625870432800516 -0.6378253842998431 0.23194335241962208 0.14466820908628233
1.9051530502068243 1.1896482070364551 1.8769561836594713 -0.6120019498935876 0.13183126997812156 0.1330331130225201
1.3927179358069195 -0.874015506795483 1.9625870432800516 -0.6378253842998431 0.23194335241962208 0.14466820908628233
1.9051530502068243 1.1896482070364551 1.8769561836594713 -0.6120019498935876 0.13183126997812156 0.1330331130225201

1.211835457389558 -0.7252201788761274 -1.9560101717470733 0.6070535915903095 -0.28433575524020005 0.1436879419442659
-2.2757107406975132 0.9387043668618258 -0.4778665100439575 0.9151077281336403 -0.3480938306793891 0.14852203113124463
1.211835457389558 -0.7252201788761274 -1.9560101717470733 0.6070535915903095 -0.28433575524020005 0.1436879419442659
-2.2757107406975132 0.9387043668618258 -0.4778665100439575 0.9151077281336403 -0.3480938306793891 0.14852203113124463
1.211835457389558 -0.7252201788761274 -1.9560101717470733 0.6070535915903095 -0.28433575524020005 0.1436879419442659
-2.2757107406975132 0.9387043668618258 -0.4778665100439575 0.9151077281336403 -0.3480938306793891 0.14852203113124463
1.211835457389558 -0.7252201788761274 -1.9560101717470733 0.6070535915903095 -0.28433575524020005 0.1436879419442659

2.7426940761338408 1.1929974881101624 -1.9435474663354617 0.5180727093429609 -0.10924639418724102 0.14611695767089833
-1.8736400873863246 -0.9236188440404614 -0.06990218671041444 0.5637973999955298 -0.11322223328845138 0.1363502084180536
2.7426940761338408 1.1929974881101624 -1.9435474663354617 0.5180727093429609 -0.10924639418724102 0.14611695767089833
-1.8736400873863246 -0.9236188440404614 -0.06990218671041444 0.5637973999955298 -0.11322223328845138 0.1363502084180536
2.7426940761338408 1.1929974881101624 -1.9435474663354617 0.5180727093429609 -0.10924639418724102 0.14611695767089833
-1.8736400873863246 -0.9236188440404614 -0.06990218671041444 0.5637973999955298 -0.11322223328845138 0.1363502084180536
2.7426940761338408 1.1929974881101624 -1.9435474663354617 0.5180727093429609 -0.10924639418724102 0.14611695767089833

1.739179040093829 -0.48996149665926414 -2.0379656041024727 0.678412193787613 -0.07704685026897751 0.14518541671357393
1.8696186713700509 -0.6605009956128401 -2.3775401992841503 0.7819180489534712 0.10840103249429056 0.14823839039759698
1.739179040093829 -0.48996149665926414 -2.0379656041024727 0.678412193787613 -0.07704685026897751 0.14518541671357393
1.8696186713700509 -0.6605009956128401 -2.3775401992841503 0.7819180489534712 0.10840103249429056 0.14823839039759698
1.739179040093829 -0.48996149665926414 -2.0379656041024727 0.678412193787613 -0.07704685026897751 0.14518541671357393
1.8696186713700509 -0.6605009956128401 -2.3775401992841503 0.7819180489534712 0.10840103249429056 0.14823839039759698
1.739179040093829 -0.48996149665926414 -2.0379656041024727 0.678412193787613 -0.07704685026897751 0.14518541671357393

-2.94472043983879 0.679632890200425 -2.051756722597438 0.4704431649312305 -0.42390774124693775 0.1325951184016242
0.6056494291205116 1.0011125592541399 2.121322145127511 -0.004561037193141899 -0.310050036747761 0.1351216741492
-2.94472043983879 0.679632890200425 -2.051756722597438 0.4704431649312305 -0.42390774124693775 0.1325951184016242
0.6056494291205116 1.0011125592541399 2.121322145127511 -0.004561037193141899 -0.310050036747761 0.1351216741492
-2.94472043983879 0.679632890200425 -2.051756722597438 0.4704431649312305 -0.42390774124693775 0.1325951184016242
0.6056494291205116 1.0011125592541399 2.121322145127511 -0.004561037193141899 -0.310050036747761 0.1351216741492
-2.94472043983879 0.679632890200425 -2.051756722597438 0.4704431649312305 -0.42390774124693775 0.1325951184016242

-2.3779309791695424 1.3085480868550727 2.1324778900972214 -0.35789187636194425 0.08363449422132097 0.14718116964639427
-1.3600552830650257 -0.6796699632030824 -2.901992137567 0.020743515513831245 0.15387013942387529 0.14983166040457283
-2.3779309791695424 1.3085480868550727 2.1324778900972214 -0.35789187636194425 0.08363449422132097 0.14718116964639427
-1.3600552830650257 -0.6796699632030824 -2.901992137567 0.020743515513831245 0.15387013942387529 0.14983166040457283
-2.3779309791695424 1.3085480868550727 2.1324778900972214 -0.35789187636194425 0.08363449422132097 0.14718116964639427
-1.3600552830650257 -0.6796699632030824 -2.901992137567 0.020743515513831245 0.15387013942387529 0.14983166040457283
-2.3779309791695424 1.3085480868550727 2.1324778900972214 -0.35789187636194425 0.08363449422132097 0.14718116964639427

-1.9103618646169382 -0.5650078314419178 0.7363052238179191 -0.6517393221728214 -0.2790864488512207 0.14521642752644764
1.8800060919014847 -0.299323554339343 -3.0391536767953653 -0.39383128681755886 -0.06551415448331344 0.14660219307751093
-1.9103618646169382 -0.5650078314419178 0.7363052238179191 -0.6517393221728214 -0.2790864488512207 0.14521642752644764
1.8800060919014847 -0.299323554339343 -3.0391536767953653 -0.39383128681755886 -0.06551415448331344 0.14660219307751093
-1.9103618646169382 -0.5650078314419178 0.7363052238179191 -0.6517393221728214 -0.2790864488512207 0.14521642752644764
1.8800060919014847 -0.299323554339343 -3.0391536767953653 -0.39383128681755886 -0.06551415448331344 0.14660219307751093
-1.9103618646169382 -0.5650078314419178 0.7363052238179191 -0.6517393221728214 -0.2790864488512207 0.14521642752644764

2.360524376414939 0.0073220779109679475 2.413163377552537 -0.8206675837382711 -0.25246678612514667 0.1374202643385004
-1.7300109282537652 -0.2086478473783795 -1.1816738620111493 -0.6548366253284965 -0.34699655214006564 0.1444344002311963
2.360524376414939 0.0073220779109679475 2.413163377552537 -0.8206675837382711 -0.25246678612514667 0.1374202643385004
-1.7300109282537652 -0.2086478473783795 -1.1816738620111493 -0.6548366253284965 -0.34699655214006564 0.1444344002311963
2.360524376414939 0.0073220779109679475 2.413163377552537 -0.8206675837382711 -0.25246678612514667 0.1374202643385004
-1.7300109282537652 -0.2086478473783795 -1.1816738620111493 -0.6548366253284965 -0.34699655214006564 0.1444344002311963
2.360524376414939 0.0073220779109679475 2.413163377552537 -0.8206675837382711 -0.25246678612514667 0.1374202643385004

2.397511749504872 0.8851155517565596 1.1766935429816017 -0.5898064318520085 0.39924834042869584 0.13084974213533626
1.4238001476728745 -0.1722564597239983 0.7457246059674401 -0.823654111135631 0.15174529667866554 0.1491143599334039
2.397511749504872 0.8851155517565596 1.1766935429816017 -0.5898064318520085 0.39924834042869584 0.13084974213533626
1.4238001476728745 -0.1722564597239983 0.7457246059674401 -0.823654111135631 0.15174529667866554 0.1491143599334039
2.397511749504872 0.8851155517565596 1.1766935429816017 -0.5898064318520085 0.39924834042869584 0.13084974213533626
1.4238001476728745 -0.1722564597239983 0.7457246059674401 -0.823654111135631 0.15174529667866554 0.1491143599334039
2.397511749504872 0.8851155517565596 1.1766935429816017 -0.5898064318520085 0.39924834042869584 0.13084974213533626

-2.119645641577469 0.8147539365736339 -0.8116250052490671 -0.8557949651471376 -0.3046360951603663 0.13330907367111705
1.604846668891582 0.48569169184473504 3.0661734080298726 -0.7018954325746585 -0.1434732457296648 0.14695478164275413
-2.119645641577469 0.8147539365736339 -0.8116250052490671 -0.8557949651471376 -0.3046360951603663 0.13330907367111705
1.604846668891582 0.48569169184473504 3.0661734080298726 -0.7018954325746585 -0.1434732457296648 0.14695478164275413
-2.119645641577469 0.8147539365736339 -0.8116250052490671 -0.8557949651471376 -0.3046360951603663 0.13330907367111705
1.604846668891582 0.48569169184473504 3.0661734080298726 -0.7018954325746585 -0.1434732457296648 0.14695478164275413
-2.119645641577469 0.8147539365736339 -0.8116250052490671 -0.8557949651471376 -0.3046360951603663 0.13330907367111705

2.3314568100572806 0.30373718901893715 -0.23976754140543913 -0.721467568182208 0.3313339717160413 0.14842092670479254
-2.6358518014118477 -0.8703595806359181 -1.4089106639023443 -0.06677372942225762 0.2405455776319838 0.1305149681380994
2.3314568100572806 0.30373718901893715 -0.23976754140543913 -0.721467568182208 0.3313339717160413 0.14842092670479254
-2.6358518014118477 -0.8703595806359181 -1.4089106639023443 -0.06677372942225762 0.2405455776319838 0.1305149681380994
2.3314568100572806 0.30373718901893715 -0.23976754140543913 -0.721467568182208 0.3313339717160413 0.14842092670479254
-2.6358518014118477 -0.8703595806359181 -1.4089106639023443 -0.06677372942225762 0.2405455776319838 0.1305149681380994
2.3314568100572806 0.30373718901893715 -0.23976754140543913 -0.721467568182208 0.3313339717160413 0.14842092670479254

1.9399998167981756 -0.42323640095691306 2.4076836682390312 -0.6417986260301983 -0.29262001487886635 0.13903219861927116
2.340412157473896 0.6671186548364514 -3.0388665369880425 -0.7702907333560552 -0.3135025272794835 0.14667112842430868
1.9399998167981756 -0.42323640095691306 2.4076836682390312 -0.6417986260301983 -0.29262001487886635 0.13903219861927116
2.340412157473896 0.6671186548364514 -3.0388665369880425 -0.7702907333560552 -0.3135025272794835 0.14667112842430868
1.9399998167981756 -0.42323640095691306 2.4076836682390312 -0.6417986260301983 -0.29262001487886635 0.13903219861927116
2.340412157473896 0.6671186548364514 -3.0388665369880425 -0.7702907333560552 -0.3135025272794835 0.14667112842430868
1.9399998167981756 -0.42323640095691306 2.4076836682390312 -0.6417986260301983 -0.29262001487886635 0.13903219861927116

-2.178651948691759 0.3794842073011692 1.5768587229247224 0.7079269309163161 -0.1040546842236234 0.14943297697148955
1.9277613591223295 0.907998684199264 -1.1242354206552503 0.8019319218498372 0.04597396682729855 0.13479711664043087
-2.178651948691759 0.3794842073011692 1.5768587229247224 0.7079269309163161 -0.1040546842236234 0.14943297697148955
1.9277613591223295 0.907998684199264 -1.1242354206552503 0.8019319218498372 0.04597396682729855 0.13479711664043087
-2.178651948691759 0.3794842073011692 1.5768587229247224 0.7079269309163161 -0.1040546842236234 0.14943297697148955
1.9277613591223295 0.907998684199264 -1.1242354206552503 0.8019319218498372 0.04597396682729855 0.13479711664043087
-2.178651948691759 0.3794842073011692 1.5768587229247224 0.7079269309163161 -0.1040546842236234 0.14943297697148955

2.5033690993881277 -0.45256169918743744 1.8937049028952158 0.9518180328757655 -0.35137061726093577 0.14459212354690312
-1.998137353418065 0.15063986407663982 0.45385405366222054 0.45474395728076433 -0.2938600038833277 0.13850272298115457
2.5033690993881277 -0.45256169918743744 1.8937049028952158 0.9518180328757655 -0.35137061726093577 0.14459212354690312
-1.998137353418065 0.15063986407663982 0.45385405366222054 0.45474395728076433 -0.2938600038833277 0.13850272298115457
2.5033690993881277 -0.45256169918743744 1.8937049028952158 0.9518180328757655 -0.35137061726093577 0.14459212354690312
-1.998137353418065 0.15063986407663982 0.45385405366222054 0.45474395728076433 -0.2938600038833277 0.13850272298115457
2.5033690993881277 -0.45256169918743744 1.8937049028952158 0.9518180328757655 -0.35137061726093577 0.14459212354690312

2.2355410490478813 0.19213838885490908 0.28311568986923963 0.889002760660588 0.38370259611189994 0.1332058459166146
-2.1972669707285513 0.1093540039521098 2.9267437399197203 0.965234618105217 0.2799210663733094 0.14575836617026902
2.2355410490478813 0.19213838885490908 0.28311568986923963 0.889002760660588 0.38370259611189994 0.1332058459166146
-2.1972669707285513 0.1093540039521098 2.9267437399197203 0.965234618105217 0.2799210663733094 0.14575836617026902
2.2355410490478813 0.19213838885490908 0.28311568986923963 0.889002760660588 0.38370259611189994 0.1332058459166146
-2.1972669707285513 0.1093540039521098 2.9267437399197203 0.965234618105217 0.2799210663733094 0.14575836617026902
2.2355410490478813 0.19213838885490908 0.28311568986923963 0.889002760660588 0.38370259611189994 0.1332058459166146

1.4642212623053426 -0.6811844395914579 2.3847308708759174 -0.6708241716120236 -0.3522011125446907 0.1376015037679087
2.3695655266917597 -0.2774284750812124 1.8760751072497497 -0.7334101845571195 -0.4060597851821739 0.14528694521738222
1.4642212623053426 -0.6811844395914579 2.3847308708759174 -0.6708241716120236 -0.3522011125446907 0.1376015037679087
2.3695655266917597 -0.2774284750812124 1.8760751072497497 -0.7334101845571195 -0.4060597851821739 0.14528694521738222
1.4642212623053426 -0.6811844395914579 2.3847308708759174 -0.6708241716120236 -0.3522011125446907 0.1376015037679087
2.3695655266917597 -0.2774284750812124 1.8760751072497497 -0.7334101845571195 -0.4060597851821739 0.14528694521738222
1.4642212623053426 -0.6811844395914579 2.3847308708759174 -0.6708241716120236 -0.3522011125446907 0.1376015037679087

2.1953373231702087 -0.2286896442370881 -1.0521259809051067 -0.06454751969182781 0.34457040624788465 0.14930956472608636
2.391728768055933 0.17319985842905866 0.3990531396829364 0.1440130410471901 0.36637226347999685 0.14418622287903812
2.1953373231702087 -0.2286896442370881 -1.0521259809051067 -0.06454751969182781 0.34457040624788465 0.14930956472608636
2.391728768055933 0.17319985842905866 0.3990531396829364 0.1440130410471901 0.36637226347999685 0.14418622287903812
2.1953373231702087 -0.2286896442370881 -1.0521259809051067 -0.06454751969182781 0.34457040624788465 0.14930956472608636
2.391728768055933 0.17319985842905866 0.3990531396829364 0.1440130410471901 0.36637226347999685 0.14418622287903812
2.1953373231702087 -0.2286896442370881 -1.0521259809051067 -0.06454751969182781 0.34457040624788465 0.14930956472608636

-1.6178262338137852 0.6098447864183597 2.8753450017445923 -0.4071756013375366 0.19415302172024163 0.14445228126572768
-2.171047927326605 1.0696592884132086 -2.9345629398377175 0.34418507681464605 0.36819984428125296 0.1354657682272145
-1.6178262338137852 0.6098447864183597 2.8753450017445923 -0.4071756013375366 0.19415302172024163 0.14445228126572768
-2.171047927326605 1.0696592884132086 -2.9345629398377175 0.34418507681464605 0.36819984428125296 0.1354657682272145
-1.6178262338137852 0.6098447864183597 2.8753450017445923 -0.4071756013375366 0.19415302172024163 0.14445228126572768
-2.171047927326605 1.0696592884132086 -2.9345629398377175 0.34418507681464605 0.36819984428125296 0.1354657682272145
-1.6178262338137852 0.6098447864183597 2.8753450017445923 -0.4071756013375366 0.19415302172024163 0.14445228126572768

2.0645095091182406 0.2703676801863194 -2.663664908326416 -0.7146614930118331 -0.3345432502141725 0.1484879066790481
2.606607000747871 -1.3079798440755852 2.0671970849469443 -0.8627168744520257 -0.04770600682909554 0.1355620619418989
2.0645095091182406 0.2703676801863194 -2.663664908326416 -0.7146614930118331 -0.3345432502141725 0.1484879066790481
2.606607000747871 -1.3079798440755852 2.0671970849469443 -0.8627168744520257 -0.04770600682909554 0.1355620619418989
2.0645095091182406 0.2703676801863194 -2.663664908326416 -0.7146614930118331 -0.3345432502141725 0.1484879066790481
2.606607000747871 -1.3079798440755852 2.0671970849469443 -0.8627168744520257 -0.04770600682909554 0.1355620619418989
2.0645095091182406 0.2703676801863194 -2.663664908326416 -0.7146614930118331 -0.3345432502141725 0.1484879066790481

-1.6620088253546907 -1.0123616523480907 2.721511347073621 -0.30210755145388346 0.09754365679638166 0.14838863422834767
-1.155709025142763 -0.6981648268279027 2.6412118562676468 -0.2814147329821587 0.15613492263070683 0.1421998791364676
-1.6620088253546907 -1.0123616523480907 2.721511347073621 -0.30210755145388346 0.09754365679638166 0.14838863422834767
-1.155709025142763 -0.6981648268279027 2.6412118562676468 -0.2814147329821587 0.15613492263070683 0.1421998791364676
-1.6620088253546907 -1.0123616523480907 2.721511347073621 -0.30210755145388346 0.09754365679638166 0.14838863422834767
-1.155709025142763 -0.6981648268279027 2.6412118562676468 -0.2814147329821587 0.15613492263070683 0.1421998791364676
-1.6620088253546907 -1.0123616523480907 2.721511347073621 -0.30210755145388346 0.09754365679638166 0.14838863422834767

2.095192242378628 0.3259632999433894 1.9959148654795116 -0.8203063594017375 -0.04425057302133689 0.13198514553601917
-1.6612683532269856 0.6590898213325999 -1.562504127857843 -0.6950182679339404 0.20178833115899072 0.14980860025078135
2.095192242378628 0.3259632999433894 1.9959148654795116 -0.8203063594017375 -0.04425057302133689 0.13198514553601917
-1.6612683532269856 0.6590898213325999 -1.562504127857843 -0.6950182679339404 0.20178833115899072 0.14980860025078135
2.095192242378628 0.3259632999433894 1.9959148654795116 -0.8203063594017375 -0.04425057302133689 0.13198514553601917
-1.6612683532269856 0.6590898213325999 -1.562504127857843 -0.6950182679339404 0.20178833115899072 0.14980860025078135
2.095192242378628 0.3259632999433894 1.9959148654795116 -0.8203063594017375 -0.04425057302133689 0.13198514553601917

-1.2355653250513 0.7204671821450682 -1.1240983673235105 -0.6486227715408079 -0.2996215878710483 0.1480281843305274
-2.43504016736698 -0.5790317187998277 -0.5570624578934303 -0.7698347128706264 -0.28833981578500056 0.13594670499545
-1.2355653250513 0.7204671821450682 -1.1240983673235105 -0.6486227715408079 -0.2996215878710483 0.1480281843305274
-2.43504016736698 -0.5790317187998277 -0.5570624578934303 -0.7698347128706264 -0.28833981578500056 0.13594670499545
-1.2355653250513 0.7204671821450682 -1.1240983673235105 -0.6486227715408079 -0.2996215878710483 0.1480281843305274
-2.43504016736698 -0.5790317187998277 -0.5570624578934303 -0.7698347128706264 -0.28833981578500056 0.13594670499545
-1.2355653250513 0.7204671821450682 -1.1240983673235105 -0.6486227715408079 -0.2996215878710483 0.1480281843305274

2.219859306632867 -0.7598902470852436 -1.4308978961583632 0.5940975503369011 0.32045398517503787 0.14811366774419654
2.4049579967249297 -0.08906344591710105 -0.9191096992792455 0.7404588726454642 0.40530685863441385 0.1433584872898393
2.219859306632867 -0.7598902470852436 -1.4308978961583632 0.5940975503369011 0.32045398517503787 0.14811366774419654
2.4049579967249297 -0.08906344591710105 -0.9191096992792455 0.7404588726454642 0.40530685863441385 0.1433584872898393
2.219859306632867 -0.7598902470852436 -1.4308978961583632 0.5940975503369011 0.32045398517503787 0.14811366774419654
2.4049579967249297 -0.08906344591710105 -0.9191096992792455 0.7404588726454642 0.40530685863441385 0.1433584872898393
2.219859306632867 -0.7598902470852436 -1.4308978961583632 0.5940975503369011 0.32045398517503787 0.14811366774419654

-1.785984852147539 -0.863976469763551 2.5314437599766824 0.43823096632689695 0.3636748255504013 0.13656731910852568
-2.483695545432656 0.512280857308329 1.8957234952700022 0.758098220651678 0.4134074882977431 0.14286177395154137
-1.785984852147539 -0.863976469763551 2.5314437599766824 0.43823096632689695 0.3636748255504013 0.13656731910852568
-2.483695545432656 0.512280857308329 1.8957234952700022 0.758098220651678 0.4134074882977431 0.14286177395154137
-1.785984852147539 -0.863976469763551 2.5314437599766824 0.43823096632689695 0.3636748255504013 0.13656731910852568
-2.483695545432656 0.512280857308329 1.8957234952700022 0.758098220651678 0.4134074882977431 0.14286177395154137
-1.785984852147539 -0.863976469763551 2.5314437599766824 0.43823096632689695 0.3636748255504013 0.13656731910852568

1.3496430013224918 0.4138483229465278 -2.5788417580978624 0.9015320005741324 -0.3907874521676413 0.14910444812692064
-2.2018195554385316 0.6648036662392254 0.104167714102352 0.8595927649820697 -0.14318306347123588 0.14788311753921468
1.3496430013224918 0.4138483229465278 -2.5788417580978624 0.9015320005741324 -0.3907874521676413 0.14910444812692064
-2.2018195554385316 0.6648036662392254 0.104167714102352 0.8595927649820697 -0.14318306347123588 0.14788311753921468
1.3496430013224918 0.4138483229465278 -2.5788417580978624 0.9015320005741324 -0.3907874521676413 0.14910444812692064
-2.2018195554385316 0.6648036662392254 0.104167714102352 0.8595927649820697 -0.14318306347123588 0.14788311753921468
1.3496430013224918 0.4138483229465278 -2.5788417580978624 0.9015320005741324 -0.3907874521676413 0.14910444812692064

2.7362938446574328 1.1647739304047966 0.34964307983357695 0.6600377316332373 0.29185849642305944 0.14511946569316603
2.5050417905400857 -0.25378050899702287 -1.3060919069821846 0.9989419242382489 0.2292092285963826 0.1318018998761525
2.7362938446574328 1.1647739304047966 0.34964307983357695 0.6600377316332373 0.29185849642305944 0.14511946569316603
2.5050417905400857 -0.25378050899702287 -1.3060919069821846 0.9989419242382489 0.2292092285963826 0.1318018998761525
2.7362938446574328 1.1647739304047966 0.34964307983357695 0.6600377316332373 0.29185849642305944 0.14511946569316603
2.5050417905400857 -0.25378050899702287 -1.3060919069821846 0.9989419242382489 0.2292092285963826 0.1318018998761525
2.7362938446574328 1.1647739304047966 0.34964307983357695 0.6600377316332373 0.29185849642305944 0.14511946569316603

-2.656508872172965 1.0703675430815969 -1.8335617847355248 -0.563361754267605 -0.30273557212464763 0.13344349410947484
1.9723399522697136 -0.5630894392268565 2.2324657888798827 -0.6060457859283429 -0.213488838728085 0.13410868525164527
-2.656508872172965 1.0703675430815969 -1.8335617847355248 -0.563361754267605 -0.30273557212464763 0.13344349410947484
1.9723399522697136 -0.5630894392268565 2.2324657888798827 -0.6060457859283429 -0.213488838728085 0.13410868525164527
-2.656508872172965 1.0703675430815969 -1.8335617847355248 -0.563361754267605 -0.30273557212464763 0.13344349410947484
1.9723399522697136 -0.5630894392268565 2.2324657888798827 -0.6060457859283429 -0.213488838728085 0.13410868525164527
-2.656508872172965 1.0703675430815969 -1.8335617847355248 -0.563361754267605 -0.30273557212464763 0.13344349410947484

-2.845842056506044 0.5430508280722303 2.474737166875014 -0.8090672754775948 0.23103675508601518 0.1457071829742876
2.3159979674917484 0.9138396521928023 0.4711624644142381 -0.9527015484087035 0.3168792814834557 0.1470417643398994
-2.845842056506044 0.5430508280722303 2.474737166875014 -0.8090672754775948 0.23103675508601518 0.1457071829742876
2.3159979674917484 0.9138396521928023 0.4711624644142381 -0.9527015484087035 0.3168792814834557 0.1470417643398994
-2.845842056506044 0.5430508280722303 2.474737166875014 -0.8090672754775948 0.23103675508601518 0.1457071829742876
2.3159979674917484 0.9138396521928023 0.4711624644142381 -0.9527015484087035 0.3168792814834557 0.1470417643398994
-2.845842056506044 0.5430508280722303 2.474737166875014 -0.8090672754775948 0.23103675508601518 0.1457071829742876

2.7907039690954885 -0.942480747722691 -1.4034594780768208 -0.7554684868926194 0.2594588144562917 0.13736632251030664
2.510123591163643 1.287201119402001 1.6479379515444472 -0.15845155086768958 0.27822901335735795 0.14381854917718642
2.7907039690954885 -0.942480747722691 -1.4034594780768208 -0.7554684868926194 0.2594588144562917 0.13736632251030664
2.510123591163643 1.287201119402001 1.6479379515444472 -0.15845155086768958 0.27822901335735795 0.14381854917718642
2.7907039690954885 -0.942480747722691 -1.4034594780768208 -0.7554684868926194 0.2594588144562917 0.13736632251030664
2.510123591163643 1.287201119402001 1.6479379515444472 -0.15845155086768958 0.27822901335735795 0.14381854917718642
2.7907039690954885 -0.942480747722691 -1.4034594780768208 -0.7554684868926194 0.2594588144562917 0.13736632251030664

1.2335648114935625 -0.7997967875147962 -0.5920172954340434 0.7228986448517412 0.38745726103485356 0.14628465234234933
-1.8371103898556629 0.2956398356101656 2.0729477844742052 0.6947187261584806 0.36178318473257526 0.13901720902182332
1.2335648114935625 -0.7997967875147962 -0.5920172954340434 0.7228986448517412 0.38745726103485356 0.14628465234234933
-1.8371103898556629 0.2956398356101656 2.0729477844742052 0.6947187261584806 0.36178318473257526 0.13901720902182332
1.2335648114935625 -0.7997967875147962 -0.5920172954340434 0.7228986448517412 0.38745726103485356 0.14628465234234933
-1.8371103898556629 0.2956398356101656 2.0729477844742052 0.6947187261584806 0.36178318473257526 0.13901720902182332
1.2335648114935625 -0.7997967875147962 -0.5920172954340434 0.7228986448517412 0.38745726103485356 0.14628465234234933

-1.8704368609034157 -0.8764716101902956 1.9171267336701692 0.6377405407792354 0.26115870719763107 0.14328360997388676
1.7418908197753071 0.7157256361263333 -0.5352425456425607 0.954107439794915 0.03026902790365149 0.13193325034860612
-1.8704368609034157 -0.8764716101902956 1.9171267336701692 0.6377405407792354 0.26115870719763107 0.14328360997388676
1.7418908197753071 0.7157256361263333 -0.5352425456425607 0.954107439794915 0.03026902790365149 0.13193325034860612
-1.8704368609034157 -0.8764716101902956 1.9171267336701692 0.6377405407792354 0.26115870719763107 0.14328360997388676
1.7418908197753071 0.7157256361263333 -0.5352425456425607 0.954107439794915 0.03026902790365149 0.13193325034860612
-1.8704368609034157 -0.8764716101902956 1.9171267336701692 0.6377405407792354 0.26115870719763107 0.14328360997388676

2.1619121196213413 0.42334227649951384 -0.4214404718872754 0.7078310668486163 0.20622656403021944 0.14800819037638574
1.289995597198632 -1.0093980844121133 -0.5159414132511562 0.5534524683909368 0.3145685350698292 0.14082818580504403
2.1619121196213413 0.42334227649951384 -0.4214404718872754 0.7078310668486163 0.20622656403021944 0.14800819037638574
1.289995597198632 -1.0093980844121133 -0.5159414132511562 0.5534524683909368 0.3145685350698292 0.14082818580504403
2.1619121196213413 0.42334227649951384 -0.4214404718872754 0.7078310668486163 0.20622656403021944 0.14800819037638574
1.289995597198632 -1.0093980844121133 -0.5159414132511562 0.5534524683909368 0.3145685350698292 0.14082818580504403
2.1619121196213413 0.42334227649951384 -0.4214404718872754 0.7078310668486163 0.20622656403021944 0.14800819037638574

1.5124210140116023 0.04863751581478262 -2.4020706536337784 -0.9392605876171157 -0.3478186642426233 0.1403927013764299
2.2690801455801255 0.06070793645988529 -2.5632663556987083 -0.19421332252082565 -0.271811971320132 0.14981604069962953
1.5124210140116023 0.04863751581478262 -2.4020706536337784 -0.9392605876171157 -0.3478186642426233 0.1403927013764299
2.2690801455801255 0.06070793645988529 -2.5632663556987083 -0.19421332252082565 -0.271811971320132 0.14981604069962953
1.5124210140116023 0.04863751581478262 -2.4020706536337784 -0.9392605876171157 -0.3478186642426233 0.1403927013764299
2.2690801455801255 0.06070793645988529 -2.5632663556987083 -0.19421332252082565 -0.271811971320132 0.14981604069962953
1.5124210140116023 0.04863751581478262 -2.4020706536337784 -0.9392605876171157 -0.3478186642426233 0.1403927013764299

-3.0255608093115414 0.8244527153138795 1.5879220737814366 0.9114903870376754 0.3791450936297403 0.13024901113591
-2.171746440077456 0.4822535868255504 2.8548971516600963 0.8630061949805811 0.14862535870260518 0.14937167297328946
-3.0255608093115414 0.8244527153138795 1.5879220737814366 0.9114903870376754 0.3791450936297403 0.13024901113591
-2.171746440077456 0.4822535868255504 2.8548971516600963 0.8630061949805811 0.14862535870260518 0.14937167297328946
-3.0255608093115414 0.8244527153138795 1.5879220737814366 0.9114903870376754 0.3791450936297403 0.13024901113591
-2.171746440077456 0.4822535868255504 2.8548971516600963 0.8630061949805811 0.14862535870260518 0.14937167297328946
-3.0255608093115414 0.8244527153138795 1.5879220737814366 0.9114903870376754 0.3791450936297403 0.13024901113591

