0 0 1.535727938222832 1.1201740396113207 0.8227375241682047 0
0 0 -0.3077403046052527 0.4372247305985457 0.7771660431659629 0
0 0 -0.2868912155350807 0.2138080664288997 -0.7404707218246789 0
0 0 -0.8856382819859759 0.8085653820715841 0.7916703813391992 0
0 0 0.9657486152510715 -0.11893105175609242 -0.7368802237227448 0
0 0 -1.060785939786494 -0.1791680562846094 0.8205142811492988 0
0 0 -1.52483500987652 -0.8183056065594417 0.7299602362584514 0
0 0 0.13702174387745392 0.0397257499243282 0.7396303852061366 0
0 0 0.2747182171647289 0.6525617273614004 -0.7347401290468065 0
0 0 0.7894212934039446 0.3514865437346302 -0.7901229921785597 0
0 0 1.569452065470768 -0.8370442103575979 0.8144502374894905 0
0 0 1.0496430163662156 0.17438912327893985 -0.7975377563280079 0
0 0 0.1906513166948398 -1.3446409613777224 -0.2698341346991264 0
0 0 -1.0647166186704857 0.24381138838631067 0.7667315246020654 0
0 0 -0.1677543944368236 -1.3212877677350163 0.6276142578026733 0
0 0 -1.3797236641782114 1.0540966762780093 0.7611494162343089 0
0 0 1.0507035284997226 0.5696527473171535 0.7567160576986819 0
0 0 1.3869797753254973 0.4711228470611182 0.7667009790112634 0
0 0 -1.2313198092575717 0.06634110587342468 -0.8094991563506653 0
0 0 0.14158418658436056 1.3870697194312434 0.45622263596692125 0
0 0 -0.0826726965616682 -0.378242776332094 -0.8176954794406637 0
0 0 -1.189966724180002 0.9932138079027093 -0.7767163198076734 0
0 0 -1.4670817985443871 1.3215152109168051 -0.19356985845989694 0
0 0 0.5479246906006403 -0.9036017455358628 -0.7756700177131212 0
0 0 1.445672832717218 1.2398670740197149 0.7419322924875336 0
0 0 -1.0376591256418735 1.3238157505440162 0.340752921324726 0
0 0 1.357561969767357 -0.3026517556617221 -0.7284186737299426 0
0 0 0.2457434457687948 0.5143130706643848 0.7520834504573048 0
0 0 1.532834845619195 -1.230222953110781 -0.7426089671131129 0
0 0 0.074503174698342 -1.3774177517167394 -0.10378304373600322 0
0 0 -1.054116081894111 0.13705989927614182 -0.8132295343799536 0
0 0 0.27902513766995596 -0.5810018005767699 -0.8198817711730976 0
0 0 0.01499214581963293 -0.7214981982438524 -0.7535624961995386 0
0 0 -1.2844689221067245 -0.47820059083610944 0.80835232690224 0
0 0 0.9778771315623738 -0.6281794352478283 -0.796427460278391 0
0 0 -1.1998674530872082 -1.206474794373781 0.7560295581694775 0
0 0 1.0576069316457675 1.3216458001756488 -0.005839927840759929 0
0 0 -1.0377209489614823 -0.7333705598875646 0.7859443927561623 0
0 0 -1.4131761676161123 0.2834352241168565 -0.7435989392717297 0
0 0 0.6253714938446802 0.1778055828425802 0.7889837319976166 0
0 0 -1.540151032797543 0.4615953337306675 0.8103135358650003 0
0 0 -0.6909193737373265 -1.3063855383084937 -0.1370919058510558 0
0 0 -0.6506490954968908 -0.515472867669055 0.7452210575827417 0
0 0 0.4574626853927821 1.1979197506171533 0.750201964671979 0
0 0 1.564521120452611 1.35347580415949 0.6056638780083312 0
0 0 0.25164877231618243 -1.1505943581150955 -0.8006364622573535 0
0 0 1.1642512067592041 1.3090619766773757 -0.4014206567235115 0
0 0 0.5765563133736729 1.0668481189018502 0.771378884575217 0
0 0 -0.872934662748178 -1.3536833271789799 0.6575041853721448 0
0 0 0.17096301058007501 0.0998650140161026 -0.7582039981573416 0
0 0 -0.7466823783598309 -0.9623157726438734 -0.7531908121700015 0
0 0 0.010129515951071477 0.3586737743460371 -0.7323970266771114 0
0 0 1.4287307381398358 1.3140834503112278 0.04378174109828459 0
0 0 0.7332360192408611 -0.825390763492212 0.7744266269415447 0
0 0 -0.05921824200798764 -0.27194978755413746 0.8047481803603758 0
0 0 -0.1702667338969881 -0.8359794585606559 0.7256148020827364 0
0 0 0.2734104733937679 -0.9555597000286857 -0.7996598199712327 0
0 0 0.0025675653610690574 -1.3584351287925718 -0.5294216024806306 0
0 0 1.279995777656877 1.165129952959141 -0.8060081619373678 0
0 0 -1.2398901081702207 1.2153827199304648 -0.7538221684604344 0
0 0 0.8885929721158101 0.794440996047949 0.7405908758197415 0
0 0 0.6926203203234471 0.4716734953449435 -0.7822589798403123 0
0 0 0.33429302432645525 -0.9555157705070125 -0.7431138034641203 0
0 0 1.1736931255561425 0.6461145102518266 -0.7966354733635991 0
0 0 0.9709945244952767 0.8728871360274517 -0.7670569044608156 0
0 0 1.3608758034449804 -0.4927870859037654 -0.7417717787722123 0
0 0 0.9964572149319308 -1.3379581321099148 0.061730073153528964 0
0 0 -1.5338574853080411 1.0443756181653898 -0.802451703494496 0
0 0 -0.8479687954600782 0.5109217345049188 -0.7964378166761477 0
0 0 0.3532086939106427 1.3590133862718998 -0.32871934971399397 0
0 0 -0.054705417428346115 0.006667234597636185 -0.7982802871340915 0
0 0 1.0118282042743005 -0.22588620704517148 0.804434259815306 0
0 0 0.22593297491575437 -0.25732512318782685 -0.7651922366295555 0
0 0 1.2650928831662807 -1.36327185415487 -0.5133672295954155 0
0 0 -1.397221732479911 -0.8328049127894519 0.7676478147263811 0
0 0 0.16982322083074464 -0.9489278215784833 -0.7542496651042472 0
0 0 1.056122887726914 -0.5232966637147428 0.7420062025181118 0
0 0 -0.3287201898825898 -1.1199952402594338 -0.8070666367452723 0
0 0 -0.8996956803633782 1.3714553118490653 0.04970978144043592 0
0 0 -1.0641907771672332 0.7856314542234151 -0.7777167264416831 0
0 0 -0.3730277589325448 1.026111468438837 0.7781104603481784 0
0 0 1.2792479350725876 -1.2186900785142916 -0.8018877870915693 0
0 0 1.5664462087472417 0.1483390437363712 0.7835103283597225 0
0 0 -1.51877935868362 -0.12507228203652132 0.8118842481222017 0
0 0 0.03992975073106342 -0.874998109584771 -0.7742249957625853 0
0 0 -0.6902126078819809 0.005561990278738715 0.761291715008486 0
0 0 -0.7272728164471194 -1.3494111331198335 0.001708733944037033 0
0 0 1.5074348126425305 -1.3118075922871553 -0.5198970054332508 0
0 0 0.8452842388141382 1.1340815265563722 0.7793903006886324 0
0 0 0.24907118706740317 1.0408226699878085 0.763001857716703 0
0 0 1.2458564879586742 1.2077957645532582 -0.7514997720978924 0
0 0 1.1764557832938216 1.1745044889972067 0.7452250411698611 0
0 0 0.6716155514443214 -1.0145451446265146 -0.8091662508522552 0
0 0 0.3197650795753042 -0.9464297031305402 0.8172329860383619 0
0 0 0.6606904075132052 -0.6450514449112744 0.816343252451708 0
0 0 0.29674490438912926 1.287720750005738 0.7778497517234815 0
0 0 -1.2051738494690707 1.3654322556341818 0.33299309251881226 0
0 0 -1.1461951709323155 1.0843322044218386 0.7901618090099563 0
0 0 1.4711796204383956 -0.3625387928325069 -0.7475165387764816 0
0 0 0.16903942279539352 0.9626132291248937 0.772057220195808 0

