-4.6655774 -8.022582 -21.805164
-1.059853 5.8672953 -1.5976039
-6.070123 -5.3902345 -27.299028
0.16927849 0.40435943 -0.59485227
-1.5520152 -7.1350284 4.415231
-3.3261797 -6.2258134 -16.314331
-2.6985657 8.728334 -4.6209345
-4.393433 -4.4690933 -17.521544
-6.3408303 -9.934234 -30.399088
-3.3129277 6.257825 -9.737401
-3.394602 4.406384 -8.877006
-1.7025071 4.5655923 -4.2706084
-3.053688 2.2840788 -9.671918
-0.7704993 -6.4104676 -1.5510194
-0.19128187 0.31401068 0.09539853
-2.1904175 3.1771617 -7.8599615
-3.076779 -24.791307 -14.780995
-3.05457 -17.283043 4.4106755
0.34936804 0.4945176 0.8905427
-3.7359602 1.5330651 -15.731257
-1.3117841 -3.280451 -9.21305
0.47343114 -0.38282675 -0.12708348
-1.2442752 6.888589 1.6050835
-0.27748528 0.38350043 -0.24234757
-3.2100768 0.3813749 1.9731647
-0.5520528 1.580974 -0.3801898
0.5545072 0.21814129 -0.10548525
-5.972061 -12.223083 -29.84828
-1.28424 6.206828 -2.4394832
-0.24473622 -2.1052582 1.2589254
-0.2596164 2.57168 -0.7421361
-0.8174071 2.4748204 1.3823519
-0.7642868 2.5310779 -1.2371811
0.42762333 0.8657078 -0.1401185
-1.7465633 -6.7269225 4.013375
-0.06480213 0.5458231 0.31068972
-0.2166644 2.9681485 0.14104572
0.46194956 0.46953365 0.502922
-0.13859461 1.651014 0.9006956
0.1553731 -0.43524775 -0.48913088
-0.8473801 1.2688515 1.4134195
-0.79175794 0.6121214 -1.9871398
-1.4891366 1.199547 -5.376117
-0.6179942 1.7233677 0.31832072
-0.1327798 1.2888747 0.26688677
0.03128912 0.3316957 0.83892393
-1.7975632 3.979829 -2.5882971
-0.08416153 1.2400347 -0.05672654
-1.5402948 -7.9258857 -6.489346
-1.3350878 -4.5835156 0.7342781
0.47189718 0.97981673 0.07423564
-1.2000465 -10.572871 -1.3310412
-1.2707144 6.3156295 -4.78691
-0.30168796 -0.8538992 -0.73894244
-0.5666403 -5.929501 -2.5463006
-0.54866725 2.3283017 -1.1042958
-0.12044661 -0.6009727 0.75391656
-0.37251452 1.93081 -0.57989407
0.06599062 0.6188794 0.30439225
-2.086864 -7.1973767 -4.556957
-3.178899 0.028353998 2.4629638
0.5365326 0.5728435 0.22505559
-0.89150757 -4.4691877 -3.2342741
0.6428831 -0.5709793 -1.301957
-0.14692916 0.6645853 0.7034302
-1.212616 -7.8763623 -7.275464
-0.062642165 1.5945865 -0.042416018
-1.9187202 -4.387711 -11.971562
-2.4670296 1.0770614 -11.29629
-1.2080679 5.830937 -2.1915889
-0.32877895 -3.3867075 -0.8331555
-3.1189501 3.4152782 -1.6137826
-6.6226077 -10.211145 -35.799995
-1.5200418 -3.8911653 -7.232316
-0.8695536 -1.8928039 -0.13833562
0.015859485 -1.0151069 -1.764409
0.42013207 0.053016562 0.5506101
0.12460821 0.44431004 0.13343035
-3.4406493 -16.473711 5.7473936
-9.333631 1.1136287 -35.25244
-3.306511 -10.893983 -21.064722
-1.2435633 6.5598536 -1.0381645
-1.0949408 5.0482564 -4.190349
-2.1738555 7.269271 -1.3615745
-0.8796907 -3.6758115 -3.0938227
-4.1479344 5.963608 -13.233594
-1.4651673 -9.120913 -6.123996
-1.2693682 1.0337914 -4.7255025
-0.82206476 -8.672303 -5.7509317
-0.5244937 0.98419464 0.27084458
-1.1464779 -5.247934 -3.441672
-6.3441014 -1.3514318 -26.33487
-1.4079212 -8.349931 -5.6779037
-7.416622 -1.4951464 -30.117472
-2.056315 3.4497554 -4.2609115
0.2677653 -0.25453734 -1.256707
-4.1850886 8.602839 -9.94671
-0.7299183 -2.0436273 -0.5527605
-0.076008745 1.1547339 0.1700606
-0.73232967 1.8148872 -2.1880827
-3.1482022 -3.475029 2.1808813
0.10861254 1.4349085 -0.3707914
-3.071125 -27.900473 -7.996656
-2.4845564 4.4306192 -9.555929
-1.6582483 -2.741249 -9.23498
-1.7691615 -2.321111 3.4494424
-5.128283 6.318374 -15.358932
-5.4336267 -13.478051 -28.464111
-1.4641393 4.7306485 -2.6631186
-9.019426 3.1462 -33.29638
-3.0216281 2.4533305 1.0064774
-2.1059976 -17.407162 -4.2942777
-0.5185517 1.8461382 -1.6866903
-2.8859665 11.672315 -6.036639
-0.93893987 5.1848907 -2.695597
-2.5897174 -0.60694546 -11.446867
-0.7158104 1.218303 -0.74008936
-0.014122175 0.9372434 0.35494247
-1.3718512 1.100519 0.77901334
-2.6706107 10.534883 -3.4035113
-0.47002283 -3.6744826 -2.7661011
-2.187595 -7.332322 2.749838
-2.4540675 2.1549475 -6.306642
-0.33023325 3.6724885 -2.5705872
-0.5299091 2.8725913 -2.5938241
-2.2285404 -17.266056 -1.8195627
0.003853387 0.42573485 0.17427884
-3.027227 7.2213235 -8.434207
-2.5831678 -7.6631713 -17.076502
-0.6297739 0.9251979 0.5124742
-7.6331105 9.19983 -23.647825
-3.6358132 13.135564 -6.0094786
-0.21274567 0.25023717 0.05768597
-2.0626516 5.3375506 -3.699755
-0.9481606 3.4784355 -1.9926064
-0.44159347 0.7182645 0.36086825
-0.8774645 3.1734927 -1.4076537
-1.2935935 9.07131 -2.6439095
0.7592427 -0.4882479 -1.26795
-5.0803022 10.201387 -12.412431
-1.0280658 0.54409844 -1.6160262
-6.3643465 13.878596 -13.383636
-1.1432697 -8.628596 -6.265019
1.1237496 -0.45039538 -1.0633088
-4.592769 10.152046 -8.481199
-2.268388 -9.138128 -7.1832037
-0.10436576 2.149435 0.17424443
-0.4351038 2.349878 -1.1928012
-3.8983955 -22.020845 -8.423617
-0.3985072 -3.9073813 0.8392722
-2.880984 -20.288105 -3.4759364
-0.031445283 1.7389925 -0.64979905
-7.558101 5.438515 -24.424862
-0.37869033 -6.711811 -3.1379545
-0.7617877 -2.0907588 -3.6137023
-0.23855887 1.9837857 -1.4808415
-0.29520354 0.67129546 -0.44092375
-3.1866405 -9.46766 -16.56587
-1.6191771 -0.9394098 1.3180214
-0.60256577 -4.994021 -3.8707848
-1.089469 -13.275681 -9.766268
-0.32160276 1.5844458 -0.9246235
-0.54613155 2.625259 -1.7269726
-4.4434204 8.414471 -12.775943
-8.097259 4.1222568 -25.032553
-0.63274616 -2.0497184 -5.3252683
-2.354738 15.398753 -4.9200845
-1.447036 2.5378134 -5.218618
-0.48801836 0.2167026 -1.1361079
0.018752847 -1.8106354 -3.0233157
-1.9445976 8.112613 -5.797808
-6.397719 0.9022511 -23.381853
-0.41960508 -1.6087759 0.55043024
-0.22283374 2.0904176 1.1641524
-3.7312267 -8.34735 0.1520165
-1.0589755 -7.835864 1.6040264
-1.2755709 -9.267187 -8.481683
-0.45062575 -0.79957664 -1.9196063
-1.037409 -6.83249 2.7254398
-0.58118963 4.3387976 -0.9989857
-4.682658 12.723021 -8.7451315
-3.1198933 8.508702 -7.760246
-0.2137498 1.6113625 -0.8659859
-0.2751659 0.6457602 -0.3811459
-7.22199 13.358208 -17.65574
-6.0239096 4.735721 -19.216524
-1.0917782 5.965981 -0.36465883
-2.6525037 -2.3771517 -13.104367
-1.4460207 -0.97144955 0.5608088
-3.580524 -1.5777103 -13.5483675
-0.77598614 0.5825817 1.8025007
-2.8065512 2.6831603 0.6818984
-1.9451734 6.1900816 -4.5768085
-0.98306936 -6.354186 -2.836218
-1.2238004 2.0938482 -3.5534472
-0.8271807 4.5945015 -3.2432768
-3.7280157 -19.229826 -19.06141
-0.5245908 -2.6301234 1.599674
-1.8525761 5.7130938 -0.91257477
-0.14940703 1.6909157 -0.7582344
-4.828073 5.9389253 -12.531169
-2.943642 16.642405 -4.6671414
-0.4848196 1.2587337 0.065040715
-6.071345 -24.07607 -35.75308
-0.09926861 0.31226918 0.4884871
-0.35604855 1.1637754 0.20590018
-0.7734388 -5.5313077 0.6839427
-4.3563423 4.279887 -14.714126
-0.20327762 -5.093407 -3.9139647
-0.19672288 1.739163 0.17673795
-1.7585777 5.9886794 -3.8622215
-1.6190071 5.8247023 -1.241169
-1.6024215 -8.510263 1.6314642
-0.6092164 2.7854843 -0.6011011
-1.3060586 -8.06349 -4.0121317
-0.2765236 -0.3690614 -4.2206063
-2.7738419 8.032395 -3.5111084
-1.9369341 1.7712234 -7.50164
-0.46844682 0.6253516 -0.243541
-0.5983476 1.1633108 -0.8673619
-0.11054405 0.7993187 0.44411415
-4.4806476 -12.761522 -26.338013
-0.4344945 -0.90638196 -1.6546351
-2.1267376 3.4715252 -5.613746
-1.6454496 3.6220202 -0.12163986
-5.075376 -8.251533 -20.638506
-2.6242092 -12.723009 -4.120739
-1.0189583 -5.4103584 -7.749039
-1.9587381 6.103097 -2.495186
-2.9230804 7.367434 -2.00664
-1.7647097 -3.2847943 -1.2122076
-0.4768858 -3.0459769 -2.3611636
-1.9065711 -5.722535 -6.9735837
-2.6505587 3.3404434 1.2272832
-0.825109 1.9286072 0.28846577
-1.6826658 -5.7732124 2.2876778
-0.13900729 -1.8193617 -0.9579725
-4.050155 -7.3481054 -24.657207
-2.576094 -5.1256456 -14.649641
-0.08050554 0.9877068 0.28203273
-1.6443129 8.254541 -4.6846466
-4.061279 -14.208692 -1.549451
-0.76271164 2.8164775 -1.7310172
-0.61451256 -5.907285 -1.2578142
-0.17297943 0.6826619 -0.6077482
-6.1059046 0.71448 -23.10204
-5.971652 1.1946929 -22.146338
0.15211824 -3.0745518 -4.080703
-0.48477283 1.7625939 1.8011435
-0.84581786 2.3220809 0.03165188
-4.354842 4.4654164 -15.662523
-4.8084183 4.3154936 -15.0635395
-0.43514043 -3.5042484 1.6046358
-4.66127 1.5772294 -17.009491
-1.2415098 -9.966733 -3.9144466
-0.1523316 -0.085180685 -0.67016834
-10.4457245 11.826027 -30.08936
-0.70107096 -2.1437027 -5.348928
-2.3650506 -17.792347 -11.360649
-0.13885832 -0.04210295 -0.53789866
-3.051748 0.16323717 2.0366924
-1.5128087 0.11564816 -7.3344917
-3.6145768 6.9543734 -7.61279
0.08445144 0.56664884 0.4802706
-2.0763013 3.8957367 -9.935499
-2.2266088 6.6459765 -2.5501409
-2.9461873 12.895861 -4.602317
0.3573088 0.548971 0.23335624
-1.3513992 -8.664413 -7.276864
-3.3712564 2.904351 -10.4001665
-2.4064116 -2.6743932 -10.565462
-2.5169203 5.4618707 -7.9854403
-2.3877184 -7.4338074 -14.226212
-2.4180772 3.2397015 -9.230736
0.015538828 -2.948143 -1.8718563
0.557469 -0.31471378 -0.21202122
-5.889857 2.0215077 -22.96588
-0.32499287 -2.068274 0.8592277
-0.25724998 -2.5188506 -0.6135861
-2.323438 7.727416 -2.1925092
-0.34548444 -3.1637301 -1.0742285
-0.86101544 2.2728508 -1.5056356
0.068112336 -2.8877633 -3.1735072
-0.53054893 -0.20576835 -1.4693688
-6.0798984 5.077811 -18.750137
-6.174747 2.383345 -21.83742
-1.6245128 6.990531 -4.845738
0.36667722 -1.6523312 -1.616795
-0.26297292 0.32973307 0.5171503
-0.26691034 0.6111278 -0.45968756
-0.8808848 2.6801572 -1.3338891
-0.8478254 4.0439086 -2.6056688
-0.66209507 2.423663 -2.5795097
-0.12029243 0.8737169 0.8621496
-0.2106974 2.883691 -0.30045503
-0.70471495 3.9174156 0.8913473
-1.3042852 -7.630548 -4.7350616
-0.7336983 4.739484 -0.6484167
-0.3360085 -2.6865077 -0.023666928
-1.071689 -6.08255 -4.585073
-4.265806 5.3677444 -9.430572
-3.6565673 8.850015 -10.047431
-6.2727156 4.783646 -21.429882
-3.2689755 -22.29535 -18.233387
-3.2936575 6.06681 -9.330377
-7.8383265 -1.795761 -31.989374
-0.58417755 -1.450527 -4.6205487
-1.7094848 -10.513918 0.51245654
-0.9211001 -5.49974 -6.103955
-0.05970288 1.7401739 -0.8487372
-4.1414065 5.3614683 -13.260341
-4.623665 14.899599 -1.689332
-0.46921912 1.688212 -1.0735532
-0.63228524 -2.7239873 -3.286721
-0.4594033 1.2118584 -1.4904515
-1.59368 -4.6900325 -7.456769
-3.129015 -18.99731 -2.9232278
-1.9596812 2.37431 -6.6722827
-2.8715632 7.8241534 -5.13259
-1.1213602 -4.2181735 -3.5433218
-2.4642713 3.5258706 -5.6228395
-4.9814615 0.74274933 -22.119062
-1.1910619 0.91084343 1.7742081
-0.8301638 0.9048619 1.5466652
-3.1811504 -14.228032 0.47550195
0.3666199 0.0793891 0.3150781
-1.1999773 -9.789996 -1.9465258
-1.2603403 4.0534477 -1.6927351
-2.9110475 -0.22163942 -12.535914
-0.36721757 -3.8610299 -2.0669417
-0.19028391 -0.18123388 -0.859064
-1.194546 -8.867163 -0.7827565
-0.9182986 1.2353262 0.33078343
-1.0922283 2.545807 -3.2652843
-0.72100174 3.5667732 -2.0508158
-2.6957664 14.317835 -6.3974814
-1.3118172 -5.22409 -3.987219
0.41580167 1.7462949 -1.0029846
0.06402203 1.0902065 0.27576837
0.1503407 0.5840481 0.38886255
0.020203216 -0.36528438 -2.2720664
-3.7803338 -17.910656 -17.013302
-1.1590778 -12.299291 -6.6058836
1.3091978 0.16237736 -0.33443382
0.4020665 0.7512191 0.24888933
-0.76732 -7.3009963 -2.0941236
-0.5060951 -3.6983457 -0.24343511
-3.3321478 -2.654178 -13.716619
-2.101802 -3.007011 -7.340314
-4.8245687 -9.767128 -22.167841
-0.90473807 4.5648527 -1.478993
-2.2849834 -5.0894732 -13.781862
-0.49350396 -2.0399275 -3.9957721
-2.1258895 -5.0356154 -11.585418
-2.2203255 10.77533 -1.8932332
-0.86719596 2.6543937 -0.44901854
-1.2077361 5.8647046 -4.789943
-1.9570818 6.2778206 -3.1483762
-0.49779537 -1.0744951 0.33264303
-4.4655633 -17.009241 -14.508284
-1.9483312 -3.4593184 -11.088609
-4.58662 5.356647 -13.093687
-0.8029037 2.6250558 -1.5077496
-1.9005308 6.653878 -1.9535961
-0.34421825 0.8277682 -0.79429275
-0.33462757 2.3766618 -0.79908437
-0.53851736 2.0596611 -1.1310908
-0.48109463 1.9662774 -0.34196526
-3.123635 8.779779 -0.714557
-0.11260855 0.35759893 0.061509185
-0.92572397 -4.1770115 -6.7623878
-3.7999732 9.27471 -8.113664
-1.0591213 3.5977795 -1.2872801
-0.16737042 -0.16659318 -0.653506
-1.861023 8.612323 -4.0647388
-0.5945979 0.04758076 -3.1589646
-8.23717 3.3869283 -30.113272
-2.5262828 -1.5691377 -12.139697
-0.41504812 1.9625266 -0.3718981
-0.42876944 1.9833953 -1.006254
-2.6875768 -15.740386 -10.32628
0.06731033 -0.24487762 -1.0648249
-3.9073658 -22.520748 -16.13769
-0.9124559 -5.4783683 2.8898907
-0.41113505 4.0471187 -0.8036129
-0.14656484 0.9425386 -0.57071805
-2.9626486 1.2162788 -8.818556
-0.570396 2.6169734 -0.949757
-0.38748184 1.476004 -0.5618478
-1.2307913 0.3066668 1.1463369
-1.6921072 -0.5215488 -7.842873
-2.7111342 -20.595358 -11.8948345
-0.15573451 2.0644367 -0.6612272
-3.0305219 7.822318 -4.7475495
-4.0274253 10.348304 -6.830894
-0.5499316 -4.032091 -2.901325
-1.6827139 -13.302095 -0.50104773
-3.0417027 0.37131852 -15.848914
-2.3128536 13.13516 -1.9185477
-6.6401677 5.166317 -21.735182
-4.7716713 -28.270462 -24.963634
0.04907914 0.9581891 0.3370743
-4.0638604 -6.631119 -20.369581
0.2069591 0.80293906 0.19367573
-1.3097284 3.1766675 -1.6017382
-1.0741122 -7.0085297 -2.4879677
-6.804486 -1.676026 -28.059143
-0.86851215 5.0775576 -2.0942833
-0.49776164 2.1257913 -1.6823032
-0.8041342 1.5602502 0.4116651
-0.5827407 0.5528306 -3.0131264
-0.03352472 0.4091085 -0.18757428
-0.23467639 2.8412585 -1.7637206
-2.1449134 -10.338058 -2.29635
-0.26753753 1.3565437 0.5441475
-0.2816291 -0.98094517 -4.7327228
-1.0374383 -1.100062 -5.682969
-1.1945693 2.263018 -3.3268585
-0.19935548 -3.4160366 -3.8416884
-0.3267625 0.30866838 -0.68619823
-3.4174294 4.748012 -9.532194
-4.0480895 6.167218 -9.900502
-1.5601165 -13.160207 -4.075516
-2.2352586 -9.808812 -6.1963553
-4.5072403 5.678449 -13.37852
-2.71712 -4.234978 1.0631105
-1.7593406 -5.3843303 -6.028182
-1.4814171 8.390519 -1.0936427
-0.35749453 -0.5240231 -1.3015002
-2.0009665 -15.854907 -5.957271
0.2117326 0.46143323 0.52827054
-0.9743644 7.032729 -1.6962117
-3.7668214 -5.4122467 -20.186014
-0.83864117 -4.3954763 0.74653476
-3.1454103 -27.821451 -3.2199783
-0.42854005 0.55928993 -1.4412048
-1.5891935 3.1419594 -9.423174
0.20696093 1.2930018 0.37617102
-4.659981 -11.888338 -26.276712
-0.5100913 1.7241801 -0.9826867
0.0031732407 -0.42013353 0.32012898
-0.1819806 1.2749064 0.3679905
-6.1090064 9.281194 -14.629876
-0.3096716 -0.14874782 -0.15185367
-6.9869914 2.3947558 -24.716003
-0.48767313 5.4719834 -1.1737479
-4.611481 -6.6796656 -21.064392
0.0908264 0.85598266 0.51206523
-0.5242827 -1.0175421 -0.6831541
-8.381571 2.801173 -32.45312
-8.384006 -0.1676053 -31.367487
-2.2815115 -17.550993 -3.521558
0.060454793 0.034741335 1.1635853
-0.022577541 0.8116557 0.3722477
-4.8156004 7.5152235 -12.889617
-2.8061998 10.65937 -1.4445986
0.05615071 -0.35966226 -0.5912533
-0.49622944 -0.6156244 -3.2730277
-2.7309992 -1.3952864 -11.26046
0.19215903 0.86133873 0.051964443
-1.512373 -0.19578053 -3.6178524
-0.084116764 0.25673145 -1.3012191
-2.928309 7.29683 -8.700514
-0.061205678 0.050649934 -1.3766385
-0.2641113 1.0364964 0.102126226
-1.0185772 -4.1673064 -6.675679
-2.794089 -1.1418793 -13.572297
-1.79854 6.273619 -1.953008
-0.82798684 1.6382405 -2.986735
-4.759089 1.0654157 -16.79839
0.5517954 0.7321805 0.38802218
0.21440029 0.89603615 0.19264236
-0.24980457 1.0892018 0.23219104
-7.828444 6.266708 -23.287857
-2.377303 5.894226 -1.7891015
-0.9776363 1.7518454 -0.09705963
-0.89035237 5.075277 -3.083711
-1.9885616 1.9998482 -7.0746317
-3.091732 -23.76691 -15.272886
0.08338981 -0.5237457 -0.5586906
-7.080937 10.064551 -17.971487
-1.1729137 3.3689306 -1.6513987
-2.8696115 7.890947 -4.2991214
-0.75092375 0.5283328 0.45821476
-1.2326624 -5.4156785 -4.935144
-7.744946 -2.1395237 -29.698568
-0.54955196 -0.52205 0.021309018
-4.8474298 -20.666594 -30.479994
-8.530009 8.114762 -24.99549
-5.08681 6.511888 -17.601215
-1.6607304 -6.9087877 -8.729918
-0.035515476 1.4784712 0.47010612
-0.68480206 3.4730892 -0.44218785
-0.7901578 -14.104485 -3.1279128
-0.3397376 2.931354 -0.05097243
-0.0025370908 1.3441852 -1.2427642
-3.932834 14.644206 -6.057035
-0.35950705 2.0341408 -0.24040304
-0.36637312 -2.6709588 0.92568344
-1.2282245 -10.393676 -1.3663428
-4.25401 -7.4863777 -20.176132
-2.177005 -3.4807498 -13.14003
-0.8903832 2.3682654 0.23594509
-2.2513626 -11.791437 1.8174645
-5.770713 8.700023 -17.356121
-1.4293964 3.987265 -2.0440488
-0.09647478 1.5307801 -0.8620537
-0.22249348 2.4346962 -1.0106863
-0.1949327 0.77347225 -2.103411
-1.7353514 3.964889 -3.7040179
-8.51455 2.5749037 -33.135303
-0.61277884 4.7561326 -0.014436228
-2.9494328 8.638173 -4.013127
-1.1066722 2.3175201 -3.2237394
-2.129546 -9.506034 -9.057567
-7.181426 8.570604 -20.943737
-3.4289334 -8.948207 -15.174431
-3.0419297 -17.537382 -4.9161887
-0.41890627 -0.82511204 -4.7811236
-8.118121 5.569122 -26.899874
-1.3451587 -3.763369 -0.53281504
-0.87930214 -2.9982948 -5.794877
-0.3597516 -1.6801856 0.17896178
-1.8982583 -11.709226 -6.7189507
-0.39898533 0.1214893 0.104747295
-3.7121923 7.6016846 -9.092647
-0.7796525 2.382748 -2.63265
0.17512576 -2.7938008 -0.9804788
-3.1350572 -6.4505 -14.876722
-1.49208 -10.666536 -2.5444663
-2.027107 -0.8638972 -12.661482
-2.0359516 -7.5701957 -12.95687
-3.0975518 12.154506 -4.9992294
-0.37147668 2.1545136 0.23837028
-3.063452 -1.0678574 -9.269187
-5.019058 7.434411 -14.209478
-0.53241915 -6.75562 -0.31137943
-0.32116076 1.9998542 -0.42805904
-3.0482266 -20.071493 -0.11168875
-1.677448 4.265818 -2.062649
-3.8218493 11.025909 -7.928329
-4.876735 -29.966553 -27.002432
-4.5728974 -7.840338 -23.909239
-0.6096261 2.0782838 -0.40153816
-3.8989787 9.766818 -6.4895773
-1.9786006 0.7648668 -9.571815
0.4034221 0.41075858 0.3258986
0.026805656 1.0981011 0.41817227
-0.08804035 2.1361163 -0.13508102
-0.606175 -0.7120953 -3.9061573
-0.20455857 0.115249135 1.2156988
-2.6590092 -0.061385598 -10.901583
-0.31902024 1.2567197 0.20507257
-0.2650091 0.965318 0.18277335
-0.1385813 -1.1704346 -0.26406148
-0.69150126 3.532885 -3.0831964
-2.2955246 1.3437908 -8.65512
-1.0175351 2.7112446 -1.710102
-0.5142464 -1.3678337 -2.46398
-0.3167946 0.79087543 -1.1664246
-0.41104475 3.2412543 -1.0527967
-0.11755049 1.1314695 0.4779938
-2.522762 9.765959 -2.087428
-0.15893129 0.680725 -0.29052043
-1.8642415 -0.503881 -7.0033383
-3.0793881 -22.512213 -12.533912
-6.868309 2.635482 -24.245564
-0.38412306 2.0003693 -0.18378438
-5.5052896 5.020775 -22.987032
-0.6007243 0.7741643 0.0493974
-5.8578343 -13.109955 -31.691162
0.62752485 -1.3520209 -2.0591106
-1.7051121 -2.741451 -4.9917407
-0.012552662 0.9259523 0.32445934
-2.86803 4.1621184 -1.167152
-4.6388016 -1.06552 -20.55256
-0.16288152 0.01612304 -0.7333037
-0.83315545 1.5468954 0.653725
-3.3374999 18.009138 -0.94339
-0.9930706 -0.83001095 -0.43361282
-5.1103864 9.695674 -14.55278
-1.0690582 -6.6548424 -4.325186
-0.6241075 2.1169295 -1.8498151
-3.9116495 -11.071418 -25.257734
-0.2716459 -2.2645257 -3.7976913
-0.39482722 3.7260022 -1.5743129
-0.877891 0.540247 -3.4429457
0.4565959 0.31161886 0.4652145
-3.1833606 -12.515287 -13.916921
-1.1283282 -2.1857674 0.2813974
-2.1358726 10.484194 -4.7218294
0.15131633 0.68237346 -0.030355027
-1.9496739 -11.265937 -9.189544
-2.672571 10.295258 -4.4601836
-0.46008828 1.2956039 0.9416107
-0.43310967 -2.2398908 1.8761679
-1.3881143 5.364389 -6.4078517
0.26977032 -0.19369204 -0.44419903
-0.044052396 0.6259484 -0.14971505
-0.6634229 -3.6117237 -5.8985972
-0.8573896 -1.1274508 -3.3263144
0.20918332 0.08845401 -1.1917765
-1.3496177 -5.5475574 -0.36692604
-4.4367933 2.18448 -14.889063
-6.9414535 6.7559648 -21.002737
-0.4497933 0.5723261 0.45264
-3.507643 5.3347216 -10.577606
-4.5855207 -2.7887864 -22.513523
0.059424248 -3.1396604 -3.1506488
-1.0549423 1.0842044 -2.3442705
-0.020784875 0.54756534 0.005459658
0.11495479 0.87904084 0.14395745
-0.16505146 0.6239707 -0.24054101
-0.123142056 -0.702061 -1.7569602
-2.0840583 -12.457728 -12.54943
-4.2772217 2.4928186 -17.055466
-2.4497783 -8.260623 -13.997888
-0.9160333 1.5645905 -0.98300487
-0.09215386 -0.4625411 0.26461
-3.0632746 15.908737 -0.7654688
-1.2554523 2.7674863 -2.805017
0.073341236 0.25381193 0.52496153
-1.3359693 -5.4542093 -0.5282616
-1.4237796 -8.319049 -1.1573027
-0.47089592 -1.3894942 -2.0449896
-0.79857635 2.3730087 -2.0336316
-7.6156225 8.806894 -22.743052
-1.4952333 -6.773181 -6.128095
-1.792589 8.191438 -1.6095905
-1.4430596 5.4721093 -1.863221
-0.9000965 -4.459354 -2.786134
0.29519773 0.5752258 0.52820456
-0.24709518 2.6177714 -0.8160305
-0.856734 -2.9521315 0.0901024
0.41045377 0.89694244 0.4933289
-0.7660138 -6.802155 0.029520512
0.054571174 0.55709934 0.87289375
-1.269689 4.3548713 -0.12005316
-0.28799868 -4.561579 -2.077579
-0.053355686 0.5418548 0.17454208
-0.69903535 -1.1618959 -4.807842
-0.21677753 1.5754646 0.23800962
0.24510811 0.7388302 0.43039694
-0.34146318 2.7127223 -0.25892407
-0.4638846 -1.2879993 -1.1285179
-2.821738 -9.121374 -16.662045
-1.0992522 3.0452836 -2.9861252
-0.07309311 0.7001654 0.42227808
-1.5875732 -3.266529 -8.727408
-0.6643334 2.2331402 -0.1972411
-1.1295584 -5.9588294 -3.628135
-2.088864 -2.8295977 -11.479999
-0.53931284 0.24351671 -2.5429409
-1.8700079 -0.70262617 -0.7242535
-1.3841909 -1.725589 -7.0275025
-0.996636 4.237087 -3.2679555
-0.13533689 -0.58207256 0.09446242
-6.761319 -7.094671 -30.770605
0.12737273 0.8711056 -0.14748533
-1.707222 -4.166013 -9.779471
-3.5040383 -8.62795 -14.514092
-0.47018242 -0.31341034 -1.579039
-0.756223 3.5683243 -1.1278169
-0.10967282 0.496124 -0.6575842
-0.24052915 1.2059097 0.17636003
-5.8576484 0.3257966 -22.931036
-0.8070542 1.4059111 -0.18899153
-2.0317533 -0.9727256 1.6755216
-0.14158104 -1.4488955 -1.160174
-2.3209703 6.8873434 -4.137711
-0.4831573 3.6100032 -1.2417098
-0.6575917 3.8569672 -2.1536307
0.76867265 0.14378265 0.44433996
-5.488654 -8.638405 -26.22003
0.3943816 0.09802803 0.07619035
-4.569836 -3.1726623 -21.055267
-2.698831 -18.551056 -14.685809
-4.1162677 5.8015814 -11.354059
-4.553789 -23.887503 -20.764029
-1.1383898 4.8201966 -3.7509267
-0.011711998 0.57761735 -0.9834814
-0.75484693 2.472445 -2.077271
-1.1106356 1.9283773 0.79958385
-0.19278726 1.5446463 -0.24636844
-2.435493 8.610618 -2.3595467
-4.8528047 4.1038737 -16.25484
-3.0360277 -2.0096345 -14.087172
-1.3577715 -5.600444 -2.4400668
-0.39957452 1.5015898 -1.0035554
-4.7961564 6.968248 -14.371629
-2.0177567 2.1487293 -6.68142
-0.22498687 0.88620913 -0.864183
-0.19454166 2.4175754 -0.3678357
-1.6163176 -9.270087 -7.210426
-3.553236 7.0951347 -5.551887
-2.769449 3.3560557 -10.955994
0.04020971 -1.9515555 0.16887856
-0.8579505 1.8590088 -2.8794875
-2.0769632 -1.5592946 0.69198024
-1.8219942 2.9452493 -5.007118
0.06311152 0.627114 0.4900249
-0.25123626 2.478585 -1.8933465
0.04275084 1.0599893 0.39472455
-1.0780114 1.4951712 -2.6087396
-0.7547747 -2.075999 -3.4046018
-3.11579 -4.6007476 -17.313965
-2.0470974 -6.510134 3.2409174
-1.2852331 4.929342 -1.9303596
-3.0232236 2.384935 0.34154525
-0.55777955 -2.0713704 -1.9404916
-4.899999 -7.756596 -24.14681
-3.9478722 3.1976435 0.6675301
-0.71476704 -1.1601896 -1.467123
-0.34494543 0.44784504 0.5425084
-5.7447343 -5.3056154 -23.04719
-3.1070392 8.3758955 -9.061931
0.2881767 1.3469821 -0.18306266
-0.40206218 -0.73932064 -0.22769116
-1.9750682 -10.83307 -1.0302353
-1.6693525 -7.158172 -8.5836935
-4.818319 6.176192 -14.695289
-0.56446415 1.6980857 -1.1775925
-0.83815354 3.9604385 -1.9881238
-6.7522674 7.9890113 -19.76115
-6.252567 3.049709 -23.286638
-1.0067693 -4.9358773 -2.2854772
-1.3060763 6.032986 0.99655086
-0.0013251731 1.127752 -0.14306979
0.20489636 0.8281164 0.3751987
-1.4031028 5.5188527 -3.741389
0.51665837 0.71060103 0.5490528
-0.6202423 1.2214212 -2.2297432
0.46523747 1.5665025 -0.16448978
-0.45978722 -0.6778592 -2.4808085
-1.0132914 2.7894592 0.109911725
-2.305782 -1.1158985 2.1394532
-2.9393616 -8.312576 -16.143328
-6.000873 -2.7216153 -25.515316
-0.37135425 3.3267395 -0.33825228
-5.384791 6.749335 -9.7432785
-0.84491444 2.1760998 -1.0612037
-6.5759363 -7.556485 -26.139408
0.44046548 -0.8185855 0.13742311
-0.2644575 1.0919902 -3.682083
-0.2963166 0.65295917 0.65173244
-0.37818888 4.8395934 -0.934461
-0.015092394 0.30310372 0.12674609
-2.4414575 -18.457441 -4.5692205
-0.94991744 -6.309661 -2.7161047
0.068455696 0.62723076 0.5505127
-3.168203 -24.398344 -16.83415
0.15488018 0.21377699 0.20635211
-2.4505677 13.363471 -8.947421
-0.031169346 -4.226719 -3.4403093
-1.5304722 0.6574737 1.8657283
-0.32468536 1.3804673 0.56413424
-7.463235 14.116008 -15.137759
-0.46195343 -1.1398237 0.688089
-1.1967069 -5.7886553 -2.3302376
-2.4925466 12.142236 -3.0527403
-1.6838675 2.7760615 -7.1175313
-1.494792 -0.326546 0.25830597
-0.36355338 1.7690526 -1.3149377
-1.089565 0.56192845 -2.066939
-1.2256613 -9.323075 -4.0436535
0.04914641 0.3364964 0.45063108
-1.0643827 -4.9432473 3.379372
-2.6698658 -23.038303 -11.202713
0.40186214 0.5999757 0.53670776
-3.3610206 1.0344048 -12.279044
-3.3269558 -23.490139 -14.279734
-3.6782625 -7.59051 -19.969639
0.011644138 1.0178171 0.12920941
-0.15506358 0.94138855 -0.6493253
-0.1697725 2.0932603 0.05997043
-0.020639585 0.49410763 0.21959697
-2.624894 11.347124 -6.5243993
0.487465 0.26182696 0.22540927
-3.3166537 9.383803 -9.08404
-3.54933 -7.652398 1.0314665
-3.8422437 -7.9820123 -22.78454
-1.1667424 -7.4160395 -1.2376812
-2.5152633 -10.844655 -11.072848
-1.9051157 8.626216 -1.5050687
-1.4877317 4.7585907 -3.6063907
-1.1504024 -5.044049 -4.464488
-1.2346146 9.166419 -1.1112051
-0.51696885 -5.255669 -2.116379
-0.28110626 -1.21624 1.2121922
0.3876822 0.68900585 0.32773566
-1.7649044 6.2386727 -3.7776048
-0.25595465 1.6603211 0.078898326
-0.38108444 4.1675487 -0.16323826
-0.71980464 -7.4527774 -4.66145
-5.0421233 4.0724683 -18.25066
-0.72066534 -2.4928272 2.466394
-1.0975503 0.91552275 -4.564761
-0.11900536 0.28979787 -0.9764843
-0.29096028 2.45042 -1.2248976
-2.4431324 10.324788 2.8291001
-0.52736235 1.301762 0.5175301
-1.2280029 -9.001383 -3.0615058
-0.69693214 0.18034169 -0.27353996
0.35534573 0.742619 -1.7247609
-0.35444736 -0.5269865 -2.5683427
-0.66835165 1.1783159 0.6494206
-0.53480476 -0.87748855 0.88079304
0.16638505 0.5707387 0.39507702
-4.494566 -24.573488 -26.845896
-1.3451288 1.5776045 0.60628045
-1.007563 -3.1585028 0.61841077
-0.6469251 0.81517714 -1.60142
-0.2379146 0.078976795 -0.27618638
-4.6644883 -10.108168 -24.499538
-0.38513136 1.2120924 -0.41787747
-1.6346148 3.4686282 -3.0765452
-3.3356757 5.373012 -9.637468
-0.10405988 0.18486068 -0.32071736
-0.7858959 4.9828787 -0.34082705
-1.093018 -11.32294 -0.103962556
-2.6268463 -22.25824 -12.966391
-0.17781273 0.4360725 0.32405075
-6.3472457 -1.9453408 -25.05203
-2.7962487 3.8430498 0.7750257
-0.6153679 -1.3417093 -1.1043292
-1.4666501 5.1424036 -0.69977814
-1.103397 -2.0827446 -3.6051335
-0.1454413 -1.1950682 -1.3078634
-1.2455674 2.3679204 1.6681788
-0.030411052 0.37998015 0.3378326
-0.6952897 -7.7189364 -5.2635565
-3.6405063 4.039642 0.366039
-1.3862499 -0.004703675 -6.2019944
-0.8291207 4.0926666 -0.23442623
-1.9694206 -11.183027 -13.939504
-1.5909344 5.1448183 -1.8009014
-1.1331142 -3.2277658 -2.8246193
-0.14197691 1.6037561 0.12006018
-1.5058757 -5.3004065 -8.535199
-0.3705588 0.84251267 0.6123895
-4.6582475 -2.9793682 -24.674381
-2.8866944 10.660363 -3.5351691
0.07917554 -0.3046754 0.2337182
-0.42401987 -2.920561 -1.4842701
-0.31907684 -0.17194986 0.014433878
-1.5893217 5.593778 -1.057843
-5.606499 4.060275 -18.621077
0.30010167 0.086213306 0.72706807
-0.78757066 -3.2607636 -4.368606
-0.41467604 1.9659115 -0.3403332
-4.0154905 14.933702 -8.228248
0.4283754 0.26413068 0.3571909
0.07894236 0.74374735 0.17068519
0.6192818 0.22981684 -1.5527542
-1.60475 2.2690547 -6.1679955
-0.188519 2.528612 -0.20062444
-3.5612772 4.561621 -11.239577
-1.0491916 8.254151 0.16999777
-0.29350033 1.0032272 0.6699201
-1.256271 -2.4541314 -7.302823
-0.54651076 -0.12876253 -0.86629564
-2.5027103 -4.894052 -11.378451
-3.207598 10.506606 -7.3123617
-2.7812514 3.0515485 -0.80114466
-3.7015479 8.695701 -8.442701
-3.9869626 3.4033604 -8.431941
-0.47374803 -2.074454 -0.14227702
-0.86368227 0.34569007 -3.4692402
-0.7314567 -1.1208456 -4.213804
-0.6223714 -3.744454 -0.029503856
-1.9652841 6.3043833 -3.703085
-0.7810543 1.822174 -1.3322763
-2.2362096 -10.337045 4.343463
-0.96028095 5.652591 -1.3352264
-3.1377842 -24.707743 -11.251861
-0.75868005 -5.3481383 -2.9701996
-3.2706997 -13.065719 -6.626996
-0.42393097 -1.5625073 -0.10604388
-0.5630103 -0.6613622 -0.58214843
-0.85287744 4.4270473 -2.200742
-4.056917 -23.369827 -20.011047
-1.2504925 -0.92421097 1.523319
-3.3519135 6.580265 -1.5355743
-2.9139824 11.593913 -2.6878397
0.43686348 -0.17919658 -0.10199188
-0.03442402 -1.3900585 -2.363404
-0.24182692 -0.8204896 -0.59779847
-3.4579601 -1.7970909 -15.183715
-1.201052 -6.034821 -2.2833085
-3.3559968 -3.7135396 -12.250117
-2.7765157 6.387643 -8.7129345
-3.9401896 -25.911062 -19.612614
-0.17194307 1.3998868 0.45182037
-3.1027064 9.34957 -8.201223
-0.8303818 2.8068373 -2.573396
-1.1598283 3.1015358 -1.9914502
-2.5889106 7.4737043 -6.1945467
-5.0349784 -8.67844 -25.293774
-3.5090497 -4.3719964 -17.002617
-4.4966555 -0.33899587 -19.93284
-1.3948134 -10.475945 -5.425449
-0.42233953 0.38771433 -0.36302572
-4.4113784 -5.0385656 -22.104837
0.77065 0.25945932 0.0847282
-1.5743206 1.2266779 -5.1286654
-0.6962427 3.1402051 -0.20205633
-0.61844647 -1.9525299 1.7430743
-0.36944732 3.6760635 -0.023648808
-3.1844237 -4.119535 -17.648304
-0.67672366 -1.5657482 -3.635191
-0.26276213 2.063196 -0.9973417
-0.5621496 2.9316945 -0.38264617
-0.57727575 -1.9489335 -2.5108068
-0.62466043 3.8343823 -1.4945736
-1.1774826 -7.815038 -6.1695247
-1.826473 -0.15134417 -8.368243
-0.57855237 1.3706406 -1.0453703
-2.9060817 -19.98804 -12.644674
-1.1170994 -6.1342626 -5.064695
-0.11183381 -0.11681479 0.45157132
-1.9166907 6.745145 -5.5146213
-0.99546236 5.2857847 -4.7439065
-2.9292932 3.2469134 -8.688356
-0.48071343 3.2128692 0.006714565
-1.8447546 -1.9005196 -8.780061
0.5878107 -0.6043038 -1.421738
-2.8085773 4.520354 -6.2223825
-2.0048134 7.7263865 -0.45599174
-7.132376 -10.7008505 -29.672503
-1.0411279 -3.25149 -4.3198814
-1.0127617 2.4724624 0.02933779
-3.4752917 2.1787305 0.95377225
-3.9123063 8.062315 -9.269903
-1.4402875 4.5990005 -2.2860355
-3.0035613 -21.356815 -15.506888
-0.40826735 -3.9342132 -1.9142092
-4.414753 8.067654 -10.613372
-1.4602864 -7.284644 0.19964994
-3.823858 -27.45084 -18.10619
-0.6812175 2.471462 -0.28500822
-1.7067375 -7.7000756 -11.296975
-1.2209915 -0.8619934 -4.884407
-3.4244964 -3.4822903 -13.188685
-0.15891783 0.4817374 0.6046279
-0.6623066 0.32116577 -0.20180488
-0.14525482 2.1956065 0.4904294
-4.0692716 -23.460863 -18.995426
-0.1676126 0.7906737 0.090464726
-3.5435538 -4.61955 -15.596002
-0.42834616 -0.34702414 -1.5829222
-0.9665988 -4.287226 -0.94401944
-0.13946764 0.8932532 0.22387409
-2.9537425 11.577071 -8.474512
-0.11412424 1.216513 -0.13871357
-1.4773158 -7.8153405 -1.3911186
-1.3873932 -4.180543 -1.2598294
0.2295631 0.5780454 0.27924415
-10.172033 10.342062 -28.842035
-2.0619192 0.19975246 1.5159231
-1.6781776 -10.716927 -2.9634318
-1.4728012 -5.052795 -8.975404
-0.8553523 2.4356804 -0.74880683
-5.7858853 -3.3158855 -27.195982
-0.15134487 -1.4151944 1.0710707
-3.0140405 0.8841501 -13.003539
-1.0608591 -2.1839619 -5.1313143
-2.191432 3.7372577 -1.3399804
-1.3338339 -1.9474366 0.23615912
-0.1757449 1.84604 -0.46333456
-0.52668196 -1.1757473 2.9093392
-0.31403294 0.20961332 -0.20868507
-0.22278072 -2.149027 -1.0861636
-0.1705198 0.94060737 0.0629093
-0.88619095 -3.0474224 -3.820648
0.19731092 0.15826835 0.13743214
-1.1025757 -0.43558994 0.786868
-3.036347 -12.822928 -9.147092
-0.30012724 2.3718812 -0.8994754
-2.482181 5.1924977 -0.5943416
0.1911848 0.020224247 -0.59917545
-2.2741835 4.915372 -0.78888464
-0.73914176 0.063082404 -3.5271308
0.3816419 -0.350803 -0.71724635
-0.4956347 -2.485527 1.9664948
-1.9568602 -3.7387316 -5.3108206
-0.08623382 0.937014 0.2964716
-4.3058276 -21.38391 -19.718485
-0.36835608 2.6275322 -0.17601755
-1.3630551 -1.1680192 1.0340507
-1.87543 1.8511094 2.4285038
-0.4249824 2.3175867 -0.108476065
0.39698914 0.8879389 0.25561133
-0.25861996 2.0681584 -0.40151948
-3.9030793 -1.0842103 -14.897832
-2.000581 -2.1195848 3.3166845
-3.7566028 -23.646938 -19.1395
0.37777254 -0.2068555 -0.19904049
-3.502446 -20.670355 -19.356962
-0.34213504 2.1280859 -0.13045374
-1.931157 -15.12527 -9.745091

