0 0 -0.7694464340515287 -0.9293730341899733 0.7299756797863487 0
0 0 -1.4731806170519808 0.3198126453670245 -0.741732563480192 0
0 0 -1.252894002657089 0.45279044410232694 0.7732448008265939 0
0 0 -0.8523105724329861 0.14798313421660714 0.7934936820264579 0
0 0 -1.4381215905937461 -0.7309752961100882 -0.8207815940253386 0
0 0 0.5792731044381716 -0.9040231857198345 -0.7507401615930637 0
0 0 0.18467333418110599 0.7711834075444652 -0.7456974923582412 0
0 0 -0.14524851408313788 1.274491432062441 0.8106944350795955 0
0 0 0.45620675867850613 0.963208798459193 0.7841161167788017 0
0 0 -0.8496554423172894 -0.9085886010188733 0.7372837468561795 0
0 0 0.15423644813540816 1.3032278686644134 0.47718330949384735 0
0 0 -0.8143908175287183 0.6922960882767284 0.7311929581338046 0
0 0 -0.6331510649382114 0.32564759364091267 -0.8043036940225899 0
0 0 -0.619462788383031 -0.16666219209889221 0.7384405630760545 0
0 0 -0.6838350705350975 -0.1817899332616053 0.7362275789462783 0
0 0 -0.2394997537757042 0.8367484933533389 0.7444806142323356 0
0 0 -0.1916783727073268 -1.3435557680008594 0.6968317317308643 0
0 0 1.2268984889765786 -0.8204616045925008 -0.782428017553683 0
0 0 -0.3722093963257376 -1.0022836450326733 0.8006219489241073 0
0 0 0.9913134911891044 -0.3888750188290995 0.767566544436691 0
0 0 0.4592731527147489 0.6594948934346636 -0.8059719849233304 0
0 0 -1.1996139006466622 -0.7204800114887367 0.8000495991150653 0
0 0 0.8483777018930687 -0.056076010558774314 -0.7295760855664666 0
0 0 -0.21827238513667035 -1.3899936286062071 0.7734882785797568 0
0 0 -1.0843783306994885 -1.3495436640688445 -0.36962496156710395 0
0 0 -1.5445825987513513 0.2976248411334723 -0.7589237592731037 0
0 0 -0.293600153375871 1.1781465886575735 -0.7963860577576769 0
0 0 -1.174781779863939 -0.8928682544521886 0.8115875704479341 0
0 0 0.2612256921774099 -0.04129572254887259 0.8007924923601448 0
0 0 0.3023723360154875 0.41483660218232377 -0.7400038669894193 0
0 0 1.0374858057038248 -1.3302417989407715 -0.24381535075606553 0
0 0 -0.22881791865530765 -0.08865876928089578 -0.7900041613233544 0
0 0 1.1948267043382534 -0.9954538539718198 0.7327218363527506 0
0 0 -1.2134777986445457 0.5062195663187832 -0.7965066586747117 0
0 0 1.091112119660516 0.7831881724471541 0.8224986361689404 0
0 0 -1.4422347710555945 1.163709889226687 0.758697659444197 0
0 0 -1.5402822967810428 -0.7043945248165192 -0.8198322703256075 0
0 0 -1.0359830090502644 1.2273197521410333 0.7938257140724245 0
0 0 -1.2314725972824427 -0.5708661721195541 -0.8003027478852918 0
0 0 0.33557668154166787 -1.1553420716160423 -0.7612126403358347 0
0 0 -1.1826619329744907 -1.3002288163459976 0.4808373656388638 0
0 0 0.6628630952417423 0.4085786231916866 -0.7886495382144519 0
0 0 1.3040041709211652 -1.39193321638068 0.6510787604497299 0
0 0 -0.35986710478340433 -1.3982319276301316 -0.3722636326510484 0
0 0 0.0958849436913134 1.339476585025269 0.5414862918148393 0
0 0 -0.5608510070209489 1.3756939910876353 0.8227886571646048 0
0 0 -1.4585227773781286 -0.4646027187282953 0.759165253087012 0
0 0 -0.5273979758866738 1.3963066097077945 -0.6463891542505471 0
0 0 0.8702024723551856 -1.357656117726604 0.2749886901206031 0
0 0 0.5294793318234934 -0.11953337884758009 0.7514777000353247 0
0 0 -0.4089664040339973 -0.23703388447023643 0.7424913185446542 0
0 0 0.9672900626483809 1.3750754318440976 0.7286462197240617 0
0 0 -1.4045082179731452 -1.1123128250084178 0.7370070670374943 0
0 0 0.7969175176048564 0.3909247126230708 0.7695004886510252 0
0 0 -1.0691360943180683 1.261337965925869 -0.807663352602495 0
0 0 0.6443948748627419 -0.7659678067532868 0.8069678930830306 0
0 0 -1.381672540083537 -0.8165418839607343 -0.8092596628446673 0
0 0 0.14149849537563863 -1.3112556586358877 -0.24509220200473347 0
0 0 -0.20353557820554946 -0.04521702840153918 0.8112541968270672 0
0 0 0.3721540901990017 -1.0269088550604473 0.7990917702402554 0
0 0 0.24910943055042756 0.6475506387815766 0.8226787004947607 0
0 0 0.46996396863762513 -0.11197208515850776 0.8249007828953023 0
0 0 1.2603711931667694 1.3189117755331354 -0.5107837964857769 0
0 0 -0.7417566269367822 0.34008097276845817 0.732065113533349 0
0 0 -0.22434510158868237 -0.009773306646549962 0.729673582945523 0
0 0 -0.8917897326508335 -1.3911934683550669 0.5700326840756069 0
0 0 0.8891139584259711 -0.9839296877598851 -0.7530070977442346 0
0 0 -1.1266360453551354 0.18928830057180002 0.7902265977135725 0
0 0 -0.24923519829707597 1.044595236800568 0.7907853111372438 0
0 0 1.482809553841749 -0.9871799549978892 -0.7813208868707758 0
0 0 -0.6397532131638021 -0.3625189398663543 -0.7876876813049882 0
0 0 1.267228919333042 0.5872738004212017 0.739723005060639 0
0 0 -1.485717192344465 1.121083307822967 0.7575866221902602 0
0 0 0.44231002586748147 -0.7136471324434672 0.7966638571362799 0
0 0 0.36912652004528734 1.3771931789215612 0.16951233803750498 0
0 0 -0.8099073373677532 -0.4073295287859613 0.7493114562895643 0
0 0 -1.3914943961272073 1.227727246646366 -0.7586623793618255 0
0 0 1.100903445448159 -0.9158381669846593 0.7937212610942623 0
0 0 -1.151364961192646 -1.3795494929314163 0.05207933775194162 0
0 0 -0.9598739441375108 -0.3942812517106289 -0.7355550610350722 0
0 0 1.421215534914071 0.4922526496893498 0.7757357732658237 0
0 0 -1.3830589980868215 -0.5206080844098295 0.7964868983300871 0
0 0 0.37793385411173674 0.515218696092681 -0.7643378252728193 0
0 0 -0.17763468977131036 1.393442100709954 0.16830410562185427 0
0 0 -1.103868280652477 1.0665741819174899 -0.7636354321792505 0
0 0 -1.1800437935577106 1.326010680330333 0.62677153906903 0
0 0 0.263152543189477 0.5233171071098968 -0.7350259682450796 0
0 0 -0.6374940801782875 0.12615661476503726 -0.7761383077451748 0
0 0 -1.279147461345245 0.17790863287851555 -0.7936448001270298 0
0 0 1.5033674106082269 0.47533696636148814 0.7962978224442433 0
0 0 -1.31521232256624 -0.5413662382662189 0.7900091360834482 0
0 0 0.25812044245260957 -1.3920303693332103 0.06990375716903685 0
0 0 0.5476250709954669 -1.3950465150719875 0.2901297704457617 0
0 0 -0.18848049173158432 -1.3053276582952202 0.28819272063067336 0
0 0 0.2434053285117388 0.016250255577561656 -0.8165458127845634 0
0 0 0.26005388722112444 -1.2561216128472201 0.7909113796949605 0
0 0 1.0935538951204586 -1.2563270920499847 0.7598659684648889 0
0 0 -1.1304984475216664 -1.3120645175220802 0.17534341011325028 0
0 0 0.6531928090171619 0.822838801385039 -0.7583394692453992 0
0 0 0.10973836787702629 0.49553376891682555 0.8006973143772089 0
0 0 0.8847216614941082 0.49189107954949973 0.8171430901525356 0
0 0 -0.8087448221390302 -1.3014937416773875 -0.39387156223246955 0
0 0 -0.5125138013849042 -1.3746366803751329 -0.5637222330177349 0
0 0 -0.3221447687475345 -0.3923552590400623 0.8130515725932227 0
0 0 -1.0625717277364715 -0.14622468010526335 -0.7827410422648603 0
0 0 0.3472428362676232 1.3447053965150184 0.724025744486086 0
0 0 -1.380773318732205 0.45121320366043816 0.7252337375804543 0
0 0 -1.5204786472223344 -0.7903987332186406 0.7743058258883837 0
0 0 1.2012002526015921 -0.3108452990513225 0.8048752600779052 0
0 0 0.8679908477999354 -0.7456284443361668 -0.7772790857725445 0
0 0 -0.22689018762608804 1.3768259470306128 0.17943194241339744 0
0 0 0.0816573491504129 0.9650577687563364 0.7894083880435204 0
0 0 1.4215345147118095 0.4747743547579528 0.775962435510855 0
0 0 -0.45252067653841466 -1.1359076086998057 -0.7672019320529634 0
0 0 -1.0161741837673233 -1.0742737420002122 -0.7746072521532763 0
0 0 -0.7133967428122326 0.15600739627247817 -0.8025056682483978 0
0 0 0.6311742725646452 1.3035364852822018 0.753124898722366 0
0 0 -1.548841548841695 0.48676151662514155 0.8133187341075134 0
0 0 -1.4949972679882504 0.21934862026617763 -0.8195085653826186 0
0 0 0.1952194230627231 0.3524408691208305 0.7304823338526064 0
0 0 0.9817902433286583 -0.7439681338866283 0.7569619199341077 0
0 0 0.3428342272268312 0.21910154091301282 0.8047591070074572 0
0 0 1.2202459245061084 0.6599049947102407 -0.8192357184676393 0
0 0 0.4802098265771648 -1.3870795784733836 -0.7434461405821837 0
0 0 -0.9484891012911806 1.2287464005931719 0.7475334205324556 0
0 0 -0.5426500423498626 0.027450764502326974 -0.7657509644446164 0
0 0 0.33479010043562196 -0.2637039530337715 -0.7947465526674286 0
0 0 1.213593610459291 0.4224807306397502 -0.7652755725260973 0
0 0 1.0641246525401735 0.9918376893404657 -0.8112945335015517 0
0 0 0.20632234522540793 -0.9381994110945417 -0.7639979887540952 0
0 0 -1.1413106997754712 1.3495710395591314 0.6025057447747253 0
0 0 -0.8984849120697608 0.3397063314308886 0.8053622483149292 0
0 0 1.226120673275458 0.07929824979481048 0.7413846759452296 0
0 0 1.5089981329305844 -0.2565303850995886 -0.7738515173975289 0
0 0 1.3946109645628448 -1.3497278351421804 -0.7905136098839942 0
0 0 -0.4904570554025107 -0.3926211197125603 -0.7570723700043004 0
0 0 -0.027385844637020096 0.22285908486623462 -0.8103404875630505 0
0 0 -0.9828285095321397 1.2815719711635218 0.7427886069473342 0
0 0 0.6626503262629306 -0.1335590977265282 -0.8117187690899281 0
0 0 -0.7624984114871326 -0.15309270337081116 0.7876313397926363 0
0 0 -0.41143873592520364 0.0556618774824269 0.7359213882294561 0
0 0 0.4581971659244215 0.12032109913365319 -0.7881433969183459 0
0 0 0.03482935246704644 1.3396248544764904 -0.38568319879052687 0
0 0 0.7362942624796904 1.2804229950640738 -0.7878599927587978 0
0 0 -1.3175704606278815 -1.3269992972995603 -0.5381894199144956 0
0 0 -0.35935387934794494 -0.8993649935677781 0.7447767252002814 0
0 0 1.5044433124377963 0.017125044894160224 0.8080030859455443 0
0 0 -0.5771347816942917 1.3850711843886807 -0.5795631759739175 0
0 0 -0.17505414520662188 1.3857840719908066 0.2957851001827534 0
0 0 1.3797517845909084 -1.3867223757249292 -0.7472521556547873 0
0 0 1.0904759689222883 -1.3710661539112734 0.46242374956598997 0
0 0 -0.27356509142600993 -0.43709278964174036 0.7253537016416346 0
0 0 0.42536440964436495 0.9532939499790289 -0.7795400599409918 0
0 0 0.23735476815674583 -1.3873299310208742 -0.814777057712831 0
0 0 -0.9418131226594885 0.7010931575166313 -0.7791423120006336 0
0 0 -0.23679399780020227 0.7751697406229121 -0.7355217093314754 0
0 0 1.5165823348667047 -0.684511303362642 0.7798950228116767 0
0 0 0.5745385369559601 -0.757957652518392 0.8141989647667487 0
0 0 -0.6116655391735072 0.7973589908904477 -0.7615555996988089 0
0 0 0.5359520419483816 -1.3608036405654191 -0.07217875524145723 0
0 0 -0.47497902270480363 -1.3366802053001186 -0.6990413960335066 0
0 0 0.31068268329678617 0.8441933192027424 0.7491602041115295 0
0 0 0.026547638899397263 0.3392659584624418 -0.728839233687848 0
0 0 1.1885838736291916 1.2029085658838976 0.7275483724245724 0
0 0 0.6207068666418412 -0.736710475137039 -0.773595877008307 0
0 0 -0.8795119178196982 0.7530623156392007 0.8056550485137575 0
0 0 0.5434938327064218 0.9168308181003779 0.7681567402844233 0
0 0 -0.08528245786346411 0.7694424512604734 -0.7674082045034618 0
0 0 -1.5098467326784315 -0.18503624894592985 0.7836266510727292 0
0 0 1.139756836216574 -1.3215351269396332 -0.03199251579170981 0
0 0 -0.46780173695052074 0.7418580605438259 0.80435883341803 0
0 0 0.628190436655423 -0.2533040387580081 0.7953600393985728 0
0 0 -1.3654095301212172 -1.3719287169124044 -0.4154955741146916 0
0 0 0.20122311125373127 1.305176158160245 -0.6030031043332664 0
0 0 -0.06464082132817905 1.317555069621458 -0.006804089805953928 0
0 0 -0.5998897926303367 0.21877128577166816 0.7635704864086843 0
0 0 -0.35041351443176993 -0.24719010422179188 0.8113285532364409 0
0 0 0.33826253347790636 0.04969500142198546 0.7918057289062708 0
0 0 -0.3927359267510804 -0.8926918364378384 0.7923025647135665 0
0 0 0.7760373944280095 -0.1939085265559113 -0.7685245150825973 0
0 0 0.8010766023491169 -0.7238918516943678 0.8047894810069702 0
0 0 0.11252845287104174 -0.106261881954268 -0.793152377438999 0
0 0 0.543277051996617 0.9027916681861641 0.7818022181755886 0
0 0 -1.3107925755870902 1.0943716043293972 -0.7550665435735473 0
0 0 1.4180318742780136 0.7600975780306525 0.8162626304610343 0
0 0 1.1337880349465284 -1.1312378381791184 0.7373554190771449 0
0 0 -0.2293709696742352 1.0949046688888686 -0.7758460897312854 0
0 0 1.2487363876199118 1.2171416319384012 -0.7959824065538275 0
0 0 0.3949124838267217 0.26134343220974654 0.7557525352880092 0
0 0 -1.4472917024054983 -0.09924416773126854 -0.7920660956228089 0
0 0 1.150433102250978 -0.26307839342032513 -0.7414119343628276 0
0 0 0.8725000236097094 1.0118424812404412 -0.7998197780188518 0
0 0 -1.1272088332543235 -1.3575503742048445 0.6231895729139467 0
0 0 -1.5414708469875031 -0.44282821678287987 -0.7942488881088717 0
0 0 -0.6606026028934655 -0.3669717656411505 0.8025079452813303 0
0 0 -0.31223292552106785 -0.6311870987374587 -0.7646357027830002 0
0 0 -0.6948008222073967 0.6117746944388107 -0.7566488322279212 0
0 0 -1.2224438618774687 -0.7252138224307889 0.7667769286392847 0
0 0 1.3686382344988002 -1.359700106277806 0.7023791558906878 0
0 0 -1.0569407914888889 -1.2987529080873437 0.7447234159769412 0
0 0 -1.0218458126057335 -0.8808285086542363 -0.8133997994809642 0
0 0 1.4788182077154386 -1.2557727926318005 0.7877630380590682 0
0 0 -0.7438788453425565 -0.6043207514443668 -0.7642635428892411 0
0 0 -1.5691649537476124 -0.1887355211333892 0.7293384818413535 0
0 0 -1.4898996357005467 0.6323304668938323 0.7557960173395938 0
0 0 0.29982884935871557 -0.8492734922128904 0.8104851263710943 0
0 0 1.5224077191719871 -0.9845189187538166 0.7940785073551969 0
0 0 1.3001786312557355 -0.3391205426482644 -0.7544661945949355 0
0 0 0.16782528652329454 -1.3942656148705368 -0.36215140527183914 0
0 0 -1.4161367947240289 0.020248697839932772 -0.7808441367809343 0
0 0 0.19325349174709006 -0.1072614080090617 -0.8159628827484025 0
0 0 -0.92773928793199 1.1834936060857333 -0.8106311096229625 0
0 0 1.359916111719373 0.7398574566868417 -0.7971189497832321 0
0 0 0.34736314054607664 -0.07061719724450422 -0.7988604698153936 0
0 0 -1.1648347344111565 1.3073634024087046 0.07497963821480536 0
0 0 0.1668866843190926 -1.2206072964551402 0.7562572328130456 0
0 0 0.37612424218783924 1.1883805569483947 0.801412498739834 0
0 0 0.12867196688257976 -0.40665262618798215 0.7386444956086045 0
0 0 -0.37470558621311056 1.3773789138967132 -0.06912666789043465 0
0 0 0.2830205426154693 0.9035252417093818 0.7712495996095811 0
0 0 -0.6619037817906671 -0.5127418117853438 0.8047608598503566 0
0 0 -0.5435087186546927 -0.4304170040659402 -0.7857653981287448 0
0 0 0.776423855507701 0.7598414228186321 0.8185325298717505 0
0 0 0.4940993075822995 -0.9770066480097206 -0.738854979785828 0
0 0 0.34649066701101905 1.3464731033817035 -0.4546136286059248 0
0 0 -0.6825828237220585 0.40005357662938157 -0.7418041150199622 0
0 0 0.7661620588469686 0.4093076123790924 -0.7531101413579409 0
0 0 0.6985218237744824 1.209002372166961 -0.7919528048660947 0
0 0 -1.129444062502425 1.3119520623734406 0.7489346943661037 0
0 0 0.20559981826029872 1.359776288656909 0.7617357881442965 0
0 0 -0.7175227695497953 1.3873171696025821 -0.23628199760110757 0
0 0 1.2034421148997838 1.3627900698330326 0.08474666615735404 0
0 0 -1.3522863834453107 -1.2976798262723446 -0.8159503651529065 0
0 0 -0.09321617722723818 -0.29072340753097947 -0.7287184112139369 0
0 0 0.7331982785089295 -0.8741139336952313 -0.8222229634327372 0
0 0 0.7650959669034445 0.9949739285815171 0.8225296138417618 0
0 0 1.4372916445439419 0.6041198416099085 0.74668434108217 0
0 0 0.487321369147653 0.011091761378958953 0.7825852402527715 0
0 0 -1.0085498582491077 0.7133912695929683 0.8055254578012019 0
0 0 1.4728130791208063 -0.2398770835632651 -0.7689975804660657 0
0 0 -1.5284246057629007 -0.3420669956738783 0.7903039558698948 0
0 0 -1.5409789761973822 0.578023173581427 0.7861057471618533 0
0 0 -0.21668321352826903 0.7003271226394763 0.7452012946011076 0
0 0 1.3842980375023903 0.2875569737584167 -0.7958608334662718 0
0 0 0.05624002570004949 -0.029523031925345 -0.8153435908978515 0
0 0 1.2003918996433636 0.8128088311103874 0.7629198221126057 0
0 0 -0.9085086254875354 -0.8240193754937459 0.7626175240242031 0
0 0 -0.03195837643459787 0.27221179162001286 0.7632038804177586 0
0 0 0.0343464743942683 -1.1067262340273056 0.8040232437827128 0
0 0 1.1184000490971466 1.3552721204626224 -0.4151761913040036 0
0 0 1.3359093425072204 1.3620030839754693 -0.5086795626477415 0
0 0 0.5266625682822847 -0.86178391298579 0.8244772453127716 0
0 0 -1.0087292143295552 0.9101699379012096 0.75680165445043 0
0 0 1.3753912289956576 -0.27864946840035265 0.7966929416356621 0
0 0 -0.672211291503118 0.09446971409093297 -0.7862185291898244 0
0 0 1.1658718857899308 1.2186477083177978 -0.7564815609218232 0
0 0 -1.176773981016067 -1.3348533233996218 0.22388628764604745 0
0 0 1.306069337539614 -0.5948271498389444 -0.7966216675078011 0
0 0 0.2829462214911347 -0.8824564087428144 -0.7828269799900718 0
0 0 -0.4958983608376506 1.0393436747578508 -0.7941218444741787 0
0 0 0.49093436109901445 0.8252599490003896 0.8151176667726668 0
0 0 0.12944083787927485 -0.8212127952019455 -0.7625208700550499 0
0 0 0.6184965550244717 -1.3775682029374363 -0.06599968846803028 0
0 0 -0.8925727336745677 -1.3325669446901396 -0.5932905425065226 0
0 0 -1.3960476572812333 -0.2981832017247803 -0.7654081625676225 0
0 0 0.28661859514831667 -0.27991952299110934 0.739607587722723 0
0 0 -0.9623592147837131 -0.84367675812835 0.8073461540525549 0
0 0 -0.49907959828881987 -1.1614087810553393 0.7944342997791666 0
0 0 1.5467275638246045 1.0727353301961344 0.7762403415073518 0
0 0 -0.27753763472967274 -1.3728138076465044 0.8099139863152347 0
0 0 -0.7698711608424738 0.34294105737194114 -0.7492929656477896 0
0 0 1.1265883975449116 -0.14166640764271676 0.7290550802354444 0
0 0 1.2316435730958344 -0.9041346384205868 0.7949863768266657 0
0 0 -0.5577713104892208 0.5512237848936343 -0.8081110844357241 0
0 0 0.5474584162737228 -0.4445864775935161 0.7429606000762203 0
0 0 0.5776913520003282 0.481535728974154 0.7469806087704611 0
0 0 -0.7414204773721143 1.2815388200428155 0.8032470392233301 0
0 0 -1.4931891157755206 0.41698294079705245 -0.7476226379803004 0
0 0 0.06573227537946114 -1.0415192703506677 -0.8051320342704783 0
0 0 1.3132138369335604 -1.1174995754325758 0.7494921768525464 0
0 0 0.6649910357178306 0.8717086401669236 0.7807903836530241 0
0 0 0.030051422484476564 -1.330363851043814 -0.6635285921001749 0
0 0 -1.1251191092678898 0.3329385638288609 0.8094164940970199 0
0 0 0.2153467453824498 0.6275829643133817 0.7615471281159084 0
0 0 -0.06388584520967178 0.4997254257286381 0.8115772327198176 0
0 0 0.919524094101968 -1.2207267671130246 -0.744700204942268 0
0 0 0.7177053888048701 0.939620213926337 0.7605592101696086 0
0 0 1.3433757210600676 0.9697701426045773 0.787566968874178 0
0 0 0.33788218975461026 -1.2758623194094025 0.746139120646483 0
0 0 -1.012809026585582 -0.9915951422199569 0.728144106747008 0
0 0 0.5953694787047339 0.901657035258536 0.7930460836521962 0
0 0 -0.8059009720004604 1.1074080187789608 -0.7535558013173492 0
0 0 0.09941096308254704 -1.3356755285662245 -0.42498286517058154 0
0 0 0.005319591625732256 0.7050339728404345 0.7580272131136065 0
0 0 0.14781334064570428 -1.3551137161821114 0.1547519014462092 0
0 0 -1.16535901973965 -0.17464176493401395 -0.7669780723448665 0
0 0 1.0300289784289158 -1.399850039962372 0.42438768328328513 0
0 0 -0.7582141690598411 -0.962928830939259 -0.7478877597560007 0
0 0 0.55652429602396 -0.44377268044264084 0.8139449777617315 0
0 0 1.5108118491210765 0.2731537905466881 0.816095456096905 0
0 0 -0.8900996007607124 0.23525174010355543 0.7259235240546166 0
0 0 0.1648135682371008 0.945054390875937 -0.7305389508469199 0
0 0 0.39018191178910855 0.7733272484370379 0.798223739884354 0
0 0 -0.7865397341921734 -1.3606368610254909 0.7088516384200756 0
0 0 1.0446914087837706 0.05358414603762318 -0.7464745706433573 0
0 0 -0.6762212555760727 -0.6703517575472668 0.7409765891458467 0
0 0 -1.2954507485426165 -1.3574034651776006 -0.7249898950788062 0
0 0 0.08579625325281537 -1.0592130386552696 0.7690051761130572 0
0 0 0.05833869281014259 1.3478661997495085 0.7467252201932273 0
0 0 -1.2493682002620123 0.281612361961294 0.7934292916234778 0
0 0 -1.0126446246052747 0.7531661040213382 0.8026816136826915 0
0 0 -1.1651356256869465 -1.3482947560477703 0.4639946035590692 0
0 0 0.6721587957705908 0.790882933744449 -0.7709060598081464 0
0 0 1.1648835894824376 0.0568635078574069 -0.7268020819697554 0
0 0 1.4667105697512124 -1.1719845111856966 -0.7942032658033347 0
0 0 1.2550751630963446 0.11967444267987282 0.7850864502104105 0
0 0 0.07539162501121077 -0.9411109639564139 0.7587100563160997 0
0 0 -0.33609163599524927 0.4652587384817082 0.7386556170229386 0
0 0 1.4016190916705953 -0.39334340142747015 -0.752804011538839 0
0 0 0.13140629471252518 -0.1970938231920989 0.7993270574459529 0
0 0 0.5074689540071424 -0.051980023593031444 -0.7256078593772634 0
0 0 -0.28032801003910723 -0.012492892691756019 -0.7634651503970363 0
0 0 1.2046292479242333 1.3386224030843565 0.09565814424547114 0
0 0 0.8161681387193012 -0.4120404547302239 -0.7362601400036632 0
0 0 1.3169413466888291 1.1244072382628174 -0.7967916455621751 0
0 0 1.1962919039322952 0.842355623324736 -0.8010544714529857 0
0 0 0.3031800294388598 -0.10640427433995603 0.8107960327054222 0
0 0 -0.16260534592490572 0.5070271852918427 0.7801161507071022 0
0 0 -1.3182345204574726 1.3008716082214788 0.55194192714741 0
0 0 0.5824365394692936 -0.3394231588683283 -0.7664574685306345 0
0 0 -0.2878825275695822 0.817232690828227 -0.7798420277640128 0
0 0 0.3005531713257512 0.14863966998488531 0.7940538966673472 0
0 0 0.40866958355456595 -1.3525461784845565 -0.7957426850213213 0
0 0 0.6690479984381952 -0.3373788528364907 0.7382544877942784 0
0 0 1.223009657020472 0.9251007478586424 -0.8232605450073673 0
0 0 1.252675043698893 -0.6874014415588197 0.7708769187967189 0
0 0 0.29253294930397233 0.6744631647459609 -0.7250301123818543 0
0 0 1.1714955470181847 -0.6944522595325288 -0.8062863371733627 0
0 0 -0.3638501793441402 -0.4032055014867437 -0.7929150059764094 0
0 0 0.7848625259600173 1.0609782150379974 0.8181570736147361 0
0 0 -1.0190109039803517 1.1744327644448165 -0.7401130718313621 0
0 0 0.6488561230846774 -0.6674433202240813 -0.7974160856297289 0
0 0 -0.11482621575741092 -1.221119289927112 0.7595367956088898 0
0 0 -0.38488163745909 1.275982711414916 0.8194601132563484 0
0 0 0.07601396764199553 0.8946426531760234 -0.7790061200231414 0
0 0 -0.8662331235788523 -1.3476628584782226 -0.4064677902907613 0
0 0 -0.9786703220369678 0.20730867009456322 0.7953720537205724 0
0 0 -0.6265593688438973 1.2050284541746386 0.7252206541898528 0
0 0 -0.4672450783020814 -1.2142685199221386 0.8151960425060946 0
0 0 0.7092141563496019 0.5951027465555723 0.8069135798071236 0
0 0 -0.10823925412660218 0.8648226819964846 0.7259197776124066 0
0 0 0.7501903216266665 -0.9196077602077115 0.8123047300339139 0
0 0 -0.11596854654695865 -0.047236763400045456 0.7673986349696178 0
0 0 -0.44425258236826326 0.331154929238477 -0.8138064841053239 0
0 0 -1.4231735283595213 0.719247339101907 -0.7440413255068369 0
0 0 -0.4837186250243477 -0.1094627563287549 -0.8181962706507134 0
0 0 1.4023339221189084 -1.116108783735218 -0.7774219137354029 0
0 0 1.0230525395050503 -0.5052176661678871 0.795064707307042 0
0 0 1.0169394366264997 1.2514129167180108 0.7798236304275206 0
0 0 -1.1483600895187835 0.510539452864484 -0.7942551334952128 0
0 0 -0.17354226139278528 -0.5255566993654862 -0.7850498067483105 0
0 0 1.0014974463615345 0.6002041836784551 0.7720299855201156 0
0 0 0.9309804586682349 0.20865247548479604 -0.7479688875025202 0
0 0 0.945261193468383 0.034342577071798885 -0.7944049162251012 0
0 0 0.8646575949765793 1.3300745289836646 -0.4533710827496974 0
0 0 -0.9817623328689703 0.5166673683330407 -0.8179127002276152 0
0 0 -0.94515542490878 0.2977814117576252 -0.7598788071682978 0
0 0 -0.2380348400303487 0.7639427952517834 -0.8150688875556894 0
0 0 -0.47720799412563486 -0.8555376580293932 0.7752079895311584 0
0 0 1.2055485296696915 0.6225329085116422 -0.8245702545254212 0
0 0 -0.8882732258723565 -1.0076291130588673 -0.78683135970835 0
0 0 0.6794506797941997 -1.2681568622113555 -0.7759876757347611 0
0 0 -1.4695703735400671 -1.2065463699706789 0.8165875183759292 0
0 0 0.6142363631285508 0.23072323278845364 0.736044626531836 0
0 0 0.22177494674991616 -1.3266869276770195 0.20248724885710656 0
0 0 0.10697107776401915 -0.0021438157903788113 0.8211244936267892 0
0 0 0.10586216851232311 1.021646323135988 0.7875261610185621 0
0 0 1.314264894776966 -1.1077310690368896 -0.8030449338578993 0
0 0 -0.32682738840624537 0.3432489900404576 0.8171003361441411 0
0 0 -1.3279606669696273 0.7891446369876858 0.7659293981118409 0
0 0 0.5267032826309808 0.2698007693130384 0.7552860752204423 0
0 0 -1.0894029843134383 -0.7624910176295674 -0.7959510776495009 0
0 0 0.5584856221887411 -1.3837187730543907 0.1090830113475233 0
0 0 0.17456432042492098 1.0810404963667504 0.7914815365632748 0
0 0 0.6601403076924499 -0.3415925391899318 0.8158498180734719 0
0 0 -0.713803237155543 -0.4178403979941797 0.7538722808018824 0
0 0 1.1123543555633155 0.8532816124250526 -0.7872504596857774 0
0 0 1.1774303052475004 -0.12634078359132794 0.8190375711838824 0
0 0 0.2851852577850005 1.3726986864202737 0.48759467770297893 0
0 0 -0.987588419119706 0.9871860651976563 0.7735385649206703 0
0 0 -0.9438337091133572 0.9430010969571365 0.7838229972973204 0
0 0 0.37687909625107463 0.2769602524249306 0.7474552906367832 0
0 0 0.9496087509397868 -0.44175350379864475 0.7341090533518586 0
0 0 1.4554185208644541 -1.2173649898511867 0.7600631502016909 0
0 0 -0.9268631624648621 -1.3903320880658494 -0.22185166646596977 0
0 0 0.6589471665289772 -0.009790574729972468 0.7425993444328416 0
0 0 1.4282085051028268 1.2613251690825573 -0.756523068536723 0
0 0 0.07215671320825368 -0.4767095290404826 -0.7299671603394001 0
0 0 0.8404037501457862 -1.2172550401936904 0.8042725403225235 0
0 0 0.7699122781025727 -0.7051026416134898 0.7879730997153216 0
0 0 1.539016891200912 -1.3264133290123723 -0.7755322736281824 0
0 0 -0.3442089320364021 1.3812227965608825 -0.5652728171114985 0
0 0 -1.5483744069248946 -1.365193095377655 0.3254897726451529 0
0 0 1.3786479647742493 -0.07313804567614102 -0.7408892474941791 0
0 0 0.4063686206416992 1.3000326278145846 -0.3929467959355827 0
0 0 1.532527176998732 1.0408160111801454 -0.7939649758714424 0
0 0 -1.3106007152879673 0.38845642006174996 -0.7950646438642492 0
0 0 0.22216356174232388 -0.9019977301817297 -0.7846169062345588 0
0 0 0.43379882894245814 0.8115884044456954 -0.7572306557177119 0
0 0 -1.4222784220601878 1.3268986225561634 -0.3285144764743403 0
0 0 -0.23021717202194592 0.5684982377288907 0.7426758397069178 0
0 0 0.5597417145246628 0.15518159755740335 0.729316355172947 0
0 0 -0.26962484417596233 -0.6818688671094222 0.727997981437589 0
0 0 0.16432204234660341 0.5597743313609653 -0.7455621806057201 0
0 0 -0.8294223049977804 -1.0445174189763533 -0.7678201456513779 0
0 0 -0.5635258845756412 0.972224995229088 0.7268558556809417 0
0 0 0.3038508579575312 -0.776598053414432 -0.7946007138109419 0
0 0 1.4436301458501597 -0.19312209347630294 -0.8006465954710646 0
0 0 0.6865025214747078 -0.618593839701025 0.737622098412927 0
0 0 1.5333430338574852 -0.5329012736454183 0.7304029477611338 0
0 0 0.6550811807315715 1.2953414067045623 0.7668544242360174 0
0 0 -0.26260813417414464 -0.9034680804081732 0.7269202161433811 0
0 0 0.18860776277185964 1.3040197682967583 0.4626150535795923 0
0 0 -1.5150503019958133 -1.240673704689916 -0.757909956703957 0
0 0 -0.42994298388201324 -1.2406663406479783 -0.7927394214451084 0
0 0 -0.6000195754210412 0.6217511739442578 -0.7590692622705308 0
0 0 0.2909397923976904 0.5081811078601337 -0.812554806451327 0
0 0 -1.2014494308464265 -0.50585958762936 -0.8140585756000258 0
0 0 -1.249249606373208 -1.04363644501407 0.7586398066868469 0
0 0 0.843456805162881 -1.2808838349193912 0.7435329181684865 0
0 0 -1.2021777900373478 -0.801817554760984 0.7718997141566252 0
0 0 1.4621196378810262 -0.5725662753849425 -0.7531182937777127 0
0 0 0.739341156954306 0.3549889086631792 -0.801420432865803 0
0 0 1.164634335064723 0.2727502954661054 -0.7626891267918309 0
0 0 0.115196574312737 0.304567282898383 -0.7368715373424262 0
0 0 0.04820379851711154 0.24732908127310327 -0.7820210822961101 0
0 0 1.454037432780488 -1.3207274665628952 -0.7879443106220207 0
0 0 -0.17995110386489954 0.6641947165774864 0.8156193628962303 0
0 0 -1.1834292403258315 0.6794337265701258 -0.7943518633668207 0
0 0 -1.196678918028915 -1.1745050069713667 0.7859498930566918 0
0 0 0.22347738456597677 1.0622322452917625 -0.7708944369799089 0
0 0 0.6296250652757371 -1.0409538808229775 -0.7617762717238172 0
0 0 0.397021002905267 1.1773246333818974 -0.7893905612805923 0
0 0 -1.1017806282703533 0.4351900807414455 0.8125265944457455 0
0 0 -0.3379498845516786 -0.7071318416819482 0.7432168795565628 0
0 0 0.03128943272413376 -1.2670575802891333 -0.8201285839760671 0
0 0 -0.3693726184221131 0.36494035106676503 -0.7691797643368031 0
0 0 -0.40669667862247794 0.7574388539878976 -0.8071229202993868 0
0 0 -0.36506632224013935 1.0755787520955453 -0.7728774305228432 0
0 0 1.0758908226518624 0.7183974424818589 0.7272968096764268 0
0 0 -0.9459090178181452 -1.0676001730733815 -0.8236472059466798 0
0 0 0.9694444023071327 1.3752506075316717 -0.8002374948417514 0
0 0 -1.32567754813778 1.3598575381268732 0.8049983975668846 0
0 0 0.884679072132966 -0.05696612785878652 -0.7503431547003764 0
0 0 -1.3738318321948089 0.5222683181762433 -0.7900679589426441 0
0 0 0.6221058881260579 0.10042898772512787 -0.7684441232504631 0
0 0 -0.5052280205502657 1.3231114175395682 0.14569843611025168 0
0 0 1.2768325953008297 -1.0760500189869475 -0.7630567849438847 0
0 0 0.07058530465756241 -0.8032480547053948 -0.7304250793659192 0
0 0 0.7934575530393362 -0.352595223673835 -0.7358532707391883 0
0 0 -0.2885476878262849 0.7551941309156665 -0.7756883876138457 0
0 0 -0.9952699386406212 -1.0633265269427123 0.7836413911911742 0
0 0 0.35603663216711623 1.383724758201852 0.07272763428497231 0
0 0 0.33082334628419474 -1.0128733642886218 0.7615083911722248 0
0 0 -0.7383026790832539 0.07787249723766121 -0.7567396094025214 0
0 0 1.5331806851989915 1.1307828290716546 -0.7477878695612444 0
0 0 -0.08049037986765928 0.5537099557592844 -0.7517982700526948 0
0 0 0.12085261294514549 -0.09182959742449781 -0.7527503266086754 0
0 0 0.2315286162218464 0.9421321950753516 0.7838575443948209 0
0 0 -0.32059718001328874 -0.179504127498463 0.7310170526029209 0
0 0 -0.9005472909114836 -1.0198557798732486 -0.7995719273206134 0
0 0 0.9519691664937016 -0.9241600654050994 -0.7357060651000741 0
0 0 0.08950387301576956 1.2348864130398909 -0.817542959957349 0
0 0 -1.3950876590203043 -0.1522793700011329 -0.8207542400069369 0
0 0 0.5111865394447577 0.03327694119183633 0.7633864402018482 0
0 0 0.0022344231618016686 1.1067300160805316 0.7935992834508773 0
0 0 1.3805004508776033 -1.0370907460941958 -0.7347913762774272 0
0 0 -0.445272461446357 -1.2388566728452393 0.8230930067953965 0
0 0 -1.120930870146813 -0.054129498122628794 0.7612717307730562 0
0 0 0.45349121052068764 -0.9631829114335706 -0.8179397314107217 0
0 0 -0.9705514874074096 0.23928195589935997 -0.7391894113397762 0
0 0 -0.9674268678115416 0.22930722765558254 0.8091011639876475 0
0 0 -0.2243385702662548 1.2405521963204367 -0.7297734042682178 0
0 0 1.2800120741788814 1.1669798685056463 -0.7881581863038503 0
0 0 -0.7514140339187428 -1.3673831448496498 0.3589114532299069 0
0 0 1.0811470834281516 1.2356496933719938 -0.7415465545813013 0
0 0 1.5131985317376921 -1.1748847906343869 0.7422537112053205 0
0 0 -0.40532706151493536 0.28406411885802063 -0.7266556615210177 0
0 0 1.2165692573921016 0.8886865934080175 0.7506505945885192 0
0 0 -1.481662718354502 -0.23602108104979247 -0.7563867937619021 0
0 0 0.09719302818042563 1.2204105821100641 -0.7960552705028598 0
0 0 -0.060191598531194046 0.8098994657370342 -0.7549365571283194 0
0 0 -0.125169046199193 -0.2238373258718398 -0.822105493666471 0
0 0 0.31998771166123596 -0.5082584149222765 -0.7345362012097034 0
0 0 -0.4178499204446662 -0.21754350775388143 0.8074468251485515 0
0 0 -0.24324521931649978 0.39610847451473497 0.7574075296490964 0
0 0 -0.7346198884599919 -1.1409174081787885 0.818056670491764 0
0 0 0.273986019572237 -0.4814388719731867 -0.752961675433258 0
0 0 0.49239045493146216 -0.040482685792324835 0.73856069935602 0
0 0 -1.3908740355560338 -1.1014929957054573 0.8022987176002828 0
0 0 -1.096963058250096 1.0630458309858686 0.7428399093271004 0
0 0 -0.2710020824668853 0.18919947754521194 0.7527252098569938 0
0 0 0.7287539870010669 0.8615967666059257 0.7676931322206441 0
0 0 -0.07759451744438017 -1.1139584295506277 -0.7351781373671334 0
0 0 -0.8059311526858186 0.5467584240049914 0.815988574206364 0
0 0 0.7125301228152927 -1.2388651356747855 0.7562818656780508 0
0 0 -1.1965558236380693 -0.22970166996464614 0.7947280485167231 0
0 0 -1.2713251976172733 -1.1002785986654966 0.7830423333511324 0
0 0 0.20431936615733814 -0.19603066715250095 -0.7299555974698775 0
0 0 -1.2907972344963758 -1.0706442673367567 -0.8226570774936893 0
0 0 -1.2186935784879311 0.35953325831494864 0.81319763427995 0
0 0 -0.9004835473636844 -0.6595241712799218 0.7896196859053234 0
0 0 -0.06102638832284657 0.6618821784192883 0.8116671506171947 0
0 0 0.2922588380690556 1.3185188930871474 -0.2852429816505322 0
0 0 -0.9356795165568208 1.3688218292031566 0.6293628705211183 0
0 0 -1.1093686443799489 -1.2225016580041719 0.7982489413972524 0
0 0 -0.08495634964596577 -0.9265904333793498 -0.7588991103479396 0
0 0 0.6089618991611521 0.35702639589481167 0.8007145091575832 0
0 0 -0.7572778715258269 -0.857381197495571 -0.7932833427856335 0
0 0 1.476282424752061 -0.8905959196751231 -0.7333102192310658 0
0 0 0.6068170979915357 -1.0170277725588983 0.7496236220500688 0
0 0 -0.6162702884793908 1.0573499301928193 0.7878699688611849 0
0 0 0.9979245889805228 -1.3003784712330302 0.0968443875277698 0
0 0 0.12040655881225804 -0.732815117506328 0.7707494201386058 0
0 0 -1.5486983975602933 0.6538122574489862 -0.7923983760779144 0
0 0 -0.4690898471267644 -0.3200893287056338 -0.7320431679467445 0
0 0 -0.40543602468579176 -1.1532906968679217 -0.7300230934627934 0
0 0 -1.3579477003432758 0.912797181740858 0.7387167152430325 0
0 0 1.1715362869357215 1.3559216500434386 0.15366508321282013 0
0 0 0.0021383058647348463 0.6452903336631894 -0.785819345114997 0
0 0 -0.22004600894743054 -0.3539256514434279 -0.7879691127508561 0
0 0 -1.4090496766250953 0.04939229856317229 0.7921882411710046 0
0 0 0.1598179079105002 1.3247063586056647 0.3471518296267515 0
0 0 1.4493215990834765 0.8027692403754145 0.8152297752167252 0
0 0 0.45913086075092346 -1.1060095266328902 -0.771563985570169 0
0 0 0.6976165338331337 -0.2799977958964597 -0.7343040001113387 0
0 0 -0.602990034237489 -0.6142721629239787 -0.7883670668666054 0
0 0 -0.2637742191387984 -1.3041374646621458 0.4489049747089435 0
0 0 0.6609415750610488 0.4678223421202532 0.790149100242737 0
0 0 -0.27281452082355107 0.49614889716637833 -0.8211561975295829 0
0 0 0.05760777655466942 1.1543049908536644 -0.7766306379334335 0
0 0 -0.5671633373353762 1.0855645501868827 0.8017011340565334 0
0 0 -0.3003714141217746 -0.4307571171162874 -0.7295052605826907 0
0 0 1.0278534314148953 0.13870839938934765 -0.7432939907240774 0
0 0 0.48820599469084147 -1.362619182182138 0.6074915663729219 0
0 0 -0.4474340202036664 -0.426304895155047 -0.7442392867714673 0
0 0 0.06242306479983828 -1.0837613826046668 -0.7933963967696893 0
0 0 -0.9182248380396293 1.3924397631112262 -0.057860087613694544 0
0 0 -0.7089064826848323 0.3852686416696469 -0.7959799593895154 0
0 0 1.449937667169761 -1.300892920144443 0.6207358882295719 0
0 0 0.2480801914994435 -0.1663362708928171 -0.7649149856938857 0
0 0 0.7966602499115192 1.2384433531977053 0.7489034356061159 0
0 0 1.4644349251474824 -0.33360809364429334 0.8012360808341636 0
0 0 -0.33945385718742727 -0.35205352646498145 -0.7907898042464416 0
0 0 1.1889243958289737 -1.3669988749316313 0.7519609541771177 0
0 0 1.1352293895544667 -0.25901640092820655 -0.7625357193485843 0
0 0 1.2569217842207263 -0.2991547809102444 0.791755947894462 0
0 0 1.338191091383893 1.0072908523983488 -0.7370820239136795 0
0 0 1.5208924194296278 -0.38433010209037866 0.7896575628764861 0
0 0 0.023255357401685606 -1.0577449008393154 -0.7714290147032836 0
0 0 0.9049439270894264 -1.1232455370483232 -0.7662070806679394 0
0 0 -0.11995976190677671 -0.7030900438260866 0.7948741772577599 0
0 0 1.4677243305122816 0.994564688418661 -0.7612131142092642 0
0 0 1.259423870264949 -0.3810229217878456 -0.7563991321600051 0
0 0 0.6117655882792579 -1.307304212775031 0.1977299660675058 0
0 0 0.4516417963011934 -0.7785917724049352 -0.7986416415229121 0
0 0 -1.056504781390767 1.0529874946578677 0.7851199373288292 0
0 0 0.10488083309974172 -1.3199182576645865 0.3441140901230091 0
0 0 0.3035732676230287 1.1074728638885654 -0.8248775132679667 0
0 0 -1.3053102724883687 -0.08441564147249281 0.781565540634899 0
0 0 0.04984229198639922 -1.3685747545956328 0.36378046169183853 0
0 0 -0.8133796757640595 1.352220584886595 -0.6104945467384639 0
0 0 -0.7062736830297336 -0.14417307291532322 -0.8052969966273369 0
0 0 0.193185459438588 -0.059814713233012684 0.7817865614748103 0
0 0 -1.1861141133446647 -1.3202880328449125 0.7458892920359852 0
0 0 0.7743198075646838 -1.306508948911282 -0.27623229975655494 0
0 0 1.1441109653995576 0.9742196410956432 -0.8111203533513303 0
0 0 -1.479810003617931 1.103363956759771 -0.81159163432421 0
0 0 -0.23127973017080694 0.23970655548858555 0.7291734831186868 0
0 0 0.9523912372043442 0.06774932628064567 -0.803256607804222 0
0 0 0.9177375421083496 0.2777950073154898 0.7250283842844559 0
0 0 -0.4253574275172469 1.3524181344938007 0.006486731642938892 0
0 0 -0.900079026828905 0.40676190792132605 0.7394808984290437 0
0 0 1.2553714394689308 -1.3708389916167714 0.18590462585188305 0
0 0 1.5312389191057627 0.15130384970081234 0.7346671005914093 0
0 0 -1.0141195231170048 0.7873167668349581 0.7281756566654423 0
0 0 0.06129849032494672 0.2561083746822559 0.8083317596344186 0
0 0 1.265166429185737 1.0407235657678575 -0.7521392621426839 0
0 0 1.32571521191712 0.5304063594510102 0.7429781429024489 0
0 0 1.352647742471083 0.2162254441135869 0.7733361901791534 0
0 0 0.1305225670228647 -0.6115311134028123 0.7837879982652981 0
0 0 -1.5685884419182574 -0.48935158694964465 0.8116520172808055 0
0 0 0.8239581025852991 -0.9405383117385246 0.8196919404758644 0
0 0 1.3759304519665836 0.00860606976698497 -0.7866254021765043 0
0 0 0.7860602363773852 1.3209662119520431 0.03243232589568912 0
0 0 -0.7736145087842398 -1.1381024529102957 -0.8246695520240628 0
0 0 0.5462507950194193 0.22058310587861318 0.7715643674069159 0
0 0 -0.8708247434172933 -0.1122309308351086 0.7445442319341332 0
0 0 0.9332043969010475 0.6523021991103521 -0.7610171506676714 0
0 0 -0.3647518329887953 0.25546795095268915 -0.7351805952521125 0
0 0 -0.49701902145426824 -1.365771358200955 -0.3158447245607222 0
0 0 -0.4332904343369284 1.3022410282581234 -0.14973161093890675 0
0 0 -0.8113865820092842 1.3460717199837455 -0.6943861571701121 0
0 0 -1.5499313520902696 -1.3303723183675984 0.6947399190464256 0
0 0 1.2077599594069608 1.2764947273894418 -0.7330925064252538 0
0 0 0.3433495283896286 1.3623647629725972 -0.1818566019544663 0
0 0 -0.3067497577401237 0.8489821690794705 0.8141011334351169 0
0 0 -0.48497143379095387 0.5776054467384597 -0.756720726491822 0
0 0 0.901524363830263 1.385616183124804 0.18455360301888257 0
0 0 -0.9257194562717939 -0.1898831552082385 0.8176927626658194 0
0 0 0.651069394341746 -1.1928337604244716 -0.737707700945203 0
0 0 1.2453127535353756 -0.02013405428172499 0.8231173271036558 0
0 0 1.4006976036419077 -1.355769838264711 0.38218761788026523 0
0 0 1.250063152938071 -1.2637648727245787 -0.7457143208806769 0
0 0 1.0358403358343509 1.3977747741780715 0.04980943420889039 0
0 0 0.15314362242553048 0.7429519663994604 0.816377044705709 0
0 0 -0.894522290767366 0.1606089722635069 -0.8177144154704175 0
0 0 -0.7910956223990236 1.3860473691869397 -0.3639046852037421 0
0 0 0.5448697667002924 -0.7034592026103732 0.747178324784119 0
0 0 0.28289016438737224 -0.37191967613532007 0.7709192127991512 0
0 0 0.2346537816715224 1.3173625756463314 -0.4229697214111566 0
0 0 -1.2266380045165408 -0.8719797023824717 0.7488258863507619 0
0 0 -0.3107194488622391 1.3144507548169837 -0.4083191763878283 0
0 0 0.7198459550520728 -1.3244835639304828 -0.23564216254879933 0
0 0 0.09408498252107678 1.3476788301481102 0.36514866674212554 0
0 0 1.5587449249387642 -0.995359750880602 0.7308518504425013 0
0 0 1.1579674396291053 0.5833508821691114 0.7639944716664233 0
0 0 -1.271407226920364 0.3020739569248454 -0.8097325302509697 0
0 0 -0.19359708386017815 0.3366066293440031 0.7660273220096482 0
0 0 -0.4915404428572987 0.4634236701582277 -0.7623548742621584 0
0 0 -1.3031299205235474 -0.18366943683165404 -0.8007545419738166 0
0 0 1.238503891766706 -0.9533077457679808 -0.7256273732636342 0
0 0 1.42823245451254 -0.44424242224788013 0.7680631216421456 0
0 0 1.068437830932726 -1.2157012212821217 0.804793591764402 0
0 0 0.057670981127157184 -0.5025789974278899 -0.7999369626415973 0
0 0 0.8670238114904185 1.1019716375164303 0.731876558474711 0
0 0 -0.3029288491610995 -1.0147915810945303 -0.8017603855204622 0
0 0 -1.135929526687044 -0.5286942577103618 -0.7333828799479751 0
0 0 -0.15416020591726154 0.5052606349471629 -0.7716546243645905 0
0 0 -0.08094698732261874 -0.3986438859276633 0.7726651941253295 0
0 0 -0.12013743936152821 -0.13543977177787525 0.7775489424175515 0
0 0 0.4819661906994579 -0.7925617466903963 0.7924201141407774 0
0 0 1.3898851775634422 -1.3973172703099823 0.23829571569551877 0
0 0 1.340989304482 -0.04399427230335129 0.7507078205551719 0
0 0 0.814053877284056 -1.2776953458653297 -0.7875173848085246 0
0 0 -1.203029935213779 0.43743106900528983 -0.7616849496266441 0
0 0 -0.5390532434584299 0.32067576387053154 -0.8150109250985396 0
0 0 -1.4876481936144128 1.3998482231384015 -0.6997643191288527 0
0 0 0.2798141920973938 -0.601005716325815 -0.7812875781448091 0
0 0 1.555811427526816 0.5143059315700222 0.7625696389464062 0
0 0 0.31059737747356286 -1.3908859056425975 0.029999732853802086 0
0 0 0.6190053698639306 1.3109728407578782 -0.7453745708293676 0
0 0 -0.7313518355678825 0.40173346092071793 0.7252172481208365 0
0 0 0.04017817122387468 1.0721657248052494 -0.8104409141441155 0
0 0 -0.09016280359772577 -0.09642093301280164 -0.8163257481618112 0
0 0 1.0747289998997367 -0.10246349331498905 -0.7691475602751148 0
0 0 0.3439078734446521 0.941983896548922 -0.7283261490779839 0
0 0 -0.04501669521694707 0.8596319078783539 -0.7366236575933435 0
0 0 -1.0992743850036961 -0.7989636958622672 0.7299778366946599 0
0 0 1.117337354822431 -1.1270282084965755 0.7670692577281385 0
0 0 -0.7309698588063246 -0.6571214685270634 0.7570172610309587 0
0 0 0.6222735802726667 0.4616139264034327 0.7514732001011439 0
0 0 -0.9236101792566691 0.19991649355483254 0.7943551144416168 0
0 0 0.5772279031892076 0.5265955774116104 0.7421339823919127 0
0 0 -0.6139411635267159 -1.0370089349204585 -0.7865274979848853 0
0 0 0.3713086022291594 -1.307259872726138 0.7585345633914276 0
0 0 0.9817159425314279 0.48296425666093024 -0.8012094537835708 0
0 0 -0.8552475679434228 -0.10385403513720148 -0.7438743657980497 0
0 0 -0.2358427063385693 -0.16160462016449273 -0.7831468623100357 0
0 0 0.05848644946170767 1.2509552135691038 0.7916008144517821 0
0 0 1.0855486516687298 -0.9918881479026809 -0.7825284570060101 0
0 0 0.0015141577187962607 -0.6207933385090522 -0.7394393839389658 0
0 0 -0.9661834881587168 -0.5209387444917629 -0.8248339856980083 0
0 0 -1.493230115201479 -0.34623170315478635 0.780560110326919 0
0 0 0.15136491966982946 0.06822315769142628 0.7732928239513057 0
0 0 -0.4646636570837135 -0.7539197251058534 0.8019624690258075 0
0 0 -0.5070093824235695 -0.17771612045778395 -0.8121628811815278 0
0 0 1.3124130440776285 0.436655237776991 0.8006005684548019 0
0 0 0.4576813202418015 1.3759411895119755 -0.717422498955756 0
0 0 0.5730779960920507 -0.8564989641608987 0.7837196869842857 0
0 0 1.0788516213736385 -0.8576764703855213 -0.7368513176823105 0
0 0 -1.0756861874203807 -0.6747957856878393 0.7424239110280036 0
0 0 1.04539919213912 0.15169595583217865 -0.8221668164913528 0
0 0 0.16136144027063204 0.1010218456513794 -0.725054653160809 0
0 0 -1.4646411582502743 0.1701714416683473 -0.7403828773110128 0
0 0 1.4261995465548511 0.5520264950760665 -0.8075801860513014 0
0 0 -0.3993635629599459 -0.941622048421843 -0.8011634874951146 0
0 0 -1.4766237870734626 -0.8618750714248804 -0.8034010142128727 0
0 0 -1.2187926140002658 -1.1018239602288598 -0.7757471538322931 0
0 0 1.0242468290275792 1.3445369524114643 0.5852268073455444 0
0 0 0.5570662867169962 -1.3247000477381365 0.37025182721146943 0
0 0 1.2523633693521794 1.3417817008726352 -0.7292570436754192 0
0 0 -0.8100389350075692 -1.3853412495838926 -0.23936436971027497 0
0 0 -0.7542511177800668 -0.47071569679475367 -0.7429554857865053 0
0 0 -1.154919107718305 -1.3483987616563629 0.08503865529873433 0
0 0 0.08186511412542785 -1.249554133844823 0.8178315195347284 0
0 0 0.9191727025417569 0.32286832108866803 0.8147880349011097 0
0 0 -1.0117261019759023 -1.3813407017021562 0.7299856839196033 0
0 0 -0.2654458428673221 -1.3015445945689992 0.23741856331939304 0
0 0 1.4913708502516743 1.351691702399452 -0.06853950443390033 0
0 0 1.1725577875421758 -0.5032184263241122 -0.7514209831596986 0
0 0 -0.3471850531219771 0.6677870709242908 -0.7783534403154712 0
0 0 1.3400137483065393 1.301678863481601 -0.4391216464357339 0
0 0 -0.6308967065138086 -0.08548616636833595 0.8023667479639945 0
0 0 0.7683942651797189 0.33470744323271817 -0.7972834536011288 0
0 0 1.0468408505228002 0.8192964252423833 -0.7311102404053677 0
0 0 1.0618195693910137 0.08707745556064928 0.8006235151200402 0
0 0 -0.809911980854298 0.12182690684301156 -0.72861388640292 0
0 0 0.16913145892235693 0.9039807853027584 -0.781416199253537 0
0 0 -0.4458869082926753 -1.3102141743130846 0.17772157153996027 0
0 0 -0.7847134648654976 0.7198488242312446 -0.7741337303366527 0
0 0 1.0236002809825888 -0.9480903840543986 0.8188132680665171 0
0 0 0.6251845353271284 1.3792768242668796 -0.23096061072982532 0
0 0 1.4169150440453837 0.5679644383846767 0.7266955966318641 0
0 0 0.7452459274285332 0.37242321488124897 -0.7910208478096343 0
0 0 0.053150442011449694 -1.3296743386247467 -0.21781387383913564 0
0 0 -0.5768954440677617 0.3201714892136691 0.7622799012440925 0
0 0 -0.4865609757298508 -0.9800319543425451 -0.7736193649116218 0
0 0 0.253989165663455 1.2835606781644413 0.8214499939511967 0
0 0 0.9470342449239433 -0.14538138219334917 -0.8086110373074542 0
0 0 -0.9947655442494977 1.3748413698758983 0.4589412472624279 0
0 0 -1.1544599018474337 -0.6117818023213825 0.7759582379261046 0
0 0 -0.5279743685880927 -1.049012437355182 0.7795208974444703 0
0 0 1.1372090588102295 -0.11295243742762628 0.7855542544400818 0
0 0 0.40807291019553427 -0.46287839845901146 -0.8118163608348695 0
0 0 -1.4012794673932285 1.3298526866244451 0.03132222011208741 0
0 0 0.2517579691225251 0.8244020272271955 0.7864519104503449 0
0 0 1.5476685877430008 1.0143053164840705 -0.8140894954948485 0
0 0 -1.4525820013471578 -0.07603096080585603 0.8092318083947663 0
0 0 -0.5123045555893 1.040887309190779 -0.742774683354933 0
0 0 -0.21158416313828443 1.3158178031574557 0.5520763602308736 0
0 0 -0.3711603893232349 0.3971310745317558 0.7485700618008929 0
0 0 -0.19665821229348746 -0.5668663283080444 0.7718261610155915 0
0 0 -0.21256580464636365 -1.3467238547721352 -0.692749797084695 0
0 0 -0.750413745200566 -1.0343811622259922 0.7804772808223661 0
0 0 -0.5388880475348374 0.8517806269409325 0.7444395669601984 0
0 0 -0.8084838344601759 -0.6594003281131887 -0.8024096829842396 0
0 0 1.0921544566042938 0.7902308809441048 0.7671531922551279 0
0 0 0.8609803202617274 1.3675523821529403 -0.712708032423643 0
0 0 -1.202925537574841 0.36270342304876446 0.7975689503639158 0
0 0 -0.6376615342152611 1.2530604499905482 -0.7263491941271398 0
0 0 -0.886053302296128 -1.3133788742148669 0.027829009066820842 0
0 0 0.13752845973204897 -0.9707164023097896 0.7362538865276943 0
0 0 0.9632423106995747 1.160912041906865 -0.7907627455795515 0
0 0 1.0602083760615835 1.134533729327239 -0.7270443780624791 0
0 0 1.372721260474309 1.3014564809650968 0.11098749635121141 0
0 0 0.6989929482481938 1.3076236432648352 0.10635079633904654 0
0 0 -1.2485675775567122 0.7345137142830029 0.760269585760333 0
0 0 0.8534929276430105 0.1271360189346662 -0.7907967395148792 0
0 0 0.7309543402535543 1.0626311331122846 0.765415653729573 0
0 0 0.3470683314098917 -0.10529519353314676 0.7859820260346981 0
0 0 -0.942348329931824 1.061929773298025 0.8153562168610206 0
0 0 -0.3579922965999949 0.4162736549768671 -0.7953482774100784 0
0 0 -0.5462921805486791 0.7182815819393442 -0.7725361364496985 0
0 0 1.4264443738295989 -0.006128791468805295 0.8235591648916255 0
0 0 1.0181978503285176 -0.69821940704385 -0.7447514539094986 0
0 0 1.1556574700181068 -0.20638832370929583 0.741545840339494 0
0 0 -0.7698378447251848 -0.710610153181089 -0.7781878618474188 0
0 0 -1.0318556111142279 1.0404650692880117 -0.7518712926634668 0
0 0 0.15284092410405914 1.1212916502736852 -0.7322424817660257 0
0 0 0.5182791266686695 -0.7326687029988007 0.8238933016057701 0
0 0 1.384233012460466 -0.23495426366680894 0.7861209079812225 0
0 0 -0.5022159431037372 -0.012540140340717931 0.7445546859632237 0
0 0 -0.05300381269543908 -0.4724631053073808 0.7868029067823492 0
0 0 1.2702463663279238 0.3170487360940373 -0.764239362204919 0
0 0 -0.4792828279351624 1.3991943189475802 -0.4962654524217846 0
0 0 -1.5180584675682172 0.507127277467605 -0.7908975175017653 0
0 0 -0.44697405939469914 1.3540532360871902 0.2176065765005819 0
0 0 -0.33002643031695733 0.2522201998988618 -0.8187955124647098 0
0 0 1.3265172740143454 -1.0495130923810845 -0.7430607405571841 0
0 0 0.24384967299933358 -0.43628213438133656 -0.8218679299985546 0
0 0 -1.0862225344013794 1.3827052087127354 0.6257525592029352 0
0 0 0.3298504890320122 -1.3544485887089421 0.6606876158418125 0
0 0 -0.11299320356684994 -1.360387131355845 -0.8199889670156988 0
0 0 -0.9265137808318193 -1.3793078087826907 0.21263105855643816 0
0 0 -1.2305566157435817 -0.7000037489808313 -0.7554074958338237 0
0 0 -0.8073779742183297 -0.2380945239171297 -0.7291949350715923 0
0 0 1.0156072484145224 -0.1666956269374884 -0.7788662725365424 0
0 0 0.4727024488121403 -1.3494392929554593 0.030493045875163327 0
0 0 0.9569889506380949 0.11761563202247904 0.7285801626222211 0
0 0 1.5396875396503966 0.13526842008544837 -0.79498472824937 0
0 0 -0.026464345735242478 -1.3167936246732668 -0.04112987791104272 0
0 0 -0.17202955416859322 -1.2651984216019871 -0.7451977265097719 0
0 0 1.378957695851855 -0.6042545299358608 0.7603348399237555 0
0 0 1.0177534438005473 1.3009543887736188 -0.14091093058053983 0
0 0 -0.8856062019565161 0.8469138619475889 0.7835280438783317 0
0 0 -0.5196573725074609 -1.214444771484146 -0.8079254691547476 0
0 0 -0.03710920420252228 -0.9846470249642919 0.7901409566550133 0
0 0 1.5583406017670702 -0.3753182560329852 0.7750642274432743 0
0 0 -0.5692839755199355 0.7867790323234234 0.8185797134828143 0
0 0 -0.32071917452986853 -0.8612173824024763 -0.8171086866465694 0
0 0 0.4107407821876212 -0.5583750997147836 -0.7255334272074005 0
0 0 -1.409445453400717 0.8946734285717672 0.7529330993189176 0
0 0 0.8532656052959839 -1.3540998768958807 -0.29817884864110633 0
0 0 -1.0421159701865528 0.7743360057400321 0.7442141469378375 0
0 0 1.136324022657671 -0.07726225377391627 0.7409986312016581 0
0 0 -0.3536300312562808 1.070394907872574 -0.7348739038090272 0
0 0 1.1297339649252542 0.04849178020747469 0.7771240522881655 0
0 0 0.0457533179665377 1.3941188508890334 0.1388014707980244 0
0 0 -0.15091755967588916 1.3604218551319123 0.000908628194021599 0
0 0 0.1706538498811121 -0.9704640738875978 0.8143673664324222 0
0 0 -0.8905962892477879 1.0282314843538243 0.8212999278631913 0
0 0 0.6747864337266325 -0.041582285116491535 0.8241050410970101 0
0 0 0.6389671175200187 1.2049154869126213 -0.8203219425471309 0
0 0 0.2647312290189914 -0.8855747248274708 0.7755234946707439 0
0 0 0.3134083902462066 0.6875459218193023 0.8015079081483656 0
0 0 0.6844334143720952 -1.1191518100761757 -0.8069822365315359 0
0 0 1.0820074116412917 -0.024336514774844664 -0.7682546221267189 0
0 0 -0.49038298259737134 -0.5472063537880767 -0.7442196515426059 0
0 0 -0.8477605502148946 1.3762687174464072 0.498893351818829 0
0 0 -1.1811260095768732 -0.46950322282743695 -0.7799014427765025 0
0 0 0.6449307231195265 0.45023559381343414 0.8158305343952132 0
0 0 0.6516161991711686 1.2072176749737766 -0.8030474392936118 0
0 0 -0.5900261395071579 -0.9510679678341873 -0.764403002595485 0
0 0 -0.9386098844413462 0.38029139171031057 -0.7997328819980389 0
0 0 -0.0651293739240919 -0.5158053332757849 -0.8222131518631194 0
0 0 -0.6298304997612602 -0.508499215243763 -0.7586797240782749 0
0 0 -0.9468251227767387 0.06449475579823605 -0.7404297913854541 0
0 0 -0.7478634894812473 -0.607852358646859 -0.803191662379362 0
0 0 0.9998442716903875 1.3392700678392695 -0.6097242853661432 0
0 0 -0.6391663711983836 0.7363856988164683 0.7553717778811947 0
0 0 0.19641150801096519 -1.3760301493159708 0.11670909782072558 0
0 0 -0.9532878426911906 -1.1083204736523993 0.8083360208389282 0
0 0 0.594357893894085 -1.2103495880217983 -0.7941442875425824 0
0 0 -1.536225437971033 -0.18492786361630453 -0.7765793551376075 0
0 0 1.3715693029383624 1.3337113445130164 0.37329311083349426 0
0 0 1.2328468052007793 -0.7390429791687069 -0.7399715740654089 0
0 0 -0.20946944214931684 1.2532727801949013 -0.8223680148391656 0
0 0 0.6757770025533465 -0.5443522607862642 -0.7504354796336792 0
0 0 -0.1842436087741175 -0.9652761888961543 0.8185684210402084 0
0 0 1.475885650784 1.2229394493657944 -0.7338735365973497 0
0 0 -0.9522685847234439 -0.8104340342826699 0.7319218619821954 0
0 0 0.5335156776254095 -0.5190205115021727 -0.7306226761073551 0
0 0 -1.323015083001693 -0.3802857969502542 -0.8216871340530474 0
0 0 0.7889674669417515 -0.16946915475979374 -0.8058186748706121 0
0 0 -0.3245752157819053 -0.0696578099094276 0.7308580613920731 0
0 0 1.0396523025027191 -1.3592415269884714 -0.25577520118772634 0
0 0 0.36800408398739504 -1.3920452300364499 -0.7015566750816598 0
0 0 -0.2877956772539636 0.4488828957553317 0.8184333619339584 0
0 0 0.6621701935769 1.336994400580388 0.05750424406306642 0
0 0 0.4219708074385222 1.115224971318726 -0.7778607268409579 0
0 0 -1.3715794748776988 -1.1836216210064017 -0.7697538926435253 0
0 0 0.6674965362473513 -1.3214907748305098 0.2546287730188903 0
0 0 -0.36868445113843595 -1.0005049601349647 -0.8099635035359047 0
0 0 -1.1994696614953229 -1.1552004052538276 0.7926403092300829 0
0 0 -0.5091164863243611 -1.334563165695103 0.24530408168482154 0
0 0 -0.7096063848989549 -0.5283928056803616 -0.8239889330288802 0
0 0 1.4872803208978849 0.20240664448487045 0.765235999026404 0
0 0 1.12150544250887 1.3257648270574167 -0.5316557829699361 0
0 0 0.6830639318080038 0.09261583378722116 0.8076084899455076 0
0 0 -0.15979395504512484 1.300151344960817 -0.3811935561907004 0
0 0 -0.6702036388732161 -1.3419243284892945 -0.8156532678756241 0
0 0 1.501663043961127 -0.07519457833485266 0.8138479889854676 0
0 0 1.2944844539130327 1.3213197012436642 -0.2569650341465468 0
0 0 -0.7368590826260011 1.3957109693886787 -0.6348459595515884 0
0 0 -0.3918135529917208 -0.6321648396761536 0.7727172475273365 0
0 0 0.11072380322717223 -0.011894136840232994 -0.7617981073700827 0
0 0 -1.5325292866705407 0.19353120581222738 0.7769864584544561 0
0 0 -1.3338529014321905 -0.9323087281170055 0.7610505629569373 0
0 0 -0.9710978517769091 -0.4856250527447057 0.7347294115893713 0
0 0 -0.5911795646590511 0.876296480429996 -0.8209278800482557 0
0 0 -0.15195251512763286 0.8895765615403477 0.8031010120364854 0
0 0 -0.6060387770113197 1.3984587956330856 0.6184946375583784 0
0 0 -1.0322228907333901 0.7109257227236039 0.7308439167308391 0
0 0 0.3181811852470944 -1.3401218373480108 -0.7051624665085715 0
0 0 1.2355181767652899 -0.34396570325888054 -0.7423722993063792 0
0 0 -0.21476694894660553 0.14318949128214342 0.7393098864679103 0
0 0 1.24468695949068 1.1074241627380037 0.7638210134963735 0
0 0 1.4472449474232434 0.8430483548407055 0.7586087717751915 0
0 0 -0.9432755224873484 -0.0721354829952543 -0.7960893613702156 0
0 0 -0.9931169917447459 1.2948389750173643 -0.8244433299180893 0
0 0 0.8372310639407505 -0.005364764889531415 -0.7642447973645606 0
0 0 -1.066312495566244 -0.16150042798491016 0.7807468439076002 0
0 0 0.40895998427558156 0.7773622255061945 -0.7705562924459751 0
0 0 -0.658403621577093 0.8575938504282961 -0.75982928535838 0
0 0 1.1090678291245277 -0.257069341988335 -0.743760745427614 0
0 0 -1.5449248550326125 0.8520572652316132 0.7508432872907109 0
0 0 -1.189739887042649 -0.7134628136429783 -0.7535230100907677 0
0 0 1.2723669814334433 -1.3559245284028907 -0.09005274087096105 0
0 0 -1.0617355890604436 -0.674498122377373 -0.7754913149952469 0
0 0 0.46955281163011797 1.083770778264754 -0.8044011508132619 0
0 0 0.38503917282817324 -0.06948241599930904 -0.8167099118022823 0
0 0 1.1607923284202237 -1.3366975288280039 0.11404089503307957 0
0 0 -0.22420292776537143 0.4768023963869832 0.7653675792179517 0
0 0 -1.0849813916685465 -0.5825045671570627 0.7968600273294104 0
0 0 -0.6013626837563609 0.8912791593941674 -0.813466345874619 0
0 0 0.5108823037928096 -1.066836151027119 0.7542359613103171 0
0 0 0.8523775037260615 -0.3273889070203484 0.7866704299124982 0
0 0 1.1633691752307804 -1.37371967262867 -0.09434607248826377 0
0 0 -0.7956427808110056 -0.23983344292267894 0.7519900139984742 0
0 0 0.37354171711299866 -0.7119177985734205 -0.7902619284403489 0
0 0 0.4061808287513069 1.1175862727186499 -0.7976850896596301 0
0 0 -0.7311507979116006 -0.45153746192321376 -0.785560761947868 0
0 0 -0.9664513345874703 1.193047115690973 0.8048653657485744 0
0 0 0.39516337683243385 1.3305953415303995 0.7309405443679764 0
0 0 -1.560160874772794 0.737306083400165 0.7673497025012732 0
0 0 1.1353970348381712 1.3942042954964797 -0.4433768052068041 0
0 0 -1.2784156335585224 -1.058746039758578 -0.731293516202623 0
0 0 0.9641535538907453 0.32705078296005863 0.7470609717078717 0
0 0 1.3013149980242567 -0.424588841990877 0.7271769345845518 0
0 0 -0.6917391229645526 0.9395545564130001 -0.7809372063134181 0
0 0 -0.8096226303194425 -0.07720167303448067 0.814544131491542 0
0 0 0.3710737388804224 -1.0375212406622514 -0.7816428118499607 0
0 0 -0.06985510243262172 -1.3487147340267218 -0.03826880798431398 0
0 0 0.4499663712129882 -1.182501737179569 0.8097833596151977 0
0 0 -0.6089742982889206 -0.37679094339235475 0.8090679866740205 0
0 0 0.33255120228751744 0.6174572006749279 0.7433499561840485 0
0 0 -0.16985302362643506 1.0891758538271257 -0.7515998580152705 0
0 0 0.6099835956891724 0.27397223502404366 0.7280273369407498 0
0 0 0.21853015726477865 -1.0219432055734616 0.8030305791991778 0
0 0 -0.19633275767783553 0.699527742480146 0.775691123543139 0
0 0 0.48129682988349876 0.8577540932522922 -0.8174143414156921 0
0 0 -0.7756324356763157 -1.3418351946288236 0.5724270942410785 0
0 0 0.8567927317876842 0.7614284596969052 -0.7651104562744722 0
0 0 1.1026996477251574 -0.6469676258313963 -0.821735963519795 0
0 0 -1.3281544156832332 1.0132388715860892 -0.7864971067453518 0
0 0 -0.8986614685063219 0.6561673074078507 -0.7710260302737677 0
0 0 -1.1993787397858275 0.3754826520296788 0.8244986044456647 0
0 0 0.8165568329858246 -0.3988216588293403 0.8144503642444498 0
0 0 0.8680552442926288 1.190315837738755 0.8055172562460552 0
0 0 -1.1707088691807832 -0.3952717330860107 -0.7309948661970397 0
0 0 0.942011767059618 1.3887347075465861 -0.14807404438253613 0
0 0 0.3964983525561063 1.308341889845388 -0.15326427893446404 0
0 0 1.3214964626891668 -1.2600835459097368 0.7879330157860047 0
0 0 1.1375733082528292 0.49746492723708946 -0.7990153708916297 0
0 0 -1.3334886383683797 0.40734478191759194 0.7592319719869166 0
0 0 -0.9989198021089069 0.5582520977504049 -0.7402365982230218 0
0 0 -1.4176170313726169 1.327993937480816 0.2814390927856023 0
0 0 -0.33909561897545304 0.6377283793266151 0.7984246472339833 0
0 0 -0.7643543247444525 -0.40009960730982863 0.7810120575036769 0
0 0 1.5695403098346339 -0.2761963298304113 -0.7434232078544178 0
0 0 -1.314982921382418 -0.372927734558511 -0.7666191622361641 0
0 0 -0.513574700339442 0.9765214188341422 -0.7559085496079139 0
0 0 1.1888003861486678 0.1542002510681486 -0.8245551497664391 0
0 0 1.5404100911455303 0.6331844941244524 0.7367576051208622 0
0 0 0.9054341220925473 -1.0828030776810247 -0.8192140185801887 0
0 0 0.36169734089258676 1.1833035601671822 0.7447093212769262 0
0 0 -1.3082734641150222 -0.11415360497387939 0.7272367463820487 0
0 0 -0.040612176238368436 0.05968514159499416 0.7261033230027732 0
0 0 0.6978908640696613 1.3041923683627237 -0.7561554432224332 0
0 0 0.5201464425151259 -0.14295196931443988 -0.7634652498735248 0
0 0 -1.0016365266338862 -0.07447975751823632 0.7807720607157894 0
0 0 0.014682461002206715 -1.3057894315044285 0.32541723922769394 0
0 0 -0.7858892223932845 1.3361728304701737 -0.42933455824970285 0
0 0 0.5752397301608623 1.2686769788074994 -0.7394019498280795 0
0 0 0.5089578307146194 1.1188195648207218 0.7736586413971034 0
0 0 0.7760619140718679 0.4831278375403689 -0.7284074683543679 0
0 0 -1.1352641243727493 1.2853805476131546 0.8210273110175268 0
0 0 1.234493454977608 -0.6263092729382552 0.7453540982718082 0
0 0 1.2631846312379356 -0.27935152879899294 0.7529466796822745 0
0 0 1.0993560534523756 -1.2966557670896055 -0.7817152982719628 0
0 0 -1.2967719735523489 0.35474880337616677 0.7885422879930175 0
0 0 1.2204135374670666 1.293962055910009 -0.7830445164707855 0
0 0 1.4388404495073197 -1.2737303158986295 -0.8003849254246771 0
0 0 -1.2345881605017406 -0.5811306395771941 -0.776709373117011 0
0 0 0.4505374955552144 1.392415795814554 -0.3929402385762027 0
0 0 -0.47203315998958173 0.44520765231100756 -0.8137384047728178 0
0 0 -0.965427602735196 0.5214025722419582 -0.7527037842658236 0
0 0 1.1576032874691888 0.21453366643515426 -0.8026038252941915 0
0 0 0.9265524216953089 -0.2800677684616706 0.8235819798201386 0
0 0 1.0222460809690652 0.05096932652547426 0.8204104748458153 0
0 0 0.7017061830658111 0.9234591277090722 0.7788880506284745 0
0 0 -1.4293427792549993 0.5823986466387367 -0.7897128587839505 0
0 0 0.026637850796500384 -0.5568785509004849 0.8150569949346533 0
0 0 -0.6296710132646606 0.2883029829293211 -0.7871420146525245 0
0 0 -0.9635102160159169 -1.3763460878245843 0.13365173647597428 0
0 0 -0.41131932667905247 0.5329644903337027 -0.7358778755292426 0
0 0 0.052575541284507255 -1.1324752498038695 0.7327373852453992 0
0 0 -0.1673163638808337 -0.6085802759441217 -0.7703363562884328 0
0 0 1.2504057346278845 1.2190350771472385 0.7635029786499061 0
0 0 0.8882840862314314 1.3246040588844712 0.253826873560959 0
0 0 0.3501204706211227 -0.5432283369798108 0.7336824592640326 0
0 0 -0.6257866255934823 -1.1297366920866558 -0.7651111340316972 0
0 0 0.9964078320325269 -1.0769535669138843 -0.7388288256636104 0
0 0 0.5592876887963687 -1.219093887110176 -0.8078348123596071 0
0 0 1.471866818263766 1.037526289391961 0.7265595449811147 0
0 0 -0.1646965876351172 1.3030869268624397 -0.8215369896715718 0
0 0 0.05923773502795382 -0.08951929788528679 -0.8087165677419735 0
0 0 -0.6139998518643014 -0.9008172790134338 -0.7995255659567572 0
0 0 -0.20322332731425585 -1.3674025721055274 0.35494183860234396 0
0 0 -0.5222272625771585 1.3673896515561368 -0.07994675319015654 0
0 0 -1.1553015657818342 -0.6907784727071761 0.7455012898676513 0
0 0 1.267264163728806 -1.0952720386612056 0.7276048123994123 0
0 0 -1.5141838779192396 0.28320126828778136 -0.7923778769536939 0
0 0 0.34630639139586017 0.38975204997990165 -0.7397084170500182 0
0 0 -0.4138610731421495 1.0625540003657206 -0.7349377891847418 0
0 0 0.805174593379439 1.023794110455085 -0.8208839962491663 0
0 0 1.3393553988916573 1.2035121234134356 0.7639879599004947 0
0 0 1.0387703094096894 1.344263778748578 0.7572211105094637 0
0 0 -0.37013289499314106 1.3782967663156271 -0.45835505539663984 0
0 0 0.28375300188151686 -1.3557343798691133 -0.2638191810853039 0
0 0 -1.1131932907017892 1.3943684550987108 0.1229756546409635 0
0 0 0.1953984009894001 0.5209692571776738 -0.7632846753403865 0
0 0 0.18112973588016246 -0.9637189979529248 -0.7282849411495447 0
0 0 -0.5075639325720089 -1.3956801440050592 0.2791024592395328 0
0 0 0.9036702434421628 0.5303954816383247 0.7341168642340811 0
0 0 0.9479001496648953 -0.42437278749879903 0.7283500231758567 0
0 0 0.9447209507896206 0.3440648225564402 -0.7928764353622502 0
0 0 1.3342747399412396 -0.25239621749052477 -0.8061073488028873 0
0 0 -1.5274583201574132 0.7075845560318961 -0.7575329879102474 0

