-0.3026543 1.7682524 0.69236356
-0.9662086 3.0720427 6.116796
0.010543987 0.40143636 -0.20770028
-0.061876576 0.38220808 1.3096701
-0.27984858 1.3043404 1.9780557
1.9901403 0.8694605 17.586956
-1.1672417 -5.6832566 -2.3704267
0.95040685 -2.7621996 18.891218
-1.317314 -7.008133 -4.0802464
-0.14157267 -1.0107946 0.6811792
-1.1095151 9.375679 8.687662
0.49132857 2.9980366 8.411447
1.5007943 -15.583649 9.674214
0.25162205 0.11775337 5.829075
0.16628258 -0.80364895 1.9342959
1.6179016 3.8990176 27.691914
-0.25740165 0.88881963 1.4369951
-0.15219715 -5.960205 3.8234084
0.271931 -1.2639654 2.9090924
-1.2036558 -1.0481092 -0.041051965
-0.517065 -0.18784793 1.8414057
1.2927746 -5.349381 18.722061
1.8114427 -2.9151306 5.541405
-1.5739992 1.8379918 6.733514
-0.551354 0.77838314 0.46791425
-0.21290623 1.3712991 1.9555209
0.14200611 1.1996902 2.427849
0.43076596 -0.25972992 3.1695123
0.22259137 -6.0299973 7.965333
-0.31827578 3.5895054 -0.56396157
1.2257231 -3.996433 18.290304
2.7583127 0.9367216 29.869602
1.4590658 -3.8329086 4.135883
0.8159517 -2.2423537 6.016556
-0.19005762 0.95604527 1.3401035
0.82077414 -0.27786836 5.575064
-1.1140604 0.31748888 2.9867516
-0.27671108 1.157911 1.9163612
0.6148402 -12.386741 7.8420706
-0.48685688 2.338724 2.302986
-0.008588768 0.6092814 1.075595
-0.49891934 3.416384 0.7987805
0.039211355 -1.7395685 4.19709
-0.72501045 3.5239933 7.5801516
0.1123452 2.1314178 0.6194409
-0.9085226 -4.4526944 0.07851022
-0.3186781 2.5911448 2.1363728
-0.20181979 1.2556757 0.4042495
2.4397871 -4.4979243 22.162601
-0.84803396 4.9164023 4.4344172
-1.2363192 -0.48536658 -1.2898979
-1.5020393 -4.102325 -2.0016768
0.63116807 -0.38415143 2.7024636
-0.11132745 -0.363581 3.084831
-0.22010596 3.1124668 0.6866149
1.1454811 -1.2576706 10.725586
0.8412591 -4.6750445 6.2890363
-0.19399032 0.43379357 0.85706
1.03841 -4.075686 18.243038
-0.32305866 0.8266219 2.2996535
1.5520875 -0.18356562 9.987129
-0.6388625 1.3092235 1.4645323
-0.346133 2.5201313 3.2433457
-0.73526096 -0.2966216 0.9593032
1.8312819 -1.5926572 23.236628
0.82861763 -1.7811669 3.9837232
0.067832984 -11.05865 6.135821
0.5609136 -2.0644393 3.6454551
-0.8829228 2.3177772 3.8038335
-0.6645021 0.6573325 0.21540654
-0.25675625 -1.4351847 1.1821243
0.028203493 -5.9326563 5.3917274
-0.045372494 -4.0801 2.7905867
0.8353843 -12.122856 8.821439
1.7913344 1.9862044 15.544343
0.40987185 -0.50421625 8.485741
0.5011201 0.31355062 2.865086
-0.50646126 -2.0757773 -1.0076348
0.39650196 -7.0012918 5.657214
-0.5115903 8.489324 9.167879
0.6698423 7.219527 22.39839
1.12049 0.57329357 17.42403
1.073181 -0.5021833 16.097952
-0.72355735 -8.058204 -2.0700305
-0.5323323 1.2081563 0.42270014
0.2922793 -0.0091968095 2.4623053
0.14725737 0.46263283 1.5272102
0.91183215 -8.545356 6.840111
-0.30105305 1.4968456 1.5748986
0.03542244 -0.9965941 2.5318363
-0.77864474 1.5559593 6.963036
0.58572924 -2.8700092 20.488358
0.44889146 -8.209838 7.406685
0.28380838 0.16956028 2.12923
-1.111495 6.5556 6.119586
-0.92780215 2.5698934 2.4345543
-1.8625954 4.5010395 3.6691678
0.8587351 -8.17693 8.113862
0.03191695 -2.4329112 2.4313262
1.152208 -0.50601345 23.92684
0.3192744 0.24537301 2.291326
0.052046657 -0.38407823 2.085295
-0.09677354 0.505986 0.69081676
-0.25889263 4.102387 2.9895158
-0.5421643 1.2909027 2.4799902
-0.048696566 2.68619 6.3445287
-0.081297435 1.4385141 2.2095964
-0.14411059 -1.6959784 1.4831737
0.290683 0.27976504 12.006732
-0.39763373 1.2418257 0.22995032
0.48352173 -0.2582926 3.931506
0.63242286 -6.322654 7.014115
-0.07820705 6.405551 18.26827
-0.31200865 2.3978102 0.83912075
1.3350354 -8.278987 12.118082
0.20612098 -10.747632 11.642613
-1.4481238 2.3258343 2.9788215
0.29232198 0.102576815 2.6706772
0.10829653 0.22558512 1.6180528
-0.5060082 0.80176395 6.185991
0.2858884 0.7913144 2.8415647
-0.19918548 -0.49521452 3.5124757
-0.21248755 -1.6059837 3.2697716
-0.055741806 0.13886598 2.9284706
-0.38167995 6.4625964 17.270761
0.11171009 -0.021816833 2.2459884
0.12981708 -0.5559118 1.503409
0.3753312 -6.1913714 4.715941
0.91767347 2.2224903 17.032734
0.44825014 -2.5135016 3.737369
-0.12576663 3.7469046 10.378
-0.81269616 8.360269 11.3229
-0.5072697 4.7051005 7.477642
-0.33506876 1.1271952 0.5907922
-0.14856097 -3.318623 3.7252977
0.16028221 0.6403704 21.859211
-0.1427804 -0.64979744 3.3844697
0.7619526 -3.8304832 8.926656
0.19347669 -1.9477168 2.8288503
-0.039933406 0.64551127 2.4976718
-0.8079719 8.715334 9.182007
-0.08844986 0.42851272 0.14835855
-0.83955467 0.71000916 1.2690296
-0.113817655 -5.565304 1.60981
-0.40337497 0.7347222 0.006468739
0.27763027 -10.882808 9.0478
-0.4692919 0.48875836 -0.32339865
-0.11489888 3.836494 2.5548007
-0.46868113 -3.3197343 2.9526067
-1.5926119 12.479345 8.479513
-1.2075666 6.9709463 3.9686234
-0.78139436 2.569374 3.7181218
-0.49439436 1.6274529 6.1862197
-1.2683818 7.02233 7.589877
0.46928284 -1.2016022 11.335895
-0.8197274 4.65981 -0.64079285
-0.99922764 -3.2888706 -2.7415035
-0.29457006 -5.009609 2.0270233
-0.6912824 1.972265 -0.046702486
0.53497374 1.617212 14.54911
0.3974016 0.40873668 2.725148
-0.44964626 0.9979016 2.847361
-0.17265727 0.81732166 0.76402324
1.557104 -6.824669 13.302903
-0.37158492 8.370532 12.789723
0.30013663 1.4660823 11.003546
0.0766021 -0.15284269 2.6656282
0.7931581 -9.554509 21.439627
-2.261538 -3.7609267 -1.7947649
0.48282474 3.1626961 10.123704
-0.6545063 9.959715 10.8138895
0.45423108 3.3382287 7.432744
0.057267673 -1.3366729 0.8671342
2.406919 0.84913933 22.197618
-0.8834411 5.0929346 2.0074651
-0.7839859 -2.4902942 -1.4203243
0.18967341 -0.15408935 2.310199
-1.1099128 0.60677534 -1.1083692
-0.107722126 0.29248807 -0.03821942
-0.24144547 1.0437664 0.9526433
-0.12953547 0.64359885 1.9469421
-0.31904152 0.9636391 0.658866
-0.49906847 3.5972881 1.7756375
0.010771875 3.1283228 13.519986
0.13342223 -5.3421636 14.597011
1.0837747 -5.1501403 17.615528
-0.21489194 -0.99923885 2.361074
-0.5647194 0.070411526 0.13662215
-1.1941997 1.0681188 0.6267757
1.1204053 -6.2943497 8.419729
-0.87071705 -2.8956704 -0.5425192
0.14700004 1.5206611 4.6668553
-0.4855865 2.1169374 2.3435051
-0.04590414 2.156298 4.6791873
-0.32188287 0.90839064 -0.55294
0.4202737 -12.682231 8.051477
1.2658135 1.4402218 16.969387
-0.50348014 1.9698207 3.4601512
-0.72741306 -7.1498327 -2.8897672
2.3187294 -1.9450284 15.588859
1.4485763 -14.5746155 15.23025
0.33546072 0.48260427 2.2507865
0.04011933 -0.054087263 4.705529
-0.40889928 -1.2249022 1.3593007
-0.23076312 2.7091756 -0.5639607
-0.86620426 -0.25407365 -0.24621244
0.057852644 3.8256557 17.45241
-0.0054660183 3.1509414 8.029627
0.2366192 0.03777594 1.8430564
1.4220308 -2.9357703 17.047398
0.5773777 -2.3520944 6.535607
-0.55967087 -4.0281696 1.2805752
0.99475443 -1.7511722 11.198561
-0.152203 2.5947747 7.929497
-0.29712078 -1.535688 4.202466
0.35451862 -1.3997751 12.90827
-0.47699505 -0.5760155 0.11085447
0.16306193 2.1748774 6.2549386
-0.94546586 3.254624 7.13486
-0.3294397 1.6397427 2.4248645
0.7178925 -1.7687005 4.7389426
0.28865767 -8.247663 2.3636527
0.12932861 0.27391252 2.1929638
-0.5531302 1.903253 2.531818
-0.51224935 -5.6898766 -3.050597
0.08861295 -0.6640161 2.3659785
-0.15861186 1.3862412 2.3112056
-0.2918319 0.35520956 3.753115
-0.4103257 3.0046563 -0.5062339
0.43714842 -1.7141567 2.2453308
-0.26055795 4.2665205 13.857976
-0.62830555 1.7406234 0.10032398
1.3803984 -13.682226 18.899694
0.27544683 -0.11273869 5.9010024
-0.45650563 1.4792057 0.3686657
-0.16042812 -3.0177307 -1.4497632
-0.054267187 1.3966653 2.796187
-0.7395009 2.4181802 2.6406345
0.3622432 -6.890727 14.086003
-0.14200759 0.5718279 -0.5849177
-1.0581076 -8.453622 1.9537126
-0.050967664 -10.319319 4.8998885
0.78258103 -0.9621326 4.7964244
0.33979243 -0.14046398 2.4962983
-0.20334978 0.9476182 1.2997745
-0.23905389 0.9692489 0.6660171
-0.21671519 1.3689976 2.1012757
-1.234145 1.9547045 3.2062135
0.72515917 0.6885294 5.4426827
-0.056204207 2.779321 8.587669
-0.75919163 0.42221847 0.18079703
0.7558149 1.4575484 9.910342
-0.24192865 1.0666001 1.2400273
0.07322168 0.14051597 2.534508
-0.3331224 0.6574882 0.46819618
-0.37193197 1.0587051 1.397501
-0.02467673 9.014035 12.586138
-0.17122659 1.1208814 2.2536056
0.40714622 0.78541505 6.7602015
0.8395807 -3.6713662 5.493441
0.48635605 -0.6292814 2.3709042
-0.262093 2.363018 -0.47903627
-0.818937 2.6314676 5.3559318
-0.21904387 4.6157913 6.286114
0.71581155 -1.4070812 4.0968866
1.1922971 -9.803252 15.104521
0.5306374 7.5965514 24.772635
1.5618728 0.8380446 14.913602
0.63916767 2.8778503 14.868461
0.8940606 -0.5615497 8.1052685
-0.83056706 10.80152 10.418937
-1.0249622 3.7970564 1.6474793
0.48938802 2.006069 12.850622
0.43337741 -2.7501261 3.1533263
-1.1899271 2.1240823 4.678273
-0.27669162 -1.3649398 1.7434956
0.06945314 -3.40672 0.8588851
-1.5632294 11.564788 13.512255
-1.8300954 -4.696671 -3.2494538
-0.16860977 1.3978932 1.3966806
-0.14221951 5.0384164 9.786796
0.6635012 2.2285602 22.025255
1.2848661 -1.7866576 9.980433
-0.714238 1.6941719 2.184505
1.3324095 -1.9098108 24.684368
-0.37730244 9.104654 12.75345
1.5470384 -2.9002433 7.497184
-1.3445591 1.5792736 2.2350452
-0.16820267 2.224401 1.1635207
-0.15557131 2.07982 2.8574014
0.1931075 0.11572557 4.6341085
1.2198061 4.799094 29.055468
-0.63227516 2.7640736 -0.38004658
-0.17476048 4.1944346 7.4191623
0.19656643 -2.88329 9.663973
0.12188334 -2.2303512 3.595078
-0.13984905 -3.1219127 3.1240692
0.7607085 3.217154 14.485663
0.31998947 -0.5937275 13.361532
-0.561875 -3.5026493 -1.4360999
-0.6804102 1.9214967 5.615853
1.3135414 -1.6987184 4.3207045
-0.23041923 5.0391016 10.59225
-0.42046937 2.3947427 2.473048
0.15273611 3.3702774 6.1296353
0.924655 -1.3993208 5.617864
-0.3389344 1.9607786 0.7578762
0.87095577 4.4777412 16.204952
-1.0052747 2.5905206 3.3907535
0.62046146 -0.5949227 2.8296874
-0.0011651984 -1.2666973 3.9130719
-0.7831883 4.5509214 -0.091435894
-0.19586122 8.525244 18.055437
1.7066202 -6.2836533 19.182606
-0.6421438 10.900332 12.38765
1.4082056 -2.4679627 8.647903
-0.038655896 -1.8139786 12.537651
-0.5757723 0.4078431 0.63651466
0.48182026 -0.56119883 4.213743
-0.5096024 6.62026 1.1864065
-0.64150953 0.63870776 -0.20733438
0.6776734 2.9070878 15.332533
1.051792 -0.44795197 11.312358
0.14448747 0.47619745 1.890997
0.27359334 -2.751228 4.7870245
-0.77549464 6.879161 7.3063188
0.39764622 -0.13232894 3.8947358
-0.2672949 -0.6754209 1.2626531
-0.124915555 0.5043981 0.12514235
0.7425266 2.061665 7.92504
-0.531695 0.855878 0.92677015
-0.6416313 -3.0362573 1.0720016
-1.472689 8.904892 4.1041403
-0.6363965 0.8419132 0.08198476
-0.91801685 5.230148 0.40410033
-0.43433642 -1.0662787 0.51496446
-0.19227624 -0.1574692 -0.21044464
0.2265203 -1.1081724 5.0931954
-0.89850724 -2.0006683 -2.2088373
0.61074275 -8.974788 6.7666087
-1.2079297 8.956065 20.134945
-0.37123507 -11.609095 3.82439
0.16662635 1.8381261 9.787165
-0.43006912 -0.74590284 1.3272728
1.4850739 2.220532 16.505095
-0.60114807 2.4329872 4.1559124
-0.6797424 -10.394092 4.8717437
0.18608968 2.2405303 5.30313
0.6728571 -1.0230652 16.111195
0.53701866 -0.6409239 3.1463487
0.3654024 -0.2752896 2.4127564
-0.43634075 1.841046 0.8099063
-0.019795967 0.4574589 1.0591457
0.31548992 0.3269001 2.7257516
2.6933188 -9.6485615 16.789845
-1.848562 -1.355291 -0.9136218
-0.5976863 2.256539 3.7519495
-0.7326247 0.7413953 2.0982606
-0.61967295 -1.3207706 -1.3362015
-0.4275732 1.2881057 4.1787133
0.42427763 -9.449097 7.003962
0.17717496 -0.96696424 4.9716578
-0.64098626 5.7083993 5.0140657
-0.7267713 -1.8518533 -0.048064608
0.21916854 -5.180347 1.5766747
1.2249 -0.58512443 13.67382
0.78582275 0.9456204 17.264711
-0.25818637 2.1509926 21.800772
-0.387032 0.14520447 0.68279094
-0.42640224 2.8693717 2.132847
-0.8596466 1.9254878 0.079489656
0.7496604 -2.257654 3.3475204
-0.14457111 0.89370483 0.782826
1.0710856 2.3856454 19.064316
0.7102648 -10.435373 4.3610787
0.39882073 0.26846254 -0.05855271
-1.2199343 1.4573244 4.208811
-0.6100968 -2.528796 -2.1670892
1.538986 -1.5050305 21.232418
-0.6430249 -2.2191193 -3.386234
-1.2279189 2.842465 2.6144745
0.82142484 1.8769653 20.17872
0.29481158 -0.90862596 7.3309608
1.6246564 -3.7825902 9.519224
0.39776722 -0.37619755 2.3934686
-0.47211328 1.1155674 4.263741
1.571179 -1.8050499 21.700516
-0.42945546 1.280949 2.6111987
-0.73691857 0.44671208 -0.4348547
-1.354549 8.891802 9.061613
-0.71823585 2.2932246 3.3112602
-0.09725978 1.6445658 3.4837272
-1.0605823 7.168714 10.368695
-0.7570844 1.7343136 2.108556
-0.11190299 0.048248053 3.7411106
-0.7423143 0.9581402 0.34790343
0.34616923 -0.5159009 2.1443205
-0.33471414 -6.990037 0.23002183
0.5723701 2.5393703 26.95985
-0.3349588 2.7420907 0.48530436
-1.0175267 7.675906 14.594511
0.047150042 0.85601056 1.7303125
-1.0538597 0.004903555 3.4438825
1.7874037 -2.4337783 21.519133
-0.33503345 0.7346874 0.54763174
-0.32769713 -3.046747 -3.360435
0.22416946 0.10501746 4.220345
-0.4938524 3.8890479 7.3608747
1.0469238 -4.6136436 16.036512
-0.6445626 1.5267154 1.6351119
0.07180853 0.95350426 2.06111
-0.22502165 -4.579083 2.3754268
-0.096217595 0.83007777 1.5732634
-0.36477226 1.5372719 1.6148348
-0.84822696 -4.28066 -0.63976824
-0.261231 1.1950775 1.0025297
-1.5712951 7.971217 -0.34491888
-1.3724992 9.310867 14.461606
0.027099295 0.557367 1.7213762
-0.34109885 -1.3552933 1.6704148
-0.51823527 0.044337135 1.2513373
1.2804536 -1.2489163 4.766215
0.059229363 0.25440782 3.2292562
-0.685068 -0.4374786 0.6040693
-0.33577427 3.5396626 9.054345
-0.7800351 -4.464302 -0.21528235
1.3756037 0.22942011 16.588709
0.38602528 -0.52337945 2.663025
0.7551433 -3.0661156 6.480693
0.6227562 0.7002761 4.107123
-0.33161405 1.2198366 4.71786
-0.673122 0.28223085 -2.962194
-0.39363477 0.32265592 0.19955382
-1.1405518 -9.314729 2.446912
0.246006 6.2808814 17.625324
-0.19844644 5.488453 17.297434
0.6719298 -0.4325716 3.589044
-0.24544929 0.9266396 0.82920057
-0.6931265 -2.4324412 -0.73035324
0.026685106 -0.560201 1.5751703
-0.12312051 1.0113751 -0.12944412
0.6701619 -1.8530662 5.6615224
-0.99560434 7.0566053 15.305471
-0.8754718 5.404526 0.8357089
-0.9798413 9.161736 5.110523
0.6145187 -0.8210908 3.465854
-0.3530642 0.6898494 0.13271485
-0.11674388 1.1866112 1.2761974
0.3869891 -12.085329 6.8048797
-0.018624077 0.7507555 4.385463
0.2811968 0.5987953 10.516245
-0.46571922 5.7586374 -0.8575894
1.6986879 -4.3963394 22.187223
1.8881924 -5.7529063 18.470636
-0.12240486 -2.2856286 -0.34856573
-0.15048286 2.3271577 1.1437852
-0.5901308 4.457063 1.7890052
-0.25442988 6.5935163 12.531649
0.7301062 -3.4308302 10.31179
0.45116594 -0.69623744 2.3262942
0.36713585 0.7472133 6.653899
-0.7132774 6.379619 7.7986627
-0.7417572 3.9198005 3.7356946
-0.08865942 1.8481668 0.41371724
-0.33090946 0.40117577 0.515634
-0.15038979 5.368454 0.038957734
0.6371392 -0.49591538 3.4968545
0.8182105 -1.7323834 8.007536
-0.502844 2.9102514 1.1799875
1.266695 -5.443164 19.236023
0.14966674 -12.53943 5.6436315
0.84900016 -6.206035 7.606835
-1.0366684 5.4931946 13.6826725
-1.7270005 -5.9215016 -3.5457184
-0.18705662 -3.4545274 -0.30112055
0.025714295 10.836831 27.504765
0.34453863 -0.4162202 2.7188454
0.6684302 4.9864607 23.689487
-0.21052034 5.4120965 9.563211
-0.27935565 4.0892663 3.2302377
0.1785965 1.1591051 2.840105
0.2362145 1.2492796 3.4793484
1.6888365 -1.1053449 17.491468
-0.28270048 0.6750603 3.3254905
-0.04915244 -8.247464 5.897853
0.04118436 -1.6399202 14.152113
-0.105215974 0.09226485 -0.07542952
3.06029 0.1442221 23.270084
0.72477955 1.627367 8.235338
-1.3671 9.39923 5.2687883
-0.71698034 8.048442 10.624103
-0.13309574 0.43695349 0.09157916
-0.10106476 0.47582754 1.0426043
0.8071862 1.0648857 11.160472
-0.81323516 1.4571326 -0.13669364
-0.8287331 1.5493745 -0.19383503
0.29413047 -7.132849 3.9784424
1.7083198 -6.4751844 9.859261
0.10762284 2.4108827 6.7139916
-1.2066456 -6.368565 -1.4898307
-1.3773868 -7.1283727 -2.303023
1.2698686 -4.3932605 20.04444
0.1295036 -3.0118737 1.9868399
-0.6333582 1.5093527 2.2040272
-0.6517528 0.81255454 0.7541708
0.71375424 -7.2664595 7.8803954
-0.5485338 8.295671 21.63003
0.3114431 0.6931183 2.8547385
-0.98831785 5.4552536 2.0185816
-1.4307336 10.433497 3.8383954
1.2171423 -3.8082044 17.669306
-1.933115 -3.7689388 -4.236533
0.92169684 -2.4458308 8.978132
-0.0202169 2.830195 6.411335
0.14535002 1.3326476 0.24235384
-0.6659221 1.2680622 1.2475319
-0.31908306 0.89377433 2.0275774
-1.2272198 0.008046423 -1.5932869
-0.48025295 5.3292685 6.393613
-0.17009005 2.3306286 3.479424
0.38377374 -11.014073 8.217891
0.22807305 -0.5698543 2.051995
-0.13832201 -0.49551815 1.4042541
0.64360905 0.035203952 3.9087281
-0.54560333 -9.809022 2.9125326
-1.1431369 7.3452783 6.4290586
0.47073653 -10.907754 4.8286185
-0.60745007 4.1725717 13.921031
0.8831026 0.46422037 15.982762
0.23172395 -0.06415885 1.9509114
0.9785825 -0.77898884 6.060496
-0.40987614 5.7213244 8.213838
0.065483436 -11.554229 0.67067784
-0.714889 1.2909244 0.29543272
0.03843334 2.0240808 5.5974846
-0.9601887 0.6106419 4.4982667
-0.50772977 3.105955 6.225058
-1.1924962 -4.796354 -2.4769974
-0.6986217 1.1954969 5.340113
-0.46951777 1.7768929 3.9346004
-1.2634714 10.864953 10.135388
-0.6727205 0.7593054 1.8138725
-0.030592306 -0.63594145 3.0307994
-0.49933067 0.88330567 0.5842924
-0.93145674 -5.381516 -1.5127901
0.6862411 -0.29690027 3.9721673
0.3850223 1.2206249 6.997201
-0.03774637 0.6038022 0.81884575
0.29971045 0.46590385 0.7818508
-1.1105233 5.6511793 7.363026
-1.7350082 -1.1472312 -2.2327943
-1.0199616 -1.0695765 -0.9707152
0.02725617 -0.6353607 2.9060676
-0.5265552 1.2573402 2.456024
-0.2340559 1.5531816 1.9043636
1.00552 -2.8470652 6.08289
-0.2164499 0.78206235 0.68704385
-0.8784105 2.2060945 2.802118
0.051558357 -2.4029734 15.420377
0.094181284 1.1673895 3.6149654
-0.2163796 2.427758 2.5896428
1.0533539 0.16024211 9.96033
0.050355554 -1.0845968 2.7530308
0.8135824 -0.2492892 8.78678
-0.7220846 -1.0837568 -0.36356762
-1.2714975 1.8844233 1.3290236
-2.6963236 2.6451623 6.660217
-0.16869101 -0.7081279 -0.13555881
1.3186837 -10.303994 15.324574
0.11585144 0.8699478 2.5894516
0.26150233 2.586979 14.028376
0.17227054 1.6333351 9.165161
1.5536715 -2.9877908 17.728292
-1.0479579 6.8507514 5.888188
-0.15790315 -1.064316 2.8078926
-0.57341594 -6.962554 -1.2314777
-1.769659 -10.238588 -0.1388496
0.602449 2.0391657 14.018301
-0.74985796 -1.7616501 -0.17897645
-0.62795985 0.023212979 -0.6367787
0.5089339 7.0115123 12.7447
-1.0338821 9.189349 5.413968
-0.24401271 0.5567551 6.560704
-0.20368485 2.3311036 3.358649
-0.3294334 2.8417532 1.0546257
0.7603499 -1.7153658 14.604169
0.14228715 2.5581355 10.994666
-0.52427083 3.3825798 1.5112295
-0.66590405 -1.3341261 -2.4874609
-0.5781579 1.2455662 0.56511956
2.4015498 -7.602177 20.895475
-0.17477128 1.2357047 0.55899584
0.11586261 -3.9019208 3.4277797
-0.31249243 5.8031974 7.171215
-1.3704976 1.3662332 1.7938788
0.9530662 -6.06464 11.782372
-1.7172298 -1.2108634 -0.8166862
-1.7742082 -4.1069593 -2.3410606
-0.838707 0.038367204 0.3780303
0.12583816 0.6947584 5.3903704
-0.06449603 2.0926397 1.0951178
-0.99322563 1.6251986 0.854846
-0.22358666 2.033214 2.5665014
-0.820813 4.761964 0.33586448
-1.0188359 10.113184 8.041454
0.90928257 -15.71198 10.194677
-0.1966566 3.2312202 2.4315667
1.3795645 -13.464532 13.370415
0.58771676 -0.54154855 9.915597
0.88508815 -12.920853 14.086539
-0.050135512 6.405175 9.597506
-1.3161743 1.8591998 2.3484871
-0.95616895 6.822329 6.3984566
-0.78718555 1.1957291 3.4444413
-0.41880593 2.9837184 2.9764743
-0.15478154 2.3254836 1.8237492
-0.27396813 -1.0535822 -4.2203317
1.4674743 -9.965072 18.483912
0.78782934 -7.547095 19.687788
-0.053904764 -0.50057715 2.6631448
0.8599671 -0.87652206 3.5557106
-0.15895714 -3.2927706 13.319823
0.15568276 0.66724545 4.889659
0.0798413 -1.5944253 3.230671
0.5344824 1.1789926 5.955944
-1.1377548 7.12941 4.8759165
-0.033900093 -2.8037415 2.1952143
-0.18661547 0.5296615 1.8384155
-0.23591116 -0.0025081125 1.1403657
1.1440152 -2.394321 6.9358206
-1.2653192 -7.108371 -0.27388924
-0.044570632 0.85794586 3.3322656
-1.1897756 4.4957 -2.0837915
-0.2573361 2.2264977 3.5409687
1.133482 -0.48489338 8.598204
0.70293015 -6.6419578 7.95958
-0.018847654 -3.6992683 2.6327882
1.9573326 -0.43724945 25.87918
-0.11047725 -0.76280683 3.5018506
1.2717553 -7.047515 13.31389
0.82979983 1.0123456 15.719286
0.64718205 3.9677243 10.473281
-0.007511703 2.0657809 4.9728827
-0.39385787 1.7462137 1.3016851
0.8686889 -3.1279867 13.296666
-0.32217786 1.4758308 8.471919
-1.6668968 12.324201 10.91668
-0.020206634 1.2747077 0.62750566
1.3890569 -9.382417 12.286009
-0.8878136 4.7059245 14.466261
1.2748721 -4.0006094 13.822996
-0.41193363 -0.9564758 0.56459934
0.35540956 1.4836987 7.128974
-1.663859 2.367066 2.5042324
0.6240768 -2.835406 16.49431
-1.5336324 -4.1407743 -3.7044084
-0.74907637 0.09064223 -1.5260526
-0.15199348 -0.42054287 -0.9906848
-0.51414347 0.825471 0.032910585
0.13591902 1.186998 0.21385105
-1.086227 6.8930717 6.945868
0.22101367 -1.141369 5.5053816
0.2778612 -0.9374453 3.2180333
0.33667633 -8.051234 5.2539606
1.6227831 -1.7010444 25.068722
0.21067674 0.2366681 2.3912814
-1.82903 1.765191 3.5158658
0.2825673 0.30374226 1.9362736
0.27940866 -0.6650441 4.5033355
-0.33166018 1.0406942 0.9328823
-0.28698996 2.3226318 1.0874968
-0.31458205 -6.2625513 3.1362417
-0.4207442 0.8426724 0.03290522
-0.22413826 -0.8053815 2.0511181
-0.5128244 3.191466 3.4683099
-0.31925392 1.3825436 0.6222517
1.5787536 -3.8521857 10.88603
0.09753587 -3.7841744 3.954809
-0.5406538 1.8996494 2.3189335
1.1625564 -7.9745264 16.600933
0.23474383 -0.88544023 4.8150287
-0.12997793 -4.57585 3.3626838
-0.6255287 2.9799309 17.136625
-1.2407854 9.741541 11.548717
-1.4212412 2.492555 2.5576422
0.09141139 2.8605475 15.535364
-1.3398663 1.187348 2.0938628
-0.19860502 0.5677692 1.1993272
0.9188655 -0.6525635 3.3796802
-0.21908973 1.1342051 4.7960534
-0.07464699 0.5848234 0.7591923
0.31434628 -0.460148 1.8224981
-0.8097743 4.271485 2.7334578
0.5812871 -12.092023 4.999765
-0.2715223 -1.2065144 1.1709241
0.22771725 1.9652954 9.4820795
0.89455205 -12.476616 12.290637
0.021579001 -1.6858565 2.0892997
-0.680294 0.5812677 0.7412424
0.4100179 -0.6531243 3.86233
1.2415963 -2.6687982 5.082722
-0.25347036 6.4647865 21.443102
-0.32630107 1.3128027 1.492577
1.8678042 -12.40861 15.76919
0.6119323 -0.6270876 8.748276
1.5403193 -1.5302637 4.222415
-0.10069154 -2.8743272 3.9947736
-0.018651826 -1.1676513 5.3348846
-0.46490717 3.6629834 5.692977
-0.045707934 0.111765444 2.9746258
-0.26884684 1.783596 -0.39518833
0.9005937 -2.438275 3.7132065
-0.29622295 0.9737373 2.1771092
0.22633322 9.084413 22.953491
0.14514825 4.362079 7.0687075
-0.14173791 0.3803324 13.07193
0.10235719 -1.0270827 5.2841034
-1.0815377 1.3111528 2.72112
-0.2532211 -6.620801 1.9424559
-0.6594319 -2.396499 1.1404213
-0.44847724 0.6568729 -0.3767608
0.5768866 3.0015304 8.9538965
-0.99502367 1.2293594 3.0004811
-0.1928403 2.177997 0.63753414
-0.45739788 1.0880841 -0.28561506
0.29601476 0.2827757 2.036759
-0.60368645 1.4028349 19.956875
0.88754934 -7.0871844 11.488321
-0.28583118 0.8504537 0.71443444
0.50054204 -0.72365326 2.850767
0.75732774 -0.18476677 8.402482
-0.11771651 1.7507122 5.8813605
0.22934256 -2.7874558 5.5940704
1.582645 1.7322832 18.060266
0.72121286 -1.7417668 5.4733343
-1.140998 -6.145765 -4.2512527
-0.6703964 -0.2665204 -0.4541569
0.27944824 -0.6212703 8.227171
-0.34111008 2.0548718 2.9425642
0.9928233 -4.4429545 8.023078
0.0097873155 -0.13095066 -0.28055063
-0.7744974 -6.965081 -0.612182
1.8295106 -4.800531 12.6192
0.27121246 -1.4955896 4.6296606
-0.58580697 0.83006924 2.135804
-1.3068234 6.6537666 5.737458
0.43701443 -2.3523688 4.7910814
-0.27267787 0.68002665 1.0962435
1.2719172 -12.76454 10.587998
-1.6510195 9.417971 11.640664
0.30209157 1.788868 5.7064195
-0.71691424 0.04578436 0.44528866
0.35336885 -5.220765 4.831405
0.69768494 -10.241399 6.7525253
0.9044741 0.0812075 7.184288
-0.58933645 1.4650688 3.1688247
-0.17700352 1.0493428 0.73187476
-0.25705102 0.72456664 -0.30360532
-1.1541542 11.265566 13.094661
-1.0204251 -1.4774247 -0.63138616
-0.07516497 -3.3070362 1.0357533
1.3866675 -1.8123065 8.088343
-1.5240709 9.465829 1.4644682
-0.19763324 1.4344708 0.7614377
-0.66251004 -7.7597466 -1.3416595
-0.5820219 6.09271 12.344017
-1.2874714 -2.604755 -0.1535817
0.68954664 -1.2712145 9.722105
-0.09714697 -0.63651735 0.57518333
-1.5946046 -3.1695688 -2.3367436
-0.44912624 2.230333 2.268484
0.08507953 -1.2281628 3.9003015
-0.2395712 5.10305 14.9850645
-0.3247872 2.8164508 2.6061337
0.25189033 -2.017935 4.2046533
-0.3139193 -4.157168 1.2818222
-1.352597 1.4795458 4.7118425
-1.4334987 -4.6352973 -0.91830295
0.38620612 -0.67838657 2.834552
0.21167436 0.68381447 1.9745255
-0.8980279 0.7791749 0.22669496
-0.48742914 1.8039626 2.9799368
-0.27768028 1.910169 2.2828267
-1.524046 -2.5121896 -2.9985287
-0.23469155 1.7844208 0.018676111
0.8179382 -0.60399944 7.12659
-0.33861727 1.8795706 1.5519106
-0.48509982 4.597197 4.890063
-0.24578777 -0.87688845 1.8339721
-0.13107784 2.4749088 1.7582552
1.0204557 -13.98781 8.419994
1.1942583 -8.619492 17.414814
0.23487866 9.048537 24.977005
-0.30471566 -0.09527291 0.32594305
-0.5048055 7.670925 9.439937
-0.49875212 -2.0126 -3.8934472
-0.69864017 0.5581438 1.8164771
-1.050704 1.8705963 2.2464292
-0.121959925 1.9358989 4.026147
-0.1469351 -0.13782789 -0.01071184
-0.38729826 1.3680719 0.8143645
-1.357313 -5.082302 -2.718128
0.3225161 -0.8373002 5.2438064
0.44206148 -0.35485607 4.392913
0.52694124 2.7089615 14.067368
1.4784197 -4.4805326 14.4382925
-0.020527748 1.8580163 0.6142222
0.79743916 -6.816752 6.261768
0.41581708 -0.000840417 2.9057689
-1.3807312 4.500421 4.4648967
0.17706838 -11.461843 8.168894
-1.1002988 3.55739 10.912343
-0.06744032 -0.49788788 1.4314773
-0.075810775 0.42767763 -0.07277371
-0.63836956 3.5256207 3.376981
-0.27140683 -2.7461128 1.2258234
0.56935555 -2.1451192 4.267225
-1.1339478 0.7922172 -0.34575698
-1.102409 11.656669 12.784849
-0.8575562 5.812781 8.590894
-0.60737383 0.31900802 11.225408
0.14950283 0.36150485 2.1242938
-0.34250876 1.4282783 3.3037102
0.8785632 -3.3339717 4.493642
1.7125014 -0.81894284 3.2159543
0.29084247 -0.6799223 2.7121255
2.9699438 -2.5584595 24.241564
-0.5448099 2.9087923 0.87225735
-0.39300472 6.6858873 15.94673
-1.0201334 -11.657163 -0.7661925
-1.164195 9.577037 6.252799
-1.8298256 1.5828677 2.437805
-0.56504685 0.9209814 0.56207013
-0.7767809 1.6518118 6.443502
0.049959753 0.8610553 2.725349
-0.42411658 1.5464107 0.03009321
-0.71450233 4.1325684 2.259572
1.0091907 -0.9452289 3.8939342
1.7318815 -0.81239784 22.299648
-0.560319 6.7926016 6.32517
-0.9333903 7.4280005 3.6585453
0.2740338 0.11142608 2.2896512
0.73675644 1.4357069 9.956962
0.5119895 -1.8362163 2.352775
-1.0213574 -8.678037 1.0918444
-0.18389562 0.8966318 1.7143404
-0.31612945 1.2493331 4.440329
-0.055403043 0.3406201 1.1260301
-0.05465114 -8.799841 -4.1529307
-0.58748895 5.936459 2.817522
0.28787112 -0.24469781 2.0980148
-0.12295667 -0.67026275 3.70686
-0.40473714 1.9457891 3.1776154
-1.7827257 0.8260175 -0.9905732
-0.75985765 4.038427 2.3362596
-0.6157408 -0.7995864 -0.08334303
-1.604489 10.320974 9.823107
0.023247728 0.9825052 2.1410277
-0.58585864 0.21471806 1.7712952
0.41805723 3.5933776 8.221691
-0.7661248 3.24944 -0.032705646
-0.47953543 4.1845098 3.8351798
-0.093671784 -0.12203638 1.3234416
1.0321244 0.4885284 21.848392
-1.4011924 10.957675 5.934493
-0.84442997 -0.7627354 -1.7613477
-0.8270318 0.9946609 2.648243
-0.81965363 5.3569036 8.973352
0.42816606 -7.1294103 5.941171
-0.78037083 5.419229 5.394587
0.9748707 2.5566223 26.10581
0.24158008 -3.7768538 4.8348618
-0.21865954 3.066567 1.1179879
0.9460291 -6.644714 11.003915
-1.1557575 6.121005 -0.6793427
-0.07044251 0.72708905 1.3761865
-1.2417685 7.4310994 5.088242
0.15597723 1.468999 3.4663403
-0.2982068 -7.8904314 4.500603
-0.018054213 0.15486564 -0.078020535
-0.2152524 0.88557583 1.8066512
-0.47810584 3.1233633 2.728166
-1.1811639 3.3296676 -1.8147267
-0.30472463 1.0125854 2.3186018
0.3824725 -9.134201 6.042389
0.68915164 -1.5245005 10.549028
0.4354418 -1.1063097 4.6459093
-0.20489056 0.8508989 1.8006229
-0.09996031 -1.8443725 4.730054
2.0718112 -0.26937458 22.169718
-0.5742776 4.9493394 8.482737
-0.87461627 -2.200827 -2.377273
0.13337861 -6.4659853 4.523273
-0.7802493 5.3533564 2.200823
2.3842442 -0.7918214 22.765463
0.5051039 -9.004945 6.7503743
-1.8986397 11.585526 11.094224
-0.20316239 1.0086777 0.7404277
0.72547454 0.4945663 6.833321
-0.44249514 0.14182036 13.175702
-0.06971996 4.3074827 15.822963
-0.23344433 0.6222077 0.33757922
-0.3372896 1.6294862 2.6959856
0.1716077 0.5859738 1.264922
1.7882236 -11.639491 11.9383545
-0.27702746 1.27958 1.2335558
-0.859063 7.345824 1.7844864
0.22760223 0.447712 4.3980565
-0.2620193 -3.945223 0.72361416
-1.0666413 7.011566 1.1953068
-0.51849765 5.001862 8.449142
-0.20793298 -1.4449583 1.5190127
1.1320794 -0.515475 13.519565
-2.003546 -1.111353 -2.363458
0.74137723 -3.209538 7.710511
0.17282964 -1.4471186 4.363658
0.7349992 -1.2992582 24.034184
-0.9948495 7.715367 11.174502
-0.35190576 2.886768 0.8814879
-1.156154 1.743304 2.2378745
0.42972246 -0.023835793 4.0794773
-0.60426885 -4.0926514 0.6706874
-0.4083613 -0.023146842 1.8719035
0.6723784 -0.32446274 13.295114
-0.86568576 -8.636239 2.3079112
-0.9915499 10.88119 12.85986
-0.2891719 0.37833586 0.61368716
2.1888974 -8.415303 16.860859
0.78069764 0.017161181 6.4562597
1.0610977 -10.815757 14.587232
0.63204193 -1.0052576 4.945825
-0.3060115 -2.2039342 2.1861255
0.70818603 -1.1395928 4.967052
-0.194512 0.21745522 1.495185
-0.14516391 1.3118247 4.1881123
-0.2721562 2.617975 10.159685
0.100238025 -0.2670022 2.1893613
0.52274865 -1.8992739 14.834577
-0.60266584 0.89560604 0.369821
1.0514344 -8.342322 9.530313
0.33978575 3.2880707 19.222553
-1.5053579 -5.0260463 -0.11554537
-0.15927505 1.0455287 4.528107
-0.18249133 0.60615146 4.864745
-0.7555538 2.3854358 -0.42284617
0.94563764 -5.803975 17.82677
-0.9774543 0.92669827 0.4493067
0.35713774 -12.169604 10.108862
0.72497845 5.9985194 20.327627
-0.14138074 0.39198837 0.024494886
1.0216675 -1.9082693 4.573264
-1.2302967 -9.238484 -3.332588
0.47396275 -3.5594296 5.969068
0.09113665 -1.9740723 1.7765628
2.6425383 -7.696872 20.406406
-1.729503 12.401091 4.8730807
-0.31072637 1.3165148 4.369318
-0.31361443 0.9747645 2.3863597
-0.5881365 1.2265329 1.0479368
1.4343358 5.0655603 17.638275
-0.97080076 3.7424145 4.4340425
-0.8043698 2.151727 -0.3691565
-0.52669024 1.5031227 3.8184643
-0.3820658 2.9157777 3.0638196
-0.4484686 2.4126155 5.313693
1.2997683 -1.8405192 11.883139
-0.9665833 3.7935274 -0.12280289
-0.46601707 4.5193486 2.0993373
0.4699068 -12.948233 8.826921
-0.27720857 1.1377815 3.0760438
-0.3991651 -1.8857001 0.067128405
-0.046789613 -0.95184153 3.613991
1.5644904 0.66752106 20.63801
0.86032647 -6.5063515 9.673865
-0.40419295 8.129294 5.252164
-0.41151866 4.422049 3.7414196
-0.3533213 -13.565446 5.990831
1.4308417 -1.2095594 10.140311
0.0018542771 -1.6194632 0.3375883
1.5733877 -2.8986607 6.190936
2.6692078 -11.6182165 23.282686
-0.1863741 0.8034755 2.146643
-0.10025619 0.5401812 0.8942782
0.020253284 -0.5402638 5.563751
1.013697 -9.055646 17.869009
-1.3554724 8.68873 3.6174462
-0.0937065 2.9133575 -2.2899716
-0.25314477 0.5523461 0.6674616
-0.45116916 0.65754837 0.53468883
-0.23093517 0.38027743 2.3486423
-0.7311167 -4.001389 0.10795258
2.4951177 -2.6964624 18.658724
-1.0398732 5.942118 2.4934475
-0.7397499 4.0204763 0.7801751
-0.5478989 3.3815248 3.4626367
-0.19754137 3.1870878 19.75099
0.5469573 3.2741354 15.819955
-0.36849752 0.29288238 0.32159716
-0.6057792 1.5067594 2.759585
0.5561956 -0.88386756 4.7441435

