0 0 -1.0103696161515938 0.718025376936319 2.019576342394764 0
0 0 0.701092520339345 0.25750008937007707 1.8846260201827052 0
0 0 -0.057041924491949114 0.0866235143159324 1.6512387634054448 0
0 0 1.46606710826924 1.5165953423337197 0.9507425347669257 0
0 0 -0.38488443770417446 0.7264763322281109 0.4058797819565483 0
0 0 -1.1419796574169025 0.016905909334765767 0.876205394674787 0
0 0 0.8658663010148175 1.3052921202844134 0.7066566023652893 0
0 0 0.9633186223224763 1.3203036647828688 0.7229794141597655 0
0 0 -1.0427576123005058 0.5450730083173584 1.9449402342400202 0
0 0 -0.3002571595363108 0.416939986621765 1.97152579055597 0
0 0 -1.1742539309361355 0.4869091516210287 0.46033951219233027 0
0 0 1.344768109497653 1.4909442234259636 1.6235015251122618 0
0 0 -1.416872628777512 0.2091771231944668 0.5904602140997425 0
0 0 0.6537044896275623 1.4772565818564223 1.3679778951000097 0
0 0 -1.1227728774488785 0.006051120209992766 1.2633431878680694 0
0 0 0.22062013273781167 0.04979508487835449 1.6176997315883355 0
0 0 0.5724521931328854 1.5548011514710216 1.258258590518943 0
0 0 -1.555066112763074 1.485377453081823 0.919588193941308 0
0 0 -0.6534437201291481 1.379733106893062 0.8390782480991006 0
0 0 0.652846811078692 0.9588483161552446 1.9439130928006065 0
0 0 -0.2796372495125945 -0.03635649344859626 1.279888678690844 0
0 0 0.7917149916324164 1.3527058634244868 1.72100893273895 0
0 0 -0.5646582421432818 1.2280973410091334 0.6423154080970761 0
0 0 -0.09373520826229687 -0.05290175222078786 1.3662460504554956 0
0 0 -0.4097791294394706 0.9769542644525546 2.0258810882274902 0
0 0 -1.4402270548520313 0.8065709000188968 1.995050565038143 0
0 0 0.6094965794878888 0.6040590326505514 1.9739877961550358 0
0 0 0.8135501735237582 0.8432432728442865 0.41722278676268787 0
0 0 -0.5815947071839584 1.1519887980069066 0.5345878469636196 0
0 0 1.0522715505199542 0.11273795860641855 0.8461922125579793 0
0 0 -1.1297891898134658 1.3697086499909936 0.7373133877090292 0
0 0 0.3192849518727332 -0.012792973597199997 1.0271047282767027 0
0 0 -0.34026431827499803 0.35112271018357677 0.5063216040159467 0
0 0 0.20540473099745205 1.0240047515991848 0.5400980552102357 0
0 0 1.332986278549615 1.491862676255785 1.4699517784892426 0
0 0 0.6222005791835055 0.010554471313924618 1.2655935897393267 0
0 0 1.360374112748604 1.1463041669643306 0.5714056981265083 0
0 0 -1.0673446210187083 1.4063907301607512 1.625891203659496 0
0 0 0.05010527261917597 0.29229738311797204 0.5923933724527607 0
0 0 0.2067024121355412 1.5519519808151903 1.0515200191027596 0
0 0 0.09578163082199698 1.4963100603092285 0.9501244266955464 0
0 0 -0.09671209921585677 0.6659946934105975 0.41984026441163336 0
0 0 0.4135638979451848 0.9309071091684469 1.9460869421538827 0
0 0 0.45688066044582376 0.20336278454883383 0.7201155348429695 0
0 0 0.7471594360030109 0.009805753323739341 1.3409701920910913 0
0 0 -0.989856726914828 0.16554788331149783 0.6788529033994696 0
0 0 1.2356012963774257 1.3670293433663003 1.7352144700238998 0
0 0 0.4865869539650669 -0.0004436717878825158 1.3204149691646097 0
0 0 -0.9847298089024277 0.750617913200344 0.41236315381388544 0
0 0 -0.8033625980142279 1.4389626324238263 1.6587110061379635 0
0 0 -0.7978927469103512 0.2670711947175524 0.6486610560328896 0
0 0 -1.3363407817011592 1.426636131872318 0.8053084717590997 0
0 0 -0.9471553292616954 1.2982270690315376 1.7759077292672667 0
0 0 0.08787393136589228 0.028413240332204714 0.8049052653096767 0
0 0 -1.3500109697959393 -0.08358026204161129 1.1397421450799285 0
0 0 1.0482147966639648 0.21748520935368454 0.6522896344844005 0
0 0 1.5386011097829213 1.1804970002887276 1.866299881463593 0
0 0 -0.11747895210610748 0.9452563368979781 0.49078653316201093 0
0 0 -0.24591852234585532 0.4012666644506709 1.8821426091150772 0
0 0 -1.208904715109477 1.2901823751030892 1.7564787961378754 0
0 0 -0.6959124782786892 0.5146487387034934 1.976892196523411 0
0 0 1.2657622154562769 1.538506754260155 1.1731343453917809 0
0 0 0.8686116897784464 1.5311507553033818 1.0412837127136494 0
0 0 -0.7057233591370412 0.8504800902952576 0.4291315702957543 0
0 0 -0.5373876746559556 0.38663198646006586 1.8748995943350386 0
0 0 0.11363576225778882 0.8914954542608402 0.41054537005440783 0
0 0 0.3163796045655698 1.504702684727854 1.5585040963823402 0
0 0 -1.137630297474586 1.5258927600582184 1.3446741645138407 0
0 0 0.8778740056753547 1.4396788661549156 0.8418843856444866 0
0 0 -1.1282901101995817 0.9302796389709513 0.43206086455500436 0
0 0 0.0755647572632101 1.090120748154238 0.4768437008664358 0
0 0 0.46890215656818146 1.515796690865575 1.4328022902623523 0
0 0 0.841568896511319 0.08658721449506235 0.8788306550698074 0
0 0 -0.5303092566625829 1.5221162112090152 1.3178932519581137 0
0 0 -1.3185171303719931 0.8305163476479241 2.0175673772041414 0
0 0 -1.0605241048671603 0.6911265294906 0.46653598246822336 0
0 0 -1.128915119006371 0.38381269473310353 1.8833115303861074 0
0 0 -0.0014666408420287436 0.21709759436952325 0.6202406162601204 0
0 0 1.0650063211637333 0.404053600757135 1.9626010340232827 0
0 0 0.8394880552251882 0.05030750044636201 1.470868106031568 0
0 0 0.6167534561349264 1.3486169894822313 1.7371746213432977 0
0 0 -0.6775387753190631 0.8470422794912994 0.4263142288040286 0
0 0 0.1792156891385177 1.1909381218636579 1.9177372450506165 0
0 0 -1.2659275403481354 1.4677931744320722 1.0159165968152883 0
0 0 -1.096328995987602 -0.005118404547039268 0.9677502010356324 0
0 0 0.006041801635715549 0.17034688416764365 0.6378478728040287 0
0 0 1.3217906372274926 0.17605398694916918 0.6708848073840484 0
0 0 -1.4695427330818795 1.4049104090431932 0.7503082252298996 0
0 0 -0.9097092493129505 0.23766951116280943 1.776011200896322 0
0 0 -0.8666692673010395 0.054089922153250924 1.5876630437347279 0
0 0 -0.46909447537346405 -0.06431797744566081 1.3630587704742672 0
0 0 -0.9695366715188434 0.15364695099270154 1.7145802790020719 0
0 0 1.1682138987632418 1.5009026983050293 1.3500307229293873 0
0 0 0.1522609496998646 1.371417940220526 0.7213381686939258 0
0 0 0.92920332708976 1.4403323897719933 1.5288860353852824 0
0 0 -1.41287290089443 1.5683720041216525 1.0987994729267354 0
0 0 0.0623141587204028 0.10892489904796454 1.7391223347321951 0
0 0 0.6617621653144985 0.036365989342852845 1.5811645046203553 0
0 0 -1.461767144914134 1.046533033868034 0.4428032238119364 0
0 0 -0.7050784096351349 0.7204377602403634 2.0245799233619675 0
0 0 1.4708494672749963 1.2748165060608014 0.622989667836199 0
0 0 -0.8813738862927298 1.0162648447075249 2.022676683471062 0
0 0 -1.1140293040463176 0.06065398568036673 1.6448895505947936 0
0 0 -0.3133426241132373 0.05142566899375167 0.9785446248256613 0
0 0 -0.644287500138546 0.9648221785916392 0.5102694268305366 0
0 0 1.0889431100342177 1.5467103560783155 1.4612723696872987 0
0 0 0.41895261507479065 1.4772145416161746 0.9061011105799655 0
0 0 -0.37134989842036203 0.15793543437992197 1.772855078968243 0
0 0 0.2066309032833087 1.2890172551596901 0.666321911396965 0
0 0 -1.5542871204536783 0.6956061993898474 1.9874165484247874 0
0 0 0.1488795890244139 0.010258779401135842 1.553420947747208 0
0 0 1.4258182089335385 0.2240221017505276 1.8470222275598673 0
0 0 0.7679003024682047 0.03581816619755063 0.9908767382487736 0
0 0 -0.7640540386916547 -0.010764083703062477 1.3826016151448417 0
0 0 -0.8890743424081462 1.2031002168315472 0.6231945722677773 0
0 0 0.47443591436835586 1.3904937373312083 0.7391234808260632 0
0 0 0.6067319632015571 0.14784751481031122 0.6581977574438305 0
0 0 -0.8664451534963106 1.1839363545691626 0.5621393442699336 0
0 0 -1.0802424145563188 1.5066391975247573 1.025402316916631 0
0 0 -0.002277913243702523 0.7976726784787002 0.39546403155282095 0
0 0 -0.2953656023334872 -0.016492828524203196 1.0399415271725032 0
0 0 0.6037918861088443 1.5153047520506588 1.4727540219820552 0
0 0 0.556189281507868 0.5243182792716229 1.9903309993705178 0
0 0 -0.6546980223129477 1.3838501150230647 1.6946105742395219 0
0 0 -0.51745731401951 -0.014545675758303678 1.0919845574159064 0
0 0 -0.40581418026837723 -0.010229322888564263 0.8883961693325697 0
0 0 -0.077826702566133 1.092136620710759 0.5225772597973076 0
0 0 -0.4400116702582284 1.5004146421037101 1.109933130837265 0
0 0 -0.6054600570156664 1.3536244081534021 0.7807269965636853 0
0 0 -0.4904104349915235 0.6837852303802331 2.064713991592546 0
0 0 -0.36023747865288125 1.2048721413994883 1.847309117284544 0
0 0 -1.3671394864941717 0.5903323970150363 0.47927809017968137 0
0 0 -0.176910571993373 0.7404055581622729 0.40528347760893346 0
0 0 -0.5757103293102201 0.31806397427265604 0.5919016667485261 0
0 0 -1.5388016246765377 0.10388651467905119 0.795036528998204 0
0 0 -0.4648750212884185 -0.06463246145310475 1.238281869645112 0
0 0 0.17589261564432812 -0.022805639450514503 1.2889174364316018 0
0 0 -0.8610451360244358 0.2962230434445292 0.536702266110667 0
0 0 -0.8910685865253878 1.501299488478639 1.3449184956263203 0
0 0 -0.010352915704606058 1.3916104929864612 0.7404949664121415 0
0 0 -0.5562981303180381 0.48823091015799797 1.9545659470250896 0
0 0 0.00028918058555693626 0.04773312981745703 1.6698085576712631 0
0 0 0.6092145645297182 1.3686984000897628 1.6800347446816417 0
0 0 -0.8360440016878287 0.1969814987020173 1.846419360825621 0
0 0 1.230188396395023 0.09907706813431039 0.8005893576292782 0
0 0 0.9562925842911421 1.4959203760613164 1.0231367611840383 0
0 0 -1.4181295508956206 0.37170593880593583 1.9147834235630432 0
0 0 -0.6627266846650024 0.10963682404553532 0.7046869606795059 0
0 0 -0.5633215097357029 1.501961890525419 1.0959170146035175 0
0 0 -1.3003301577091197 0.10329905023215324 1.7450759144639703 0
0 0 0.4923474807744581 -0.002036120639967165 0.8858428840139148 0
0 0 -0.20189759286714448 0.6228999969488049 2.0540051252599523 0
0 0 -0.7246294865033145 0.027344369771697075 1.5775520529611713 0
0 0 -0.9176640974414639 0.33782459897863854 0.5963321422914214 0
0 0 -1.2573317932843353 0.9709633841752731 0.47548484341927344 0
0 0 0.554265264872777 1.0943211182912866 0.541386322775933 0
0 0 1.1882857009671146 0.033726368586628586 1.4853275764424432 0
0 0 0.8922210725908339 0.4077242462698828 0.46649479454321585 0
0 0 -1.372738465092656 0.22651343841114024 1.8023552720657343 0
0 0 1.4482979070503466 0.7713783301007803 2.0667682550991873 0
0 0 -0.823727787388631 0.5289617480785949 0.47362977846701326 0
0 0 -0.6536509471321247 0.24022577389586863 0.5894015043613433 0
0 0 0.2826635256236967 0.8127476041586719 0.48577952646946987 0
0 0 0.6698746598849215 0.44621028032121657 1.9773872944332331 0
0 0 0.4070610842769622 0.8385895276788872 0.48795319331809506 0
0 0 1.2621516591767956 0.949457352900523 0.4696625090611456 0
0 0 0.5295501850960731 0.7394355609205515 1.9807856477693722 0
0 0 0.33733854075567704 0.7292718637958691 0.45278312093797446 0
0 0 -1.179628641628407 0.1590945735877466 0.7020985607021548 0
0 0 -1.5135146389915135 -0.018478780643333304 1.4524518916383515 0
0 0 1.1039183329597337 0.5266563180529458 0.5047462065038231 0
0 0 1.035500955058148 0.34423766007231604 0.5739417765997067 0
0 0 -1.169480470860771 0.0879655674429819 0.8514747602592041 0
0 0 1.1961584087193549 1.246615875240611 1.857151724332859 0
0 0 1.3501438555786471 1.339303178975828 0.657858820918363 0
0 0 0.22137781894596253 -0.05567847779735213 1.0577354337241045 0
0 0 1.3655695624735422 0.6972743026381933 1.9841924922558591 0
0 0 1.2665668770806646 1.4738198956700692 1.6291689252381107 0
0 0 -0.7145919559350116 0.7756417205986001 0.40539346579774804 0
0 0 -1.4966929301946723 0.48347233672173 1.9207751706358607 0
0 0 -0.08897299657743973 0.08195701142565592 1.6829490990812443 0
0 0 0.6764711365596403 0.1786666446494577 1.7302833936009256 0
0 0 -1.1937742191705383 0.38397141488719605 0.5121567700698105 0
0 0 -1.4544523209555784 -0.04639108014167448 1.3027105975667728 0
0 0 0.18786002557796988 0.72253329042986 2.0589433539455695 0
0 0 1.1824845352868105 1.0883611443050762 0.493188851067785 0
0 0 0.5009420286534203 1.318651198854416 0.7274337150203719 0
0 0 0.9108265908151911 -0.009378676662295193 1.0573678960641637 0
0 0 -0.7914083200034338 0.45887240370852805 0.5008020996604164 0
0 0 1.5119578822267168 0.923709301714629 1.9615252644296837 0
0 0 0.3717665267635044 1.4246190794423432 0.8803145779501025 0
0 0 -0.7367013883683984 0.882627081905841 2.0433816261823026 0
0 0 0.005182024887143033 0.15678674147616833 1.7893529723164745 0
0 0 1.2169312274335007 -0.02367203909350446 1.254615608645632 0
0 0 -1.183996822753291 1.3081388473661462 0.6063776731847889 0
0 0 -0.15342564852634255 1.1651651901244229 0.5424608478951309 0
0 0 1.2392083676232093 0.8704783699168507 0.4520062831727809 0
0 0 1.2924666348142764 1.3548653140087006 0.6521346002010635 0
0 0 0.3127608062846978 1.1603532926458382 1.9570035129817982 0
0 0 0.47362447024845533 1.3601550003537655 0.7310138345117274 0
0 0 1.369769103974599 0.15749107806077456 0.7359423936563274 0
0 0 -0.4024731069455789 1.2486279144068557 1.7826969821515888 0
0 0 1.294933488493212 1.3526771970889826 1.695460696192995 0
0 0 1.338991108819941 0.05172343425277415 1.5152649481898988 0
0 0 1.1281682412560428 1.5116549637024925 1.0731203361754322 0
0 0 0.7014183711803432 0.3326332602662997 1.9431201153826452 0
0 0 -0.21509047463801356 0.12337776059969197 1.723461632144243 0
0 0 -1.5613987692404645 0.3699600626073908 0.5269822738254889 0
0 0 0.36600909257228476 -0.07920750611967309 1.1193103918433154 0
0 0 -1.1276992816378664 1.233327552250611 0.6071207892453193 0
0 0 -0.0834884364111772 -0.03908046662570486 1.2877095442191027 0
0 0 -0.5346525286239736 1.183640965157377 1.921441334755618 0
0 0 -0.8946578851466522 1.42298014085382 0.9175160379287104 0
0 0 0.3940421929512756 0.1768008754783873 1.8085390660209348 0
0 0 1.5002399733131817 1.0572084016208656 0.5007579542890286 0
0 0 1.1196000732301412 0.31215422820756417 1.896600793130872 0
0 0 -1.3655474704985169 1.489250102141741 1.3403977344235722 0
0 0 -0.5975264633666849 0.010553240786127072 1.3859591160641276 0
0 0 0.22068778332286243 0.10436071411460768 0.6980362699569272 0
0 0 0.11406278840015616 0.4904327494095901 1.9736879966102316 0
0 0 0.005226886944327047 1.183141060830399 0.5740460160519553 0
0 0 -0.036542005726911464 1.1957424736477296 1.9155397106139262 0
0 0 -1.4660007532278612 0.21850336449512486 0.6960645765068189 0
0 0 0.3709927626684053 0.08257890513769295 1.5524180736864261 0
0 0 1.4044084296380062 -0.0037752906164640887 1.2575158684945364 0
0 0 -0.6159444346738447 1.0389316774175892 2.0025642124772896 0
0 0 1.501162177305435 0.6390522717129461 1.9984388335815382 0
0 0 -1.5346870268204003 0.028466457346462803 1.0445034400663016 0
0 0 1.5055849478246142 1.4386023522079363 0.8882388828988483 0
0 0 -0.9665256755698861 0.015150131887221474 1.3856359816301196 0
0 0 -0.016296461008245 -0.08810102721041557 1.215914105969833 0
0 0 -0.9329990972951501 0.04986749117049383 1.6634386616395034 0
0 0 0.6322581521153068 0.7408121670241615 2.016260863606128 0
0 0 -0.6647003976371887 0.7767141337467494 0.44082756310613025 0
0 0 1.2340276761261206 0.2585490428221265 0.5660169652050869 0
0 0 0.306666132287837 1.5210693515607157 0.9871146340814732 0
0 0 -0.42085234527840343 0.9468074070832095 1.960902752667185 0
0 0 -0.7384586272524082 0.0826548675965254 0.7277725505387334 0
0 0 0.3656149994021154 0.6506626805270173 0.4027139850979907 0
0 0 1.2613596079040117 0.9512441328080564 0.4451226124854004 0
0 0 -1.4315951183710354 0.46753245106207847 1.9757995210306183 0
0 0 0.24671351983006784 0.0694750620872624 0.777676277407636 0
0 0 1.5310940634197547 1.0422333688556438 1.9306324250016782 0
0 0 -0.017297896555097614 0.9146278397172809 0.48342647286977214 0
0 0 1.3502945326653526 0.0191429647657696 0.9363706900758362 0
0 0 -1.0668343619029237 1.46826990328586 1.0278710345888538 0
0 0 0.6313502043391019 0.405263168564306 1.9353237130233483 0
0 0 0.2704167826152588 1.0024362993355282 0.4433024564657979 0
0 0 -0.641664992126805 0.3203465113937224 1.8415365043516494 0
0 0 -1.0106634497751235 0.3329809340143157 0.528607263138958 0
0 0 1.2328372129697054 0.18550147682882123 0.6644408935751613 0
0 0 0.9149459427350459 1.5460546912160646 1.0236808787316554 0
0 0 -0.7935287439765724 1.2963927971690463 1.7681012922863513 0
0 0 -1.0615753774066148 0.24794005784351214 0.6397527175290634 0
0 0 -0.18465879527904638 0.7848591567059556 0.3986517871166124 0
0 0 -0.9713115814803245 1.086238657519882 1.9253364952179037 0
0 0 -1.0089033830916638 0.6405433351966074 0.485408941495279 0
0 0 -1.105753477954369 0.7779864314411468 0.4041629869675467 0
0 0 0.07738898824367313 0.7528625068859436 0.47315559229423976 0
0 0 1.244482045279832 0.9068994725728918 0.49457815421011697 0
0 0 -1.3591189853218337 0.10754341155991154 0.7150499052011874 0
0 0 -0.597623415186181 0.1066747116465172 0.8337317781488729 0
0 0 1.565369009524633 0.3503357227120911 1.8979048094245237 0
0 0 0.9090398653959677 0.45752239472280304 1.959291585862152 0
0 0 1.0671765837542204 0.6336668154085415 0.4624353650931119 0
0 0 -0.8041522472656076 1.5784641745296595 1.3054014625999448 0
0 0 0.6697635139447438 0.24533699695272937 1.856742386044615 0
0 0 -0.25102308102095683 -0.03630594300163603 1.1297047924438548 0
0 0 -0.09840312312494803 0.46991529343412614 0.5252876901043041 0
0 0 1.5646956838813466 1.4764526425069622 1.6442579487577655 0
0 0 1.059345583896726 1.4745942721134022 1.3847879913612164 0
0 0 0.8375044915548773 1.5473591136714913 1.2502970792397987 0
0 0 0.4918366277961619 1.2891530554455053 0.7080424771228203 0
0 0 -0.7103664192458806 0.6092261940810098 1.9728851756910584 0
0 0 -1.4633809827017767 -0.04977053536673581 1.3695648108468372 0
0 0 0.0582922441953746 0.580647889030358 0.48008990334955337 0
0 0 -0.9598527310416259 0.24539976150104847 1.8161730384889794 0
0 0 -0.06689957878679187 1.4706017069495414 0.9474671948813613 0
0 0 1.2674159523237654 1.3901431461256988 1.6808198935688605 0
0 0 -1.5174382576674417 0.07919438969753312 1.6884935590656664 0
0 0 -1.293416265534741 -0.05034734331119939 1.4443209359243132 0
0 0 -0.8799194775654947 0.007786174702473558 1.2054312899015192 0
0 0 -0.263931255546654 1.49921249841434 1.260444167740599 0
0 0 1.170645509764066 -0.03815922014411499 1.5061041263120272 0
0 0 -0.835267948936331 0.05168596156391614 1.5700149927224283 0
0 0 -1.309132478342315 0.46454298282314593 0.5110798515555984 0
0 0 -1.2126909961571934 1.5015105319510733 1.0627159467508647 0
0 0 1.0848129774180673 0.7424872495643835 2.0294750111536466 0
0 0 -0.03084773505924665 1.5484135907981353 0.9882920626625271 0
0 0 1.2531326008247987 1.520744034717366 1.0138781731654518 0
0 0 0.8873214754327323 1.2103183967875695 1.821491260825084 0
0 0 -1.2836221264496213 0.9691876431884913 0.43506004889022165 0
0 0 1.175241060937878 0.08877901675402866 0.8343632707102513 0
0 0 -0.3760134648623199 0.021345803669200802 1.0082405305293505 0
0 0 0.5932830465200079 0.19089338088843355 1.7711697706608245 0
0 0 -0.4417182803051338 0.9165353603471205 2.049884883752613 0
0 0 -0.7271170288405986 1.5276607759025804 1.0927826916936512 0
0 0 -0.5850035063913487 -0.019850137747854157 1.51791261247358 0
0 0 -0.9398647494598137 0.21626223380541476 0.688179163684388 0
0 0 0.3695529893480225 1.0986871654957993 1.923732930740642 0
0 0 0.7516249628103915 -0.035328609055364946 1.1560759374435656 0
0 0 1.0629319165620772 -0.06674948680215376 1.319104173415563 0
0 0 0.37725676948848164 -0.012216252779213121 1.0554821337902496 0
0 0 -1.5501335132762273 1.4936155743002977 1.6162915749179794 0
0 0 0.445878913695974 1.5411461151808419 1.508270927270125 0
0 0 -0.629513971599957 0.6699103551202337 1.9728481546027263 0
0 0 0.48962093425228215 1.5641411054498255 1.196478753457177 0
0 0 -0.14792379306848868 0.06486243826167004 0.8225718691563868 0
0 0 0.32235015519688126 1.2200657908773398 0.6495582800649433 0
0 0 -1.0983757958572016 1.4763804005524 1.015142883109028 0
0 0 1.147694328084723 1.123042267984805 1.957055572277763 0
0 0 0.7743491914569098 1.2863026938760118 1.7538474130561093 0
0 0 1.3850236052876777 0.45226866158021756 1.9924911486215273 0
0 0 -0.9810834069776065 0.9875641710678283 0.5029769865608282 0
0 0 -0.787393048008855 0.6856672006072824 0.3971460488184606 0
0 0 -0.4701900021584642 1.0044953942702564 1.952195945184199 0
0 0 0.03177537210587156 0.11472854379353559 1.6965747023347126 0
0 0 0.3392257675154753 0.026336032650694285 1.5108393822127986 0
0 0 1.5651092387902685 1.4670115245364772 1.5301401740230807 0
0 0 -1.061358434652121 0.10364040050196166 1.6711858347495103 0
0 0 1.5617075183203903 1.4407696116848898 0.9594590413266533 0
0 0 1.1770556551621363 1.1362079983275208 1.8955177021316576 0
0 0 -0.08474123130264566 1.4774776804051748 1.441429393984591 0
0 0 0.9921320075961622 0.5197586427142746 2.0025238150494893 0
0 0 1.055375731716933 1.4855315881065654 1.070343132111208 0
0 0 -1.0157432985469381 0.29723909473740584 1.8814086766468279 0
0 0 0.14070001041074098 1.234792893219689 0.5957078194389596 0
0 0 1.180457655840776 0.29000568763242124 0.5555677022282361 0
0 0 0.842831961125722 0.02835243680672639 0.8708385796882556 0
0 0 -1.4751202422078735 1.4837823823855643 0.9259957739393273 0
0 0 0.8143335110197509 0.2106034711958863 1.7457287798400514 0
0 0 0.16690170111184344 1.1148570489969072 1.9299176492495376 0
0 0 0.6210782453444632 0.9538249035927264 1.9942637025681949 0
0 0 -0.9700157432724283 0.04370078808215394 1.4622055312365927 0
0 0 0.5482310394328205 0.5962861589466556 0.422059294151262 0
0 0 1.2185397770211321 -0.022029612564871792 1.3193594298679143 0
0 0 0.14162809255953968 1.115145029752747 1.8847705774362433 0
0 0 0.6852438089420931 1.375437064766631 0.6916525975102894 0
0 0 -1.0068615275574329 1.5125363413311255 0.9231882431195919 0
0 0 1.2195823585248369 0.5291817398418072 0.4226041622926969 0
0 0 0.027785022163732576 -0.03078097810003677 1.3948890169247905 0
0 0 1.1424747097674288 0.8539567270717385 2.026329318783775 0
0 0 -0.797398698115433 1.4815334419149928 0.9716179391004804 0
0 0 -0.3158333122310135 0.2852410176040984 1.8469368066227447 0
0 0 -0.7357001218929536 1.1691048170429639 0.5252784726594353 0
0 0 -1.242374929168981 0.3306624386474271 0.6171276073034504 0
0 0 -1.2655524548546926 1.522397181346982 1.08350408754651 0
0 0 1.1168011982382935 1.007496581816031 1.9643547313702925 0
0 0 -0.9713914105701686 0.9731314896076789 0.5084481054987543 0
0 0 -1.067936902684293 0.027609231369907228 1.0299023012604902 0
0 0 -1.2418950225651595 0.9254796837326753 1.9640435386583515 0
0 0 -0.9828495831484222 0.7840708780374367 0.4285316606002313 0
0 0 -1.366425036176923 0.14517313594922976 1.6760817647822939 0
0 0 -0.9958793451193696 1.048889370096006 1.9847313747957727 0
0 0 1.1356283674957712 0.2885115349406833 1.8193557811739502 0
0 0 0.07543050779283256 0.10284717285602729 0.7165527536852173 0
0 0 1.4623354762708107 1.3214690415755512 0.6937657351533829 0
0 0 0.7254103501683598 0.724644440981657 2.0525775703187117 0
0 0 0.8096203729475646 -0.06431548774661544 1.324052733802351 0
0 0 -1.2493712831137103 1.5136728559195018 1.1658167034348899 0
0 0 1.51475002824656 0.7967148585621296 0.4538745136188955 0
0 0 0.5501617141329911 0.7212282722292992 0.44519343531473377 0
0 0 0.33257951179444323 1.1268728419642509 1.9106836911567044 0
0 0 -0.08302228317461102 0.8122201119529489 0.4238368077818293 0
0 0 -0.6871710703620886 1.5342332822271545 1.2433355680052454 0
0 0 -1.0531526764860755 0.7694522882873821 0.38893325752363095 0
0 0 -0.11988102127092803 0.05689329796499609 0.836172923424944 0
0 0 -1.348660970271232 0.5585841435584092 0.4706975455305977 0
0 0 1.1709938869162033 1.1928023170007354 0.6327846063576951 0
0 0 1.0934795142393012 -0.019481166688446128 1.0499982456272168 0
0 0 0.29610678701593307 1.1140008479380592 1.8921413586307714 0
0 0 -0.0847596679692515 -0.005038037223034197 0.865553412788286 0
0 0 0.7618253086351947 0.5984426207978483 0.4890510443794519 0
0 0 1.4020343918858904 -0.07733202286554341 1.2581364875578125 0
0 0 -0.0028937079107926866 0.8669622597440045 1.963572864894213 0
0 0 1.4586959693375938 1.4622246803233174 0.8992946257724563 0
0 0 -0.49239589108386883 0.5047968497269055 0.447229839154726 0
0 0 -1.4714442797402492 0.05588696023009998 1.597028581198646 0
0 0 0.2111593040462827 0.4404182612769771 0.45812468066807366 0
0 0 0.6766703120093318 0.13677346172350746 1.7080008431784652 0
0 0 0.27965556399573277 0.7015440544115114 1.979986824461953 0
0 0 0.026862672737628657 -0.036466095259143794 1.2552217064192015 0
0 0 -1.0180499619544232 1.325308962401779 1.750504498809149 0
0 0 0.9079345993159134 0.5479361346432534 1.9931620833195867 0
0 0 -0.15644225335894424 0.9940053855637794 1.9303056855037037 0
0 0 -0.39907758438281404 1.4540223054870838 1.5112058097203438 0
0 0 -1.0695818373088501 0.1333039594294113 0.7509621446547805 0
0 0 0.19757790677846554 0.8773598686424879 0.48701971042012204 0
0 0 -0.4088085692748651 1.1719200998397614 0.5836284672729392 0
0 0 -0.6262342945790829 0.5707826636861946 1.9584092072546193 0
0 0 1.4635873320709227 1.1871447938875739 0.5343136934007529 0
0 0 1.5160363889067234 1.4944044776439243 1.015416318950869 0
0 0 0.20682256923647757 1.036647496016537 0.5324515203134134 0
0 0 1.4870584033589451 0.45365127456865934 1.9644215473919258 0
0 0 0.43124128133200923 -0.019055909148403938 1.2976092450480672 0
0 0 -1.0384356043831762 0.6485800107972677 0.4185290322351093 0
0 0 0.2888826817072685 0.4211298406107015 0.5193992469996013 0
0 0 0.5822067356857215 0.10287863790642304 1.6473494571907605 0
0 0 -0.666656419712688 1.1275978858811857 0.5071307265838567 0
0 0 0.27114849378093386 0.1814992201393597 0.645094643574394 0
0 0 0.4878089333501574 1.0091313240991666 0.5168263930149417 0
0 0 -0.2767309608349773 1.5852095197343807 1.2835076814164506 0
0 0 -0.613480998157364 0.17354091693030904 1.7873459888538066 0
0 0 1.3622149627478302 0.019457161862322825 1.613745497470597 0
0 0 -0.6229282716083356 1.1136577902236657 0.4926504943549245 0
0 0 -0.769820977442531 1.306573398496889 1.7916665343485065 0
0 0 -0.8264324850526377 0.40966847878671026 1.9750417390776502 0
0 0 0.1770338411343766 -0.059082368947390274 1.0029652819949229 0
0 0 -0.7919265320729802 0.045307629581747166 0.8529082438882539 0
0 0 0.692171532532107 0.4779830348086535 2.0077553017048886 0
0 0 1.1567379149684651 1.3331983925993462 1.7840717507079344 0
0 0 1.2904197550720933 1.5531199047729136 1.175145410255359 0
0 0 1.0062649609182746 1.2341770830674035 0.6003912002014535 0
0 0 0.8756682063828216 0.03694027714627335 1.4635292220205447 0
0 0 0.3514685487337317 0.6431711013107906 0.49060024196908536 0
0 0 -0.9084066184701799 1.5221277264062483 1.1507581967290685 0
0 0 0.4402535435917794 0.017334342604645725 1.473627131238262 0
0 0 0.816441039502843 1.266699912148085 0.6069500721738255 0
0 0 0.974006242998382 1.0133298605439505 0.4742830764619471 0
0 0 -0.5872166405023231 1.4845642276714641 1.098764565716734 0
0 0 1.0567634772152599 0.7895131558485002 2.0114421278713692 0
0 0 -0.16638910355269765 0.7634758701344097 1.999019530260877 0
0 0 0.9576885370665233 1.101277792343866 0.5149785646979593 0
0 0 1.216124236068505 0.22695714764699515 0.6039678902845046 0
0 0 -0.9422948818389405 -0.04479355917238881 0.9735321543915173 0
0 0 1.004331362412775 0.6810379741465946 1.9817418277092338 0
0 0 -0.5314991609694695 1.2714417998353955 0.6837494550330957 0
0 0 -1.4175657820874292 0.09987229679193343 0.827792620452626 0
0 0 0.2439914856537737 1.0174243104711385 0.4604503432536947 0
0 0 -0.34530059775207134 1.182431840149984 0.6182256058065737 0
0 0 0.8637693022621846 1.0872221826417068 1.9652348738591252 0
0 0 0.07836852369909741 0.08248316101645992 1.7301534926840545 0
0 0 0.6595796592830774 0.1315834098821479 1.793234639575647 0
0 0 0.7995282387684552 1.5224128944676978 1.209857600761443 0
0 0 0.4341751323094125 -0.03453913049350277 1.2912299673134222 0
0 0 1.058143362479476 0.5515894611158442 1.9434314416152796 0
0 0 1.1675961183880839 1.197401099598269 1.841068164825757 0
0 0 0.8286779470842855 -0.038849836487322764 1.222455191175375 0
0 0 -0.027636634731904808 0.8914518474325092 1.9824819866405392 0
0 0 0.8301638728626122 1.4227401121995462 0.8609980827217869 0
0 0 1.0249876747494784 0.010636846736811756 1.1308056034907423 0
0 0 1.3005250621717561 0.021788434732543993 1.470077900102821 0
0 0 0.31223374705776763 0.4771998595282072 0.473378529702156 0
0 0 0.07926444144793865 0.8848620464108146 0.441871563185116 0
0 0 0.3297818778574113 0.30061143206071966 0.5293228837681566 0
0 0 -0.972203295583551 1.4645528004208854 1.5784604837299847 0
0 0 0.2959634021341291 0.15492789219950154 1.6955352609157952 0
0 0 1.3305549267811223 1.251975732420231 1.8522771754180094 0
0 0 0.01703695709716646 -0.0005612758035726806 1.3349855198312648 0
0 0 0.3770148874615322 1.4541692056801914 1.6770963774175085 0
0 0 0.18009342124216454 0.7842807076620388 0.4551579569750903 0
0 0 -0.8421623377412308 0.1516804829021362 0.7504893862962072 0
0 0 -0.05473647455397623 -0.004742552827361579 1.4023484650405873 0
0 0 -1.4772284863404666 1.0473522239024586 1.9211554957097183 0
0 0 0.4064917543112534 0.6364801194654832 0.4948100188044553 0
0 0 -0.8561283471472293 0.7633633569026657 2.0399057159088727 0
0 0 -0.6759415407478537 0.26139967197611463 1.894066484217968 0
0 0 0.5409967785653449 0.049397425231069936 1.6235720350551468 0
0 0 -0.5954494548913596 0.05291582946087192 0.84380661507872 0
0 0 -0.534211420674757 1.4082754367993275 1.6809967300104376 0
0 0 1.2398927737882746 1.1740343715343187 0.5837158587651178 0
0 0 -0.6306314440504017 0.14132733182209956 1.6858960564876284 0
0 0 -0.023010475764928096 0.042480463544136926 0.9170093883539686 0
0 0 -0.28591405972768547 0.02270923484690146 0.8739241543287647 0
0 0 -0.7872280982358306 -0.026626573023311284 1.3911564160260272 0
0 0 -0.6958623856392767 0.9778138295752415 2.011014090666497 0
0 0 -1.4310600086554048 1.5103849679025125 1.3131151096019649 0
0 0 1.5333979695693425 1.3871016254321606 0.8196372506038583 0
0 0 -1.1770794873410566 1.0664385151902558 0.5524443419495857 0
0 0 -0.03707847432329858 1.2601802950338707 1.7881458510999113 0
0 0 -0.3211173399125784 0.10331333483712213 1.6850778530120332 0
0 0 0.7129682819176657 0.28324497258263387 0.5905636677088855 0
0 0 0.6031848687023404 0.7157832782585719 0.450166832752975 0
0 0 -0.40267656936520324 1.5773784748058248 1.2543836230473406 0
0 0 1.3382208185195728 0.27050348493638665 1.8873424996170298 0
0 0 -0.6212657607210601 0.007408375045276916 1.2223651144977399 0
0 0 -1.51987538201842 0.027033905598466634 0.874989580319989 0
0 0 -1.5088363874039021 0.11557897539064788 0.8423777288542058 0
0 0 0.7466572220456791 0.9560377614979904 0.4491421640928347 0
0 0 1.1383864399538672 1.3230915323698147 0.6523228508296872 0
0 0 0.9023404246148794 0.3454495135448274 0.5125297016371169 0
0 0 -0.24852270209590488 0.04926448062122435 1.4885516395490754 0
0 0 0.6616206957868767 -4.189668039766836e-05 0.856033910115656 0
0 0 -1.2361177376068648 1.1424942456176055 0.5599741967187534 0
0 0 0.34036896540052775 -0.010503204636449714 1.5272214317555508 0
0 0 -1.4691839947752692 1.2197021177283636 0.6222553996868405 0
0 0 -0.30477875485929795 0.5326490184512751 0.4711479818409807 0
0 0 -1.2653323131175147 0.6021458541762077 0.42867340572640356 0
0 0 1.4173303685470815 1.5647884512361512 1.2726418166907643 0
0 0 -1.4670630690014819 0.3152978876781773 0.5272565524208009 0
0 0 1.4263377046959818 -0.04804227108717074 1.3611613082664782 0
0 0 0.98338616961487 -0.02906180718583795 1.1537779808520476 0
0 0 0.4696154380187809 0.014006585449708564 1.401109993216612 0
0 0 0.3809345789576559 0.6300398550729596 2.0349383077108634 0
0 0 1.323180214530677 0.8682266988654971 0.426914183767777 0
0 0 -1.0584140255405203 0.11077290260665495 0.7874742778968757 0
0 0 0.5683298075416334 0.042856557059328226 1.537037976104903 0
0 0 -1.528448024642374 0.7515512747050341 2.0114401590651463 0
0 0 1.1666955109075654 0.9497931448229279 1.9593453654212571 0
0 0 0.6162658209761949 1.2917866375907416 0.5970917547332952 0
0 0 1.1624466113654233 0.8136030944262707 0.3952668243012458 0
0 0 -0.9066027916199731 1.4945813709598137 1.0057164141493626 0
0 0 -1.437745768187345 0.6072720137614964 1.9650598117182723 0
0 0 1.128995970197444 0.4292021002178035 1.9172546103168218 0
0 0 0.16113875715851633 0.6190170116568106 0.42279676452922565 0
0 0 -0.9257366895479455 0.9596483739373598 1.9872436416829313 0
0 0 -0.07010461561959058 1.533197759872205 1.3611241455621224 0
0 0 0.3773641148695983 0.22993464973163658 0.5806761449074083 0
0 0 0.22833382447355044 0.17463747347484393 1.8288383742255 0
0 0 0.2702956708094697 0.8835884050997519 0.43336460518538855 0
0 0 -1.2604947462341414 0.9362483905473029 0.4419935069072639 0
0 0 0.739686844222172 0.21349356831367416 0.6560662815519989 0
0 0 0.7388820387110413 1.3504857515528634 1.6605205134949614 0
0 0 0.7014351994461023 1.4426554127601006 0.9252413475471615 0
0 0 0.10009751410751289 0.4507913063084843 0.4570767610436889 0
0 0 1.4708993038214047 0.42345203141056964 1.9786314099514102 0
0 0 -1.3399413493448828 0.0056127468561602 1.3202565685813445 0
0 0 -1.4725485438982562 0.8780920014289986 0.4974886103572338 0
0 0 -0.235885910395081 1.520534885323863 1.2815177915502771 0
0 0 0.24784468924732628 0.4716174322862709 0.44896154601238036 0
0 0 0.99364578626325 0.06457612810105817 1.5398587789308953 0
0 0 -0.8688726114735095 0.08730978552481594 0.7800865771368982 0
0 0 0.6279711142400464 0.023681569356208243 1.5730674042601565 0
0 0 0.3321711060373176 1.569441794275609 1.3656767011688924 0
0 0 1.5133671000110729 -0.0028817319772116434 0.896015479376274 0
0 0 -1.1158753606523022 0.7930583170499991 2.04947145283515 0
0 0 -0.4331210117044648 1.224190988409736 0.553257034908068 0
0 0 1.4537576595149244 0.22439652261826004 0.6263155590559666 0
0 0 -0.7286569535950332 1.4749971120612833 1.5065902978364465 0
0 0 0.25656997084070277 0.37094581635745627 1.8779900377112182 0
0 0 -0.13578522576732155 0.09613840606795487 1.75040149094567 0
0 0 -1.3690272750761834 1.1923031456136806 1.8360140865053123 0
0 0 -1.1967047997324225 0.43179041559089093 0.4611404637283101 0
0 0 -0.3238688896150046 0.20830920617117232 1.85457256041503 0
0 0 -0.1494691786267901 0.001999417119651792 1.1158616549737368 0
0 0 -1.4037405954804059 1.4873185504674478 0.8870064967225868 0
0 0 -0.7396981700508716 1.1282158967503013 0.530111656859947 0
0 0 1.4381262715756558 0.4610784469273932 2.0029634780063166 0
0 0 1.488862684787538 0.0352368621503375 1.5301592140862001 0
0 0 0.9667075441474697 1.4838155840140925 1.561188746210291 0
0 0 1.406108407237591 0.09295049970060953 1.691196506640037 0
0 0 -1.42041505801687 0.9795182544184513 0.4605979989668194 0
0 0 -1.0058211092323739 0.156479543933025 0.7763488103922487 0
0 0 0.4180494485547661 1.543833908640526 1.3756290835161828 0
0 0 -1.493549686370487 1.024650278312561 1.9770212734336852 0
0 0 -0.07087266208119569 0.2118563424456854 1.852971265834905 0
0 0 0.4933725977709207 1.3552656084414603 0.7491505093607185 0
0 0 1.4346794651623087 1.4762887982279023 0.9037592806098842 0
0 0 -0.36501388735128404 1.0448554196361743 1.9612414828966633 0
0 0 0.021334452722348907 0.1340238757071981 1.689024446939148 0
0 0 -0.30454514788413234 0.12174000658231954 0.6826909543950008 0
0 0 -1.3458950388535014 -0.054369184545969174 1.163924897791335 0
0 0 -0.7728789080118844 1.5749123391239856 1.3246747107442738 0
0 0 0.7920000658286721 1.4416824542903948 0.9533150526745986 0
0 0 -0.2679025568951998 1.352543491927999 1.7568464647245845 0
0 0 1.3363087047453388 -0.08248808397396112 1.31944641722695 0
0 0 1.5228858522650133 1.4360039916132332 0.8380987839347249 0
0 0 -0.5858268743881413 1.4974979494456666 1.5066131018024171 0
0 0 1.4383094902109912 0.6417616066293708 2.04973691125862 0
0 0 1.0952536466244087 0.7864114656381338 0.42049861985256287 0
0 0 -1.209678512544611 1.3097574923801663 0.6467204965256166 0
0 0 0.4608309995869586 -0.033905784829386665 1.2553829853624876 0
0 0 0.7599215213186805 0.1909304769231358 1.8011791126683692 0
0 0 -0.06022614134325499 -0.003511458642920906 1.139295082579045 0
0 0 1.391109637068919 1.234074415717946 0.5835087869134304 0
0 0 -0.5873264800496575 0.012720334910265807 0.962138739508097 0
0 0 1.0429508709736117 0.45533903616265026 0.5363146640752143 0
0 0 -0.37817291553351895 0.29515716517345797 0.6107510505123455 0
0 0 -0.6088793516897268 1.5055414082341265 1.1136739072971902 0
0 0 1.0338436569498701 1.1964012942589646 1.8981194120363631 0
0 0 -0.8460519455904584 -0.042010484107307455 1.0618151539357905 0
0 0 1.058886401908782 -0.05398376564339602 1.3677405288129036 0
0 0 1.2792719948558928 0.13237188383050436 0.7211002868072762 0
0 0 -0.41491166200697593 0.02949182941689621 1.5575023113187414 0
0 0 -0.5383416010102184 1.0255945704894693 0.46604712323604314 0
0 0 0.7787101410043569 -0.05646547705062788 1.2562094841430576 0
0 0 1.1717402888183819 1.4955521802919423 1.1554026033687483 0
0 0 0.3199792176167122 0.8095411428757131 2.023646942537833 0
0 0 -0.7655888067625906 0.9941804112201342 1.958282520627956 0
0 0 -0.6494241788835938 0.08146508263978813 0.7677843265335027 0
0 0 0.9148056592060674 0.29780579523251555 0.5676001533845357 0
0 0 -0.8748153351002501 1.44853530352768 1.6430626092062899 0
0 0 0.11240425042111268 0.9459234444912594 2.030561724033726 0
0 0 0.4969509573143114 1.5017537220604626 1.422874304859993 0
0 0 -1.2679345957370187 0.8229062901611626 2.0041163324014595 0
0 0 -1.313944676405733 1.4920085999515065 1.3334696270905624 0
0 0 1.3661694592455356 0.6420655226715227 0.4198576602000873 0
0 0 1.3486356144387477 0.7858319608459795 2.031755725260362 0
0 0 1.2667403035105038 0.9247512739244477 1.9893610592940916 0
0 0 1.2437964785252706 0.4381053188282978 1.967164285920537 0
0 0 1.4583250141350486 0.7451047695299553 2.026969071611061 0
0 0 -0.755559398673568 0.004267959848959335 0.8952755447740146 0
0 0 -0.8115713876268378 0.8594254285225921 2.028591967541276 0
0 0 1.530592428006567 1.210380547248136 1.8603063844744345 0
0 0 0.20194024886408823 1.3400846645250675 0.7232934778482357 0
0 0 -0.8456831040890337 0.00979099488955859 1.4604855533172416 0
0 0 -1.428399796747109 -0.07196155581396879 1.1720379038573043 0
0 0 0.3485059945850124 0.026379779638795453 1.6315005896128332 0
0 0 1.18347651673721 0.05211592121595887 1.5906926928795526 0
0 0 -0.6692281523396307 -0.0405439307430987 1.2896179519169118 0
0 0 0.9437019243963869 1.181701685591444 0.5521273630787985 0
0 0 0.015544406178306547 -0.004804925269648486 1.1540416942656333 0
0 0 -1.318713356574905 1.531239091757541 1.5112963751214805 0
0 0 0.7588644969780702 0.04626346492796218 1.55711154380348 0
0 0 -1.0371712481533693 1.2775452719665212 0.6256895504351035 0
0 0 1.1033276426588694 1.1292062841905341 1.8701214155771722 0
0 0 -1.0218709981608765 0.8979048793773697 0.4310102653605503 0
0 0 -0.6696783338629647 -0.02148910537835813 1.2020514581694066 0
0 0 1.050521787576682 0.6568996843125063 0.4032251184109231 0
0 0 1.1267004304926873 0.24410068331530155 0.5777796672558739 0
0 0 -0.7964155199550312 0.2675923802906165 0.6205820051038178 0
0 0 0.44945027518340464 0.26522070071348564 1.8034974786116664 0
0 0 0.48929061085970016 -0.04442378935971547 1.0885523079499813 0
0 0 -1.4246568999181797 0.3476151934080729 1.885289785696656 0
0 0 1.021128310231742 0.4452642660600811 1.9657753971257992 0
0 0 0.08782073484008279 0.019350203235331986 1.3951521479583113 0
0 0 -1.4964015826570425 0.9112843878629875 0.4708469046931547 0
0 0 -1.2738207230903704 1.5593514354940554 1.398368954973429 0
0 0 1.2267023241277464 1.1157161440903327 0.5765538721400189 0
0 0 -1.3752479431496107 0.47456694337448635 1.9438529572161571 0
0 0 -1.054732850863989 0.8165304172564761 0.4095670035947735 0
0 0 -0.31603198907637853 0.03744973387122952 0.9167038977155613 0
0 0 -0.3201362411475921 1.5029438509648032 1.4081224218111603 0
0 0 0.06593033056203401 0.21816330279829055 0.7088721125560729 0
0 0 0.9872814267768288 1.195586215091714 0.5894880266969844 0
0 0 -1.3116595760916072 0.20061967646044598 0.6107093584750186 0
0 0 -0.304059355124483 -0.02891590003582789 0.9479750522642769 0
0 0 0.679847421570821 0.09517322851176868 1.6194843812095634 0
0 0 1.0827181230464498 1.0991225683420385 1.9389456312559017 0
0 0 -1.3145148519321095 -0.03203719705636021 0.9857901872805257 0
0 0 1.3898075706527973 0.06801136394926943 1.6526970506826446 0
0 0 -0.5070960855078137 1.5390218987251774 1.1436178659084135 0
0 0 -0.34501461186027504 0.6486094960375373 0.4695807518917736 0
0 0 -0.9488860458286752 0.3800914627258213 0.5128199765258323 0
0 0 -1.1395555354084346 0.2852355073861873 0.6026404299213532 0
0 0 0.6169152607224895 0.5375751242860514 2.0037034441139787 0
0 0 0.6658536285066861 0.0980812074543993 1.7001626038459219 0
0 0 0.3433399191244899 0.08325696542732364 1.6281892336825612 0
0 0 -0.23242488019185958 0.1277759232380582 1.782112672817486 0
0 0 -0.016083961564676397 0.10978387253406285 1.6469038184769422 0
0 0 0.3202304780221612 1.324010244400409 1.7963436824572625 0
0 0 -0.0668824855638428 0.4969047016875343 0.4611660189068141 0
0 0 1.434100166773367 1.211161379894795 0.602287583351584 0
0 0 -1.013463532003142 0.6795119582362826 2.014433487486704 0
0 0 -0.48442607281679684 0.04084279104081501 1.5018545677361457 0
0 0 -0.9982749628367124 0.2941830687184131 0.5378789811620168 0
0 0 -0.44546189548288617 0.8010063443555422 2.01491419014837 0
0 0 -1.4360438250651415 1.4801550763792766 1.5976114464457674 0
0 0 0.4755623123691257 0.03623264477346699 1.5347041628001823 0
0 0 -1.3489110278694971 -0.055305170515375646 1.4471059041827676 0
0 0 1.2154529321136702 0.022326602962358222 1.5547079688536036 0
0 0 -0.2850528995549555 0.0012113262389920054 1.3370420925576385 0
0 0 1.0895244949109526 1.4830055467397902 0.8795542475034488 0
0 0 0.5315145111054167 0.7157386304417999 0.4388421135458137 0
0 0 0.8084535081721582 -0.08626814880373534 1.2396827418116776 0
0 0 -0.9348497887855316 0.5251678318526957 0.4838173031245545 0
0 0 0.8031378869279351 0.23413612989707455 0.5853762491090403 0
0 0 -1.2363865261501392 0.012675219121567882 0.9731052956253602 0
0 0 -0.6050648246991471 1.5000954490266534 1.4782525391173742 0
0 0 0.12371242721619868 0.3748316790909712 1.941646101852042 0
0 0 1.19850777459125 0.9141977516643157 2.0101548165958136 0
0 0 0.6575808399645235 0.2341191893242991 1.852197050392943 0
0 0 1.0950197618446404 0.8729851886834219 0.4395584665921236 0
0 0 -1.0871981692318546 1.5593994784264413 1.2760348268669568 0
0 0 1.104430477465332 0.5187757219976596 0.5087584695600735 0
0 0 -0.1824673370445169 1.3232039328136054 0.6713854244238565 0
0 0 0.08639192144553798 -0.07257112802654786 1.2301355718832976 0
0 0 0.09463809790003452 1.566799312364698 1.1444938306222994 0
0 0 0.07980093536177124 1.3559014838101178 1.6817146012539657 0
0 0 0.7724364333460394 1.4532574873292892 1.491973705180092 0
0 0 -1.4283878871625342 0.03189730436882565 1.477714417481599 0
0 0 0.7221064996320581 1.553145881758325 1.3457145728928146 0
0 0 -0.5482416456678867 1.3059392495792408 0.6879870176194846 0
0 0 -0.462224897066875 0.044349452179606286 0.9638063439440403 0
0 0 1.1679434573088177 0.9396677666799439 1.9529885151001718 0
0 0 -0.14439910592196492 1.4768349673409946 1.4307588639738023 0
0 0 0.13649765322802732 0.8320062177670782 1.9670359348278328 0
0 0 -0.7160340433936663 0.8590761523525338 0.44324558764490374 0
0 0 -1.448779377255085 1.3859852484630106 1.6596188016128037 0
0 0 0.9665059528521729 1.4963275194713566 1.3707072694352973 0
0 0 0.25941823338792513 0.08183356810863851 1.5655071279012924 0
0 0 -1.4098289388755838 1.5633987140387453 1.2054514195900865 0
0 0 0.06762063898308446 1.5274669461460713 1.3321444433401912 0
0 0 -0.558425295093963 0.20398207450139882 1.7428626256410311 0
0 0 -0.16437298516643772 1.4247939336500086 0.8366799620800747 0
0 0 -0.09899267145248913 0.5168855564543359 0.49452107568578874 0
0 0 0.809493601510964 -0.004504178553942029 1.0166801596863975 0
0 0 -0.664570888182742 1.5553982251586493 1.3574610661377737 0
0 0 1.0497630794439199 1.3182878789941035 1.7662789837977984 0
0 0 -0.5461583226804592 1.536189414680543 1.3953802068600076 0
0 0 0.044964898294827416 0.04161180411693999 1.578067646027832 0
0 0 -1.1944362933548467 1.1736695544443347 0.5642709023302339 0
0 0 0.0720801384983969 0.7029136255069129 2.0445277582817494 0
0 0 -1.3867139007337488 0.773811130679085 0.4789716822984934 0
0 0 -0.6535785470705784 0.8758564999085179 1.9852452402389384 0
0 0 -1.3364703170773606 1.2457276312026242 1.812303802831045 0
0 0 -0.006745152130722909 -0.06771674942315087 1.1396702390207816 0
0 0 -0.1378631161009003 0.8084310124296249 2.0334543739322903 0
0 0 -1.0240084974977108 1.3670668448525176 1.7435537476463887 0
0 0 -1.4715003552677213 0.044476363508066274 1.4657643783058039 0
0 0 0.7545580885468963 1.3681637634799475 0.7839951941573251 0
0 0 0.8379434243208386 0.33008900857803086 1.9233657168737588 0
0 0 1.2117131215927102 1.4498037225554166 1.634899310810987 0
0 0 0.4530869912003137 -0.015920220042793254 1.344797711462943 0
0 0 1.0417949084732232 1.5286984397001064 1.5387613896974361 0
0 0 -0.5992990585868321 1.0220643361817259 1.9352260670074843 0
0 0 -1.322070794741439 1.2339599291735324 0.6414852358877117 0
0 0 0.5176161638877605 1.4147422687092144 0.7770163573123235 0
0 0 0.7641947873392545 0.07389818295214734 0.7556612095810129 0
0 0 1.3794375657795666 0.781329056126641 2.012607140865359 0
0 0 -1.4361512326955739 0.16735803982708564 1.7188010739854487 0
0 0 1.3441758663580776 1.0877352110047376 1.9052380989668651 0
0 0 0.21143960703547138 1.340538557039893 0.7458831864682958 0
0 0 0.01768914871093874 0.19457181196422546 1.8224054661172606 0
0 0 0.6773211944678383 -0.010938581182873053 1.1021167646927836 0
0 0 1.4995304502151399 0.6897616994347702 2.0555138726364848 0
0 0 0.5196735736899614 0.8214561765724716 1.9898020422889628 0
0 0 -0.7023942229311236 1.1263849468430809 1.9495399348507785 0
0 0 -0.8323808881937116 0.561178844727791 2.0262760544210368 0
0 0 1.3282539890483478 1.1526209098071414 1.933290387428257 0
0 0 -0.3648508738750693 0.968815928821265 0.4746049655133038 0
0 0 -1.4629279627447396 1.3315264621968808 0.7564044766327453 0
0 0 1.3945725653475685 1.577102210837658 1.3455712433815576 0
0 0 0.3186785038712743 0.9781027781502696 2.034844922232957 0
0 0 -0.8277528717064461 1.4187501820448714 0.8285668892962084 0
0 0 -0.8288188533074672 0.05066387638217551 1.5691114418841323 0
0 0 -0.0043962017539944664 -0.024874971081556563 1.0232680793485984 0
0 0 1.5540429616259055 0.9614461309874928 0.49262602207821204 0
0 0 -1.0629871677044993 1.1399631192759263 0.4985500803993266 0
0 0 0.8454762988395021 1.3789166307964071 1.6335863317909527 0
0 0 -1.2576893811705154 1.3323893216037175 0.7232699880277806 0
0 0 -0.5181244851508529 0.13515335174330356 1.693956448834127 0
0 0 -0.45653045211534504 0.056057698121888766 0.9126251751069907 0
0 0 -0.7795682867700479 0.2376196089959145 0.6514464813251287 0
0 0 0.3041444308145449 -0.025969419321148046 1.250065492937128 0
0 0 -0.7057152423311839 1.5354292224835395 1.2424927991314751 0
0 0 -0.5212602285396704 1.4518775762130154 0.9023584984934232 0
0 0 -0.6869869663910116 0.03754615550626306 0.8632755664393369 0
0 0 1.0465378188913141 0.8872391220833706 0.44508887253827534 0
0 0 0.8983240775022896 0.08358507940673432 1.7292183871415858 0
0 0 -0.30134746494393005 1.4444670342074175 1.559260213947353 0
0 0 -0.5674595167729928 1.2401743534769512 0.6044011122202718 0
0 0 1.0215328961089312 0.08963672873638484 1.737568020764094 0
0 0 -0.19752466811006886 -0.001399906937075479 1.4572731552386156 0
0 0 1.1331723029209884 0.8954968223486923 1.96022497760671 0
0 0 -0.12437567646531678 0.5904713186534313 1.992733221095007 0
0 0 -0.12189301722367762 1.4557299155731496 1.580892699364202 0
0 0 -1.51858771026705 1.4496953509061843 1.4797007858249906 0
0 0 1.1229152159558877 0.32293571946718364 0.5315916191267893 0
0 0 -0.6280402203804641 0.417442908135724 0.5333589060649999 0
0 0 -1.1991334308227526 0.6017408168311031 1.9582607040985602 0
0 0 0.5748281412763463 1.0295312314635625 1.9301801071478106 0
0 0 1.0385504091080264 0.908893037478175 2.037440293825513 0
0 0 -0.25543259940975216 0.24629512467393477 1.8856346269754423 0
0 0 -0.13476685976712233 1.5228551959489085 1.1077759206203952 0
0 0 -1.3501800308311518 0.08642958674876566 1.5773617289719981 0
0 0 1.528261341935929 1.2298485618189776 0.6376202414743719 0
0 0 0.46526585968285605 1.48941728857679 1.0355522613901065 0
0 0 0.8274897430414012 -0.012793690162752669 1.5767289461812504 0
0 0 -0.3666760838376433 -0.023727297800389513 1.4147549295511705 0
0 0 -0.16755855323497237 1.1479419241136828 1.8556036391852788 0
0 0 0.6245736495086147 0.24652471034505052 0.5956155880250097 0
0 0 -1.4305833153893495 0.015605054516426464 0.9035945219747037 0
0 0 1.052015565232721 1.3641507822111971 0.7353981111461825 0
0 0 0.9594925656740054 1.430146501659634 1.637044786799524 0
0 0 -0.2617044934132071 1.505822694501245 1.1598985321455528 0
0 0 0.05674050485716542 0.6106026385708352 1.97677928000006 0
0 0 -1.0223572595485626 1.5144638362346001 1.3332415639911557 0
0 0 -1.0197125969353462 0.656447355777939 0.422871560457726 0
0 0 -0.06045328885762191 0.15199862056257407 0.72748709201932 0
0 0 -0.9837680632824695 -0.022617904843458936 1.277303958947584 0
0 0 1.076643230845832 0.20384452208290538 0.6595018870802526 0
0 0 -0.9886886582505037 1.5369110267326427 1.3972113913234838 0
0 0 0.15843741654233656 1.274823566846695 1.8027812967208443 0
0 0 0.18782015552482934 1.4668440665550904 0.8049137823529655 0
0 0 1.018835637221056 0.8900497573614277 2.040078702905766 0
0 0 1.3195371435952055 1.4864974545094967 1.3466573569595528 0
0 0 -1.0190256450593809 -0.060042703399277975 1.42019304130311 0
0 0 -0.5645291170439222 1.4299898576860874 0.8063685039871071 0
0 0 0.33042850795832956 1.1326561207367174 1.9622430711320806 0
0 0 1.566070584164056 0.7144673955293679 2.0398261466900305 0
0 0 0.5719794881367806 0.008257073450427144 1.15464337798085 0
0 0 0.0452470637103255 -0.029934136420122215 1.0236998873416943 0
0 0 0.10937854138839054 1.218070889307787 0.6520632913979418 0
0 0 -1.4955426253672133 1.0365879362666024 0.5384883560171063 0
0 0 1.5193729668245366 -0.0782007921037382 1.3316420289984194 0
0 0 0.08164594302401773 0.7795809214027482 0.39578266427756803 0
0 0 0.18500027709792755 0.38456889247730314 0.5027206480873772 0
0 0 1.126976791857615 0.14461085073402768 1.7432213164934995 0
0 0 0.7266333543281642 -0.002656763683189567 1.1162650204534963 0
0 0 -0.6993762422893285 1.0634535357432087 1.9192785706902382 0
0 0 -1.4756108905731933 1.3838121501267489 1.7125713649888337 0
0 0 1.0143014826712147 1.0966908543113547 0.509886702201652 0
0 0 -0.24382833068630405 1.2386579534117406 0.6689789842798513 0
0 0 -0.4053488601848716 0.47001901861357875 1.963980911934617 0
0 0 1.2751503842456784 -0.04572411429058909 1.027551964712929 0
0 0 -0.26260042706657183 0.0006123856264876881 1.422914705119064 0
0 0 -1.5398561021574746 0.09738752137130446 0.7862492696475918 0
0 0 -1.1738356715177953 1.1887192019184623 1.9397396874917439 0
0 0 -1.523626812110013 0.6883597130053534 0.4772586707191432 0
0 0 0.4955936918840642 0.6249019378934227 0.44467650739921316 0
0 0 0.5417846094100645 1.4833833704866994 0.830735889146391 0
0 0 -0.5562129387994117 1.4667133312643246 1.6552929634683875 0
0 0 -0.8046412315962238 0.5876784084332188 0.47077721467982325 0
0 0 -1.4898913388203736 1.3213559893679883 1.7364008617644195 0
0 0 0.701811955169338 0.07246506665065777 1.6981968937780483 0
0 0 1.5571016585659616 1.4642382810178858 0.9941691550935636 0
0 0 1.0681804167742022 0.30104681632097535 0.5435230053012647 0
0 0 0.016280213733283366 0.339502408855953 0.5508899173580045 0
0 0 -1.431271248591961 1.4917766708964266 0.9015867558524335 0
0 0 0.5365108443837094 1.3740751509937221 0.7011469543897321 0
0 0 -1.4734812211998987 1.5118887527702096 1.1169402732704863 0
0 0 1.0478656672710778 0.9569809394061737 0.5164826806256709 0
0 0 -1.4804050987775048 1.514922070052471 1.543167428469135 0
0 0 -0.685480976268366 1.3954409971618935 0.8051314161039715 0
0 0 1.4391158259731278 0.051465558368441355 1.5396798622287815 0
0 0 1.0912924042574823 0.7928444814151097 0.434690063345179 0
0 0 1.2611369526191538 1.023006610245048 0.4655195150692819 0
0 0 0.3260594206842491 1.5408761582181454 1.336960650635749 0
0 0 0.9701275969969148 0.9999272684260008 0.47737679521202103 0
0 0 1.4114092369073221 0.4392794146930088 0.4555373351290499 0
0 0 0.2053264377921864 -0.017632180313092216 1.369727544330063 0
0 0 0.8096300357232398 0.5482151685947447 1.9438525647009537 0
0 0 -0.7403291252843247 1.4388382841174359 0.8365742656641113 0
0 0 -1.100959577525225 0.5637226463405558 0.43959689676110136 0
0 0 -0.5573441000054344 0.20058154261663175 0.6773282812546386 0
0 0 -1.2393988395105018 1.4984589859365056 1.5302711619569358 0
0 0 1.4031028434807569 1.0886003671085864 0.5390530073196773 0
0 0 -0.2976743498290355 0.5047887604088711 1.95463607078764 0
0 0 -0.10300731354470094 0.10060757888793936 1.6847247810053472 0
0 0 0.8671323192427076 0.008562897021533233 1.142616725013623 0
0 0 -0.4726369303599818 0.5153758135027215 0.42971465775062445 0
0 0 0.0817146360593477 1.341817871768198 1.7917233194221485 0
0 0 -1.2536255586291432 1.5739297216917247 1.2969076959809966 0
0 0 1.5171399075793577 0.05379849616991628 1.6465503945979052 0
0 0 1.0636684880987493 0.6807704133689332 2.0221705880453897 0
0 0 0.15383886438845518 1.5516970572137452 1.2003330218415114 0
0 0 1.5172122563159207 0.5738998403240562 0.4187768749562435 0
0 0 1.143432056374377 1.5057691947710956 1.4353527869017464 0
0 0 0.4953400158168453 0.008982570853880212 0.9902296454276005 0
0 0 -1.5611359413333423 0.01690063242809514 1.5242028524638194 0
0 0 -1.0347918231341735 0.4237736593089765 0.5446052605592161 0
0 0 -1.3160976520568095 1.3218704485914483 1.8431937682260326 0
0 0 -0.32421914753682746 -0.003114419948820668 0.9293780510763694 0
0 0 -0.6944159376397134 1.4576719856979823 0.8045827430773349 0
0 0 0.1474617614991105 1.543808127033111 1.3417738608957714 0
0 0 0.005276430686991462 1.5605327846003876 1.3174296539342878 0
0 0 1.5455739644118895 1.204174293290118 1.8805579532638126 0
0 0 -0.9640739568588699 0.7234922155878054 2.0216661595925087 0
0 0 1.01099593102155 0.8373400348224309 2.0087595450714417 0
0 0 -0.5519861238459332 0.03536214527105597 1.4746252901794428 0
0 0 -0.981370391144586 1.5317808646661053 1.132302070048493 0
0 0 -0.05813031694183457 0.42772555916490373 1.9835796520488747 0
0 0 1.006868954293624 1.4536879867675365 1.557449431016988 0
0 0 -0.7096124703499266 0.5883377701732626 1.962013125133093 0
0 0 0.004541654827419084 1.3339159000460359 0.6951996199780262 0
0 0 -0.2225577018652447 1.0729352004992565 0.5469867672069602 0
0 0 0.8227668744137508 1.2062265681737008 1.8371272043714248 0
0 0 -1.4201858493219504 1.508216481225276 1.1096375111514818 0
0 0 -1.1882497914823351 0.4029738127775003 1.9801487855122257 0
0 0 -1.3785247100557445 1.11535024558041 1.8747802740571244 0
0 0 -1.2956717107939153 0.27568673915392344 0.6463123673213014 0
0 0 -0.6272320275226129 1.3550854103967083 1.6926923802021843 0
0 0 1.235986241715922 0.11304489657101213 1.726217816115252 0
0 0 -0.47520484090884474 1.4056510612116462 1.582046920283216 0
0 0 0.6114303690283118 0.32916473535658547 0.5736381793705599 0
0 0 -0.8661207668334628 0.9275693038162813 0.4285766082109036 0
0 0 -0.36817876333766897 0.639856000828892 0.3965738734211217 0
0 0 -1.2366266171781735 0.7350228707495854 2.0530531348254044 0
0 0 1.2581748298450925 1.5818142545926843 1.3274522562361109 0
0 0 -0.29530276574850833 0.47796491157239435 1.9333995580597352 0
0 0 0.9349345878529713 1.322177417920218 0.7207159671998884 0
0 0 0.5532715549990717 0.20831752334038234 0.6675252035283125 0
0 0 0.47213097824406436 -0.006374795515283083 1.2845727480282023 0
0 0 -1.2932334832135586 -0.03841819784059375 0.9488514899697016 0
0 0 0.009642789548868436 1.481720986084059 1.3391471477880708 0
0 0 -0.5665628890141201 0.25823706287137177 0.61837879718481 0
0 0 -0.8576498651992006 0.00023983882548961333 1.3345121800064292 0
0 0 0.39233285577873556 0.9108328675902891 1.9751748483870868 0
0 0 -0.0713061843362095 0.7604397800494311 0.43894939655163023 0
0 0 -1.5668259061505632 0.07669542470052582 0.8156665001882215 0
0 0 -0.08675237615520692 1.36813961630912 1.758289361310461 0
0 0 0.47127808629322265 -0.024614684151761268 1.1483553667216135 0
0 0 -1.1252257006892674 0.9039913739161414 0.41185813181160014 0
0 0 -0.8350135736418343 0.7523415908008299 0.45439766166356144 0
0 0 0.9733325357365277 1.4674726594581373 0.805793166175744 0
0 0 -0.9905952365689936 0.12390036197735865 0.8236068477389493 0
0 0 1.3607706958934669 0.9915978188786939 0.480237341105323 0
0 0 0.845558975641389 -0.014481168128428812 1.2904111276393888 0
0 0 -1.3405579684412028 0.15745646847358896 0.7332771021662017 0
0 0 0.10102778600930118 -0.005465278487247427 1.2354742473378248 0
0 0 -1.0346990331824384 0.5803569009824847 1.9978642584640178 0
0 0 -1.5607681077927746 1.2947291007185777 1.806451759280866 0
0 0 -0.724172445124001 1.3408141796574373 1.6897672981863663 0
0 0 0.009448700126055254 0.5518313217177974 2.0029243079986605 0
0 0 -1.4250508756323625 1.0218941658714669 2.0173742866782014 0
0 0 1.5340791951867536 0.17613342334106952 0.6415208826381337 0
0 0 -1.1924665545323858 0.21017272971293732 0.6570351945754472 0
0 0 1.1530380073958022 0.5574211508863213 0.44201645881570195 0
0 0 0.299202490944368 0.09696301143564978 1.6241465520818406 0
0 0 0.09071597413662702 1.17791738188332 0.5604123747745567 0
0 0 1.1290452662868486 1.4852271760729692 1.5395207197386638 0
0 0 0.0781996987407334 0.032109221790306064 1.018627829377799 0
0 0 -0.8100810129928842 0.8453822065680224 0.4915083798923765 0
0 0 1.2948945453435328 0.7608597799723964 2.059008952918453 0
0 0 1.5657583830522577 0.7512822264055907 0.45648979094345776 0
0 0 -0.14910471531647285 1.5172255105811345 1.4350071784743617 0
0 0 1.2788964201684783 0.2677125008841533 1.826631548446887 0
0 0 0.4484897900880691 1.5645938503210508 1.2106071778003076 0
0 0 -0.901634796567282 1.0885912618551572 0.5491868408515175 0
0 0 -1.4541420713679816 1.5310723621767182 1.1318725131726608 0
0 0 -0.0338102438963912 1.3861965289099965 0.7641063139306897 0
0 0 0.045936715192269384 0.39598146488843383 1.9313059084673698 0
0 0 1.40115707185674 1.5439329125995378 1.0112170499202606 0
0 0 -1.2230659693648493 0.00041010484363657174 1.1264133230739417 0
0 0 0.4312521648027299 0.6048813357656719 0.46983397160482654 0
0 0 0.08030286665521214 0.6615809441937924 0.42009018827598865 0
0 0 -1.005842220275583 1.1883455707311177 0.6096036068774885 0
0 0 -0.036413857350765744 1.0435717447356971 1.9306772849709182 0
0 0 0.8300915417903783 1.3521231924247528 1.6876184235283889 0
0 0 -0.9262537215276146 1.540118757187081 1.141335124463685 0
0 0 -0.5940898092164791 0.5440743338610978 0.49809443850044377 0
0 0 0.7386350027221664 1.3574459273723387 1.6870667027688382 0
0 0 -0.7641415979305783 -0.06052163220007367 1.3030819679934784 0
0 0 -1.2068665171448567 1.2715952030452695 0.6520489477076994 0
0 0 1.4242464662981518 0.06220106047148821 0.812677962701987 0
0 0 -1.5025999983034315 0.32999613974083447 0.5783648031878572 0
0 0 -0.731562468595962 -0.03949157283396798 1.0505423175680497 0
0 0 -1.1487695607524042 0.3922590694587499 0.5069877749458952 0
0 0 -0.4310734377012473 1.2841173180321728 0.5836481450560492 0
0 0 0.8760920761098858 0.6668307796360987 0.4101807393903867 0
0 0 -0.11307559778207765 1.5098382966614161 1.2206604609161689 0
0 0 -0.35445546343630285 1.3687796984521587 0.6829661963447373 0
0 0 -0.1075620897484253 0.2702106496314585 0.6095605632941922 0
0 0 0.2032521480943521 0.9076858977550806 2.038610903869671 0
0 0 0.88947065634924 0.5717444944515637 1.9891665068457585 0
0 0 0.8146682939323564 1.0607729141873827 1.9283787048569168 0
0 0 0.7745252535171803 1.2696045907593052 1.781865350047019 0
0 0 0.12862848230436996 0.15904118582201932 0.6864193658022029 0
0 0 0.6926289297442723 0.5200904165119331 0.5018707417662255 0
0 0 -0.1065502628579813 0.31013827438466146 0.5177748791449698 0
0 0 -0.893289786258884 1.461428059650097 1.5599472490123651 0
0 0 -1.567597555294685 0.5743901901110577 1.9823967981182098 0
0 0 -1.4885754671130118 0.9978111756559451 0.507699140783785 0
0 0 1.004547697391017 1.5276520906478286 1.1316714665662346 0
0 0 -0.8608701406965786 0.9222798390687027 0.42048716714007806 0
0 0 1.2188303364571347 1.3354853665864166 1.7576560318906038 0
0 0 1.1810801511694429 1.4330613865622255 1.5800730462116679 0
0 0 -0.9560874598500562 0.006958241485475858 1.5987409040999825 0
0 0 -1.5675839799753886 0.33566222290006276 1.9418764648139804 0
0 0 -1.0055588121069539 1.4746338162626236 1.053267073855115 0
0 0 -0.3691893020502792 0.1916888444667053 0.6772734209348402 0
0 0 -0.7471407972507482 1.3668979178194698 0.7707088582422325 0
0 0 -0.29833118412838733 0.46318898399436703 0.48415270194210425 0
0 0 0.3085475611134665 1.5697204043175175 1.2292143883817859 0
0 0 0.5276295098151191 0.09410165613161581 1.6843603149055106 0
0 0 0.6507475862587317 -0.025450818142992104 1.1915158201686544 0
0 0 0.4831089763006764 0.771644787356477 2.0366715476734534 0
0 0 -0.07258014704700644 -0.021042080522087447 1.1820346123050245 0
0 0 -1.0065486758399838 1.0491183044896217 1.9685022180439062 0
0 0 -0.17179758512500065 1.5415553413083276 1.4341037919744664 0
0 0 -0.5681389950822919 0.9809904411660461 0.4445823266288679 0
0 0 -1.1853082357544076 0.6817947995590428 0.46075674783322185 0
0 0 -0.11509013078263619 1.5797345291532188 1.1404482392913362 0
0 0 -1.2312922875704917 1.3940825140762945 1.5949300702001017 0
0 0 1.2505359045660032 1.420441250933747 0.8896249177219506 0
0 0 -0.013247261900620089 0.1634196999580293 0.7246361065370643 0
0 0 0.9369857887903104 0.7597141611634461 1.9735530633434113 0
0 0 -1.52858470396025 0.09120030550416358 0.832772000311169 0
0 0 1.0476887803534796 1.4617755100600958 0.8629753780052247 0
0 0 -1.3498070328518574 0.10946191363766367 1.665886023665291 0
0 0 -0.6346295164833776 0.17678466045631314 0.7597179495555313 0
0 0 1.0692303477336589 1.5078252937912655 1.2095126058559942 0
0 0 -1.0495194698980082 1.133088080153639 0.5213918781747388 0
0 0 0.8663016359372668 0.37537846534035135 0.5816709981541734 0
0 0 -1.3912273528927026 0.9660939493828246 2.0144807649526357 0
0 0 -1.2359897573870917 0.7556996941204794 0.4641814873956487 0
0 0 0.7403474150287512 -0.024901143857193997 1.2028825772956302 0
0 0 -1.507393523181986 0.05885853185219636 0.9040041507154751 0
0 0 -1.048941436361333 1.3885555933356344 1.658503154044632 0
0 0 -0.9029963764078573 1.3246669006621654 0.7378463385526752 0
0 0 -0.26297018965710883 0.624920750399214 0.47815135757593163 0
0 0 -0.3317442571552607 1.4545721246617556 1.5457574556237847 0
0 0 -1.3886011900454316 1.5087471372012444 1.2095881030217233 0
0 0 0.4495159652239442 1.4752770537097124 1.4105895462480238 0
0 0 -0.6398060409681855 0.7296086811171524 2.011858487352885 0
0 0 -1.5440009151262148 -0.012261624698910789 1.2462196007961166 0
0 0 -0.999842893796667 0.8386668445670615 0.4575744644872759 0
0 0 1.2991298337707469 1.5277995285217214 1.2494232415877915 0
0 0 -1.396612953123047 1.4778328602641029 1.5988353283178347 0
0 0 1.1478269155741296 0.006553848787280381 1.0423785003579873 0
0 0 1.1919461410878327 1.270446856019086 1.8439522022628132 0
0 0 0.9423947448180234 0.23855328463851821 1.8767133401773388 0
0 0 -1.0753412738204946 1.5216969025123361 1.360407889539603 0
0 0 0.9040083158126606 1.5426031606707138 1.187219040497168 0
0 0 0.23628513718214705 0.10013072233477593 1.6976935893414757 0
0 0 -0.3156440249604471 1.5084151973416036 1.1024126553352396 0
0 0 0.7821451341843866 0.7251985831742704 0.44908509704001787 0
0 0 1.0131160368656493 0.4768714472259869 1.9449788308839122 0
0 0 0.04539447648742789 0.8005035888055962 0.40672162454502214 0

