0 0 0.5197729746056483 1.308979499870334 1.9952787240516896 0
0 0 0.3912880489813926 -0.34560974687735935 1.977714548172497 0
0 0 0.20173108630612746 1.2288383953712025 0.44663991731632724 0
0 0 0.10629864023528657 -0.45674735403820277 0.49627462556654633 0
0 0 1.291033390806592 -0.6354674929314854 0.7349765597594993 0
0 0 -1.5124169708202801 -0.23263691052598268 1.9780351237977247 0
0 0 -1.106072564006737 1.3603820158130386 0.4856694022188409 0
0 0 1.2552739745350232 2.078151363978569 0.6899457194652475 0
0 0 -1.2902258380523488 0.3854639025511868 0.44841628822934165 0
0 0 -0.10816497992608776 1.1514571610868616 2.0195364389935238 0
0 0 1.1781131695022138 2.1107761378744705 2.0256512136889997 0
0 0 1.4767585919083066 1.590338296987863 1.9534968925298675 0
0 0 0.6515554531605146 -0.512151550566843 0.4335652001771725 0
0 0 -0.505589018412526 2.1132902789946093 0.4938244467742615 0
0 0 -1.1334482406236421 1.7930407962866928 2.0120787502064585 0
0 0 0.946359357814591 1.7148662286806846 2.009465276274505 0
0 0 -0.22189198722602366 1.9439608851784487 0.4870858331546549 0
0 0 1.3424277883884512 -0.3730799756177925 2.0148196356356665 0
0 0 0.2142818720979267 0.8716942031070574 0.435429062924478 0
0 0 0.9753457825538572 -0.20200863912639044 2.018671806966642 0
0 0 -0.48318372661798104 2.098297223314142 1.596706728152247 0
0 0 0.07274486122468038 2.0676301348847055 1.6423169322788733 0
0 0 -0.356028136795119 0.6357443698990421 0.473338095060308 0
0 0 -1.438328081802156 0.7416036285421053 0.4935919861806668 0
0 0 -0.018923143921217633 -0.6295998728849455 0.6303708886584587 0
0 0 1.1715627411597724 0.5890576144990953 0.45382183264376597 0
0 0 -0.9773057197023995 -0.5872800494552388 2.024404257328867 0
0 0 0.38598062479092743 1.8950384406399794 1.9998610719189136 0
0 0 -0.6066146097699829 2.1346329189043285 1.7903381601324457 0
0 0 1.414960160081396 -0.5270887183572193 2.040924845916914 0
0 0 1.2229246552158841 -0.5696347913201771 0.40547247123065366 0
0 0 -0.7649931961767689 -0.43405532415767123 0.4251955930371065 0
0 0 -0.044879503679980504 -0.592482163425091 1.0079875223304446 0
0 0 -1.529263074670166 2.0753181211585963 1.74500738059445 0
0 0 0.15325963499282258 -0.6439580314625903 1.230607829513385 0
0 0 -1.4878769293964105 -0.5864516044297656 1.9182057336747016 0
0 0 -1.1925007251550541 2.0549567322185283 1.3650268861759751 0
0 0 -0.9503350996566846 2.079453291046174 0.6411928052898237 0
0 0 -1.4943212507316774 1.175127376485872 2.002078939766802 0
0 0 1.3359989842091786 -0.6217940248664309 1.9318484788996872 0
0 0 -0.057076109986560875 2.1071222840936183 1.9848998570299596 0
0 0 0.20447051620970025 -0.5899345013281503 1.328431099709423 0
0 0 0.7214415533663279 0.18170411559370347 1.9756579361149162 0
0 0 0.19490311930203874 -0.6322667820576564 1.2364501960686052 0
0 0 0.861080318130043 -0.4047975318189265 1.9812669847741584 0
0 0 0.49143564201214307 1.8366322242000883 0.470275715739794 0
0 0 -0.6414013372738572 1.5519811395781 0.41477127488895715 0
0 0 -1.5609341203131766 2.130154969113092 1.7169432445509836 0
0 0 -1.1111637940010435 -0.17943907313780816 0.4701119398138023 0
0 0 -1.115366646353433 1.788307141012994 0.41239759575380086 0
0 0 1.143143043219701 -0.5282859558211801 2.0246185094435285 0
0 0 0.5698653014936781 -0.556710558447951 0.5100950748752222 0
0 0 -0.7969140148524406 1.8051083412449376 0.4494079028811887 0
0 0 -1.0040259044994269 -0.4938556009810502 0.4776722517806513 0
0 0 1.3294868075099995 -0.6029277160171831 0.8481090090481294 0
0 0 -1.3628347331540898 1.9750562055483234 1.9798508402675978 0
0 0 -0.5660182391793958 -0.5598993975972806 0.6596927869598994 0
0 0 1.3091423261311816 -0.6322401283885559 1.276753744950553 0
0 0 -0.09495959999162173 0.9081494857227805 2.0469863253678353 0
0 0 1.1314539300432354 2.0786127457353407 1.1241010152853708 0
0 0 -1.3160548399059915 0.4642002940448431 2.021062390266138 0
0 0 1.2415815781910653 -0.08371138896552499 0.48038759943265197 0
0 0 0.14377427636529516 1.4540056539866282 1.99234486398923 0
0 0 1.0449859131631274 -0.34813584646483564 2.0031108194517735 0
0 0 1.2612930026180549 2.146631009244541 1.3296837931808414 0
0 0 0.14089844606304136 -0.6388728314006014 1.739003617043319 0
0 0 0.43291077274787915 0.35497777280566867 2.013887496433599 0
0 0 1.4298622380467667 2.084288418119856 0.7900271697010889 0
0 0 -1.43452912032842 1.9474137743351785 1.967608409033275 0
0 0 1.0732428987191929 2.1186369511680665 1.2943350255390418 0
0 0 0.09436155565822113 0.1389739733278662 2.0464499303745702 0
0 0 -0.6944970084587042 -0.6356612150986423 1.3138389174208218 0
0 0 1.5511301113927298 1.032718237530012 0.46173628191689375 0
0 0 0.5289721454857448 2.0565082256311173 0.8281591205436383 0
0 0 -1.3821965767100894 0.7612711287610383 0.47205335474583954 0
0 0 -1.362460063599425 -0.555022999099934 0.9551996072278793 0
0 0 -0.17582296179616375 -0.592797631238233 0.6866793024535962 0
0 0 -0.9102810701747581 -0.21376716570366416 0.430523685582361 0
0 0 -0.4455282943551837 1.6118419932586001 0.40963306174221337 0
0 0 -1.5285432993053756 2.1205481751594615 0.9246435738192714 0
0 0 -1.5697411559293806 0.42390278528349756 0.4850163709213031 0
0 0 0.6311650469561152 1.764714189082831 0.4207438979181336 0
0 0 -1.5188660416528907 0.92027606329502 0.42722212703813023 0
0 0 0.8698941866220573 1.872608570316442 2.0438602759871927 0
0 0 1.0277683223554357 2.0777326045564055 0.644740490447538 0
0 0 -0.7481628700398729 -0.06905116326963956 0.4771017291859384 0
0 0 -1.2548561646180818 1.0292639563543295 2.0413601176092016 0
0 0 -0.986572623932606 -0.6371457075381957 0.7845727290155179 0
0 0 -0.015401866521810748 2.0846197735041834 1.8350556065001833 0
0 0 -0.530296334268084 1.1161872746203978 1.9768561783853051 0
0 0 -0.26296058013149115 1.540972954097003 0.46698895214292624 0
0 0 -1.1183010469251207 0.5516726045732894 0.48105116423652405 0
0 0 0.5988151559258004 0.45104939606551 1.982457994649651 0
0 0 0.9982229256426862 2.1417529147061902 1.83310398883228 0
0 0 1.5398019055306653 -0.6196475431917452 1.926721494791533 0
0 0 -1.0234840872663469 1.3480832590071894 2.015849801033179 0
0 0 1.0047015307265723 0.2378106691931151 2.015527360686562 0
0 0 0.5696082124078314 0.6106143647299542 0.4091652782204904 0
0 0 -0.48882125898975426 -0.5027912730318385 1.9530752105224396 0
0 0 0.22342044336916134 0.008462637643917859 0.49552076576820503 0

