2.316447093478831 0.7439493908288929 -0.3015271419366482 0.8934465902595116 1.5462941679682205 0.1370448540755268
0 0 0 0 0 0
0 0 0 0 0 0
0 0 0 0 0 0
0 0 0 0 0 0
0 0 0 0 0 0
0 0 0 0 0 0

1.6536958625728033 -0.26927347419409353 0.5257752579177946 0.14805296824566716 1.4637526339126592 0.1349433846453347
0 0 0 0 0 0
0 0 0 0 0 0
0 0 0 0 0 0
0 0 0 0 0 0
0 0 0 0 0 0
0 0 0 0 0 0

-2.133338485731277 -0.1655129343685144 0.29903590622285986 1.127697618226946 1.080282232107184 0.1485880919512227
0 0 0 0 0 0
0 0 0 0 0 0
0 0 0 0 0 0
0 0 0 0 0 0
0 0 0 0 0 0
0 0 0 0 0 0

-2.407791240768186 -0.24521302099481582 -0.34888590514141665 -0.2398099644858087 0.9028913085203746 0.1382091240081677
0 0 0 0 0 0
0 0 0 0 0 0
0 0 0 0 0 0
0 0 0 0 0 0
0 0 0 0 0 0
0 0 0 0 0 0

-1.904167351461315 0.5658877898141257 -1.0537022724571323 -0.10145703034546893 1.0360408285815084 0.13065791795974807
0 0 0 0 0 0
0 0 0 0 0 0
0 0 0 0 0 0
0 0 0 0 0 0
0 0 0 0 0 0
0 0 0 0 0 0

1.8178051757118194 1.1074074420744549 0.3497795649629115 -0.1391663689132575 1.3206486242438191 0.13071536235968662
0 0 0 0 0 0
0 0 0 0 0 0
0 0 0 0 0 0
0 0 0 0 0 0
0 0 0 0 0 0
0 0 0 0 0 0

1.956379740542051 -0.2488057387184281 2.31861004055472 1.4524140037544293 0.925546186679583 0.13713054075945072
0 0 0 0 0 0
0 0 0 0 0 0
0 0 0 0 0 0
0 0 0 0 0 0
0 0 0 0 0 0
0 0 0 0 0 0

1.5180943610771858 0.23338224213443298 -2.2802237504412757 1.5361354007545036 1.1692667780716142 0.1386538390343943
0 0 0 0 0 0
0 0 0 0 0 0
0 0 0 0 0 0
0 0 0 0 0 0
0 0 0 0 0 0
0 0 0 0 0 0

0.9486533458809816 1.1512465887426238 2.6190824111182187 0.27283172485509216 1.1341078921007026 0.13314697385672958
0 0 0 0 0 0
0 0 0 0 0 0
0 0 0 0 0 0
0 0 0 0 0 0
0 0 0 0 0 0
0 0 0 0 0 0

-2.8046432533755845 -0.8856399994791884 -1.6341746465373828 1.378535046919774 1.5256325346224537 0.14872062417710197
0 0 0 0 0 0
0 0 0 0 0 0
0 0 0 0 0 0
0 0 0 0 0 0
0 0 0 0 0 0
0 0 0 0 0 0

-1.5876424342945268 -1.1113421489430957 2.3090282844905676 1.5540842341486598 1.573086348723809 0.13677673841444332
0 0 0 0 0 0
0 0 0 0 0 0
0 0 0 0 0 0
0 0 0 0 0 0
0 0 0 0 0 0
0 0 0 0 0 0

1.9309120485382714 -0.4692977266551312 -0.955171068437119 1.132799565830294 1.5150221099125984 0.13256736824335213
0 0 0 0 0 0
0 0 0 0 0 0
0 0 0 0 0 0
0 0 0 0 0 0
0 0 0 0 0 0
0 0 0 0 0 0

-2.442423656623105 -0.6335489610974083 0.1322597430087922 -0.17928250351523634 0.9969263786623204 0.13345438923411118
0 0 0 0 0 0
0 0 0 0 0 0
0 0 0 0 0 0
0 0 0 0 0 0
0 0 0 0 0 0
0 0 0 0 0 0

2.715050402344941 0.8539911851345292 -1.3140532270369663 1.7032154818044636 0.9279902056075329 0.13367112266919132
0 0 0 0 0 0
0 0 0 0 0 0
0 0 0 0 0 0
0 0 0 0 0 0
0 0 0 0 0 0
0 0 0 0 0 0

-2.122896875491937 -0.5430317416780481 2.8752362691143176 1.4046323053726992 1.4686717852720657 0.14464661508338694
0 0 0 0 0 0
0 0 0 0 0 0
0 0 0 0 0 0
0 0 0 0 0 0
0 0 0 0 0 0
0 0 0 0 0 0

-2.3418400938967676 0.24615997216050542 1.9740759885815924 1.2848109322114258 1.6451917258226203 0.143289193357761
0 0 0 0 0 0
0 0 0 0 0 0
0 0 0 0 0 0
0 0 0 0 0 0
0 0 0 0 0 0
0 0 0 0 0 0

0.952689320455666 -0.21691757711751897 -1.9446898022558459 1.656876971905715 0.8601898511500006 0.146831604443917
0 0 0 0 0 0
0 0 0 0 0 0
0 0 0 0 0 0
0 0 0 0 0 0
0 0 0 0 0 0
0 0 0 0 0 0

2.595636493673264 -0.7160910513707123 -0.434869765632287 -0.14839717183567291 1.5137847835037443 0.1452909765831139
0 0 0 0 0 0
0 0 0 0 0 0
0 0 0 0 0 0
0 0 0 0 0 0
0 0 0 0 0 0
0 0 0 0 0 0

1.5789385568450516 -0.48096466258466314 -2.312996911084288 0.32846344786757964 0.9120756236377748 0.13772182015899082
0 0 0 0 0 0
0 0 0 0 0 0
0 0 0 0 0 0
0 0 0 0 0 0
0 0 0 0 0 0
0 0 0 0 0 0

1.1088469482099468 0.7480247447184815 -0.44475254308179946 -0.1360781142842149 1.4196679359564173 0.13195233933930112
0 0 0 0 0 0
0 0 0 0 0 0
0 0 0 0 0 0
0 0 0 0 0 0
0 0 0 0 0 0
0 0 0 0 0 0

-2.2283717769969043 0.6598184269117029 1.159777300842805 1.4705834944134963 1.6000542856448396 0.1451764386914928
0 0 0 0 0 0
0 0 0 0 0 0
0 0 0 0 0 0
0 0 0 0 0 0
0 0 0 0 0 0
0 0 0 0 0 0

2.198064922693674 -0.6727057776405635 -1.167340240217616 1.7261573481951948 1.353145745663806 0.1410148425316767
0 0 0 0 0 0
0 0 0 0 0 0
0 0 0 0 0 0
0 0 0 0 0 0
0 0 0 0 0 0
0 0 0 0 0 0

1.820365143910343 0.21892105851064173 -2.8090626127084377 0.8313402766919368 1.0048236221047095 0.13962304027227868
0 0 0 0 0 0
0 0 0 0 0 0
0 0 0 0 0 0
0 0 0 0 0 0
0 0 0 0 0 0
0 0 0 0 0 0

-2.0285609471458845 -0.5751829581715272 -0.8647656286488942 1.3766168383475494 0.814619742006671 0.13898359929695475
0 0 0 0 0 0
0 0 0 0 0 0
0 0 0 0 0 0
0 0 0 0 0 0
0 0 0 0 0 0
0 0 0 0 0 0

1.6908592911960167 0.6051991675824159 2.0753123984919233 -0.14178591842114874 1.0253948510680924 0.145748859391632
0 0 0 0 0 0
0 0 0 0 0 0
0 0 0 0 0 0
0 0 0 0 0 0
0 0 0 0 0 0
0 0 0 0 0 0

-1.7417489719330348 -0.16547139715391843 0.07156948321859895 0.5652605695874788 1.1849914784812055 0.1302759314907847
0 0 0 0 0 0
0 0 0 0 0 0
0 0 0 0 0 0
0 0 0 0 0 0
0 0 0 0 0 0
0 0 0 0 0 0

-2.277403832657964 -0.48020209474932557 -2.02738185826545 -0.1273068897134515 1.5582126050454006 0.1436632017308208
0 0 0 0 0 0
0 0 0 0 0 0
0 0 0 0 0 0
0 0 0 0 0 0
0 0 0 0 0 0
0 0 0 0 0 0

-2.1141486637540914 -0.4581994884978212 2.5432721774233413 1.4890783611758422 1.5815930983345523 0.1329744158469193
0 0 0 0 0 0
0 0 0 0 0 0
0 0 0 0 0 0
0 0 0 0 0 0
0 0 0 0 0 0
0 0 0 0 0 0

-2.8771224851192194 1.121556193765922 1.208669120353243 1.7083043874923725 1.2465217665179762 0.14853425556655578
0 0 0 0 0 0
0 0 0 0 0 0
0 0 0 0 0 0
0 0 0 0 0 0
0 0 0 0 0 0
0 0 0 0 0 0

2.6165610773514247 -1.1016460453640404 -0.36254157542357823 -0.09542401840473524 1.5115329739679715 0.14953596866131155
0 0 0 0 0 0
0 0 0 0 0 0
0 0 0 0 0 0
0 0 0 0 0 0
0 0 0 0 0 0
0 0 0 0 0 0

-0.9941332337307027 -1.2224309615660787 -1.2638826747617768 -0.07499970120388522 0.9024052804518058 0.14755831274751605
0 0 0 0 0 0
0 0 0 0 0 0
0 0 0 0 0 0
0 0 0 0 0 0
0 0 0 0 0 0
0 0 0 0 0 0

1.347299607971418 -0.06303485908950586 2.9313257307539913 -0.07942209172307835 0.9794578869657165 0.13646735527096712
0 0 0 0 0 0
0 0 0 0 0 0
0 0 0 0 0 0
0 0 0 0 0 0
0 0 0 0 0 0
0 0 0 0 0 0

1.722709707056028 0.49777472338087725 1.4856738035385886 0.08549486952659247 0.9173368496014769 0.13918363226427374
0 0 0 0 0 0
0 0 0 0 0 0
0 0 0 0 0 0
0 0 0 0 0 0
0 0 0 0 0 0
0 0 0 0 0 0

1.718967804914058 -1.1921777373792954 -0.8114287931684315 1.6243770249122464 1.2220234935288412 0.13489267885027387
0 0 0 0 0 0
0 0 0 0 0 0
0 0 0 0 0 0
0 0 0 0 0 0
0 0 0 0 0 0
0 0 0 0 0 0

-1.882663292711933 0.9043192193432905 -2.2937306443152354 -0.0025069055447226596 0.8779415492099429 0.1372452217111513
0 0 0 0 0 0
0 0 0 0 0 0
0 0 0 0 0 0
0 0 0 0 0 0
0 0 0 0 0 0
0 0 0 0 0 0

0.6708247411686188 -0.20897664956096423 1.7187318129268805 -0.19108934140357192 1.6486710626946044 0.13210540409875215
0 0 0 0 0 0
0 0 0 0 0 0
0 0 0 0 0 0
0 0 0 0 0 0
0 0 0 0 0 0
0 0 0 0 0 0

-2.345994737675328 0.7075712681280566 0.9482631233523677 1.4386126037209015 1.3992147359613747 0.13322376917002246
0 0 0 0 0 0
0 0 0 0 0 0
0 0 0 0 0 0
0 0 0 0 0 0
0 0 0 0 0 0
0 0 0 0 0 0

-1.709057912425219 -0.9570314684418408 1.1423066972156954 1.4864808826366627 1.0315032975725287 0.13284647393707844
0 0 0 0 0 0
0 0 0 0 0 0
0 0 0 0 0 0
0 0 0 0 0 0
0 0 0 0 0 0
0 0 0 0 0 0

1.5686033901204075 -0.39874416904631227 -0.7982731445343465 0.6084690623413813 1.5466819044705609 0.14239561628736785
0 0 0 0 0 0
0 0 0 0 0 0
0 0 0 0 0 0
0 0 0 0 0 0
0 0 0 0 0 0
0 0 0 0 0 0

1.3608353515052163 0.28509156121868057 0.821120730845341 -0.19712635908739273 1.6264061240667065 0.1326419077376368
0 0 0 0 0 0
0 0 0 0 0 0
0 0 0 0 0 0
0 0 0 0 0 0
0 0 0 0 0 0
0 0 0 0 0 0

1.892110912407987 -0.4053556078426524 -1.1683917115037525 1.597201190930361 1.5730021644464287 0.14466059586431146
0 0 0 0 0 0
0 0 0 0 0 0
0 0 0 0 0 0
0 0 0 0 0 0
0 0 0 0 0 0
0 0 0 0 0 0

1.5739856555827758 1.1024103836435404 1.3171065293006992 -0.13726556963421066 1.2003218928671016 0.14641578834136051
0 0 0 0 0 0
0 0 0 0 0 0
0 0 0 0 0 0
0 0 0 0 0 0
0 0 0 0 0 0
0 0 0 0 0 0

-2.5483996196197904 1.1324569767333759 2.0644235388207184 0.061951782167787406 1.4431890248355437 0.14962055813274558
0 0 0 0 0 0
0 0 0 0 0 0
0 0 0 0 0 0
0 0 0 0 0 0
0 0 0 0 0 0
0 0 0 0 0 0

2.223916388614339 -0.28408595625647587 1.6705777490812999 -0.18872934954864728 1.5312142393972197 0.14972866965342377
0 0 0 0 0 0
0 0 0 0 0 0
0 0 0 0 0 0
0 0 0 0 0 0
0 0 0 0 0 0
0 0 0 0 0 0

-2.4037320535640507 0.647356454834209 -2.9529500377390816 -0.02591298674358611 1.4554898119082997 0.14768570845184467
0 0 0 0 0 0
0 0 0 0 0 0
0 0 0 0 0 0
0 0 0 0 0 0
0 0 0 0 0 0
0 0 0 0 0 0

-1.8447242753077626 -0.40109719958122914 0.8268308905141978 1.3602997224521902 1.013992012735727 0.14821796890669442
0 0 0 0 0 0
0 0 0 0 0 0
0 0 0 0 0 0
0 0 0 0 0 0
0 0 0 0 0 0
0 0 0 0 0 0

2.2631799773405654 -0.5929021895820323 2.6155460681223373 1.6107966430414309 1.0574890229773182 0.1390372937962089
0 0 0 0 0 0
0 0 0 0 0 0
0 0 0 0 0 0
0 0 0 0 0 0
0 0 0 0 0 0
0 0 0 0 0 0

2.8369480423263527 -0.7955176834540955 -2.4539540920746603 1.6620346588932404 1.5809891853894915 0.1370763012115386
0 0 0 0 0 0
0 0 0 0 0 0
0 0 0 0 0 0
0 0 0 0 0 0
0 0 0 0 0 0
0 0 0 0 0 0

2.345403913009049 -1.1521736238397806 1.5624264576747626 0.37132917606633564 0.8754666031180357 0.14254434688893747
0 0 0 0 0 0
0 0 0 0 0 0
0 0 0 0 0 0
0 0 0 0 0 0
0 0 0 0 0 0
0 0 0 0 0 0

1.7049253429580413 -0.0051754522748740945 2.619598204696341 1.5546968866485782 0.8712695833206906 0.13427853124992942
0 0 0 0 0 0
0 0 0 0 0 0
0 0 0 0 0 0
0 0 0 0 0 0
0 0 0 0 0 0
0 0 0 0 0 0

2.385554928749664 -0.9650234351802892 -0.3070348627790293 -0.17279523041591627 1.460243021076832 0.13572397817764653
0 0 0 0 0 0
0 0 0 0 0 0
0 0 0 0 0 0
0 0 0 0 0 0
0 0 0 0 0 0
0 0 0 0 0 0

2.9189797138393323 0.7044454751036695 -2.70939185974266 -0.06158239461144188 0.9044626839797084 0.1300054511100176
0 0 0 0 0 0
0 0 0 0 0 0
0 0 0 0 0 0
0 0 0 0 0 0
0 0 0 0 0 0
0 0 0 0 0 0

-2.6118147813677557 -0.4767366565376177 1.2889985009582954 1.4563274111709539 0.824105824780682 0.1341078193785637
0 0 0 0 0 0
0 0 0 0 0 0
0 0 0 0 0 0
0 0 0 0 0 0
0 0 0 0 0 0
0 0 0 0 0 0

2.100333346433889 0.010529147842434246 -2.8544619838833616 -0.12085192461784111 0.8557476021082707 0.14728539738538038
0 0 0 0 0 0
0 0 0 0 0 0
0 0 0 0 0 0
0 0 0 0 0 0
0 0 0 0 0 0
0 0 0 0 0 0

1.330860304962983 -0.07248875916833569 2.2204680092158315 -0.03016116906699784 1.0508000038200114 0.13019358344576604
0 0 0 0 0 0
0 0 0 0 0 0
0 0 0 0 0 0
0 0 0 0 0 0
0 0 0 0 0 0
0 0 0 0 0 0

2.4509136792348327 0.8349245351249553 0.18920863242981717 1.5473535731402415 1.5707252419591629 0.14513360545165047
0 0 0 0 0 0
0 0 0 0 0 0
0 0 0 0 0 0
0 0 0 0 0 0
0 0 0 0 0 0
0 0 0 0 0 0

-2.4473946047409108 -0.9098388167619433 -0.2014941196052328 0.015802676553988926 0.9732593055895955 0.13135437256070093
0 0 0 0 0 0
0 0 0 0 0 0
0 0 0 0 0 0
0 0 0 0 0 0
0 0 0 0 0 0
0 0 0 0 0 0

1.6902200287427225 -0.35649390998281744 1.7065525017111907 0.09102088934160824 1.377002642912342 0.13082814238010665
0 0 0 0 0 0
0 0 0 0 0 0
0 0 0 0 0 0
0 0 0 0 0 0
0 0 0 0 0 0
0 0 0 0 0 0

-2.1332768856529127 0.3044329289928441 2.775073733828135 0.800123947927106 1.4363594611256705 0.14991373446758233
0 0 0 0 0 0
0 0 0 0 0 0
0 0 0 0 0 0
0 0 0 0 0 0
0 0 0 0 0 0
0 0 0 0 0 0

1.8195115462926756 -0.6408506769964056 -2.462637224877585 1.5250374138223919 1.5944814900528155 0.1353964162614353
0 0 0 0 0 0
0 0 0 0 0 0
0 0 0 0 0 0
0 0 0 0 0 0
0 0 0 0 0 0
0 0 0 0 0 0

-2.734822107331987 0.6230124143461299 1.794546010249567 0.1581909157602328 1.4646486959449003 0.1367285147459885
0 0 0 0 0 0
0 0 0 0 0 0
0 0 0 0 0 0
0 0 0 0 0 0
0 0 0 0 0 0
0 0 0 0 0 0

2.0968397017135834 0.2713596928421861 2.5158792294911065 0.3196907858296513 0.8271571083046452 0.14911133598193113
0 0 0 0 0 0
0 0 0 0 0 0
0 0 0 0 0 0
0 0 0 0 0 0
0 0 0 0 0 0
0 0 0 0 0 0

2.000884459384981 -0.9602684235907791 -0.7254061683843885 1.289829387537245 1.4761574314828043 0.1395673466040127
0 0 0 0 0 0
0 0 0 0 0 0
0 0 0 0 0 0
0 0 0 0 0 0
0 0 0 0 0 0
0 0 0 0 0 0

1.9446150200769914 0.48927353710207533 0.8843375700047114 0.013841634591006069 1.3928021416082532 0.14693110489453173
0 0 0 0 0 0
0 0 0 0 0 0
0 0 0 0 0 0
0 0 0 0 0 0
0 0 0 0 0 0
0 0 0 0 0 0

1.7007342184609295 0.35517312673669593 -1.7982048493672365 1.4372881099128294 1.5114513291420995 0.13623365132097956
0 0 0 0 0 0
0 0 0 0 0 0
0 0 0 0 0 0
0 0 0 0 0 0
0 0 0 0 0 0
0 0 0 0 0 0

2.0925535928679553 -0.6839962778714219 0.7210735353264984 -0.01151265899045395 1.4845294639868165 0.13329282493221928
0 0 0 0 0 0
0 0 0 0 0 0
0 0 0 0 0 0
0 0 0 0 0 0
0 0 0 0 0 0
0 0 0 0 0 0

-1.77318333672622 0.6141363727398473 2.7393274951411795 0.32278397801936864 1.5395334680472377 0.13209354354597613
0 0 0 0 0 0
0 0 0 0 0 0
0 0 0 0 0 0
0 0 0 0 0 0
0 0 0 0 0 0
0 0 0 0 0 0

-1.4831130406632926 0.6357646377680704 1.3420636023036556 1.3710424589519261 0.9050557542475993 0.1478259190374821
0 0 0 0 0 0
0 0 0 0 0 0
0 0 0 0 0 0
0 0 0 0 0 0
0 0 0 0 0 0
0 0 0 0 0 0

2.424305975811355 0.19623172738741845 0.014482592572393385 1.7274792378593673 1.5069058390193315 0.14654827198363143
0 0 0 0 0 0
0 0 0 0 0 0
0 0 0 0 0 0
0 0 0 0 0 0
0 0 0 0 0 0
0 0 0 0 0 0

-2.5312318837799435 -1.0387510627484338 2.4679043126635634 1.4376350684284476 1.212643071976246 0.14361953381123452
0 0 0 0 0 0
0 0 0 0 0 0
0 0 0 0 0 0
0 0 0 0 0 0
0 0 0 0 0 0
0 0 0 0 0 0

2.128663478548088 0.9571365490693224 0.4628013766961101 0.23372986908073 1.3340825667061629 0.13856835838859966
0 0 0 0 0 0
0 0 0 0 0 0
0 0 0 0 0 0
0 0 0 0 0 0
0 0 0 0 0 0
0 0 0 0 0 0

-1.5712272399731995 0.6549619521605742 -1.094996321352828 0.027205335668461395 1.59849368051865 0.13579287231496953
0 0 0 0 0 0
0 0 0 0 0 0
0 0 0 0 0 0
0 0 0 0 0 0
0 0 0 0 0 0
0 0 0 0 0 0

2.2541039915804126 0.6424771217850469 2.724230424466581 1.5404908944298557 0.934640897474954 0.14878759191535995
0 0 0 0 0 0
0 0 0 0 0 0
0 0 0 0 0 0
0 0 0 0 0 0
0 0 0 0 0 0
0 0 0 0 0 0

-1.6523157245011733 -0.2724450472407552 0.684778866116811 1.6929422112487291 1.454963098292637 0.14097749984195168
0 0 0 0 0 0
0 0 0 0 0 0
0 0 0 0 0 0
0 0 0 0 0 0
0 0 0 0 0 0
0 0 0 0 0 0

1.9079222739593082 0.4033188945576867 -2.8471434105466242 0.6852731938745448 1.163214364890186 0.14724860559045838
0 0 0 0 0 0
0 0 0 0 0 0
0 0 0 0 0 0
0 0 0 0 0 0
0 0 0 0 0 0
0 0 0 0 0 0

2.9329039627348057 -0.9403149570890076 -0.006363075576288154 -0.075040962807154 0.8087296994524256 0.1303621248167262
0 0 0 0 0 0
0 0 0 0 0 0
0 0 0 0 0 0
0 0 0 0 0 0
0 0 0 0 0 0
0 0 0 0 0 0

-1.6162719300113073 -0.9391942318472253 -1.2922739688346006 0.10178135421174705 0.8808018786881509 0.14829240946893996
0 0 0 0 0 0
0 0 0 0 0 0
0 0 0 0 0 0
0 0 0 0 0 0
0 0 0 0 0 0
0 0 0 0 0 0

-1.4430310933582535 0.9226675898264375 -0.02371054714118034 -0.10730481502337552 1.1440467209732543 0.13505776168558287
0 0 0 0 0 0
0 0 0 0 0 0
0 0 0 0 0 0
0 0 0 0 0 0
0 0 0 0 0 0
0 0 0 0 0 0

1.8917000445684273 0.7904035907768469 -1.9827493163310146 1.05120990051248 0.834465929253601 0.1364013661395731
0 0 0 0 0 0
0 0 0 0 0 0
0 0 0 0 0 0
0 0 0 0 0 0
0 0 0 0 0 0
0 0 0 0 0 0

1.9672841913812515 -0.8870198736048936 -2.5336207544464133 1.497496522627727 1.2845602171640276 0.13892965481299657
0 0 0 0 0 0
0 0 0 0 0 0
0 0 0 0 0 0
0 0 0 0 0 0
0 0 0 0 0 0
0 0 0 0 0 0

2.360899185396094 0.40793331992769677 -1.7149808661208708 0.02272013757960445 0.8574954260850887 0.13373397858158073
0 0 0 0 0 0
0 0 0 0 0 0
0 0 0 0 0 0
0 0 0 0 0 0
0 0 0 0 0 0
0 0 0 0 0 0

2.028635504606314 -1.1341183570277504 -3.061524593450018 1.5736600770708296 1.0644007325985743 0.1487310338125858
0 0 0 0 0 0
0 0 0 0 0 0
0 0 0 0 0 0
0 0 0 0 0 0
0 0 0 0 0 0
0 0 0 0 0 0

-2.039844217239418 -0.3682573084180067 0.3114921183692867 0.8332963168252169 1.0963144667687843 0.13600161471994984
0 0 0 0 0 0
0 0 0 0 0 0
0 0 0 0 0 0
0 0 0 0 0 0
0 0 0 0 0 0
0 0 0 0 0 0

1.9731013936657036 1.2026377971169993 0.02678023480109186 1.7374933210489214 1.484881705393867 0.1314131346046118
0 0 0 0 0 0
0 0 0 0 0 0
0 0 0 0 0 0
0 0 0 0 0 0
0 0 0 0 0 0
0 0 0 0 0 0

-1.6707829571077246 -0.3231936349448866 1.0386618895491788 1.4430203134713129 0.9879502779282037 0.1462289486966601
0 0 0 0 0 0
0 0 0 0 0 0
0 0 0 0 0 0
0 0 0 0 0 0
0 0 0 0 0 0
0 0 0 0 0 0

-2.0277681734453585 -0.9407039028092192 -0.3011353374201224 0.49233715995364524 0.8877942694544594 0.13400828408643917
0 0 0 0 0 0
0 0 0 0 0 0
0 0 0 0 0 0
0 0 0 0 0 0
0 0 0 0 0 0
0 0 0 0 0 0

1.404183769237388 -0.2733651629344272 1.4350823346385884 1.5788095314520734 1.6506726700762018 0.1433890363356992
0 0 0 0 0 0
0 0 0 0 0 0
0 0 0 0 0 0
0 0 0 0 0 0
0 0 0 0 0 0
0 0 0 0 0 0

2.124543009442572 0.40950973698860116 1.9479509718918087 0.0330742566630402 0.8047424766412535 0.14989549816051978
0 0 0 0 0 0
0 0 0 0 0 0
0 0 0 0 0 0
0 0 0 0 0 0
0 0 0 0 0 0
0 0 0 0 0 0

-1.5115048705373701 0.7339747956748488 2.3004655047395657 1.5396743565044395 1.4310665104443752 0.14192620802683187
0 0 0 0 0 0
0 0 0 0 0 0
0 0 0 0 0 0
0 0 0 0 0 0
0 0 0 0 0 0
0 0 0 0 0 0

0.9758728380739817 0.16829301716879005 0.16286380995752298 1.509130706124696 1.557683764889465 0.13295284751640543
0 0 0 0 0 0
0 0 0 0 0 0
0 0 0 0 0 0
0 0 0 0 0 0
0 0 0 0 0 0
0 0 0 0 0 0

1.4662283211910012 0.09714497034365266 2.476930083667843 1.6822258433068256 1.0394077174889884 0.13745940028470158
0 0 0 0 0 0
0 0 0 0 0 0
0 0 0 0 0 0
0 0 0 0 0 0
0 0 0 0 0 0
0 0 0 0 0 0

2.0994566902974787 -0.2877790321474582 2.8306788265834335 0.6631485082688018 1.0495425879235825 0.1475992749916689
0 0 0 0 0 0
0 0 0 0 0 0
0 0 0 0 0 0
0 0 0 0 0 0
0 0 0 0 0 0
0 0 0 0 0 0

1.730400715014815 -0.37675379082167415 -0.636381654896171 0.21169155095402892 1.3040410182522937 0.14069868206776795
0 0 0 0 0 0
0 0 0 0 0 0
0 0 0 0 0 0
0 0 0 0 0 0
0 0 0 0 0 0
0 0 0 0 0 0

-1.1921817124209488 -0.7734263324020846 1.8050589996947748 1.5045345282438145 1.6245038388793094 0.1333296271310603
0 0 0 0 0 0
0 0 0 0 0 0
0 0 0 0 0 0
0 0 0 0 0 0
0 0 0 0 0 0
0 0 0 0 0 0

-2.395003795868867 0.35579099346468585 -2.5266546602503976 -0.23709860265107463 1.6003868638593706 0.14994391562572645
0 0 0 0 0 0
0 0 0 0 0 0
0 0 0 0 0 0
0 0 0 0 0 0
0 0 0 0 0 0
0 0 0 0 0 0

-2.599101670354183 0.731674232665557 1.6718474873704965 0.9789797958598405 1.6498712498263033 0.13921912663651254
0 0 0 0 0 0
0 0 0 0 0 0
0 0 0 0 0 0
0 0 0 0 0 0
0 0 0 0 0 0
0 0 0 0 0 0

2.133484553998746 -0.4505856631894336 -0.31831864227488726 0.47262019068773203 1.3839155736017124 0.1460011816955059
0 0 0 0 0 0
0 0 0 0 0 0
0 0 0 0 0 0
0 0 0 0 0 0
0 0 0 0 0 0
0 0 0 0 0 0

-2.6408477860792328 -0.5893388819141431 0.10921760834494568 0.9262735314281643 0.8357611115886625 0.14332437736685105
0 0 0 0 0 0
0 0 0 0 0 0
0 0 0 0 0 0
0 0 0 0 0 0
0 0 0 0 0 0
0 0 0 0 0 0

-1.9089886959036944 -0.6139197385702516 -2.5382427514590282 -0.21923650445150733 1.289676121122214 0.14142874898621943
0 0 0 0 0 0
0 0 0 0 0 0
0 0 0 0 0 0
0 0 0 0 0 0
0 0 0 0 0 0
0 0 0 0 0 0

2.357055373576689 -0.34746451516819055 3.1365331301767294 -0.17055996805706364 0.8357631444718184 0.13022704173601973
0 0 0 0 0 0
0 0 0 0 0 0
0 0 0 0 0 0
0 0 0 0 0 0
0 0 0 0 0 0
0 0 0 0 0 0

