0 0 -1.026593092397944 -1.1929315844332526 -0.8053771115716433 0
0 0 -2.4365457987267054 1.3863936712568545 -0.6482550119327934 0
0 0 0.5902927480142957 1.3981953950005008 -0.029817796916760453 0
0 0 -2.742211140030049 0.06450931275391736 -0.7674738879954275 0
0 0 -0.5993440174652207 -1.3776490085484 0.8194959725591819 0
0 0 2.260082599827908 -0.06526228195969819 -0.8041303505922601 0
0 0 -2.6369886131259905 -1.3757645133020426 -0.291527276916161 0
0 0 0.7959024867992928 -1.1462623281544764 0.7938250593647027 0
0 0 0.2054656755308697 1.0326777189925946 0.7491016210267132 0
0 0 1.8285031076195484 0.6645927733416936 0.7314443309010757 0
0 0 0.6199823161631257 0.8148034649749027 -0.8227654791624055 0
0 0 2.507618305820582 -1.3199332592071416 -0.72279148011268 0
0 0 -2.4773189195455685 -0.3769248449884812 0.8104639024923096 0
0 0 -0.7933095541352073 0.6854580290156376 0.8058668031253381 0
0 0 -0.1861935729934232 1.3739886440322833 0.3640597178110392 0
0 0 -1.7385550591418724 -0.6257934604312076 0.7528778081491114 0
0 0 0.030435216673777354 -1.186487395850136 0.7466777771572973 0
0 0 -2.4054754541926178 -1.245859645894719 -0.7320700101602227 0
0 0 2.4021492982801034 1.040109154945932 0.7870430277819012 0
0 0 -2.11117934883733 1.2840488764719644 -0.7527473159917681 0
0 0 1.7301987851020133 1.3581257636825341 -0.42953281660417725 0
0 0 3.042919268902721 -1.3498129094986737 -0.03495060230799407 0
0 0 -1.8362758328746709 1.3306209210460906 -0.17813826613101513 0
0 0 1.4175365403225335 0.6139802394600828 0.7775036571315856 0
0 0 -0.4745655027374043 -1.0318896741793813 -0.7321102426876791 0
0 0 -3.125470386022848 -0.7122906900575292 0.7833519111926645 0
0 0 -0.5626782993037325 -0.35862463214460194 0.776763996024687 0
0 0 -0.5835758917537013 0.754251887438355 0.8100740303689092 0
0 0 2.319926413776524 -0.9688421515495294 0.7780508767458999 0
0 0 -1.735817564524797 -1.3021116009673253 0.3436449862197064 0
0 0 1.6534509052552142 1.0032803549837637 0.821937955441411 0
0 0 2.065697636359581 -1.3035348605052468 0.33868927512684865 0
0 0 2.060051502540973 -0.9506155142574426 -0.7322962485278071 0
0 0 -1.0568353847380036 -0.593866036231529 -0.7457713575749538 0
0 0 0.3971703209518078 1.2556409700414946 0.801444867183517 0
0 0 -1.9300939760452984 0.12715097076469406 -0.7308220835182072 0
0 0 -2.809696894853209 1.3237653596571355 0.192637686661836 0
0 0 -1.7714399616860061 -1.0524489160036863 0.8084881689475726 0
0 0 0.7265090787691002 -1.2147563854753054 -0.7865436252745436 0
0 0 1.8504664214407356 1.3373498829021908 -0.1609265132115324 0
0 0 3.119167672854962 0.31072713452396594 0.8149065978630626 0
0 0 -0.638032004643629 1.3597474709826054 -0.3569501779285886 0
0 0 0.8643278838697448 -0.8394458869652646 -0.7630016391199942 0
0 0 -0.5211920583210858 1.3462544187610817 -0.47670410046686196 0
0 0 1.529677166976339 1.032908950534846 0.7877448890090984 0
0 0 1.128492759758716 1.3171455258491176 0.6701360738383397 0
0 0 1.6496251766766585 -1.3859751748769056 -0.7999485472281516 0
0 0 -1.5341272837745965 -0.27187485146767454 0.733317392365888 0
0 0 2.4520453594469425 -1.3343404116004747 -0.01129341720922572 0
0 0 -1.5156792723374055 -1.2861339541579868 0.7366867468676338 0
0 0 3.118721876782444 0.2540984066167953 0.7888805844381575 0
0 0 -3.1219166702524075 -1.3993653261798995 -0.3706229037087474 0
0 0 1.5514386191366034 0.2437591483411614 -0.7795659175492083 0
0 0 0.4777700247570702 0.6826039278493279 -0.8179745579885122 0
0 0 0.569583619141401 0.46039882087433726 -0.8119632951885905 0
0 0 2.011479752940173 -1.3543587966018817 -0.2898548912228017 0
0 0 -1.7422760039567746 1.2984974382285912 0.7440183519130571 0
0 0 -0.2394196804552826 -0.8797926734875865 -0.7319364222422137 0
0 0 -2.461261301559233 0.5629262350661548 0.8162796110151589 0
0 0 -0.37810368713612474 -0.43808214391922873 0.8131348220417778 0
0 0 1.1422527067623758 1.3971066372826166 -0.19458671445452724 0
0 0 -1.7926054287926714 0.27456092075994154 0.7885535681051234 0
0 0 2.7278372195465073 1.38749182850705 -0.07574865478179627 0
0 0 0.4005254968757379 0.43553738495820826 0.7597240161747555 0
0 0 -0.5769110176075243 1.1656891236265021 -0.7269042513909639 0
0 0 -0.291937162781287 -0.9502300323471009 -0.7876101216101267 0
0 0 -0.9388174143290491 1.3195059941199403 0.3364277313706614 0
0 0 0.5998729743919191 1.3259798208672189 0.7455823034361335 0
0 0 0.45814861211741364 -0.5560685906436963 0.7634845275264986 0
0 0 -1.0680916470453732 1.2208150249977818 0.7652698010525624 0
0 0 -1.0011068164517907 0.8655402076880951 0.754008535777871 0
0 0 1.7817900880466846 1.3498459725547942 0.3826416101609005 0
0 0 -2.3467267047013967 0.209031962318309 0.7754398758056038 0
0 0 0.7101235288875829 -0.8101747677104916 -0.7256082454045805 0
0 0 0.635648759129348 -0.922753734703488 0.7371079981551738 0
0 0 3.010232510183018 -0.013843092427061165 0.7612963321210683 0
0 0 1.1808619698131233 -0.8016813338227866 0.754905839911094 0
0 0 2.5237642201250257 -1.328108021706678 0.4549018304035217 0
0 0 2.5265167776977098 -0.1131828368796286 0.819536738180541 0
0 0 -0.8439059638290538 -1.3861830500257857 -0.6493155291803181 0
0 0 0.25236790574290424 1.3134764270921824 -0.6194885448984613 0
0 0 -1.0176228359895187 -0.3080869790210079 0.7878083098460872 0
0 0 -1.0123865296827268 0.6740590710968697 -0.8231752309292907 0
0 0 -0.35629166089436826 -1.1741077410953484 0.782936859584372 0
0 0 1.9352940777794094 0.5899327367603302 0.7953104963399217 0
0 0 2.1886953819922015 1.3395320681115708 -0.3277167890248164 0
0 0 -0.5065453651256466 0.5730278286135928 -0.7388756314230505 0
0 0 3.065624845804666 -0.24028243522791004 -0.7896015082415437 0
0 0 2.624391936744595 0.7163298669181046 0.8117546304844651 0
0 0 -0.10543896668180919 0.4522834034678711 -0.7346400691618555 0
0 0 -2.8922133942803527 1.081392678261803 -0.8201527978175644 0
0 0 1.9833703630892892 -0.9520729871596662 0.7907528143179583 0
0 0 0.6969307179308672 1.0432939208353516 -0.7719538990943584 0
0 0 0.7782648502617442 1.3723048279665402 -0.5698111987605687 0
0 0 -0.9288358703283803 1.3435534420823987 -0.24780046637170472 0
0 0 2.8298166294625346 0.8805620956308851 0.7653798315625729 0
0 0 1.0933020401795668 0.006055966633344401 -0.7607273701869379 0
0 0 -2.8719138610869233 1.365034709426703 0.6554842029618151 0
0 0 1.8597072446573222 -0.3581854893756966 -0.7400246143580022 0
0 0 1.0891516836282422 0.863225412755033 0.7541595524962806 0
0 0 -1.3931186257043242 -0.7305760027331886 -0.7320460610348936 0
0 0 -1.9301044967756293 1.3749322305691123 -0.051381878175930984 0
0 0 -0.1782505166019015 -0.9017868221920264 0.7998294665563088 0
0 0 0.4026958041789763 1.1022087347452436 0.7364283153593925 0
0 0 -2.9200171712725314 1.2845213025411122 0.8073889255781385 0
0 0 0.241699401196513 -1.3535322628135495 0.6393052971211797 0
0 0 -0.4083204216967373 -0.36263674784709643 0.7292234957132723 0
0 0 2.4711659587089168 -0.7686038500722185 -0.7425566750058237 0
0 0 2.0567566846540988 1.3281814447565385 0.38471420642946663 0
0 0 -0.16148401705073034 0.526239132624662 -0.7836986196821386 0
0 0 1.5361677257262718 0.27826055222612744 -0.748955900444422 0
0 0 1.6507338018063127 0.14478341800432437 -0.788029916558093 0
0 0 -1.442807867275154 1.3713673206568993 -0.5110002348887908 0
0 0 2.37145397421229 1.385366808087756 0.7854662286615091 0
0 0 -2.0110643413529736 1.197265874719714 0.7379884827635208 0
0 0 1.6066099563780627 1.3806787179148612 0.02482866092834246 0
0 0 1.0023284644022876 1.3340670891881634 0.05857786885819105 0
0 0 -1.950491937786016 0.7151694295335125 0.7477753733561838 0
0 0 -1.232290528786031 -1.3585862008262417 0.6211752215590189 0
0 0 0.5403638098343571 0.3030239028007016 0.7681249054606685 0
0 0 -2.776969621989872 0.33419206780718547 0.8239425558897379 0
0 0 -1.1437804764164252 1.3228306105605787 -0.01767233625636566 0
0 0 -2.919381083123081 -1.3357477875892876 -0.0881035693894755 0
0 0 1.7568120618330285 1.3349475518180796 0.23710387014709133 0
0 0 -2.4577059617662793 -1.027386221809781 0.7586717436256917 0
0 0 1.9839453846773774 -0.06363108302774556 0.7587702879968089 0
0 0 1.8098276355927911 1.3307073502561992 0.10362130180968987 0
0 0 -1.1932986767890976 -0.9412908407607359 0.7482186600216302 0
0 0 2.7338338096524666 0.8043414837873548 0.729769182625619 0
0 0 -2.5325091106173274 1.3921530650348244 0.16390997853743583 0
0 0 0.09100874221137234 1.1046145427611742 -0.8060045517277203 0
0 0 3.129055365368526 0.2858494318832161 0.7627611732826785 0
0 0 -1.5373940086892215 0.7470505777377905 -0.7842158321029679 0
0 0 -3.014160734545696 -0.9264675432050518 0.7865466440847739 0
0 0 -1.1765036798767174 0.030269579631807764 0.7867354051069625 0
0 0 -0.5249411650946563 0.2649881863425232 0.8236642862203662 0
0 0 2.572154575861516 -0.08462245378102096 0.7863231129827468 0
0 0 0.6070613058528078 1.1366660259888917 -0.8117439767005711 0
0 0 -0.06603831298834928 0.3702836500383797 0.7271686021635632 0
0 0 -1.656290678846229 -1.367889407705233 0.16806137443006575 0
0 0 2.205236755356335 -1.303593221981042 0.0677723015112005 0
0 0 0.40425875414530177 0.17527762341868613 -0.784058056502318 0
0 0 -1.5769557239387584 1.3438413730258068 -0.16934162094512473 0
0 0 0.9776330264629909 1.3644483054342527 0.13823924987434966 0
0 0 0.5876017321524518 0.07161441679379399 0.8017681321348348 0
0 0 2.3736163182139256 -1.3248349622533915 -0.4849288569062137 0
0 0 2.2914912829343006 -0.9713548079122112 0.7400224332354782 0
0 0 0.6888068860772276 1.3315593579493359 -0.6479038393997176 0
0 0 0.4996646943961869 -0.37106009356247693 -0.8046573472024112 0
0 0 -0.8034135981594956 -0.008190095391415797 -0.8247417834808839 0
0 0 1.034653003364328 1.3885556021555523 -0.4733511728149648 0
0 0 -0.29815858841051757 -1.3309696298514524 0.021018292109073022 0
0 0 -2.6234602167343777 1.3989791975386716 -0.006609047666724099 0
0 0 -0.4869057337950804 -0.2589556401554016 0.7694489521141167 0
0 0 3.0565145886196845 -0.7185239504762291 -0.7919257726074885 0
0 0 -1.3558850226324126 0.8705623210899154 0.748433124910135 0
0 0 0.9371623914608058 0.7734627442674202 -0.7684394365353375 0
0 0 -0.7788873809890529 -0.19123903642042683 0.8112787236829637 0
0 0 0.9682820524202391 -0.8553438833131791 -0.7950622720332934 0
0 0 -1.1185918846486627 -1.3436771251639472 -0.5461499654540016 0
0 0 0.42722940368572093 -1.3205489383437246 0.5607822054756029 0
0 0 1.3873361665936779 0.5042060862755051 0.819668093491054 0
0 0 0.09627242685807635 -1.2839403480707783 0.7456381563964769 0
0 0 1.6825983872787544 -1.1449638035471175 -0.7714025612461484 0
0 0 -2.4457489784747857 -0.24502300389234044 0.7889219055187525 0
0 0 -1.20229327746013 -0.32873319474800855 0.8191412178507 0
0 0 2.4909582737870632 -1.3877719324621387 0.8138047347924144 0
0 0 1.312293184127249 0.23941812054232603 -0.7275756777997667 0
0 0 -0.2647397860819072 -1.3219133016737001 -0.04524605464534648 0
0 0 -0.7360617017012547 0.9446252411853624 0.755528896514415 0
0 0 -1.1385010248915357 -0.11470649683249778 -0.7996962085959104 0
0 0 -1.8215196129214057 -1.311620344846073 -0.094557967764488 0
0 0 -0.9936100083214177 -0.09328621295801698 -0.7308609217606483 0
0 0 -1.8564399769809976 -0.9982206755291161 -0.8185344656643178 0
0 0 -1.7015663626032806 1.3475967232726411 -0.6155808215962338 0
0 0 0.1639710009703812 0.8852865789018154 0.7957171358244535 0
0 0 -0.6410078789749907 0.9484526131343396 0.7367863340038783 0
0 0 0.9709518913452486 -0.5929544528501389 0.797263279981319 0
0 0 -2.874259701495674 0.7966461060943886 -0.805563857671465 0
0 0 -0.5897548649271784 1.3366800135317154 -0.48537214558588854 0
0 0 -0.5749433438878495 1.0871363315986045 0.7482277022652501 0
0 0 -1.5773833413516378 0.48262824328362375 -0.8246394979370159 0
0 0 0.1690204939315798 1.307277962198943 -0.8112497801051914 0
0 0 -2.494354564511516 1.2386011308061529 -0.7828391003479472 0
0 0 2.8825110985190863 -1.3744704487092243 -0.5261623274807681 0
0 0 -2.409998904701559 1.3705582130252454 0.08969556994429817 0
0 0 2.650831546100304 -1.3615498555809467 0.5926710555134167 0
0 0 2.678787290417655 -0.5080913484115281 -0.7805512535041846 0
0 0 0.34034254017101784 -1.205273818555891 0.8070809857778337 0
0 0 -0.6069066371727985 0.08518377633663698 -0.7371013637791645 0
0 0 0.9827084382355276 -0.21285996761175885 -0.8245738096389007 0
0 0 -0.3572574418450811 -0.875928001648318 0.8011287494372592 0
0 0 2.5959592129502402 1.2674795736834688 0.8117177757688833 0
0 0 -2.2367567347627393 -0.42921403837846916 0.7809901950107928 0
0 0 1.6707634549451038 -1.3006406342239278 0.2766969339798746 0
0 0 -1.3915455765648208 1.3056918773748811 -0.14355036559157253 0
0 0 1.6052812122078786 -0.482485803799493 -0.7513471787944083 0
0 0 -2.384715435833036 -0.18960034395669756 -0.7588035802004509 0
0 0 2.4512368166953378 -0.9569038459758796 -0.8183512226424035 0
0 0 -1.5763095724720757 -0.8623560371811357 -0.765908386916554 0
0 0 -1.260918773418152 -1.3804455682235817 -0.40841502318919315 0
0 0 1.003022891101808 1.385875071290342 0.3420450500301897 0
0 0 0.4586785536256661 -0.024130713440757123 0.7376674881648362 0
0 0 -1.0328861625999108 -0.7390564858505961 -0.799071143524009 0
0 0 -0.40131288360222683 1.3779214862934048 0.15061129639978565 0
0 0 2.7944543853248245 1.0757159716752074 0.753354421975737 0
0 0 1.2725469977046489 1.342429358883027 -0.10150357624999229 0
0 0 1.7675822390743061 -1.1258620276531848 -0.8064889166788175 0
0 0 -2.2975092297990107 1.3902274296540598 -0.3792484604967829 0
0 0 -2.1906787716131984 -1.3903055031567704 0.0002486297644007651 0
0 0 -0.6802647686502952 1.3581834796175694 0.13983895573038463 0
0 0 -1.0009895509877538 -0.8612237138183397 0.7446781723104482 0
0 0 2.1311824615603614 -0.09685084647029685 -0.8165045586106643 0
0 0 2.0108816582084144 -1.1152222379504875 -0.7367607175463273 0
0 0 -2.448867141499073 1.3064853498622242 -0.7807959507047575 0
0 0 0.47220553796473386 0.16159897747978413 -0.7619255619550924 0
0 0 -2.6343624420015224 1.3950019741803215 0.5452884822832842 0
0 0 3.1298099835073803 1.381023349334188 -0.2578548769048854 0
0 0 -2.273688160108967 0.28050439270072625 -0.7477488538572034 0
0 0 -2.594739645299353 0.9019472805703515 -0.7933340036315766 0
0 0 2.840494942451169 0.33710434237661624 0.7467822190637605 0
0 0 -1.2501711894523448 0.33637760720269716 -0.7313864389457099 0
0 0 -1.416589708199254 -0.09237680702188622 0.7330527402661757 0
0 0 2.042144706395714 1.3453180146859478 -0.19383824162215035 0
0 0 -1.7710268062717756 -1.316607003651501 -0.8226777514977364 0
0 0 -2.039806472745971 1.3990794640499498 -0.20567707383262857 0
0 0 -1.6756862636102137 1.324480937528785 0.22646813433199187 0
0 0 1.3287874429089648 -1.1714382301326984 0.7830756208890248 0
0 0 1.0610640565321452 -0.015900593506230853 -0.7299673796337369 0
0 0 2.410078078364582 1.3871563707241867 -0.5544983029597845 0
0 0 2.439663301353165 0.9857253850577965 -0.7274260209801618 0
0 0 -1.287131299913336 1.2233711002444319 0.7486399866280503 0
0 0 -0.40728605825792963 1.3795965948222622 -0.32139870594746067 0
0 0 -0.3999609594426845 -0.6248834187475076 -0.7275878522681388 0
0 0 2.9978633946617146 0.8936636745962712 -0.7545347869729209 0
0 0 -1.810642083398081 -1.0494720515472418 0.7313053792847412 0
0 0 0.8787534010836104 0.8926267841609257 0.7745617499250284 0
0 0 1.9467395535917023 0.4334285775788158 -0.8076695174801672 0
0 0 -2.3977095302561104 -0.14050934671193271 -0.7668140601749002 0
0 0 0.7117865716873304 0.4120608949841027 0.7965845879564727 0
0 0 1.0610315156038936 -1.2230945702520306 -0.7895579611438065 0
0 0 -2.5352933838270215 -0.28263507812029154 -0.7785041740705396 0
0 0 2.864421071247997 1.1614510193720775 -0.7452302509658373 0
0 0 2.6277460324390303 -1.246913115230838 -0.7584112678187855 0
0 0 -1.5864927817712737 1.3619176675801479 -0.8047203905643555 0
0 0 -1.2963077737789916 1.386081685069966 0.21113535939246586 0
0 0 -3.0315253103588056 0.7880666472681621 0.7715563635051792 0
0 0 -1.8235662670019477 1.3996380617762374 -0.1557613078852148 0
0 0 2.3098948378351283 1.1190049535071143 -0.791486687293038 0
0 0 -0.10599748926391994 -0.7550133781150292 0.7752690687642714 0
0 0 0.18375342376996873 -0.33429789753113903 0.7905341246673173 0
0 0 -1.5943495805417756 -0.33971022665820294 -0.7718831899341768 0
0 0 3.0385712432288035 -0.13166169569471564 -0.8234700898849311 0
0 0 -1.605317341611753 -1.3452255283583567 -0.3135293797683223 0
0 0 -2.784041090513677 -0.9881198652896994 0.7653346565798628 0
0 0 -2.8005209204119046 1.3436943302131845 -0.23793447472002616 0
0 0 -0.5302991852738517 1.3602179143889572 -0.46788995640690506 0
0 0 0.4852413782896785 -1.3342024209186463 0.5606053042283177 0
0 0 -2.656817840993124 -0.3435029783334993 -0.7422770767166865 0
0 0 2.5758949189643845 -1.306535361576163 0.5718796020314734 0
0 0 -2.3340547773435842 -1.3781736999082965 -0.20492340356112038 0
0 0 -0.07457606820849394 -1.3561388034581578 0.1888142259850365 0
0 0 2.673985486112203 -0.4666249115687031 -0.7951915495270675 0
0 0 1.6148572672020842 0.3261100829024526 -0.7949605634170808 0
0 0 -1.3732852989461868 1.3276029897272135 0.8048915750929606 0
0 0 2.22426332143372 -0.3198652211732097 -0.7754470060769648 0
0 0 -2.7994655564182955 0.1366988151855133 0.8026848022020879 0
0 0 1.7383507292686344 -0.9317507681747346 -0.7723381015790298 0
0 0 2.444794333911946 1.302133256606901 -0.6215448923463232 0
0 0 -2.6750588210552144 1.2084973930316363 0.8129252854205996 0
0 0 -0.021211933910652014 1.37401283436369 -0.38592687998435554 0
0 0 0.42108701605005905 1.1218120523607962 0.7677330302365224 0
0 0 1.6463974821016345 0.6870327173428059 -0.7984564143349537 0
0 0 -1.417091319892478 -0.9149006225188712 0.7314878782805734 0
0 0 -0.46324759098598767 -1.326507626019759 0.4431720490960023 0
0 0 -0.6215919245813768 -0.35598380362037585 -0.7893387592645479 0
0 0 -2.8225412779196963 1.3283451704941645 -0.6444416270588127 0
0 0 1.7957415434466206 1.398890519325122 0.03565150962927588 0
0 0 -0.9526363951407006 1.3044968776376318 -0.41213304079008434 0
0 0 2.492536530471069 -0.4631702168871785 -0.7439434389157448 0
0 0 -2.906536676801198 1.3837715546189275 0.08441415845240596 0
0 0 -0.043488352064991354 1.3060335906521257 0.6517066918297039 0
0 0 -0.32620725475505585 -1.3110004758417604 -0.7753352341326558 0
0 0 2.5181215296553257 1.0656200580484547 0.7311872618559887 0
0 0 -1.444671350378961 -1.376606597745204 0.6412445571922842 0
0 0 -0.4593575261488221 -0.7046787179134693 -0.7920393026797692 0
0 0 1.0412490599138309 -1.3358376111677102 0.3418188571550238 0
0 0 2.842301580740818 1.1229682649529458 0.764980665290163 0
0 0 1.2173274252271868 1.3841849027543827 -0.6707071508514046 0
0 0 -2.5897269468489887 0.8527626167889888 -0.7671631760763196 0
0 0 -2.4911811251914378 1.1433144583347594 0.7656400591925652 0
0 0 -0.2306505173047131 -0.48825204540773703 0.7860266923890443 0
0 0 -0.557515581127412 -0.025974968133256837 0.8205438696517733 0
0 0 -2.5474011910737104 1.0943574026775866 -0.7640485182839319 0
0 0 -0.5546750397322966 -1.1449415856347647 0.7257929027484096 0
0 0 2.5992074789485438 1.3868876225170714 -0.6918771164031438 0
0 0 0.034333246712166865 -1.331073581350504 -0.2392109156571498 0
0 0 -1.2115615782994966 1.345767678531543 -0.5006717114052314 0
0 0 2.5143745214853856 1.2134534353265274 -0.7575262591517747 0
0 0 0.2125947727708879 -0.41570189993939266 0.7274313951914839 0
0 0 2.9332120813556957 -1.2706694554156355 0.8015066833301836 0
0 0 -1.7469796852078663 1.350534496712671 0.5788422751298343 0
0 0 2.8144114672577434 0.7355462224066398 0.8036952973585552 0
0 0 -1.0213144410537556 1.2508069943496702 0.8112642368306113 0
0 0 -1.874839946882056 -1.3596033336309408 -0.5620175040720669 0
0 0 -1.1697521830315178 0.6631211744935153 -0.732472697931709 0
0 0 1.243556350191132 1.3466953206432695 -0.7411001118157199 0
0 0 -1.338932542453931 -0.5442344742739809 0.8006966722811074 0
0 0 -1.0980574910747691 -0.05871177466744726 -0.7789565281196433 0
0 0 1.3939997370787056 1.3562473559338544 -0.41820384368101315 0
0 0 1.117711243894373 0.5213577431828444 -0.7618269143061744 0
0 0 -3.0759735871293112 0.5522180245172914 -0.8165827969770612 0
0 0 0.9690083646045231 -1.3567038868238004 -0.3872341223395895 0
0 0 -1.4212513233697157 -0.2131110026975831 -0.809670630550332 0
0 0 -0.3124353299215712 1.3030760149848242 0.16188050678864252 0
0 0 -0.7318790182889474 1.3125274296002145 -0.521179381446459 0
0 0 2.122770798406118 -1.3008508571335786 -0.03265308397337663 0
0 0 0.31347847207291357 1.3047118397413526 0.2965938837551285 0
0 0 2.17692189869088 1.369129552600773 0.30806085731640387 0
0 0 1.9218856303267255 1.3118499540621131 0.6988986985825114 0
0 0 -2.7311292878327493 -1.3135983906307132 0.5314578711210305 0
0 0 -1.4771405491457643 0.8160494487144174 0.8097066602666413 0
0 0 0.5959684523613955 0.5758993572594511 -0.7562404082204851 0
0 0 2.4560121868979827 1.155556958828804 -0.7572723041467266 0
0 0 1.807279793270224 0.8521176623708173 -0.7438208602407889 0
0 0 2.487134638481866 0.284150098842308 -0.7741718123841018 0
0 0 -0.4023143137716545 1.340331578047933 0.050885059229570984 0
0 0 -2.8212710461038215 0.8485972302526037 0.7516758674291345 0
0 0 0.46253774388944535 -1.3982294491302247 -0.11973705162333559 0
0 0 2.0841134752934973 -1.3627167319062505 0.6887678524627099 0
0 0 -1.8205165554622698 -0.4737512868809327 -0.7314997457060196 0
0 0 1.170533066836505 -1.3801263286832197 -0.574534967673849 0
0 0 1.5536214822755356 1.3294393883354174 -0.21638420655290536 0
0 0 -1.8984455043171813 -0.34537483969115146 -0.791707494763078 0
0 0 -2.0153589022473968 -0.6560173094398194 -0.7337892538098247 0
0 0 1.039861503153932 -0.6473567047132259 0.7992607286929522 0
0 0 -0.4622804206322204 -1.334801207654793 -0.5044692714933368 0
0 0 -0.8664538527023531 1.3235272936154179 -0.5343267715562992 0
0 0 0.7802669460404696 -0.06094788439849608 0.7957592595829673 0
0 0 -0.5721487968295942 -0.14526201816235584 -0.7762588486729475 0
0 0 0.19724061756102174 1.3292783175178724 0.691036785914168 0
0 0 2.210463424289723 -1.3866386284156629 0.24096615993645432 0
0 0 -1.3559287556441282 1.0588714439896625 -0.7954798298136196 0
0 0 -2.533893526441096 0.8626295079905082 0.752899679388693 0
0 0 -2.4043284460242984 -1.3273419938668312 0.6825140183779255 0
0 0 -1.7414332185261001 1.3100607107040205 -0.1715854921315233 0
0 0 -2.568480446833259 -0.42321880929656375 0.7647843812481051 0
0 0 2.276143895981055 1.1317832530214622 0.773577965449997 0
0 0 0.0527079390180325 1.398440857841 0.3233971459202154 0
0 0 -2.2423156234916113 -1.1180555715851428 -0.7651682912003444 0
0 0 -2.3002988783854903 -0.01194069875616588 -0.75325167949924 0
0 0 1.6330540000176184 -1.2752549214258924 0.7275048528134183 0
0 0 1.1634880538529906 1.3952532468195566 0.5883992505248625 0
0 0 0.08923025595167733 1.3063818437908945 0.6808455032883565 0
0 0 -1.5654355467523269 0.5426980349516093 0.7531692750607135 0
0 0 1.645835745958328 -1.1971029909584705 0.7445937289361966 0
0 0 -2.8082277260112845 1.3718077477427897 0.27878588434074913 0
0 0 2.162333514767661 -0.7270525726246848 0.7871607132235996 0
0 0 0.1002069428365604 0.337464976330659 -0.7717499626913074 0
0 0 -3.1111825992922357 1.3184595124673832 0.5565301280005994 0
0 0 -0.9712156400011414 -1.3114819570356366 -0.7452018633944011 0
0 0 -1.6504206115823867 -1.2151223719362338 0.8242626508734303 0
0 0 -2.8202497406665605 -0.23860008147563927 -0.7441991099475332 0
0 0 -2.1489413515463434 1.321064147566358 -0.55537392494393 0
0 0 -3.1051114853960917 1.3839543101802725 0.3272069112180016 0
0 0 -1.0205795998655263 1.2092250587631306 0.7275043501724521 0
0 0 2.0902142038563776 -0.7891150169264122 -0.7838598152568588 0
0 0 -1.9604493173498347 1.3963275085395028 -0.1226390807025336 0
0 0 -0.9711704263855427 0.8437317444584524 -0.741095049728936 0
0 0 0.5941293680854223 1.3276249411377161 0.6534947703786216 0
0 0 -1.130701447942355 0.7458801802951986 0.7768069195736831 0
0 0 -0.4283560343774675 1.0788547917595468 0.7888414298168797 0
0 0 0.020012267092045732 -1.3897817134550634 -0.3575730078308978 0
0 0 2.42869907914877 -0.884777378700063 -0.7782997631179953 0
0 0 -2.3666473810433106 -0.3697983567125803 0.802413914166426 0
0 0 1.1454921660629322 0.24880307043088634 -0.7298595502086269 0
0 0 -2.692299090924906 -1.3412912079696218 0.5888234933776806 0
0 0 -0.5084766130220806 1.2827089438797163 -0.7256759724309924 0
0 0 3.114215705202904 1.3133785687146526 0.19066859859810514 0
0 0 -1.0574636029869962 1.153287397875422 -0.8155959131391057 0
0 0 -2.6663389093536605 -1.3248916557199784 0.8228540507116435 0
0 0 2.5086250028785653 -0.15865927056545237 0.774197924482284 0
0 0 -0.1739498784651614 1.3044971140548116 0.7601229479072076 0
0 0 -2.899820177301765 1.137917492715779 -0.730088658088293 0
0 0 0.2533420635607526 1.3480840902009326 -0.475693498905352 0
0 0 1.2287054231866303 1.0281149685268811 -0.7740274616371873 0
0 0 1.466708132006164 -0.4165149175505505 -0.8034244018064042 0
0 0 2.6350200604793077 0.7648448111421831 -0.7355817530716844 0
0 0 -1.5898401486741127 1.3262306586143082 -0.6492822337260276 0
0 0 -0.2379612085393248 1.2861480506705842 -0.7687423209063173 0
0 0 1.5261599477870122 -1.2108792500373942 0.7520752268068399 0
0 0 -0.5571773116368468 1.3469456252900947 -0.7050286058641574 0
0 0 -0.23550382156749183 0.9210250966210831 0.7432694261920988 0
0 0 1.5799223332185033 -1.399823341895203 -0.6454272544938022 0
0 0 0.08935950806537996 1.3874757655526155 -0.652198688396365 0
0 0 -2.124765568119132 1.3616789493569768 -0.6404483067142401 0
0 0 2.855403094418734 0.8469641739133233 0.7974929222903673 0
0 0 2.0092811090884144 1.311214658009529 -0.06620560061425595 0
0 0 0.9240090542492219 1.3835141698489715 0.6604687064811074 0
0 0 -1.7373042298918362 -0.524439930638105 -0.8049909865983671 0
0 0 -1.6387326588946927 1.1296326211969243 -0.8147013235718723 0
0 0 1.8732311456078499 -1.3893214076548865 -0.15872838275145507 0
0 0 -2.5006658687940044 1.3667868245440857 -0.2679656413593462 0
0 0 1.7627099927714491 -1.3817881256858577 0.6809766336695167 0
0 0 -1.6066117204510044 -0.6400970227945283 -0.7283840017373049 0
0 0 -1.3488844672986617 0.07888314125247664 0.8025611869148052 0
0 0 3.1236496527331132 -0.20834395370923953 0.733654124355947 0
0 0 -2.849196184284938 1.3756506242009932 0.0947921566003147 0
0 0 2.7526590181206796 1.095012631710172 -0.7847790244548912 0
0 0 1.2449753460263704 1.388542495809675 0.695766570034974 0
0 0 2.893040501881554 1.0224103458545686 0.7351389197395334 0
0 0 -0.7417746744732603 -0.3133345076804217 0.7954142271808604 0
0 0 -1.8228181342569267 -0.2898761892454338 0.7803427099410958 0
0 0 -0.8939120301446488 -1.340491582530703 -0.06150892786846096 0
0 0 0.6933866792128631 0.796205444026034 0.8149951145044686 0
0 0 -2.319846856933359 -0.7000052468008762 0.7769663847712869 0
0 0 0.17796355617210402 1.0107169486522614 0.7321346421134903 0
0 0 -0.7492980641243632 -0.19956505656932788 0.7651316131102078 0
0 0 -1.0241712594038708 -1.3395553448116113 -0.67393876685588 0
0 0 -0.7025512182996687 -1.342858371415066 0.5074001141873263 0
0 0 -1.7739297162837688 1.1082722750219032 -0.7676313893435582 0
0 0 1.9038511211305034 0.9435513335648331 0.793882094573644 0
0 0 -0.2070943014265385 1.3720403548805884 0.20176214512747048 0
0 0 2.185257051656256 -1.3564374048492411 -0.0774398631284412 0
0 0 2.2363049528358596 -0.4459403880003342 -0.7969440390914696 0
0 0 -0.8634138443925927 -0.2494963983949845 -0.7571893335707877 0
0 0 -0.8429216804878039 -1.3693624635932307 -0.26857508432214305 0
0 0 0.14164613498039547 1.0315435238769914 0.7752551246111273 0
0 0 2.2693740144126853 0.8183833101837561 0.7617583373886279 0
0 0 2.529268571440558 -1.3590363797729044 0.19344468584758023 0
0 0 1.2507739310047503 -0.2630114361908069 -0.7961995075732144 0
0 0 -1.3198650822598308 0.4852301301356632 -0.8137197065023457 0
0 0 2.3079634726351657 -1.3127056486671929 0.1921377667033295 0
0 0 2.7224284631493987 1.3676527725627494 0.4988379335374413 0
0 0 -0.31875909035596317 0.6380851793180622 -0.8186227452469094 0
0 0 1.7393151786077299 -1.2255353171667633 0.7970237447640683 0
0 0 0.15023923684448182 -0.2979152539211214 -0.8040382694241832 0
0 0 2.0936089890959693 -0.5468260194379388 -0.8166301615736772 0
0 0 1.6715147952640486 0.3674231244986603 -0.7917760405817845 0
0 0 -1.1774875986480933 -0.8474017185031149 -0.8137301165786237 0
0 0 1.0407776872386654 0.8266713015396234 0.7616584534540848 0
0 0 -2.941165086550234 -1.3067203908818088 0.15629962797173247 0
0 0 -1.540364373886766 -1.35734793577097 0.6265995838161467 0
0 0 -2.9479733552907357 -0.31577133146198655 -0.779542550985651 0
0 0 -1.771161755845988 0.5873335632030061 0.7305824936280658 0
0 0 -1.000173513980557 -0.813965566174694 -0.8072596896769066 0
0 0 3.0742740536629967 -1.332805069111008 -0.052664437151474286 0
0 0 0.5452716075591986 -1.371385060795532 -0.09876375649748892 0
0 0 -1.9647762462893934 -1.1383569008198582 -0.8159141750409047 0
0 0 2.1387692629519393 1.2605487272671152 -0.7582043846519186 0
0 0 -2.42810566516572 1.147957273646022 0.781858391275549 0
0 0 -1.6225838223645987 -0.15763758503665604 0.7628344910094909 0
0 0 0.3377331005515689 -0.7947939276388171 -0.8203403731640173 0
0 0 -0.06723792561985009 -0.1499702180637985 -0.7619227639984524 0
0 0 -2.9949373914611064 -1.0503408692045861 0.7789961081728917 0
0 0 -2.531665429379541 0.2544515352453631 0.7619606112251122 0
0 0 0.8528987700551509 -0.08794149778091565 0.8017939654447948 0
0 0 2.516590989273756 0.9248987929213393 0.7984934608987391 0
0 0 -1.8321197748301028 -0.9115456880626585 -0.8226810373410515 0
0 0 1.067138937129525 0.9304726114414044 -0.806165386684241 0
0 0 2.1300699394067006 0.11091121675852333 0.7323748212865409 0
0 0 2.4724222480193268 -1.3861755144576118 -0.26700451663541447 0
0 0 2.4813205831095866 -1.3161813140750087 0.43705482466855994 0
0 0 0.6092553048476765 -0.4000434763989543 0.7905501765655943 0
0 0 -1.8388357670984967 -0.5424058037420376 -0.8219688250719466 0
0 0 1.5630289595918692 -0.2292887410794111 -0.8186196024039762 0
0 0 -2.8911430169742673 -1.2763470473969611 0.7523510532610372 0
0 0 -1.2120033125371905 -1.3839746310172247 0.39650694156198196 0
0 0 2.5493709889554417 1.1101619768770192 0.7931866646971069 0
0 0 0.779293520996839 0.6502032572838292 0.80623023199472 0
0 0 0.5792216339784648 -1.329070537447784 0.6728682633943928 0
0 0 2.344333592133414 1.3925270539427872 0.6850883314238791 0
0 0 -1.848485107252416 -1.3440747954880305 0.5976091386617381 0
0 0 -2.1933816791897107 1.0736983398743576 -0.7856940300933516 0
0 0 -0.009870151503311497 -0.6818598342359815 0.799986040049019 0
0 0 0.3736208465399091 0.09786162392906017 -0.741225452657985 0
0 0 -0.06956016119410924 1.1113491030297038 0.762991942115177 0
0 0 2.4038220226804006 -1.1524936303127573 -0.7965038398118762 0
0 0 0.23755622617792804 -0.7818070581429535 0.7962404412162617 0
0 0 1.4481839670323158 -1.3620464580226448 -0.5704218835311652 0
0 0 -1.7216529787973895 1.3920742297515656 0.7959897747914613 0
0 0 0.2678114767454729 -0.8887071551855774 -0.7456340162540775 0
0 0 -1.5860367434066214 -1.3261882104859395 -0.1391278406047164 0
0 0 2.176663899338182 -1.2304334106561348 0.7839687161740568 0
0 0 -0.2873521428577841 -1.3020252763713738 0.408506840306327 0
0 0 -1.3474100860748084 -1.3784456985693236 -0.36092319708881226 0
0 0 0.543988455912122 -0.7931962840716874 -0.759218358306889 0
0 0 0.16533311566373943 1.3978570928583098 -0.35206515183501585 0
0 0 0.8651306642140728 0.7424067275349373 -0.7942276853739504 0
0 0 2.96093528562992 -0.9851717457342608 -0.7854219577680212 0
0 0 1.7289161931149124 1.312901196698295 -0.5024843900302451 0
0 0 -2.1199389187903668 0.09333768283074662 -0.7468142000066966 0
0 0 2.8315333176516946 -1.3253640480612643 -0.27784588626884565 0
0 0 -2.6352119805288927 -0.511283882784846 0.7757889427244089 0
0 0 0.7097963863693768 0.4967419108509652 -0.744779803521646 0
0 0 1.2852727060403568 1.3514906418973047 0.6714980057697575 0
0 0 -1.9864885683823255 -0.5528333348439574 -0.7375028217609626 0
0 0 2.222547974558757 -1.3500394798409707 0.7117176101617548 0
0 0 -0.4241691290362315 -1.3630404291189202 -0.5962437508329483 0
0 0 1.2514372675206076 1.336201566431155 0.703777750177135 0
0 0 1.7271892106150615 1.312225776571352 -0.1789700646379494 0
0 0 -1.7891428007235706 0.8621307141068322 0.8130810683223735 0
0 0 -2.546511774227368 -0.12693970664982612 -0.7473154101081951 0
0 0 2.9515152582129334 1.3732056381014857 -0.7182748176650909 0
0 0 2.8524513415408865 -1.1256315655511644 0.740178263368809 0
0 0 -0.2239072565149045 -0.12104937849494957 -0.769773762259751 0
0 0 -2.3869241703471205 0.29024345190735756 -0.739824400571473 0
0 0 2.2850138522804277 1.072016591905175 -0.7703488479205232 0
0 0 2.9687170689144162 1.3966127297289297 0.5452779566087631 0
0 0 -1.7704255455971796 0.37963765574009845 0.8111166250716367 0
0 0 -2.894781885942521 -0.4071942806669363 0.7569470333829331 0
0 0 1.7547667821024673 -1.373930621168669 -0.20870570625897666 0
0 0 0.707930376991464 -1.342981339794658 0.13033763040778334 0
0 0 -2.7661727440214285 -1.342066478661346 -0.050522187911875016 0
0 0 -2.31355218030477 0.8845165218215716 -0.7980025766837767 0
0 0 1.4439465741587991 1.3318627803872887 -0.8067066462169526 0
0 0 -0.1309618791574061 -1.3383203159015544 0.6828574136348777 0
0 0 -0.5387262778949276 1.314195427875404 0.01963761431515576 0
0 0 -2.71092906593844 1.3221036437181648 0.011414674905514732 0
0 0 -1.1841607874403872 -0.8396908479463443 -0.8117037238963712 0
0 0 3.013127709088402 0.7131284822980277 0.8156608720337608 0
0 0 -1.9961569116724598 1.348523331312869 -0.6926648739942481 0
0 0 1.3060126515500317 -1.3402024498707654 -0.15124884042968323 0
0 0 0.7025645189039929 -0.5244046610239914 -0.8032532200992883 0
0 0 -1.8984773825319943 -0.2522996315849424 -0.7916299251235712 0
0 0 1.5425582466061734 0.7690245642043914 0.788806983832599 0
0 0 1.9809608758890587 1.322197386762233 0.24031034228078996 0
0 0 -2.2094271582885243 -1.367187034094033 0.2571336343358841 0
0 0 -0.24748232755758615 0.12819970166106942 -0.7947526683626345 0
0 0 -1.1665587920201668 1.393666346078805 -0.5669966843789251 0
0 0 -0.8660756201217441 0.16133169714856654 -0.7831370661149663 0
0 0 -2.8404613399137375 0.30851478842227653 -0.8245235563101488 0
0 0 0.7962492971858364 -1.3919549502341286 -0.3650897751634016 0
0 0 1.8617403825957428 -1.3990361385184247 -0.18163377177156015 0
0 0 -1.900911685753383 1.3433790296030088 -0.46597209107329535 0
0 0 2.7763350919935874 1.1445135857879543 0.7414650954065736 0
0 0 0.3901940376533992 1.0981533711126923 -0.7472481736818116 0
0 0 -1.7280671728810686 0.49064559521484497 -0.816488545153338 0
0 0 2.2665085260359845 -1.0690005725444616 -0.8012894458283031 0
0 0 1.8035061547931495 -1.384386917176241 -0.32772555176168033 0
0 0 2.323354537228032 1.3281194145270883 0.2459638356368945 0
0 0 3.1045736045116916 1.1576022965746733 -0.7556317650571369 0
0 0 -1.2934014930561757 -1.3351928392899117 -0.4964223616806371 0
0 0 -1.7583064327347997 -0.5186856251050042 0.8025533766953116 0
0 0 0.05540855564653624 1.3557316194500977 0.5648623618373327 0
0 0 -0.30785844811011565 1.3505788964009482 0.4189694012562375 0
0 0 -1.4840711288809805 -1.3697726490187245 0.71156431192626 0
0 0 0.996805729775545 -1.384774094435379 -0.7815869866202809 0
0 0 3.0947571334116324 -1.3355315173534308 -0.7905398080758685 0
0 0 1.4845278002695883 1.355507498451706 0.043992459144741036 0
0 0 0.6738474443531732 -0.3038689940095095 -0.7369994149565471 0
0 0 1.2171748192490464 -1.395478128014776 -0.45987294398400924 0
0 0 0.46278089720180615 -0.783456269354987 0.7324820277012195 0
0 0 -1.3599922653285907 -1.3888735679229771 -0.03305932959902835 0
0 0 3.0875517029258503 -0.34340353308277005 0.8230039746556386 0
0 0 1.882821055587753 -1.378182693217721 0.14878180439874822 0
0 0 -0.023117826613261006 -1.372878120501137 0.3007107611062614 0
0 0 2.2428784286012 -0.7954209659540056 0.7869117973599966 0
0 0 2.553974558427454 -0.8747276326920697 0.7600685263464148 0
0 0 1.391681929247981 -0.950339283471435 -0.7467127215683798 0
0 0 1.2367766597864014 -1.3491234370506853 0.7713059085908787 0
0 0 1.359435980364239 -1.0750011419102647 0.7907786764347726 0
0 0 -0.5424137106790283 0.0688496578701836 -0.763279536249412 0
0 0 -2.0180423334571373 -1.3766006248065537 -0.4610193219269163 0
0 0 0.9870419802998045 -0.9921420491920998 0.801321279774395 0
0 0 0.21876363794113063 -1.0415393334371554 0.7857404405951416 0
0 0 2.561587526688217 -0.28692036072189797 -0.734250308067141 0
0 0 0.15183955208783928 0.5753581084451374 -0.7667326156717673 0
0 0 1.2014815894416762 -0.6084783407108038 -0.8116616631348933 0
0 0 2.937546170107887 0.4655095629298476 0.7719172589231403 0
0 0 2.4133908934788257 -0.1829026612589224 0.8237934804422922 0
0 0 -2.16878716737968 1.3527643182296576 0.13650351327094512 0
0 0 1.957950237535032 1.0640512463818446 -0.7712702880524711 0
0 0 2.4835081343433094 -1.3607944210279417 0.8170340668698071 0
0 0 2.494726145759831 -0.5864419508329156 -0.7323846504857424 0
0 0 -2.5085012234462174 0.7465890053534483 0.7939435331459027 0
0 0 -2.4330302613336565 -1.3999165258832142 -0.6320117185570475 0
0 0 2.4771288201424104 -1.1959512285360527 0.781144415807084 0
0 0 2.630580348879888 0.9320158479904601 -0.7915928440189562 0
0 0 1.4444417683027 0.707536463223432 -0.7709659365308693 0
0 0 -0.13943499556137207 1.3052338139130064 -0.5759717109097493 0
0 0 0.06278353832809191 1.3382619600271322 0.8005008396536233 0
0 0 0.8187021581820177 -1.3624357017520885 -0.6756025583494858 0
0 0 -0.7337631431591682 1.305288143185886 -0.7817060014984812 0
0 0 1.9624093146572221 0.3583835702916438 0.7526272070669238 0
0 0 -1.0247859909641632 1.3813658632480483 -0.6238915612595233 0
0 0 -0.9993723528990346 0.21397789509495446 -0.7566510799075276 0
0 0 -2.8843914691108474 0.27955729395256146 -0.7807239501614724 0
0 0 1.736749092840908 -0.681843768631255 0.802557763345173 0
0 0 -2.914745873965096 -1.2925294437753454 0.8102166938868771 0
0 0 2.4118610846383914 1.3117304053814944 -0.5069786082080046 0
0 0 -0.24248921500122078 0.16456535785661086 0.7312746650588304 0
0 0 0.14493847330031295 -1.3891551111308023 0.05404573659518208 0
0 0 -2.9984588740236875 0.22984628865930534 0.8115264555128526 0
0 0 -1.988616781280942 1.351922994649201 -0.21712452397037008 0
0 0 -2.7704465101131026 0.18618670469961063 -0.7757771773408216 0
0 0 2.1456119970324012 -1.3809723857807912 0.1370922291852118 0
0 0 2.2162002971284034 -1.3648548509883622 -0.32940686813056297 0
0 0 -2.567377339116846 -1.3044044505773702 -0.3480044998980055 0
0 0 -0.43396246753502954 -0.42104399429411343 -0.79692645753066 0
0 0 -2.9897649583934958 1.3802440555699578 -0.16303479985416058 0
0 0 -3.1040876249219083 0.2786754095629833 -0.7663550156057217 0
0 0 0.06936043222856547 -1.35591455348147 -0.41996253597573124 0
0 0 2.432503371226553 1.0678764366055533 0.7934509176322024 0
0 0 0.7425866822118934 -0.8583598647195683 0.7460736274433452 0
0 0 2.2403156222741245 0.6968227133026665 -0.7786238513904122 0
0 0 -1.8048042370847892 0.35547006215150634 -0.7580587927062385 0
0 0 -0.5404819549675395 0.35091685459453825 0.7528664187575493 0
0 0 0.2605245122332116 -1.3860085642101945 0.284936772840507 0
0 0 2.7293381640724386 -1.3610495679680077 -0.6777399703668916 0
0 0 2.5046256303279693 -0.6239178859260733 0.7875844159876163 0
0 0 -2.285233211961747 -0.6562146178973288 -0.8140315052493289 0
0 0 1.3838302382183043 -1.3306656910086376 -0.21345508738930563 0
0 0 2.7326277030873154 -1.312198897374579 0.29825354102974444 0
0 0 -2.1873556064971633 -0.7943353352409367 -0.7541241838809757 0
0 0 1.6260499137382318 -1.385006010675452 0.5859133604202116 0
0 0 -2.1199244660419803 0.7626341637559342 0.7353969864369861 0
0 0 0.9901494546647331 -0.714060341417534 0.771509811999367 0
0 0 0.7263839707652506 1.391270538582703 0.5267900689873606 0
0 0 -2.4562371269485967 -0.7380053860263066 -0.7498305758042817 0
0 0 2.462603654395804 0.30894176978783583 -0.8237392824498211 0
0 0 -2.893703054642363 1.399665709545438 -0.29165487788514277 0
0 0 -0.9679344288746226 0.6700731627544037 0.8148878556167383 0
0 0 -0.7741524906288468 0.6073957199288891 0.7369643302147152 0
0 0 -1.7654279684338043 1.369009521614682 -0.28831639000095954 0
0 0 -1.2354982769724054 0.5445181867914417 0.8236851656509384 0
0 0 0.5584016679249912 -0.8224009959758447 -0.7264143274676446 0
0 0 1.62821963005723 -1.3960215105157379 0.06617015423742123 0
0 0 1.7624773073976767 -1.3928175219265466 0.2801829794499682 0
0 0 1.1964374887276064 -1.3252357771681782 0.20507161517576122 0
0 0 1.2657660171178389 -1.3689950406712699 -0.5114763055293166 0
0 0 2.0233029903518984 -1.0273428508765334 -0.7754245941354756 0
0 0 0.5902264064512179 0.8119468321066539 0.7503449464756408 0
0 0 -1.8503340820482588 1.2246324975846006 -0.8088472998568188 0
0 0 2.6897029347359007 -1.3618358346791695 -0.6019506886558168 0
0 0 0.809723557502152 -1.377044314908682 0.2902531424898631 0
0 0 2.6654236015458324 -0.2706451107178425 0.7451258690897408 0
0 0 0.11360018864736698 -1.3097808716494888 0.09800200150176519 0
0 0 3.136928534738874 -0.7077447893609377 -0.8071837249994985 0
0 0 0.9381034435967983 -1.329302586216813 -0.4008038407284805 0
0 0 -0.6413839642030483 1.3288212025060893 -0.7250094747795626 0
0 0 1.6922718098437732 1.3909983639918455 0.495807064345098 0
0 0 -2.7451002813420975 -0.6717427901387982 -0.8016397564012139 0
0 0 -2.5481520785727314 -1.3145127279109254 0.031178385261345642 0
0 0 -1.8689833328520171 1.3145502703381995 -0.7206641089341294 0
0 0 -2.116210260165365 0.03866729201622965 -0.7743288767951463 0
0 0 -2.340104011591469 -1.323906769875412 0.1745846584843298 0
0 0 0.3917879960499753 0.30166664114521136 -0.783734337461196 0
0 0 0.5238354973378163 -0.8966584039744081 0.8175791399965652 0
0 0 -0.4970271674236648 -1.2653736969634177 -0.7585140515977425 0
0 0 -1.6988106176870537 1.3312746130775877 -0.5402972929987635 0
0 0 -0.5634877609655682 1.3033736436574261 0.8151522948974566 0
0 0 -3.1373260464439108 -1.3555850767629933 -0.3658841021930342 0
0 0 0.271715019560435 -1.313949762163863 0.07676535541125495 0
0 0 -1.5349332364883654 -1.3264890681077355 -0.12240472664409696 0
0 0 2.306813835458313 0.9719876684654152 -0.7430644382902895 0
0 0 -0.6130393971120403 1.393498641301041 0.5733572598706338 0
0 0 -2.954399109334195 -1.010917487357037 -0.7775192227548783 0
0 0 0.9370302449770644 1.3253875904134578 0.622630045234718 0
0 0 2.179311236985556 1.351137745527237 0.0017776956614958817 0
0 0 -0.6895607714510046 -1.3555789716745086 0.66660392428659 0
0 0 -2.1315235192340753 -1.3515481780163117 0.8223001660467879 0
0 0 1.5129648889282024 -1.1115981947194125 -0.7695767592468212 0
0 0 0.6124703975725736 0.3052443991180931 -0.8176093506551988 0
0 0 -1.5484290872147946 -1.2636898778760959 0.80332712653893 0
0 0 1.333807401954493 -0.13342344272659545 -0.7961028419393997 0
0 0 1.269638122600477 -0.8639828398075513 -0.7505942278483315 0
0 0 2.5639565123564827 -1.3989657569182226 0.6221739229948013 0
0 0 -2.2928994024395695 1.3391447072732066 -0.31975737449235075 0
0 0 0.2345626114116004 0.39926049879956493 0.8077801678233868 0
0 0 -1.2228703382880612 -1.3014330659442563 0.40098515556728764 0
0 0 2.01484083099965 0.7411548623750741 -0.778637292463281 0
0 0 0.4506437136794448 -1.2322125691439636 -0.8146584794614627 0
0 0 0.5615484673508893 -1.065001221811712 -0.7522378864097398 0
0 0 2.335747795159916 -1.2315730583279372 0.7308958661500632 0
0 0 -2.9200429221566635 1.0006886102097623 0.7962825372020803 0
0 0 -3.1157328494138663 -0.308799946986684 -0.7514938265576839 0
0 0 3.0345726023174366 0.9788991940063998 0.8216005686898071 0
0 0 1.5752519319219784 0.6465643052202115 -0.7478568067514085 0
0 0 -1.840657623841013 -1.3967254395021869 -0.5043394281254652 0
0 0 1.4853028398025545 -0.5248775503196942 -0.7305434661470658 0
0 0 -1.281143481610119 -1.1060282176254939 0.7729008077293316 0
0 0 0.4643925806957152 1.2274537947634452 0.8057863866648707 0
0 0 -0.05835066431628366 -0.6421073495961782 -0.770088180830668 0
0 0 3.0113470074937245 1.1277212104671668 0.809671274515102 0
0 0 -2.1374262633113084 0.408981476684106 -0.8231760609159091 0
0 0 -0.19476017942885404 -1.3708521836590417 0.7076277354086478 0
0 0 -2.3901918364339467 0.2600197190812914 -0.750710864916458 0
0 0 -0.07094677039342168 -1.180988919634915 -0.7901587695331381 0
0 0 0.38390341327795063 1.3469700628928887 -0.4769768467011523 0
0 0 -2.5590979389509485 -0.9247677366004404 -0.8173625841180991 0
0 0 -0.8070557315195179 -1.2118225654344557 0.7273902833124638 0
0 0 1.1962222125815831 -0.9299049558443233 -0.7388583420858691 0
0 0 -2.032230311294242 -0.46815746639924094 0.7316822490015171 0
0 0 3.0740330672237386 0.5802853842485054 -0.7825690653305644 0
0 0 3.0616097421840047 1.378378003474259 -0.701111319370287 0
0 0 -1.414641470203141 -1.2259917063125254 -0.7495057410038428 0
0 0 1.581598909389946 1.343227453410788 -0.33696565807145284 0
0 0 -0.6608842183445778 -1.028954120729046 -0.7618568046090898 0
0 0 2.316248168343817 -0.14748155529934048 0.7314331731605928 0
0 0 -2.313600633833533 1.3597903847299786 -0.37779630718612717 0
0 0 -2.2213179733156077 1.3482471103299345 -0.035136243036243964 0
0 0 3.100725341367082 0.5409223748839818 0.7276886176461717 0
0 0 2.318255084188248 -1.3306965983515928 -0.40902364019408344 0
0 0 -2.5901777496260383 0.591472975162884 0.7425960006679911 0
0 0 1.003516812155583 1.1044332960435794 0.7322176888356895 0
0 0 -0.3632770637130114 -1.3342709481872912 -0.08978523205862032 0
0 0 -2.5102413664876932 -1.282913227643738 -0.7313349764932541 0
0 0 1.9611442655206748 0.6811348157783483 -0.739501820709014 0
0 0 -0.10799548417442217 -1.3673805449797656 -0.5677414690805824 0
0 0 -1.9853603205297197 -1.3147605620039189 0.17861178682535828 0
0 0 2.000224759645727 -1.3200672957642965 -0.29594735686903073 0
0 0 0.7371943577207816 1.3231943127046952 -0.08746252722101422 0
0 0 -0.654452083954522 -1.372166981478263 -0.09502375120623163 0
0 0 -1.2602397505768315 -0.8709275959108387 -0.7873337175169289 0
0 0 0.25615855883013916 -1.3040377931054594 -0.5318115552388193 0
0 0 -0.19704467818403293 1.1474201945934708 0.8193705523416913 0
0 0 2.2375020096905294 -1.3531186106748243 0.5090240467585534 0
0 0 1.8728816772483858 -0.8794088002102853 0.7788637447494213 0
0 0 1.0494280885824052 -0.802902333368514 -0.8133880278426957 0
0 0 -0.29937341802523054 -1.3488205390916235 0.03306775904738146 0
0 0 -2.423958303469016 -0.46365107528358196 -0.7894339636435199 0
0 0 -1.3764493879101192 -0.35129416884113407 -0.7336730053021409 0
0 0 -0.3550740549383824 -1.356171711194428 -0.7179412331683016 0
0 0 2.6304975141239 -1.374944032637824 0.5596952247495484 0
0 0 2.3529721112705904 -1.3990224855212168 -0.44201418255114144 0
0 0 -2.49933731606873 0.7705772192436215 -0.7835098669366825 0
0 0 -0.003896046138057052 -1.3745367896353609 -0.13701637593185556 0
0 0 2.415896124979427 -0.7313106714532097 0.7878353360561315 0
0 0 2.2622653224812144 -1.1899733733960614 -0.7824426935547204 0
0 0 -3.1024697912371018 -1.223800120983829 0.7647144305572342 0
0 0 0.19710389673273188 -0.12106336421292685 0.7643029344486282 0
0 0 -0.5579025456311548 0.5720695772289226 -0.7689532912088499 0
0 0 2.199737632042577 1.163487421151529 0.8207100935483469 0
0 0 -1.2123838799352737 -1.3949081457082577 0.5274641341779738 0
0 0 -1.5213567697236134 1.3487120802915549 0.7539902825215559 0
0 0 0.07010166233977966 -0.8308341919212148 0.7821197894422354 0
0 0 2.761187464454478 -0.34937278862265186 -0.8180462017831549 0
0 0 2.907186987382154 0.5877046742671719 -0.7318618486727558 0
0 0 -0.7813355182979089 0.3520445243873904 -0.7302770605485178 0
0 0 1.5729976465397835 -1.3425573991179778 0.22976480104589636 0
0 0 2.5564956947103257 -1.3166960688133065 0.6798385835036327 0
0 0 1.1105217874798399 1.3135321573060748 0.45196705700541573 0
0 0 -2.7451744911782665 0.8029655019898325 -0.7916110240375223 0
0 0 -0.5139104771603686 0.7161352574619075 0.7774901109175923 0
0 0 0.8816717455810901 1.3725889067853434 0.2541340508470771 0
0 0 -0.5754116611774185 1.3623895951506926 0.05779864795920364 0
0 0 -2.397746170301745 0.607974194018686 0.76731108003391 0
0 0 -1.3939455815129729 0.8694704130575792 -0.8039817808610189 0
0 0 2.0079732318281627 0.46051759723137997 -0.7720631483431157 0
0 0 0.3226131123948597 -0.04423909629397804 0.7428988871094216 0
0 0 -1.3841408310912633 -1.3293094651794757 -0.4982998438061752 0
0 0 2.194298541667086 1.358912308378662 -0.7435077888402168 0
0 0 0.35684841972450965 -0.07511287476880524 0.7706346905337892 0
0 0 0.9724061122363592 1.3837754409318699 -0.06348458776939336 0
0 0 1.1754640552333413 -0.20162858597484945 0.7787253394880848 0
0 0 1.9417919195727098 1.3306843905297954 -0.7768878302761925 0
0 0 -0.05951013745207234 1.0972063519239266 -0.8072008405780982 0
0 0 -1.5420861385139195 1.1922108982580382 -0.8119759100962081 0
0 0 0.2768772266711501 1.3047599502671436 -0.06452880437893715 0
0 0 1.1445813630434012 1.3333605949278258 -0.2812902861404739 0
0 0 2.684543208779594 1.2164764362975358 0.7321622414810658 0
0 0 1.7829533725830276 -0.8473487589234223 0.7342893288918046 0
0 0 -1.8205415509577356 -1.0670615247274164 -0.7346369284043711 0
0 0 -2.7617944534155523 -1.3883409442791175 0.25879639741818994 0
0 0 -2.0277180273409385 -0.021586502540400065 0.7530787398760903 0
0 0 1.6295859513433468 -1.356093689758827 0.05462120058866493 0
0 0 -2.187970156150194 0.0035252086521351256 -0.7447128155218362 0
0 0 -2.45253648260875 1.3446421677428846 0.642352417444662 0
0 0 0.7963384594908378 -1.398871009793388 0.4026854249649501 0
0 0 -0.27260274266027995 -0.06626451867529215 -0.8127392169106846 0
0 0 -0.4452816790606988 -1.349192510350155 0.7648854126667155 0
0 0 2.5336630994548557 0.16729971234902496 -0.8139942581704633 0
0 0 1.547372434190546 -1.3793475451093231 0.7440078355377382 0
0 0 2.194923334350057 0.25832243956374157 -0.7288456853619832 0
0 0 -0.26252271615312583 0.31958802617777304 -0.7660676642854428 0
0 0 1.232914125534009 -1.3109762141091161 0.48212075855885494 0
0 0 -2.183437030129808 1.3242185555178547 -0.5347565856162866 0
0 0 -1.9254407711684007 -0.3303879693827515 0.8058751319629409 0
0 0 -0.02420883171799515 -1.3028050485892608 -0.10187303903400857 0
0 0 0.8819553974100955 1.3636653598925599 0.7055464709099972 0
0 0 -0.5176440798815412 0.31420293004704214 0.7632337833619354 0
0 0 -1.026977843107685 -1.3965077657205835 0.7584539538929129 0
0 0 0.9410539644494449 1.041577447381558 0.8157306820530327 0
0 0 0.09609879803677934 1.3677261938620704 0.2818955045137179 0
0 0 -0.8788740844764193 1.1358670347948856 0.7643802132163202 0
0 0 -1.2889273528343894 -1.3958605916705984 0.6720101307025834 0
0 0 -2.7965790283392393 -1.3622907348188555 0.7307434239774286 0
0 0 -2.0094199088200613 -0.9741821543764162 -0.8064075182593462 0
0 0 1.7115734339333706 1.3050423668356759 0.2949761749891262 0
0 0 -2.394395515860551 -0.4646606966677267 -0.8084351913971217 0
0 0 0.4527455766843116 -0.8600782213295535 0.7625119363924949 0
0 0 3.0292289140452793 -0.9444975891591456 -0.7992838559768854 0
0 0 0.22729327857407178 1.3452696584756616 0.3313098602970759 0
0 0 2.71765452791165 -1.305730259193156 -0.08277952044443693 0
0 0 0.7348151748663803 -1.2172367965845947 0.7460580810106203 0
0 0 -0.976365465963859 -1.3202987488297477 0.14940467183457717 0
0 0 0.6881759204423608 -0.19966428793367563 -0.7602670152349602 0
0 0 1.6823748484059573 -0.2168468341735017 0.7440318765723418 0
0 0 2.8987414772798266 -0.3707729429697767 0.7513040133116748 0
0 0 3.0792539803750936 -1.345081702343248 -0.1317600977861495 0
0 0 0.3735552003295277 1.1764012308793868 -0.8155607678095834 0
0 0 -1.9525297298104123 0.6185267392977973 -0.7703078501954387 0
0 0 -1.790312881671144 -0.7752934648269353 -0.7462681723078994 0
0 0 -1.0857477440388639 0.7537484968749275 -0.773532282340253 0
0 0 2.4784053332212084 -0.9943900218476651 0.7393189733428649 0
0 0 -1.8412863660873386 1.372877662112012 -0.29089528512996554 0
0 0 2.1579094061353707 1.3272064546390692 -0.46631451405770297 0
0 0 0.5329178759961892 1.3727769937996916 0.4665324596267799 0
0 0 0.2903862944518676 1.3088675994370818 0.47151690611477615 0
0 0 -1.3575671235234474 0.44735194320099847 0.8042221495852909 0
0 0 0.0250784135970874 0.8003785157835732 0.7549820337979753 0
0 0 2.191645202568793 0.6039380481205112 -0.812266231628995 0
0 0 -2.0787417079122696 1.1812395857141225 0.7961042182846223 0
0 0 0.07424573604267337 0.9649825982736309 0.7873551176820165 0
0 0 -0.6351003515546036 -0.31541196892048273 0.7464803262076012 0
0 0 -3.1008474209983703 0.8863600560019822 -0.8073759263155535 0
0 0 0.19042819376052877 0.6048783102099486 -0.7894109433072737 0
0 0 -2.577522012044626 -1.390375037209992 0.001289849539801824 0
0 0 0.9893707910459701 -1.3606104812816961 -0.4697242919857307 0
0 0 1.336107045732609 -0.6822110062531518 0.7406511771139187 0
0 0 0.4171674826668603 0.40411302461823384 0.8102123892662805 0
0 0 -3.043073173204893 -0.637592458321709 0.8095490199419274 0
0 0 -1.5455875086850073 1.2460706653667752 0.74137129803454 0
0 0 0.5938918305565939 -1.3440000689618354 -0.06888792538949995 0
0 0 2.686838116769442 1.2231951490158426 -0.741739712697832 0
0 0 1.0850224415008887 0.09081138039912817 0.7516212067278896 0
0 0 -3.1413000974882714 -1.3416341894483195 0.22692059610590665 0
0 0 1.6704247877745155 0.725703581713707 -0.7969112884650117 0
0 0 -1.91884296854373 0.9863354642470419 0.7801676295420159 0
0 0 -1.583064727629806 -0.18201885310695198 0.7402781311483738 0
0 0 -1.9826225318037103 -1.301779508229383 -0.03942631741524061 0
0 0 -1.0925184637851975 -1.318028122581362 0.6527952702712703 0
0 0 -2.337125292156974 0.5162403071736545 -0.7776482247767891 0
0 0 2.100259232703496 1.3055806382686923 0.6362463413404884 0
0 0 0.19954536097288456 1.3295859814672766 -0.511125973813321 0
0 0 0.19034009338650426 1.2578810200356518 -0.8101444448520259 0
0 0 0.8451645035546695 1.350320655476876 0.4917829540017702 0
0 0 2.634676540488468 0.1492270283379582 -0.7813565616881544 0
0 0 2.146955407284077 1.1527882974824968 0.7777668837587128 0
0 0 -1.5724163165661549 1.3207061287591686 -0.3939057841541013 0
0 0 2.0709490535876736 0.3801059106536948 0.7774268753882128 0
0 0 -0.41648346455354 -1.169989355236544 -0.8177364840762344 0
0 0 0.09812340228635552 0.2338115227800941 0.8031125453300101 0
0 0 2.7519327785390235 -0.8409293559326922 0.7717205106310567 0
0 0 0.6381958604100517 0.026798055101250995 0.8062960072369023 0
0 0 3.0860413815974006 0.10632455617877556 -0.7489724890211533 0
0 0 -1.814311478018041 0.27177353893980927 -0.7725892908538142 0
0 0 -1.1540919584169376 -0.13377146451543953 0.7642398929496298 0
0 0 1.3517928824711944 -0.5381014955992096 -0.7594016089701165 0
0 0 3.1221921657594445 1.3412669604007872 0.7294238717202062 0
0 0 0.15995089793205697 -1.3611673383578418 -0.022962666227027473 0
0 0 0.6942363161660214 0.6892337481809256 0.7698801097346937 0
0 0 -0.03944834786070839 1.3071203248378842 -0.5021809485906525 0
0 0 -1.6714664501152794 1.392156936207079 -0.7744381764494541 0
0 0 0.04430174073635795 1.1712432510622646 -0.7627407838541739 0
0 0 -1.289744992515609 -1.3444792437618356 -0.3229218621643323 0
0 0 2.402067324807086 -0.3147792962867413 -0.8239099400237527 0
0 0 -1.0140170437020415 -1.355812525965323 0.5151659463448968 0
0 0 2.888281053164823 0.38639350751305135 0.8237277341363252 0
0 0 -0.49313454449143546 1.3415041620806962 -0.6214697202432908 0
0 0 0.7934322207734428 -1.3223155028628641 -0.8011485018705898 0
0 0 -1.9680778855717855 -0.23418095519578452 0.799452265787598 0
0 0 1.6001423921124136 -0.24063321323478282 -0.7716287682105947 0
0 0 2.7064304934604335 0.4221433744345957 0.8155905462655759 0
0 0 0.35331144120425595 -0.40640102352622487 0.8072661305115922 0
0 0 0.15914318565815133 -1.3897232156909305 0.6509738619199024 0
0 0 -0.9560531408135029 0.13746051856763475 0.7841180035945622 0
0 0 1.4339911175259017 -0.07478560101952847 0.8207080418670563 0
0 0 3.0026521820495296 -1.3992560675300085 0.047701037970301785 0
0 0 -1.03811551390812 -0.45131306121679127 0.7992836649100971 0
0 0 -2.9580101750085523 -1.3523030352978938 -0.7730291262905741 0
0 0 0.30955808954318575 1.3054155684443056 -0.21572029978120322 0
0 0 2.519228682516257 -1.301580424800741 0.13066172462026615 0
0 0 1.0755511722609121 -0.35227089798530775 0.7293323053112435 0
0 0 -2.391875864178216 -0.4414419184503455 -0.7343342690992533 0
0 0 -1.8045392222093986 -1.3430018064436342 -0.6347204242091115 0
0 0 1.2983543791710686 1.326366471713707 0.7991672473445639 0
0 0 1.5894849861346234 1.3286299794252667 0.7530730503375298 0
0 0 -1.385552479238742 -1.3442058287007992 0.5614673213350905 0
0 0 1.0209891767233596 1.2469563540956725 0.7683047682891487 0
0 0 0.6162975026587216 -0.46631726097553694 0.7535848228485571 0
0 0 -2.479455384530175 0.4640288518389939 -0.7738064634502902 0
0 0 -0.21915605260170068 -1.3084713479637207 -0.26407168850940155 0
0 0 0.23490256767766304 -0.3366779580171094 0.8244459989891655 0
0 0 1.761822589519002 -0.2325238706929016 0.7983915667478741 0
0 0 1.1138827812248513 0.3304820771455237 0.807743868893377 0
0 0 1.4258021986842868 0.08391770370398222 -0.7951747895959165 0
0 0 -2.549869867322602 -0.48307027930191526 0.7595808959217523 0
0 0 0.9231370779645349 0.1530156166801191 0.8158704749785303 0
0 0 -2.4217121616671875 -0.3549277235446021 -0.7876910017638052 0
0 0 -0.6424508385596077 0.9764075474839056 0.820007266115638 0
0 0 -3.140070960510982 0.7610932717174614 0.7546321992063171 0
0 0 2.8378381461185986 -1.0289107209254336 -0.7301222955629386 0
0 0 0.11296764511951007 -0.985190765214409 0.7415202007858549 0
0 0 -1.2119510163235803 -1.2598558140627232 0.8171136378497572 0
0 0 2.691469523543102 -1.3128682376333491 -0.5169161712951154 0
0 0 -1.0323624973302925 0.2644236205827095 -0.7297361922227521 0
0 0 -2.6126723595137435 0.2764755858051351 0.8092830002912456 0
0 0 -0.4456636533536087 0.36022658689127174 -0.8170633133290581 0
0 0 -0.291364247109378 -1.3420364672156988 0.48200769095972573 0
0 0 1.6712741974491996 1.3503987612908912 0.4489864207857479 0
0 0 2.82037419175248 -0.0004288075542169256 0.7336192822897282 0
0 0 3.1200601602052345 1.107597459651369 0.7517226802847871 0
0 0 -1.8282704698947323 -1.305026947517871 0.37827362247490215 0
0 0 1.7925723137005916 1.1975883876454592 -0.7646120925622465 0
0 0 2.9587706220105368 -1.2893178226836894 0.7405639556871888 0
0 0 1.2730215975660029 1.1637681516087073 -0.7364537666512724 0
0 0 1.0272161265485789 -1.2149918327477673 -0.7742659978708266 0
0 0 0.10464284273202695 0.8497144507268282 -0.7298571677373059 0
0 0 1.0562688034936896 1.1345643821283866 -0.7494596197221635 0
0 0 -0.674450328434776 0.17365081079607458 0.7751317629692537 0
0 0 -0.2105092828957278 0.7780285728239063 -0.7575616309541345 0
0 0 1.6150063374241688 -1.3336016587238861 0.1411254491060916 0
0 0 -0.9245860534187735 0.2336438058434256 -0.7749864665187144 0
0 0 -0.3246033208778685 -0.6470399539261408 -0.7855626364690139 0
0 0 0.4364053779204058 -0.48400193386712065 -0.7809859701472842 0
0 0 -2.191498214294603 0.21177961933275835 0.7378269165186239 0
0 0 0.8409682846042514 -0.2093788368814835 -0.8121371200445645 0
0 0 1.955070214452589 -1.3799894182332253 0.1788685496328941 0
0 0 2.348314282398631 -1.3558810887635313 -0.6182624446660111 0
0 0 -0.509841253548049 -0.36115532713937526 0.7512865447347455 0
0 0 2.3994342182681665 1.3073290690169748 -0.04182242202419073 0
0 0 0.2807584270201695 -1.3927197001235891 0.5247859386203533 0
0 0 -0.03697988610356173 -0.4991399313519159 -0.8179838590634654 0
0 0 1.2100478776358532 0.7678601190652612 -0.7746102412950319 0
0 0 1.7191524998154621 -0.8319138640273384 -0.7707983821264394 0
0 0 2.845523849663407 0.3589541133463545 -0.8218247579162887 0
0 0 -1.2011345634326815 -0.12586584706661208 0.8176050073335448 0
0 0 2.385398579535482 1.0051873222783352 -0.7418197096660639 0
0 0 2.5232308950387417 0.8538544503893852 0.8074064951110945 0
0 0 -1.6563353764096922 0.3959735119097836 0.732627816480226 0
0 0 1.2388043814429839 0.3797840883860448 0.7755566613088835 0
0 0 0.9320561322582224 -1.3132591905036959 -0.19015399210014328 0
0 0 0.09419267480223947 -1.323462727500547 -0.17104734033188618 0
0 0 0.29585118176069924 -1.379602789919996 0.07016758929487843 0
0 0 -2.558661779160221 1.3214930926095232 -0.5138610043664289 0
0 0 2.282118911512523 0.907698751311605 0.7490264616912244 0
0 0 -2.236925608682112 -1.3709146814060342 -0.27159058609717257 0
0 0 2.833944164056051 -0.1777750930036035 0.7828924370994591 0
0 0 1.3482876970248059 -1.0047901283297864 0.8030763818969324 0
0 0 1.2918101476948838 0.5420043230169735 0.8032598663696686 0
0 0 -1.8971065063959056 0.8197723521039053 0.7260324459032682 0
0 0 0.45835196208735773 -1.0992579613712108 0.7500786152090698 0
0 0 1.8218671220378901 0.36493704571643115 0.8104387969585065 0
0 0 2.976297424907693 -1.3223666998950778 0.4341383185071699 0
0 0 -0.9605619587858132 1.3218495332307891 -0.4359573850876209 0
0 0 -0.575030683043793 -1.366359085512253 -0.7048886639867841 0
0 0 2.239722127474063 -1.3768139985447694 0.47696592633887724 0
0 0 2.851051312189301 1.1686078031154323 -0.7386918242739283 0
0 0 1.9744719939801163 0.6135941899032467 -0.7868395970661645 0
0 0 1.459534189538707 1.3788974010863382 0.07350768416642817 0
0 0 2.9030304532661306 -1.3275384461775672 0.7828040180993543 0
0 0 1.5269042010729938 1.3735055328754708 -0.16563920877507732 0
0 0 2.853219776797091 -0.6025163275870228 0.7615029411852657 0
0 0 0.40533669882783396 -1.3559193938166187 -0.432712296654231 0
0 0 1.3690995956270262 0.34942855627718616 0.7504648755306916 0
0 0 -1.3281428937363138 -1.0764284462898284 -0.7430233129087623 0
0 0 -1.7155759293817263 -0.8244574406323076 0.800333794241408 0
0 0 -0.20212395567804986 -0.031755324650787786 -0.7252467048663365 0
0 0 1.6448599668651402 1.3084021513030288 -0.787909012581365 0
0 0 0.5295419858556691 0.4544575154273143 -0.7876783588185546 0
0 0 1.1243056017155242 -0.8106347230234284 -0.8081630865522875 0
0 0 2.596172204408748 0.7837462784812212 0.7584366035327893 0
0 0 -0.49151067167024465 -0.16974586701097572 -0.751102452376234 0
0 0 0.8235151470906059 1.1243055275916902 0.7666042405100607 0
0 0 -0.19369855650226064 -0.8951515768841026 0.7423837769624004 0
0 0 -1.1431865312437575 1.3850236020090252 0.07832527331862948 0
0 0 1.8156698859653693 1.328881997748904 0.10927187095842827 0
0 0 0.581425228125457 -1.3535572356293888 0.08637645205563416 0
0 0 2.403295429209372 1.3175561240375755 -0.6673487982046218 0
0 0 1.5672822903211223 0.5860902442091027 -0.8231140513812937 0
0 0 -0.4439854660176703 1.3630373634842954 0.3297752675695189 0
0 0 -1.5652808560842468 0.48657589565639836 -0.7265822105237915 0
0 0 -0.012768905110335016 -0.8450607820717876 0.8053176865102105 0
0 0 1.5905507725956314 -0.09529622654428116 -0.7647037089936706 0
0 0 3.032207292839571 -1.1683397106201572 0.7292060763805478 0
0 0 -0.16857492326945378 -1.3762767055260097 -0.8050396527884203 0
0 0 -1.8429297801143805 -0.1033257490677888 0.7646121517641582 0
0 0 -0.36526042909636036 0.10011446619606357 -0.7391232649198585 0
0 0 -0.0690380310012193 -1.1353815108990566 0.7573850280952282 0
0 0 2.6721398457954155 1.3971944008360246 0.6971332610234617 0
0 0 2.5871871840662344 0.8063694052605042 -0.7854806099438437 0
0 0 -0.8973878064418805 -1.150227864673219 -0.7687471365788913 0
0 0 3.00718989499382 1.313566906453094 -0.4492236823978921 0
0 0 -0.21228325744390864 0.143837747181486 0.8093850696017559 0
0 0 -2.0562224161273455 1.3261054783232753 -0.25785757153947975 0
0 0 -2.454938105344319 -1.3362726262739528 0.6318446931748922 0
0 0 1.1261552711812959 1.3607888795792837 -0.4989287865351143 0
0 0 -0.05145429946714897 0.25176823648277535 -0.7707540563535844 0
0 0 2.5126024251313765 -1.3006720067090416 0.11831592611155184 0
0 0 1.7023315871768085 0.19410222919033382 0.7592208363887412 0
0 0 2.375186244871771 0.7817805506621307 -0.8233475729574806 0
0 0 -0.1160382490127847 1.39509010178261 -0.5522973787910792 0
0 0 -2.1310322833011037 1.387350873995207 0.15971631488925142 0
0 0 1.2831375605558852 -1.378112885799805 -0.6425658167154227 0
0 0 -1.1194744194131507 1.3183173202869087 -0.7582892344362047 0
0 0 1.8300379439337364 -0.13789377094383748 0.7737494105676429 0
0 0 -2.098002232861795 1.3305437140180905 -0.4764347679663002 0
0 0 2.0176853391072793 -1.3225751132840278 -0.5103115934473561 0

