0 0 -0.8969067104115289 2.080443917854723 1.5069415646811575 0
0 0 0.20067253844497634 1.7943401171711215 1.996352550285903 0
0 0 0.6562564331276914 1.2086952429151339 2.045670790161672 0
0 0 -1.2974213826564833 2.0872414207219125 1.7260262579665242 0
0 0 0.10698602398065438 0.3214499483973534 0.4959116254625716 0
0 0 1.4201270946711548 -0.6230004387675716 0.7800893448095327 0
0 0 1.002041730744871 -0.5429952760232026 0.473474839355147 0
0 0 -0.6218094716709966 0.05499802299004264 0.49656290262151237 0
0 0 -0.9764941744499547 0.3677296616635385 0.4372591334865501 0
0 0 0.6447098846291066 0.9339489530648515 0.4306196835639541 0
0 0 1.2831855442416344 1.1352012387698758 2.0157922004414535 0
0 0 1.2170908874712132 -0.6044072715585758 1.2923791387022883 0
0 0 -0.6689757983968251 -0.6196788781351721 1.0815527606700548 0
0 0 1.2145721456788796 -0.006541163468555045 2.0478044681910132 0
0 0 -1.5215189455038916 -0.6366800034503353 1.665762533819021 0
0 0 0.5337353449738989 -0.047012154979218734 1.9698933676332055 0
0 0 1.281310548033027 -0.05674924520121416 0.48350965600800044 0
0 0 0.3211075480062857 -0.41514888831895247 0.4730825516256312 0
0 0 0.22889828934159473 2.0654387600687367 0.6633559198984178 0
0 0 0.9651652279063305 -0.6004177500196275 0.6947494103188027 0
0 0 0.5477600433237981 2.1134920231645813 0.6298809277800965 0
0 0 -1.232132738797047 0.36048655196268065 0.4043188976212744 0
0 0 -1.1935833672610545 1.9036583777399312 2.0050089421487183 0
0 0 0.25395771063905426 2.0659953251142458 1.908963617672568 0
0 0 0.278394544908529 2.094537564287654 0.6286727672013472 0
0 0 -0.8793923970843089 -0.6192715593426898 1.6634183340962483 0
0 0 -0.915194049555751 -0.569989284323543 1.2221875785626064 0
0 0 0.5397751688399666 0.0923619510568553 2.052892347524912 0
0 0 1.0978531323841665 0.6245097639089106 2.0005153142992684 0
0 0 0.93799611613349 -0.1938290989003011 0.4385870659436619 0
0 0 1.1696955435649787 -0.6127012941888386 0.6117798675602097 0
0 0 -0.19813062259499792 2.0804316380070977 1.9313763789457492 0
0 0 0.2697151010919272 1.1323156310799327 2.0250671123947903 0
0 0 1.108489688201356 2.1163291073035904 1.4590802990624707 0
0 0 0.03916766969796681 -0.6289513611867104 0.5416617048036165 0
0 0 1.037428863664887 2.0921042047651284 1.5757796302809828 0
0 0 -0.8713842429306559 0.5709517901956722 0.47894031337615295 0
0 0 0.4433201969935867 -0.6095843517501158 0.47404390115081463 0
0 0 -0.5242371851304244 -0.11428908849429242 2.027813842492029 0
0 0 -1.0095575318814938 1.3261045953235224 2.0067012393349657 0
0 0 0.624242213056367 -0.02532167191661594 2.0028640419436505 0
0 0 1.5436911621507141 1.7853629729262204 2.0237359357214717 0
0 0 0.29414433093244496 0.9071909629031993 0.4128371718556223 0
0 0 0.09361667736008195 2.066054405513808 1.3582796321509285 0
0 0 -0.011811492715155358 0.441598313519311 0.4122178099164737 0
0 0 -1.369815389413541 1.409382162867717 1.9749514340635086 0
0 0 -1.2198926468831974 1.1344531656983634 0.4313717745396024 0
0 0 0.5258246331300658 2.05562562814137 1.5761989449845042 0
0 0 -1.130164161815353 0.7298982629359771 0.4905695254575735 0
0 0 0.1942826300626539 0.21079379473316628 0.4174023699267009 0
0 0 -0.8925802727770087 1.791456738396475 0.47506146527613824 0
0 0 1.47238218795408 0.4251692160049101 0.5023162882146591 0
0 0 -0.9938618377372861 0.3358742860989654 1.9660650730814755 0
0 0 0.36957881147633764 1.97025629103918 2.034628215870846 0
0 0 0.5764874257244141 1.2482511266787977 0.4908943883913026 0
0 0 -1.541605877091476 -0.5144117800250705 0.4264508539489066 0
0 0 0.41076183677795397 -0.6289697850738452 1.9047685514288146 0
0 0 0.7801786250838183 1.3043674703841617 0.4796110472099585 0
0 0 0.7157156142507275 1.7317225582101547 0.47121619547163796 0
0 0 1.294486708485299 2.087038436705684 0.4833093900344628 0
0 0 -0.2477935208241755 2.0926833720816846 1.9766491883668729 0
0 0 0.8520007969602292 1.8346237193698156 0.41759917374140265 0
0 0 -1.3363565754418505 0.3122037482586153 1.9622517800338173 0
0 0 1.097537188122836 2.007281792921761 0.41335434365718104 0
0 0 -0.48498157177569756 1.1276729944712396 0.41336685279782104 0
0 0 0.3489499848501121 0.3541013003010913 0.43258861674545046 0
0 0 0.3516070481331437 1.3893601572706673 1.9761595381920505 0
0 0 -1.5441652135903403 0.4385403304432489 0.472926685670772 0
0 0 -1.0054374017226153 0.657137233318901 1.969844108341862 0
0 0 0.9857517223069951 0.08569913432599441 0.5012976314863953 0
0 0 0.23168459713722545 -0.6297541841279484 0.9130766593941652 0
0 0 0.3427144412135501 2.075626240867657 1.0946791299045668 0
0 0 -1.5683995312221528 0.749390945825287 2.0244198938610065 0
0 0 0.7201387431727819 -0.13218935566583778 1.9760630832636434 0
0 0 -1.2592912412097554 2.0734455043151963 1.2176640912999428 0
0 0 0.2187595740561188 2.0711875735644005 1.0469120502383342 0
0 0 0.5206799364694539 1.9284633800921525 2.049184750849633 0
0 0 -1.31365527053415 0.08386335573761738 0.4585257008172522 0
0 0 -1.5187020401456242 1.8686783922743502 2.0356114307125424 0
0 0 -0.15756299861040257 -0.5894325414653607 1.6247072162171075 0
0 0 1.3871389923597022 2.085204371922578 0.40977870142913775 0
0 0 -0.44644069354389027 2.1430473572489914 0.5333467371996391 0
0 0 -0.874124428135433 1.4437310751430505 2.0392658526767997 0
0 0 1.547388866696707 -0.5715666916219222 0.7106965738045529 0
0 0 0.4643823887083167 1.1974281166150589 2.052462387076861 0
0 0 -0.6415447736267037 1.500047910658015 0.4926487597033463 0
0 0 0.16841056442118685 1.7448388962674783 1.9814532181832945 0
0 0 -1.172521310476269 1.7395568360901035 2.0320193285690022 0
0 0 0.38449455224826057 2.063445307069834 2.0385621760940955 0
0 0 0.4439248065021011 1.4822069877920285 0.46449884054731394 0
0 0 -0.31719836367986964 1.8801419054666668 0.47854141912515236 0
0 0 0.2689948787871872 0.6075004892360567 1.9943124092463629 0
0 0 1.2192404988971735 1.4877188595350745 2.0508613465037526 0
0 0 -0.3137299550490378 1.38403470976331 1.9769800303295098 0
0 0 0.034345494578026825 -0.5559659527748508 1.3334683204068196 0
0 0 -0.5862359682231545 0.6723050057966393 0.4987723829938493 0
0 0 -0.686396623151045 -0.5763231126220809 0.4300625681131498 0
0 0 -0.3613570278894387 2.1170619736377003 0.8644978939949788 0
0 0 0.398755740606765 2.020239973632787 0.4415332516556212 0
0 0 0.6593864276120787 0.5206171576528331 0.4665744073826623 0
0 0 -0.04047206283104532 -0.6070072355858793 1.9317384562242235 0
0 0 -0.7402153260132794 1.4795753323133518 0.4148075859475504 0
0 0 -0.11757765511604412 0.8632790019754149 0.5022584491153831 0
0 0 1.523724577030142 -0.6151515460253234 1.4655454916333408 0
0 0 -0.4935626084429603 -0.6080096343529622 0.9352988003638877 0
0 0 0.4377478802014805 2.1425598837759443 1.4967516173005586 0
0 0 -1.3982232799976602 0.650068926406759 0.4633536129459692 0
0 0 -0.6168939514482934 1.2218675443564875 2.0037172850400458 0
0 0 0.3243174882657667 2.13706793348556 2.0508088064083303 0
0 0 0.07755684025491694 1.9827367198482928 0.4274626498698384 0
0 0 0.658690976896231 -0.5613738645273545 0.9232272741324712 0
0 0 -0.5235232098752258 -0.6126619780704572 1.6519621308572736 0
0 0 -1.2547850751396035 2.0845350657212975 0.7253013522082693 0
0 0 -0.011607343527734626 -0.5830792185604077 1.196889922508865 0
0 0 1.0910694636389038 -0.5534369633034175 1.8945496593915294 0
0 0 -0.8253165333193637 -0.5669870078850612 1.5147673172901932 0
0 0 0.39825898345573196 2.1373460960226516 1.9337310372812195 0
0 0 -0.7396014032480309 0.5251292110294892 2.006017239083568 0
0 0 -0.1167964107946946 -0.46518827282864406 1.9909051003920548 0
0 0 0.1951405039716203 0.32719525628543555 0.47227893137670296 0
0 0 0.5861533533800696 0.9353782750937416 0.4738586167631852 0
0 0 1.0094347433546482 2.032907627704354 2.0038763378397597 0
0 0 1.3716157639854192 0.19266227982059758 1.997464750825191 0
0 0 -1.3583896725298878 2.0736212281593063 1.73862307248768 0
0 0 -1.3177206482435238 -0.4657336195987414 1.9763563919648355 0
0 0 -0.05176713266429145 2.078929090945074 0.8782965359627052 0
0 0 0.524780836967063 1.9349318402921354 2.0289629608630766 0
0 0 1.0581594135626 0.8718445779510113 0.447535127777142 0
0 0 -0.06410944098106963 2.149991381979076 1.1134350582299617 0
0 0 0.9412758136612362 0.1487404118141391 0.4815524872498871 0
0 0 -0.4315491413789043 0.9903090280980631 2.012451816764057 0
0 0 0.7087208896901092 0.6026038392487745 2.0219069066799675 0
0 0 -0.08191255016276955 0.019687716262500654 2.041967698521839 0
0 0 1.1316981325859357 -0.6423092798416568 1.531314379364242 0
0 0 -0.8133388738964423 1.2595809731854788 0.4845387075080353 0
0 0 -0.049858690168929076 -0.5058367078819137 2.0415484013976455 0
0 0 -0.3605483611674054 1.2477943433297785 1.994699552520752 0
0 0 -1.42841330133486 2.0644188197468707 1.4854679061430982 0
0 0 1.1705744881775084 -0.5582118715447419 1.0865662223524677 0
0 0 0.5637237959495733 -0.649990437197915 1.9544083466152484 0
0 0 0.5023549709676769 -0.6422893802168428 0.40703665588491467 0
0 0 1.1913396904364353 0.9527178232770313 1.9890177800710478 0
0 0 1.4492521639630693 0.13658690590788058 1.9822056846104652 0
0 0 0.2779499608813225 0.8002258814684975 0.5007421528416883 0
0 0 -1.3714363939309882 1.3720367138483136 2.0468342807824937 0
0 0 1.254950455525023 -0.6082775410186914 0.47818527410043266 0
0 0 -0.03407645454458419 2.0677047070333776 0.9723773064638581 0
0 0 -1.2612412757090734 1.6329697839725743 2.0133563024066663 0
0 0 1.318864484294331 0.7065427128650863 0.49477883342244344 0
0 0 0.3845763014485839 2.1125190344110587 0.9604161925322015 0
0 0 -0.2608362804706188 -0.6075952793878772 1.4081404539595652 0
0 0 1.2652227391781516 1.9383523351789822 2.030676976786587 0
0 0 -0.324912345607832 -0.5771260568757155 1.0749428287398015 0
0 0 -1.533869757689224 0.8377104091377321 2.0463904840385716 0
0 0 -0.22833063452417846 0.4073240294510865 0.43372988446993965 0
0 0 -0.07359398813899798 0.672444676427205 0.4217462389021267 0
0 0 0.4649659936787116 1.7752629221195007 0.4859710460417709 0
0 0 0.7504360826739127 -0.26748394406940723 1.9586440096857252 0
0 0 -1.2257236401081695 0.34238783907485837 0.4203064026847967 0
0 0 -1.3080113892485796 -0.5805679007149607 1.2372532493257475 0
0 0 0.3373032048634481 2.0619701382436655 1.558827935849402 0
0 0 -1.2772107388211649 0.1586736715673095 0.5003220549582829 0
0 0 0.5023422359607488 2.1381670985113894 0.48320372280246415 0
0 0 0.13999608347716963 2.0718877694052518 0.41460123904551627 0
0 0 -0.976423342924282 0.8182998465828899 0.404034779556916 0
0 0 1.5228831880760225 -0.542058848478574 0.48952428954010485 0
0 0 -0.5072137502064806 2.0523663754588837 1.690418148707712 0
0 0 -0.033545423604060876 0.4566372667153218 0.44574585292000757 0
0 0 1.4982166750152959 -0.5954293079199868 0.4539162906350459 0
0 0 1.2930238955218845 1.9375597333107912 0.42258323207403536 0
0 0 -1.3639372795544282 2.0164636895202452 1.9601334200836265 0
0 0 0.28396632002504507 2.0914905481550594 1.811038357663804 0
0 0 0.4070353830502149 -0.4104161836842106 1.9896074439565852 0
0 0 0.2395923884560327 -0.6009451768227341 0.9887396051270425 0
0 0 -0.5200118237925586 -0.6263953407152341 0.5028793976748345 0
0 0 1.1010366129851534 0.7219802040462491 1.9583193707335003 0
0 0 0.9281991999827666 -0.6160993320504669 1.7866074525298075 0
0 0 0.815177710043542 0.4470064012231343 0.40934759413397814 0
0 0 -1.4512465569239572 0.008694335384327845 0.4489775708079803 0
0 0 1.264894732749426 1.2352296175630608 2.0390449956159866 0
0 0 -0.7121016384501612 0.3706483440779126 0.47772506933534997 0
0 0 -0.5679784398085057 1.6321952292395856 2.043297404655497 0
0 0 0.2593623356154078 1.6522695842120838 2.0145520295418944 0
0 0 1.551280448617748 0.7755280814829841 2.0045502013291006 0
0 0 -0.16048164333396242 -0.5527828299384363 1.9066335423309442 0
0 0 0.5149073640462642 0.4258209789397108 1.9717461543059709 0
0 0 0.47898668326828187 -0.19705165875529995 0.4950778302494282 0
0 0 0.04935374513823665 -0.3197104946646514 2.0118199499202074 0
0 0 -0.8558789835508843 0.7949072457891719 0.4585836599315255 0
0 0 -1.1630617437450081 1.1318301683962635 2.0145827582870592 0
0 0 0.42593150601062324 2.097860455232046 0.5329955580428124 0
0 0 -0.015338893589074809 -0.48773217883646636 0.4276355118366495 0
0 0 1.3579459378164982 -0.555976744571669 0.4600062696642877 0
0 0 0.7915403013898787 1.5447402571094495 1.9589512638057827 0
0 0 0.24257857696842544 -0.5855024537251075 0.8531687694544874 0
0 0 0.7573510820198046 0.47904374110351156 1.9607133734473141 0
0 0 -0.6844841535184812 -0.5912513945113598 1.3934640905296338 0
0 0 -0.16907540624368145 1.7868414192535884 0.4329239912053877 0
0 0 0.6268120191876796 2.1244370276235154 1.4772475323243939 0
0 0 -1.2645328615485776 1.0292605874501166 0.4850266733259192 0
0 0 -0.4449216558772553 1.5111033983260385 2.017775834781534 0
0 0 -1.331959315489084 -0.633407279230521 1.0177030858327083 0
0 0 0.5172253549697121 -0.6072031722059732 1.9793495144058215 0
0 0 -1.483852018228798 2.109865410354818 1.3918572026096414 0
0 0 -0.5560624827938241 -0.610153538218545 1.5342022753067968 0
0 0 1.301526062768211 0.8517328556143373 2.0150646223140356 0
0 0 -0.010029809021799174 -0.6371095333113623 1.406255250620569 0
0 0 0.572260629370136 1.3386178449396902 1.9698028223433544 0
0 0 -0.40899195687501244 1.3039642169101826 0.40860657665307476 0
0 0 -1.488478373133991 2.145537265112874 0.7960356002994675 0
0 0 -0.7368388028069732 2.1290223243367548 1.9312734267765548 0
0 0 0.8941388600391216 1.145834393498534 0.45685103565453133 0
0 0 1.0720429779219511 2.0744826789429065 0.8898814083905652 0
0 0 -1.1937928029364393 2.1475408633133863 1.5132928121228446 0
0 0 -0.2404557635586495 -0.29081412682218 2.007127523767317 0
0 0 0.2280735806526084 1.2557399924288917 0.4164675120296716 0
0 0 -0.5346609042225552 -0.5912123750489007 1.5877210131769475 0
0 0 0.5286570592584008 0.9194394619927078 2.0514436451738747 0
0 0 0.5283027077421321 0.13864470618691727 1.9699516714340422 0
0 0 -0.7285242449250856 -0.2509442112789624 2.0510972462600305 0
0 0 -0.6244163678729315 -0.4964093193677439 1.972356580271469 0
0 0 1.4572112945423674 -0.5713267801726585 0.6654872659731381 0
0 0 0.009665637063113186 1.0562125330046306 0.49200900028602246 0
0 0 -0.6251975992544545 -0.26078638276110455 2.010904684183397 0
0 0 -1.2084698250566277 0.6068736812199571 0.49024006928005304 0
0 0 -1.329908152683251 2.0546569074820917 1.7555972097079522 0
0 0 -0.7365524442540317 -0.5673727082759115 0.550590600850187 0
0 0 -0.06743764281779363 -0.5533086434441281 1.0673162160482006 0
0 0 -1.0851139501245435 0.014331457577547613 0.44065456008518045 0
0 0 0.6674655269744987 2.0148162481855936 2.008851065806878 0
0 0 0.043201990979202076 0.5893044649824075 2.028944012613898 0
0 0 0.9695202395722808 0.5449343985877144 0.4680315957367055 0
0 0 -1.1465103177531863 -0.630909631394551 1.1074374150706325 0
0 0 1.3930143969328235 2.0674132980506634 1.4583925973239302 0
0 0 -1.0460376521202535 2.0835518743096837 0.8485309713923977 0
0 0 0.44449298959018035 -0.6402977696588332 1.2418430774852367 0
0 0 -0.8887411625723348 0.9949703348968884 2.003910872059504 0
0 0 0.8740728750119655 2.0653297512689477 1.006237212324144 0
0 0 -0.43999726621756996 -0.19849263349793667 1.9531188612548136 0
0 0 0.2782949299279944 -0.4134192250880018 1.967494485985065 0
0 0 1.4931001836980857 2.088754379739557 0.4138756604259879 0
0 0 -0.9525257895322732 2.0554601054434007 1.225059032410727 0
0 0 1.387852901232217 -0.5359025398243618 1.9569081294280248 0
0 0 -0.641982507185077 2.003408499422454 1.982420624001753 0
0 0 -1.4201173750742129 2.0974305997142393 0.646765338320405 0
0 0 -0.39572623569289167 0.8815406594621884 0.4684114666212187 0
0 0 0.8964311176548496 2.0929504527554985 0.5838503890053562 0
0 0 0.033617446603243506 1.014791397845942 0.4502345030465311 0
0 0 -1.166363382499961 2.123835014428436 0.6692130600027375 0
0 0 -0.7338486508550771 2.0968190720530346 1.221240666559436 0
0 0 -1.3321143540938194 0.7981237577274127 1.9610814899564852 0
0 0 -1.3536026046981058 1.6924865576053618 0.5002345129130883 0
0 0 0.9876484600199422 0.02109490510056622 0.4988470176952222 0
0 0 1.1964041941740904 0.4339328727381514 1.9550655052610957 0
0 0 -1.1700834514945326 -0.6055629751556033 0.976312896498232 0
0 0 0.1611653261249042 0.3817622587366122 2.021023132138307 0
0 0 1.1700256130239843 2.108922190460937 0.7747695645597888 0
0 0 -1.5676496923368202 -0.5583333805833719 1.1942227554717222 0
0 0 -0.0296838728237252 2.1455940851305906 1.0820595026999684 0
0 0 1.5340566557305082 -0.5876296847771143 2.0251888340785085 0
0 0 0.9509485816650409 0.6963005270159555 1.9871572899851977 0
0 0 0.830277953619325 2.1058760769696634 0.9819796469080568 0
0 0 1.5431442984790467 -0.5620853625134175 0.8365033815664908 0
0 0 -0.3690197803770554 2.04967415480605 2.0397491515151285 0
0 0 -1.4675608049603648 -0.5864925114554964 0.6810725379817468 0
0 0 1.1243857149135548 0.4679186956838455 2.0362321131380394 0
0 0 1.3041601049370128 2.088941882706693 1.159608028806938 0
0 0 1.5137111886540469 2.1101306533023445 1.7649484260781583 0
0 0 1.2609836346664212 1.8540622558747553 0.48921277493692084 0
0 0 0.9530236328813175 2.1367197918335226 0.8766965275706922 0
0 0 -1.0159835041174263 1.7694073422363175 0.4847461993748947 0
0 0 -0.48989265504838175 1.3460361682276236 0.4980078922147374 0
0 0 0.4178478577508131 1.3729080705331895 0.4392956159596012 0
0 0 0.9771254206030884 -0.551500556236538 1.6368135120923852 0
0 0 0.6151433301217226 2.107704014201508 1.3517197713723563 0
0 0 0.11090627717698731 2.083792387834994 1.155247619536032 0
0 0 -1.2594712930460807 2.0896392365909735 1.2594255118508264 0
0 0 0.6520521559195704 -0.5666602358224577 0.6959365345336337 0
0 0 1.223185230031469 0.09180524506437049 2.0367850732395913 0
0 0 -1.335016365885206 0.4462325137433981 0.4265265882852214 0
0 0 -1.214664644335395 1.6330793853204673 1.9704447736746449 0
0 0 -0.2578021160082631 1.902270090115598 0.4553777249710844 0
0 0 -0.8593929867840134 0.6109220363705479 2.0011787613364387 0
0 0 -0.3336718885501353 -0.0010071212547811959 0.4727066531539659 0
0 0 0.42215069350910683 2.0955228503527112 1.0806351868291557 0
0 0 -1.1882784292387574 0.496283104488513 2.024188272254063 0
0 0 -1.4267476323830208 1.7421146487361845 0.501471529962933 0
0 0 1.3887145098271465 -0.6191876614410636 0.9741601252630064 0
0 0 -0.8465393381871301 1.1976155361435177 0.4715892961469874 0
0 0 -0.6203015926661493 1.1495441353729743 0.4444608733313117 0
0 0 0.6134200382343913 -0.6094257441800601 1.859259583053301 0
0 0 -0.5959090397339613 0.35555290252737615 2.0306169997134935 0
0 0 -0.36452382360535784 1.1772778457834834 0.4501332285947016 0
0 0 -0.22424236783312868 -0.6300603768482185 1.3688329503722094 0
0 0 -0.018076578318808156 2.0251106939907695 2.0481724960563215 0
0 0 0.5257138658311873 1.2646753961436348 1.9791178476897073 0
0 0 -1.5119988936828104 0.4914157697860895 1.9908557739348198 0
0 0 -1.5391918368540165 -0.3153285986115779 1.9692602687490954 0
0 0 0.1740422232498713 0.31669637351013 0.49279650681858533 0
0 0 -0.9977262984404264 2.145180587674842 1.031144198097564 0
0 0 0.808237745740171 -0.6129448931233423 0.6924827540811366 0
0 0 -0.541386689646925 -0.5707318231559784 1.7374318983421766 0
0 0 -1.1737266092241478 -0.6440133331757893 0.9478491212359764 0
0 0 -1.4397254867479337 1.2712921564596527 2.032802763761846 0
0 0 1.4304217011863072 -0.6097477660215127 1.2231122739219937 0
0 0 0.08649268328048909 2.1208347152205524 0.8755716812102705 0
0 0 -1.303275345689682 -0.3560205859304588 2.043867735495355 0
0 0 -1.47552218371803 -0.6143014962131284 1.0886059660401681 0
0 0 -1.3114896393808428 -0.19686179858798836 0.4567051069275382 0
0 0 1.4532353977027928 -0.6229984079923518 1.5579610564727748 0
0 0 0.45743534904365424 0.07855198169948796 0.4546476030779504 0
0 0 -0.06185077171479403 1.662632289959382 0.47398635391700883 0
0 0 -0.35180352290696226 2.0251008883110044 2.0330464237259456 0
0 0 -0.5325237978149269 1.1462743662098822 0.4067413365680965 0
0 0 -0.04509697337819385 -0.6484629006510458 1.3845326099674642 0
0 0 1.2324210739999053 2.0582160661212434 1.5971014511904897 0
0 0 -0.40128849899750674 1.7304202251357428 2.0113305879951833 0
0 0 -0.8037734826825704 0.28410046581241977 1.9557616184696482 0
0 0 -1.202544999647811 0.3799780078060123 1.9733945536503699 0
0 0 0.9797879521151751 2.1171448846566565 1.4157914466529282 0
0 0 -0.5455325870974381 1.9748903529272164 0.4953965242067744 0
0 0 0.287064344221831 0.9038126473746608 0.4245388886322019 0
0 0 -1.1279596349260965 1.3113894953893406 0.5024293081971039 0
0 0 0.31398696453494845 0.00660283667639705 2.025857921988614 0
0 0 -1.5166710844194653 1.770860030867914 1.992338053970081 0
0 0 -0.6931543315817601 2.009613021882089 2.022273247410726 0
0 0 0.18561752626135908 -0.5253372109350609 0.42223277716164354 0
0 0 1.3723274866579565 -0.2160543974192244 2.0050381888412208 0
0 0 -1.4927175812577138 1.4799778853490435 0.4935085073267639 0
0 0 1.2158986322628231 1.046125446799696 1.9784101757928183 0
0 0 0.9537190277882579 -0.5702312263200131 1.9705021575112958 0
0 0 -1.0074480329337976 1.784998674900194 1.96332677390072 0
0 0 -0.9356511292753015 0.2110154939816986 0.43569120156660635 0
0 0 1.0671829177557872 -0.5524098754581752 0.9454069181735065 0
0 0 -0.6437780113073291 1.51743822306747 1.9867336537422824 0
0 0 0.5228770259808964 0.5119861043504383 0.44937519748365595 0
0 0 1.1146433969025917 -0.5525718870116725 1.3965299835943537 0
0 0 1.002176243483543 -0.5368725137442034 0.4313658123750519 0
0 0 -0.8484016145212447 0.7681686526425457 0.48117432361653556 0
0 0 -1.3651655680714037 1.168512769791743 1.9820901585802102 0
0 0 0.6075940085853366 1.6669692548686184 0.4790678860218458 0
0 0 -0.0722364137348328 1.1984573569860624 2.0276571997621353 0
0 0 -0.22042796219101368 -0.6285144640261111 1.430895408965602 0
0 0 0.6819623606872991 -0.5886155776583921 1.0696908785425254 0
0 0 1.2629778581624107 -0.5571945126733597 0.4398613839428245 0
0 0 0.7134449269305612 -0.6300579833067614 1.5504184729166217 0
0 0 -0.7206854229696904 1.0797829896812106 1.9860915544108475 0
0 0 -0.6959265993513489 1.717753944534582 2.0024120016367597 0
0 0 0.7661138092200228 1.8929600496222239 1.9599448001727178 0
0 0 -0.05802855677466501 -0.5556063678485124 0.9813606189566088 0
0 0 -0.4961647723827072 0.45495805436583536 0.4251614604432574 0
0 0 0.2732173709768717 1.062180728425121 2.002669992323339 0
0 0 0.9182129569415722 -0.6006120971945221 1.086751365096087 0
0 0 0.6850777433105786 1.3422956518170905 0.45973043529008917 0
0 0 0.8844030090388304 2.145328375857234 0.5936429542195745 0
0 0 -0.34508033890234047 -0.6259880810134886 1.0197307334194754 0
0 0 -0.33024682535421945 0.17232385569349495 1.9633256500370944 0
0 0 -1.4682309803544282 1.633774574084481 2.0429141838020466 0
0 0 1.4453790402740911 1.8279170493580408 2.0521029462171114 0
0 0 0.9626742741179215 2.067346415515603 0.5750483510933794 0
0 0 1.4170851935315842 -0.013089663846895472 0.4462363319948015 0
0 0 -0.10507751191505799 -0.13252461518281922 2.0434695212742375 0
0 0 -0.6094038917421188 0.8722700847327574 2.024661674943339 0
0 0 1.2991137136076132 0.4568554081482954 2.032471489852939 0
0 0 0.030707414559398405 -0.5062549806383687 2.017358778314239 0
0 0 -0.8115406601971475 0.4521674298812546 0.40457277607657716 0
0 0 0.6965000222457718 0.15798964004719418 0.42360166883399875 0
0 0 1.5160593776899018 -0.6483478606085391 1.0758825026910857 0
0 0 1.2883583823199412 0.7891418058703599 2.0104188404546215 0
0 0 -1.394942711905427 0.06016946198659123 2.0414307837559917 0
0 0 -0.05292163679477513 1.913953972294365 0.45690780216968996 0
0 0 -1.5314147490854186 -0.6471398073949415 1.151778965298441 0
0 0 -0.15695091093161273 0.9072723664266282 1.972884444072373 0
0 0 0.5115330346418285 -0.5980173537633016 1.517814969451842 0
0 0 1.547862115326232 1.6658209927573024 1.9710707712166016 0
0 0 -0.9724068189158123 -0.5667451171376956 1.7175446070451257 0
0 0 -0.21330419721364025 1.1421151082233154 0.4326847424784075 0
0 0 0.4339047074051603 2.136989706549522 0.53274547441752 0
0 0 -0.39127180246366766 2.019511617244306 1.9690693940575277 0
0 0 -1.052956069608783 -0.4127471698345433 0.45904020702229786 0
0 0 1.347181058217156 -0.4461371050057412 0.4502538116355903 0
0 0 1.20164101890173 2.1468482350866847 1.3413093989121339 0
0 0 0.8375834530085369 2.0894428488545005 1.191382307482216 0
0 0 -0.7347371163218719 0.8913470300700903 2.0201736172989193 0
0 0 1.3979349256207025 2.056169267257692 1.2763278780007483 0
0 0 -1.1024396157184522 0.6375785975292501 2.011624715711824 0
0 0 0.1693456248409635 2.1092933057751115 1.7619129727773002 0
0 0 1.1010786585011307 -0.5836254610344924 0.8320294246405118 0
0 0 -1.0065287779006278 -0.2788090898665665 0.4185385035546657 0
0 0 -0.5412204686202908 -0.6084750151974665 1.9787098485343457 0
0 0 -1.1266615912219746 2.133954561313909 2.0440675951210387 0
0 0 0.8505587734214712 2.0725408508877754 0.7076179216922914 0
0 0 1.0627928395083517 2.0581597776691636 0.6228080340558156 0
0 0 1.3637731043975871 -0.5137803201102695 2.0033094883385343 0
0 0 -1.411014546770734 0.6770303941285749 0.49600973424873196 0
0 0 1.454296816713001 1.5647053862884304 0.4098717965951958 0
0 0 -0.12169193874798334 2.0725848809723426 1.8717191001105127 0
0 0 1.133834146407771 -0.21502194615722692 0.48416968463998056 0
0 0 0.9116289859990028 -0.5866748852152956 1.4945948951148627 0
0 0 0.9665916266931713 0.6931860315678866 1.9647631481752987 0
0 0 0.5307407408249007 -0.5532227286675073 0.5916030600915357 0
0 0 1.3798540469559484 2.0738677270938113 0.5490996516029175 0
0 0 0.2670975066065535 -0.4569382305880598 0.4910039074108873 0
0 0 -1.515380348282425 2.0943061307498825 1.9037132477109908 0
0 0 0.4895890503048981 0.7496091359097115 2.011395873602697 0
0 0 -0.24680617308982855 -0.30577785705881233 0.4481683965071379 0
0 0 -0.7046400080502792 2.0723687716635055 0.6118464489028653 0
0 0 1.2443445408543226 0.910375427908608 2.049560839992578 0
0 0 -0.6110574933154411 -0.3476310162525791 2.0300209544969476 0
0 0 -0.7194390926249989 -0.06110263440813468 0.47543376758688083 0
0 0 -0.6353251573761313 2.079145290654015 1.2378950728369695 0
0 0 0.7887433619867124 0.612427542996113 0.49650763245033813 0
0 0 0.020862151519351446 -0.6299776200255185 1.8132890518839349 0
0 0 0.716329195883898 2.056069222083568 2.0056384184171385 0
0 0 -0.08781183279758342 0.8435365288437962 0.48466045345869313 0
0 0 0.9891950937663401 -0.6467828928693884 1.027220219490558 0
0 0 -0.6719880077772115 1.2465785682152484 0.4894679189400698 0
0 0 -0.21148444581632453 -0.5016714883678117 0.41280927715010296 0
0 0 1.185609415131466 0.6466910411634244 0.48806061491250585 0
0 0 -0.5487968752066017 2.148026773896612 0.9708685509654186 0
0 0 -0.32935217587348076 -0.26838458852384006 0.48589224807031794 0
0 0 -0.9109425574909283 1.5014580304904512 0.4160999946131637 0
0 0 0.1300987490823693 1.0877565827573688 2.030355704365502 0
0 0 -0.5089178867882842 -0.623400262402491 0.7794373674002697 0
0 0 0.9855615755763272 1.6747045215191256 0.41084353886135694 0
0 0 1.4301023084278932 -0.40633513682759936 0.4227347323837497 0
0 0 -0.4886573143369164 1.7524315415871377 2.008963435374924 0
0 0 0.46577753188437443 -0.5040625101358644 2.0023421468259466 0
0 0 -0.26902333984859195 2.071639635085564 0.9223279152697772 0
0 0 1.2174926172265508 1.3122229994988985 0.48076845711050165 0
0 0 -1.5703530575511369 -0.5695450185900375 0.8686198970001698 0
0 0 0.614157284722479 2.0531902831201574 1.8464193609598478 0
0 0 1.01737347953171 1.0233121538559955 0.4862983931629302 0
0 0 0.6209511905097975 0.06558167724378428 1.9759512282984406 0
0 0 -1.4358849702362133 1.206800173488392 0.4113132029412957 0
0 0 -0.47562624491817673 -0.005353020146973808 1.999610284183409 0
0 0 0.10137007298690537 2.08644734628856 1.7477136398175048 0
0 0 -1.5308925765099652 1.2824907130744054 0.40970282991911755 0
0 0 0.9287957934601265 0.5288454359643733 0.4930924928708762 0
0 0 -0.35844597362478736 1.4189709469556049 0.4394842339786056 0
0 0 -0.6960284668868151 -0.6307552831791732 0.6845235912010718 0
0 0 0.7402596592295212 2.1280091870837654 1.7665042856360194 0
0 0 -0.16373829053034505 0.539312913331113 0.42663550029087727 0
0 0 -1.2250131885870188 -0.40461559113053225 0.47859593506742815 0
0 0 0.24510816134969882 1.106751965683082 0.48521981878854736 0
0 0 0.18964409668668547 1.6848683594326463 2.0151153266417356 0
0 0 -1.1021486124255004 2.1242633331356546 2.0119002510616495 0
0 0 -0.4995897759861714 0.2558312661584833 1.9669744208989153 0
0 0 0.28849975853747223 0.03140585089883163 0.41542710500654134 0
0 0 -0.014002509730044466 2.009730994498814 2.03956341943885 0
0 0 -0.304085005146578 0.24564575636129404 0.45582708368878155 0
0 0 -0.3642987529689563 0.4216974764587833 0.46635685139034266 0
0 0 -0.872016199645717 2.121097125645667 0.4326659091148397 0
0 0 0.22423072402172806 -0.6365225293591668 1.173530159328886 0
0 0 -1.5197090334399317 0.25987817823029324 0.40997985441555707 0
0 0 -0.5426474366670997 1.8573207952624016 0.48971494231596957 0
0 0 -1.5556052802507232 -0.585717653814464 1.8503599790221787 0
0 0 0.01649883872320368 2.039272646204907 0.47306945350491036 0
0 0 -1.1207656799002672 -0.6446701842680371 1.9393726608455457 0
0 0 1.1483699521487742 1.8110701375703984 1.9599760083879798 0
0 0 -1.4417843166011983 0.9809957250218571 1.9685462361684045 0
0 0 0.14207306103773942 0.7182939557382846 2.0105200582118874 0
0 0 -0.8623156817334714 0.980937792206968 0.5009891325057135 0
0 0 -0.9978876425069465 2.057242023045888 0.6979395262078625 0
0 0 1.4271582547876562 0.7291591171978216 0.40873499375497924 0
0 0 -1.1687279965721649 1.8848598783322517 2.035738958971745 0
0 0 0.6954207969566455 -0.596715487992225 0.48307053615545537 0
0 0 -0.6316365782800804 0.14982668895729634 2.015560032078107 0
0 0 -0.39280195511590676 -0.11320779754565091 2.0411456445827243 0
0 0 0.3794358066147805 1.2281535060103292 0.4046450887669061 0
0 0 -0.9493322450425447 1.9942077776025757 2.031334779652089 0
0 0 -1.5679011641433822 2.0739343842715283 0.7244785455829339 0
0 0 0.1950111511381214 1.3972962616082862 0.4189442998062799 0
0 0 0.33112779603396447 2.1070992669764905 1.2541426513803748 0
0 0 0.8286947792564656 0.757579126974729 0.4604287424648147 0
0 0 -0.7612229621589075 2.0394439115000624 0.40442876642659764 0
0 0 -0.33887818988331087 0.20996757839846236 0.42405019588441606 0
0 0 -1.5265636471961415 0.7759564361947942 1.978499390287139 0
0 0 -1.1130937419681814 -0.6402211069543389 0.7878397004313344 0
0 0 -0.427174553836146 0.8017355802397761 0.44657946141718774 0
0 0 1.0015244705572854 -0.6445191211450854 1.5792662039243732 0
0 0 0.4168552011615527 -0.08977662358210403 0.40835048034491594 0
0 0 1.4262545745062947 1.561108892042727 2.0440155788883128 0
0 0 0.9452178339316841 -0.5506831093825997 1.7982234694135333 0
0 0 1.5699902187104176 1.2150492410847356 0.4779875440424246 0
0 0 1.0199755913758244 2.0742760140915912 1.106664547120781 0
0 0 -1.2256388532656275 1.4217085539762595 2.0084838948255204 0
0 0 -1.3657258152743972 0.13972672375406636 1.9673143503447417 0
0 0 0.9322554583268872 2.0560080068016124 1.1197726162267134 0
0 0 -1.1041817103798854 -0.6334125614922863 0.5707079174559652 0
0 0 1.5367341339066427 -0.4601373114949212 0.4818638906798369 0
0 0 0.8334033236247969 0.47074619078419877 0.404401898545547 0
0 0 -0.7347577383850729 2.13646008771389 1.426984871437797 0
0 0 -1.3684635422074443 -0.6016109217938492 1.487283994906432 0
0 0 -0.32334925518219393 -0.3642452936274958 0.467449682276493 0
0 0 -0.6521498536409354 0.11045145260717837 2.0386342280299345 0
0 0 0.8941734702144317 1.6609582215057836 0.4551048917616607 0
0 0 0.9354493348159605 2.1295444408606548 0.941362571020251 0
0 0 1.4169420362419913 1.8925114108051677 1.9540312668002557 0
0 0 -1.529034788103245 0.9479216018996306 1.9839430479997318 0
0 0 0.15663623063983412 2.142624878317452 1.1553692074609643 0
0 0 0.6820720753907326 -0.03129772239890982 1.9638924819541954 0
0 0 -1.2801257402155013 -0.6430881602052685 1.1354833731834921 0
0 0 -1.0086742115792715 1.9970127578462298 2.0248072485249837 0
0 0 -1.4706894297223712 -0.5844164796143412 1.8143437099093467 0
0 0 -1.2178902230369735 0.8587727605920221 1.9992428469538304 0
0 0 -1.3581245027779683 1.3465146410934754 2.02153128306454 0
0 0 -1.5284864030050664 0.6914187105422638 1.9824840360047489 0
0 0 0.08440230344496413 0.8249985544331278 0.4293414965957557 0
0 0 0.9333109081218862 2.141423537092293 1.6739779332945492 0
0 0 -1.1902463264829533 2.1250018273103244 1.9011599864290856 0
0 0 -0.4863883223954544 -0.6198103676784372 0.7434857813881857 0
0 0 -1.2554586827246428 2.1093567427501996 0.42824042988738886 0
0 0 -0.8013263988231841 -0.5853182940262127 1.132897788224802 0
0 0 -0.22368627354286397 -0.5069801153754077 2.041705399371553 0
0 0 0.4209405178962997 2.0545681978298607 0.845860083229357 0
0 0 -0.01980279883392 -0.5665294068439657 0.9654039333544633 0
0 0 -0.5879927324780899 -0.5664897606840229 1.6915086068613023 0
0 0 -0.07567586855285646 -0.5967010027071373 1.6597052735274052 0
0 0 -1.3593479750206632 0.3322682555556504 2.0147782775360352 0
0 0 1.480893793964427 -0.6040915007352301 0.598688759716965 0
0 0 0.7370341120022714 1.843425466277748 0.5022327975874697 0
0 0 -0.10614842888607101 2.1381099154434455 1.2374031425191285 0
0 0 -1.2789972907248468 -0.6325653341558337 1.8464826324682133 0
0 0 -1.5499851189711487 2.0652953472894646 1.72128859218848 0
0 0 0.2651765522839118 2.10011983075529 0.930501640643825 0
0 0 0.6684820047726747 2.074602539818038 0.484240108542635 0
0 0 0.10267266207698578 -0.5823981867114578 0.4082955326395391 0
0 0 -0.9456474823481467 1.1527341268567741 0.43395568333824164 0
0 0 0.1339036803143483 2.0554080384416964 1.9406353466764565 0
0 0 0.7291748795075801 -0.002733542220547336 0.463536324501273 0
0 0 -0.7998791978632074 -0.6181791243813244 0.6692676473162227 0
0 0 1.0193717995928724 1.2659057574297765 2.037395838245603 0
0 0 -0.5173606163974074 2.080871326819944 0.7306805924964372 0
0 0 0.8800870164461463 2.1104662766086486 0.5120368140492703 0
0 0 1.2197852119698864 -0.6054193140753041 1.5255891805279194 0
0 0 1.0575568441618897 0.16594682738743416 0.42385058446204493 0
0 0 -0.9194714262885342 0.4888157148861336 0.478452275452352 0
0 0 1.520745095574287 0.6277863332524278 0.41212802891871914 0
0 0 -1.4124171870700626 1.884518595633874 0.49336704188112823 0
0 0 -1.3784124107499887 0.9053637178941751 0.48744889832563043 0
0 0 0.2151814180875693 -0.37159649123183613 0.4580278420576114 0
0 0 -0.5157114259904774 2.0657301860609563 1.2479061082362475 0
0 0 -0.2642212372733084 0.25935074507656564 1.9789068197125652 0
0 0 -1.0945013083908683 0.06727596920874213 0.4174867893320614 0
0 0 0.6711899134765447 -0.5800226603956082 0.5068478083654777 0
0 0 -0.6607379092799333 -0.008409953728824027 2.037992643025289 0
0 0 -0.8110826582580182 0.14776916638657245 0.44089111121695757 0
0 0 -1.2089306256552759 -0.02768169792104025 0.45018010933299557 0
0 0 -0.3014636026729811 2.1256754266503846 0.5774291092693745 0
0 0 1.3648875591282557 -0.5580139962882804 0.8285958798662889 0
0 0 -1.5424905455749263 2.0967717635318737 1.8869063177144274 0
0 0 -0.06838040942009438 -0.597887785686757 1.7137827776188264 0
0 0 -1.235798961234827 -0.07328710630709023 0.4760817451623113 0
0 0 0.5378934454327449 0.6994690085710382 0.4845418250981377 0
0 0 0.3265603932881158 -0.6131864919690186 0.5620163130018694 0
0 0 0.6439240618207807 2.1475485254162643 0.42481610949887005 0
0 0 -0.23302607148977028 2.0757979683122167 1.6995983435942557 0
0 0 -0.14915488431496748 1.0525857093635875 1.9790827684456467 0
0 0 1.061665922977161 2.1119514146386913 0.7077935178177999 0
0 0 -1.2984474693472612 2.124652414270859 1.6075201487961293 0
0 0 1.526884154243164 -0.5989010787430316 0.7510262075845879 0
0 0 -1.2965536205154091 -0.5045548011495189 1.9986086149384517 0
0 0 0.6332377483075673 0.11440938700352643 2.026178658147822 0
0 0 -0.21564942883581883 2.087036799688656 0.9605466495420039 0
0 0 0.3861269356977248 2.09065118199411 0.7324295581898463 0
0 0 0.5290682081630593 0.5591591254214181 2.019923390842899 0
0 0 1.4567500324671219 1.6572896696689978 0.45472579773986566 0
0 0 0.8560335400257788 0.09722196434772024 0.4369584340410847 0
0 0 1.1561404581911434 1.8992389207395546 0.47314324011858244 0
0 0 1.4737904280101546 1.0122762949506647 1.9958643498248285 0
0 0 -0.1584368601773265 -0.1507629999652802 2.032241500521631 0
0 0 0.10903546647754991 1.6916704833160325 2.0499299774593025 0
0 0 0.7768484655435719 0.43501675172014376 1.9920587139550787 0
0 0 0.8871939383260736 1.616210298142606 0.4442144793355336 0
0 0 0.8528508503080339 0.32185319492741504 2.0083088517355048 0
0 0 1.0567222133305565 1.1571936188147758 0.5020025666683181 0
0 0 0.6893688003066378 1.1271772279436116 0.43757812290314047 0
0 0 -0.896742950262151 0.1797652015221871 1.9607716186096384 0
0 0 0.8353134625660976 2.1178628154719608 1.791418960246687 0
0 0 -1.3229399154656452 2.1176490291368095 1.288326599240095 0
0 0 -0.33608233931493214 0.9564671388448003 0.4748051685750748 0
0 0 0.05881412474160941 1.653473416221203 1.9781780491862044 0
0 0 -0.2582952136905541 2.1070827289850227 1.8387021491610902 0
0 0 -0.4487552827758088 -0.6346909194774331 1.0941970653824051 0
0 0 -1.0086933682469952 -0.645374692013311 1.7102650918914246 0
0 0 -0.47216708613462943 2.1127040854140384 1.3320488788554088 0
0 0 0.11021514992830883 0.7509145330778308 0.4314705673280609 0
0 0 -1.188384918416332 0.38346612519688783 2.050395744648405 0
0 0 0.42124827240952767 1.5478899027097797 2.034131107856269 0
0 0 -1.4443353047150969 2.1403786179178548 1.5915500912485554 0
0 0 1.023868697124803 -0.6480861079139413 0.9881742010432991 0
0 0 1.456428286514035 0.5604934923098814 2.0508680759705054 0
0 0 0.831619530144458 1.5478777840817457 0.41913587773169003 0
0 0 -1.3116680749055991 1.3589496526600475 0.4646785702647904 0
0 0 0.25399718619742573 -0.547182248717621 0.42759610861245434 0
0 0 0.24148937041001672 0.1369857485011604 0.45930764486485 0
0 0 -0.017299006145973017 1.948933877620971 2.0251561061737027 0
0 0 0.3622045445003945 -0.5184667317680285 0.44542679453505807 0
0 0 -1.1722497299605585 2.0868627616316537 1.2439366673538355 0
0 0 -0.26255454886982244 1.0235751938027353 0.4265478004358797 0
0 0 0.12114716979623008 1.258063132746562 0.4843177899492067 0
0 0 0.5943243829593201 -0.5539003322890532 1.1439084943534308 0
0 0 -0.40871575597929355 -0.6131668173793119 1.2337201134429994 0
0 0 -0.26677099599478615 -0.06483947602720996 1.9925186401226782 0
0 0 -1.2181344010211186 -0.5785016370213645 0.5073245131870338 0
0 0 0.749520967116446 0.09112950893872007 0.47644033122605134 0
0 0 -1.0786254006588778 2.0597904058964884 1.5261869871375175 0
0 0 0.31248077771879323 1.195149848377556 0.5019781158837004 0
0 0 -1.5069153883794164 2.1486764295004868 1.9432880607532048 0
0 0 -1.0787487634471982 2.1000034582854084 0.7123933196165864 0
0 0 0.07476592994921716 1.756139656260695 2.0134878811613666 0
0 0 -0.4845766949537096 1.6912584713150405 0.46416816929327276 0
0 0 -0.3859284452447016 0.4599732613748104 1.9634350484354446 0
0 0 1.2828850464736998 1.071665767891992 1.9557750177565127 0
0 0 -0.010063893610353425 -0.23302861758508042 0.4537700307370446 0
0 0 -0.6357540344325244 -0.6290809315117427 0.41499848077756973 0
0 0 1.4825947658643348 1.1131439268952579 0.4314445253727044 0
0 0 -1.025020275270068 1.9459085881619387 0.4753511327900132 0
0 0 -0.062114652332751596 2.06132776548197 1.3327842353075707 0
0 0 0.8161999973139316 -0.6196113451250735 1.5057126286977012 0
0 0 -1.3835152855644506 2.1191302132861445 0.5007470314133128 0
0 0 0.606239892524806 -0.1183397812768876 2.045455380850851 0
0 0 -1.1361403490923534 2.066902059379985 1.4925816187966814 0
0 0 -1.1192111037355488 2.101460519244284 1.7805145474060098 0
0 0 -0.8965125665468551 1.5236802793038937 2.0330328801921502 0
0 0 0.4554530489547237 0.7268787923996975 0.4786447608464579 0
0 0 -0.783229319235765 2.0839408005745375 1.7639515526907257 0
0 0 1.1376621128243807 2.1290270884474216 0.9011086130898114 0
0 0 1.4412258671891287 -0.6225064132544109 1.2756513199215327 0
0 0 1.0079705013567102 -0.6077137631554721 1.9394644843404645 0
0 0 -0.7050412429779662 -0.49175246096439906 0.48102351274385824 0
0 0 0.5886666633364745 -0.06028844565077274 1.9655059016024834 0
0 0 -1.4218125636861725 2.131975976142233 0.4397919505269007 0
0 0 0.5131759739311854 1.170623072364285 2.04508288976145 0
0 0 0.08212773165112508 1.8260236407616721 0.41386326973751897 0
0 0 0.4991310030248455 -0.3887685833106995 2.0325566970489666 0
0 0 1.1510235831732962 0.4124581619462774 1.977012945974605 0
0 0 1.4720310248969457 -0.211527350838685 2.039085356550018 0
0 0 -1.0810948713587178 2.061282179660191 1.5865866705794252 0
0 0 -0.9052830324118732 2.080882344087276 0.850232063089092 0
0 0 0.6712303488976743 0.7898925932520404 1.9681276206659102 0
0 0 -1.3569261043229075 1.0216385640613987 2.025141549637236 0
0 0 -0.8828412058601249 -0.10513116898604835 0.4112259305899638 0
0 0 -0.060200013726857016 2.0140442773041682 2.051696235979531 0
0 0 1.275858871781678 1.4427047875144736 0.49457019233200294 0
0 0 0.5759033790148314 -0.6432702388169906 0.8007102261546971 0
0 0 -0.8157967943304517 -0.44385005184687576 2.0322417112229476 0
0 0 -1.2278803198266708 2.0732704487648936 1.9391201375028637 0
0 0 1.0765283597355952 1.1637425632283687 0.47616065364036053 0
0 0 -0.8349512058857185 2.1023569258465855 0.647508106388515 0
0 0 1.547370811147628 1.715663350869718 0.4753078194106056 0
0 0 -0.020281220830113522 1.9289384360123798 0.47318929668702236 0
0 0 1.0197988452879834 -0.29724368867508577 0.4436251416719219 0
0 0 -0.8163892046483398 -0.629051464266966 1.8557594119344094 0
0 0 -0.3550705916402781 0.9556787946380341 2.0030792881196398 0
0 0 -0.8242258051308936 0.11330260403828751 0.46219196711210464 0
0 0 -0.7542494211051779 -0.3391766142414492 2.007051814446178 0
0 0 1.042224363614002 1.482754823969443 0.417608319968673 0
0 0 0.3595489427147571 1.7892246881386271 0.47520615022364354 0
0 0 -0.3929855616668452 0.9967565999112367 2.0465035962002096 0
0 0 1.3782855087249795 1.5804069060008483 1.9830376971914876 0
0 0 1.2272828596074299 -0.604369045437817 1.1455415524587984 0
0 0 -0.5200573140530007 -0.6304217334671287 1.8938773862754963 0
0 0 -0.12688849413045156 1.204286891929448 0.43551803440984005 0
0 0 0.790392424418104 -0.2840427997959616 2.0243810148982333 0
0 0 -1.1033374061816177 -0.6236516201631577 0.7027249002141032 0
0 0 0.050446815563170544 1.2013255836119292 0.4252240264143444 0
0 0 0.39717896784330686 2.0628610982863265 1.6508744984433699 0
0 0 -0.07012909165031989 -0.15169495269070987 0.46981912422581185 0
0 0 -0.21781972819491924 2.063839524981551 1.5258128893785916 0
0 0 -1.3106991176639682 0.7275117072811148 1.9862917636748656 0
0 0 0.23785453496889142 0.6652714681855509 2.037766994224525 0
0 0 -0.6246341578477782 0.9735111638726974 0.4295662931860018 0
0 0 1.3669082969535622 0.2748169028377273 1.9689356000396425 0
0 0 -0.8490863949596571 2.123500389973622 1.7048714437449726 0
0 0 -0.7049047517614553 0.5494256975748806 1.9686018718885823 0
0 0 1.2638859039874242 0.8854590701363156 0.41985187965607196 0
0 0 -0.7202977892002744 1.730645941018522 0.4251457074471856 0
0 0 1.46658601886051 1.0665068136463656 0.45773483232274725 0
0 0 -0.9295628176185763 1.0048568897120957 0.41077649970338603 0
0 0 -0.2849088720130222 1.1027306336569125 0.44393266438731727 0
0 0 1.2866612984197623 0.8315548282195193 2.0217512773204795 0
0 0 0.3632051099468254 0.4364419199146833 2.04056194182903 0
0 0 1.1798761080078561 -0.5851457000004208 0.6611138572979085 0
0 0 0.028382470995613973 0.838589611838882 0.4508365720767674 0
0 0 0.05292335012505123 0.5849986911950955 2.0375799928308345 0
0 0 1.4534237758409145 2.0976499577724557 0.6417623227067846 0
0 0 0.21238753700079727 0.5217499151173692 0.4141090771728009 0
0 0 -1.3565831986790515 1.4773627916236844 1.9865153624162915 0
0 0 -1.2163706160762602 -0.5830048002445682 0.913995526622398 0
0 0 1.364290067596071 2.118652915767206 0.6001448781816059 0
0 0 0.0409734678391418 -0.6214627735149112 0.733189553870387 0
0 0 0.059436724830679966 -0.26574397053068743 1.984209140364033 0
0 0 -0.835534801616062 1.4686945956767194 0.42344822581791575 0
0 0 -1.2750926125507718 2.145589023411708 1.767289974329428 0
0 0 -1.5700166510578655 0.9164369503542908 1.9635287084181128 0
0 0 0.8675320562398201 1.9877961657922907 0.4633627217601439 0
0 0 -0.8756523146747118 1.0424740553688754 0.42587955926010057 0
0 0 -0.6955929878217487 1.1950798223253245 1.9896312070756361 0
0 0 0.21632516571170357 1.6133409033375827 2.015078431515035 0
0 0 0.2335357519642287 -0.30583222164316526 0.45413444858289476 0
0 0 -0.7267625812939785 0.5857812488318157 2.0062566045030943 0
0 0 1.1222417964761933 -0.5692468835023172 0.6769173806150761 0
0 0 1.1415734361447702 1.4935032003292494 2.0072247180310185 0
0 0 -1.3949317918192476 0.6858270822444523 1.982192295997368 0
0 0 1.4213071710187561 1.3729805026440276 2.006207712411087 0
0 0 -1.3387286866377022 0.7205764664875047 0.47634615987477646 0
0 0 1.136515732130293 1.7278823695405736 2.022071441193713 0
0 0 -1.099617142437935 1.4292616449273448 0.43859230468191823 0
0 0 -1.4737519478978827 -0.15838594241025583 1.9992376277930444 0
0 0 0.055570379173718765 1.5550024102000106 0.4685587203474597 0
0 0 0.8164361808173899 2.067289428173522 0.9962327639403094 0
0 0 1.1844053582490348 1.8215372353004635 0.4946782833967238 0
0 0 -0.5854812240167452 -0.5863422720385529 1.0091416786512202 0
0 0 0.2965438927454853 0.8971059671742638 0.4805323446188666 0
0 0 -0.5872663183268153 -0.564153347587192 1.6029814432849023 0
0 0 -1.2630023178279148 -0.6271219992934631 0.9711350539862307 0
0 0 -1.1568435416813048 1.8625674690998848 0.42994609926483895 0
0 0 -1.558092029783868 -0.614667714265414 1.592844730075362 0
0 0 -0.08221816585460195 1.7817200132223945 0.4345404818108628 0
0 0 -0.12235964576956437 1.8982769465441864 0.5016810224440812 0
0 0 1.4190688098746618 1.0180280749746424 1.9531282050561767 0
0 0 -1.3703397359367298 0.43484175147247073 0.4528368613732521 0
0 0 0.36205109267968516 2.080587748905809 0.628766353060737 0
0 0 0.8817542560186551 1.7173079939558258 0.4678770470170175 0
0 0 0.30576068866839634 1.8422123016654643 1.982393741424806 0
0 0 -1.4045431366943402 1.7589569352393741 0.46779782414150595 0
0 0 -0.039040863859166386 -0.1710485585175856 0.48946745894161237 0
0 0 -0.5652060955216291 0.6200035983834995 2.0051808787642917 0
0 0 -0.24088381688679483 -0.5678369463852231 1.2461761373787876 0
0 0 0.11292276773717003 0.19468354548117317 0.4501286236255325 0
0 0 -0.1671655042481015 -0.2757303492124814 2.0037450247651885 0
0 0 -1.4697993483977203 1.7687976458198478 0.44467533847258567 0
0 0 0.8759034867471884 -0.600705792062544 1.8665815266151358 0
0 0 0.6832610819092215 1.6070474821989145 0.45963569412263316 0
0 0 -0.27406121093680436 2.1427251176024362 0.7862208129048494 0
0 0 -0.8851239541939339 0.6828168437883524 0.4975791210125353 0
0 0 0.3440775266347784 1.1330315770912553 1.9873726803796354 0
0 0 0.47311776261555183 2.006374304344857 1.9999000647902307 0
0 0 0.21056187508534618 -0.5588649587050212 1.2494011599978352 0
0 0 -0.5601952931780485 0.5448773575700938 0.4300248277449824 0
0 0 0.0029447315872317414 -0.6142546844187118 1.903516016792094 0
0 0 0.5852748641227556 2.126148116707291 1.5037295069099594 0
0 0 -1.4555678009792976 2.114682559619095 0.40558124461476 0
0 0 0.20428948865909002 -0.30036570143404506 2.024285775432817 0
0 0 0.14730367175434655 1.507324643184228 0.43439081955584835 0
0 0 0.4343647558258459 1.8570669997401803 0.49795228302718475 0
0 0 -0.0367377046897035 0.35299893476970345 0.4988085694162816 0
0 0 0.32124120850664717 0.4443433004957654 0.4889260979440626 0
0 0 -1.121704924011864 2.1378823167718863 1.4795086649643117 0
0 0 1.4722211738241984 2.1380522945291913 1.5129559774185877 0
0 0 1.101219313380549 -0.1966373788248803 0.4825065248304127 0
0 0 0.0536760083458343 0.3584906943842633 1.9585165718029094 0
0 0 1.1420795045454248 2.068658907567547 1.4833736827266468 0
0 0 -1.4150535294485538 -0.5631388172753449 0.5920670452946046 0
0 0 1.277461333319803 0.9766156317851298 0.42402640216277065 0
0 0 1.5463751332991147 1.6151760449349302 2.049990024467333 0
0 0 1.414651111513919 -0.5555849027337674 1.5618899047704604 0
0 0 1.2572363795692438 0.12049244322539587 1.9768736350417684 0
0 0 1.066782464296177 2.107876811362008 1.5403936832392249 0
0 0 -0.9131188748744355 -0.580393746445091 1.8043922520036244 0
0 0 0.7891496587449707 2.1224747045453842 0.9764894865485634 0
0 0 1.2081861098893687 -0.03698647409291567 0.4695725246826026 0
0 0 -0.23972410128675659 1.4870245784734404 1.9830478654182655 0
0 0 0.9106203334111136 -0.613335942308735 0.4287045874286619 0
0 0 1.02201552716748 0.6476405983877145 0.4371603111322382 0
0 0 0.7073228010975638 -0.6188903933315053 1.7468585862086863 0
0 0 0.2567865051573661 1.5477522954027283 2.03202677313176 0
0 0 -0.9328355581355922 -0.33583222341010943 0.48690353585591506 0
0 0 -1.4752409440030867 2.066454286421119 1.305068871736232 0
0 0 -0.27535726722672726 0.4919742490444545 1.9620380835711906 0
0 0 -0.5458437273567982 1.5830675120863418 2.0267838275048584 0
0 0 -0.8365789087912272 0.9660928795150101 2.0416735676430355 0
0 0 -0.45319321302151816 -0.6387221747920284 0.469949200834344 0
0 0 0.07841177813865663 -0.5834656795785711 0.6699401687355707 0
0 0 -0.4848974035831384 -0.6302600993615146 1.5105373941351155 0
0 0 0.07814108352448512 2.119366856905272 1.2137336090152238 0
0 0 -0.6000613461946325 -0.3224277600434906 2.030754164837486 0
0 0 0.3010264286857238 0.4736354400682041 0.4178141215608966 0
0 0 0.09092464569022196 -0.5574118953850968 1.7136635346569473 0
0 0 0.3459132938567273 2.1249641882805825 1.6099677900522154 0
0 0 0.9002204019492814 -0.03829002194758502 0.4240559348524894 0
0 0 -1.1316776692608133 2.094461835599317 0.9421793900189915 0
0 0 1.5650297593533975 -0.6118656381620136 1.5915475711060636 0
0 0 0.6382419858713937 2.105336293440761 0.8990392720976866 0
0 0 -0.13317230330470875 1.0135728009338172 2.012658263870015 0
0 0 1.5039432877033128 2.0788948478103437 0.5674857267803652 0
0 0 -1.0696783428491154 -0.6101967088378801 0.8872102240391888 0
0 0 -1.4671615476698496 0.07606901598670934 0.4056884058437743 0
0 0 -0.7129242314845368 0.6320290157478077 1.9815354715969202 0
0 0 -1.1584979203424686 0.2978914794983756 2.0121244047925853 0
0 0 1.272319120393238 -0.17675624253791755 0.4302535847206831 0
0 0 0.9709060993210081 1.8374838018765611 2.0464213314851527 0
0 0 -1.2434997012598252 -0.27085332578862364 2.021156797405142 0
0 0 -0.140725822840988 0.28368137150762773 0.48438559564001415 0
0 0 -1.3122439998154807 1.5402746570466797 0.4748720889106224 0
0 0 1.5451783459981856 2.051822668460661 1.2461299881505081 0
0 0 0.5861315802457026 0.6888873389485275 2.0400838029802753 0
0 0 -0.39367452634781896 -0.35441135675340796 1.9910392463713085 0
0 0 0.8486740796287116 0.569303817084208 0.48387871234574387 0
0 0 1.2276721541007474 0.024761312291079918 0.41490342024863636 0
0 0 1.0008199960722344 1.8322407639951754 0.4779979248446664 0
0 0 0.8523849767568814 -0.6162369855952026 1.6004284573901852 0
0 0 -0.7307024661822282 2.103716930319397 1.790166137582112 0
0 0 -1.249738617163852 0.4201497112212699 2.0259063683159466 0
0 0 0.7397718549633661 2.0786857435829447 1.3758867100332883 0
0 0 1.098575788015577 0.6090250453749022 2.0127201663381404 0
0 0 -0.9615414323486982 0.6684763219957175 2.0155499851443763 0
0 0 0.43401837588310954 0.12647463555624572 1.953158265695416 0
0 0 -1.2248543706734198 2.0679287344745605 0.6359530034718102 0
0 0 -0.5398872089735736 2.1009858069108445 1.6668371906494683 0
0 0 0.5695139574366932 -0.549533878566205 1.9600626975263742 0
0 0 0.45156773237938497 1.3055831779610274 2.027539550028716 0
0 0 1.2108765299780053 0.7142244557744433 0.43364093354241173 0
0 0 -0.24737034548695003 1.728665837198044 1.9624304983265548 0
0 0 0.22502513042470373 -0.2704911646954056 0.4180527936970281 0
0 0 -0.7397231598841433 -0.5751620929143058 1.5797337711161663 0
0 0 -0.07233977271479652 -0.5739729249307104 1.7712320058783784 0
0 0 -0.6143704676996955 2.1296088776877737 1.3053619766653735 0
0 0 -1.273677201593804 2.1493087862787146 1.0937286078901751 0
0 0 1.1998802703783267 1.101061465238144 2.049203399864575 0
0 0 -1.0887957703900941 1.587487889380854 1.9663840614255073 0
0 0 -0.5691093084571244 0.08557959158807471 0.4868756796511269 0
0 0 -1.2697647700710997 -0.22941222607152345 0.4662515078227093 0
0 0 0.6053333280122044 2.1385378090687457 1.5773500840170245 0
0 0 1.3039731970067558 2.1119503110714044 1.1917528139612377 0
0 0 1.2464326427031356 0.198310275064274 1.9857791079107232 0
0 0 -0.3116704395158931 -0.11769980235635691 0.4207462710980667 0
0 0 0.22007579742303118 0.6419057596900595 0.49878044234980656 0
0 0 1.1866862931713036 0.7251278262215242 0.43321227391154804 0
0 0 -0.44763000174524525 0.3229834381351214 0.4234605155711556 0
0 0 0.26776802299224634 1.097490025446406 2.031682855713345 0
0 0 -0.7367914506519694 -0.5799321813145393 1.529639830882841 0
0 0 -1.439864358867021 2.1280690988812276 1.4691498992795808 0
0 0 -0.26651785811718254 0.4130102427820138 0.4788589428437783 0
0 0 -1.0771979182914797 -0.2941881492568439 0.49873567458243406 0
0 0 -0.09979575703889854 0.551562873899907 1.9644181961660765 0
0 0 0.09280335651849247 -0.649361199397416 1.6151852853260398 0
0 0 -1.5283815478579665 -0.6378689533855708 1.3145374410337247 0
0 0 -0.45670343231482513 0.93756273073009 2.0054215971488185 0
0 0 -1.1110969412240645 -0.6065643781361891 1.884325986570542 0
0 0 -1.4579676525581156 -0.4118252908799511 1.970216815857318 0
0 0 0.17671971195900005 -0.25448809319988186 2.0012414769342888 0
0 0 0.3027189860599091 -0.1767181874071404 1.9566620755137938 0
0 0 -1.0648621882009057 -0.597772648003535 1.354505058694248 0
0 0 -0.21736255891987843 -0.5787591276343387 1.2068230742556192 0
0 0 -0.9254745073032491 -0.5909070777610361 1.5815228732194686 0
0 0 1.0711933526361639 -0.5023473154044904 0.450885145268601 0
0 0 -0.08985598122193217 -0.5543655667437717 1.52012019784515 0
0 0 -0.9807776105093323 1.0183489405926385 0.46225752676667176 0
0 0 -1.062806658105834 -0.6477919021170648 1.9035430500089634 0
0 0 -1.4185944893702784 -0.42167186860829986 1.974231041971209 0
0 0 0.6032599130635314 0.006009985710587862 0.4591600052693473 0
0 0 0.10964763984561543 0.016771092030562706 2.006798487789222 0
0 0 -1.2502312324815907 -0.6462499330261338 1.7231850336406718 0
0 0 0.46080989216982227 -0.6344262096464215 1.5721255826389116 0
0 0 0.8953372850749317 0.4029317700903523 2.049172297411608 0
0 0 -1.0352475565273305 0.25851839330553783 0.47425378327921486 0
0 0 0.3757893497785392 -0.5669429744948462 1.046006364696437 0
0 0 1.0430312386474236 0.7030834045897378 2.048779076354772 0
0 0 -1.3771657155412866 -0.5556969435497705 0.9300518364067369 0
0 0 -0.9274967838223395 2.0688454593228895 2.0056104722998356 0
0 0 0.5144234949617283 -0.6078642405484203 0.922583472904196 0
0 0 0.9375776015009518 -0.6083222091166507 0.7020662602891985 0
0 0 -0.05106860210515918 1.433058587456314 0.42651597867396907 0
0 0 -1.5411349087425872 0.1391846319599459 0.4437781217434693 0
0 0 0.3532743852326279 2.075807106885319 1.3984121775470268 0
0 0 -0.15857385076942143 1.5879206685806924 0.457493770012978 0
0 0 1.2799711709907178 -0.6005079852841919 1.8450297116543968 0
0 0 0.9987112235769695 -0.555836848853819 1.0420304553485717 0
0 0 -1.4538539005939324 0.5070804401855602 2.0207692309444445 0
0 0 0.9668497319101204 0.5535508422011501 0.44928517404735635 0
0 0 0.5799434933863479 1.5264840319908475 2.0166983022125082 0
0 0 0.941853303223545 -0.6213250618702326 0.5132575626824355 0
0 0 1.5324661984298968 2.1299013530555353 0.5569672542112398 0
0 0 -1.415982199629204 1.4780811061944743 1.9891959669170438 0
0 0 0.8649753584911197 2.0768090194436937 1.4736100002200208 0
0 0 0.9580441451233814 2.055718244270305 0.4467863111451126 0
0 0 -0.5788550319856156 2.0924835841354823 1.5423078219641606 0
0 0 1.5353536743337948 2.0526374042449564 1.1278781852665754 0
0 0 -0.8295309479643089 -0.24828690543065157 0.4145344731376528 0
0 0 1.1967602520696654 -0.6178065341240588 0.5917278231696594 0
0 0 0.8498373175125664 -0.03503824720500048 2.0146237667476834 0
0 0 -0.19310199487547863 -0.6186425283470771 1.9185535618607161 0
0 0 0.15914326911534693 -0.4550120721102022 0.4286123238093297 0
0 0 0.9018204434924941 2.120987988847101 1.272916972845514 0
0 0 -0.8962115116923589 -0.20878886873138824 2.016390601714923 0
0 0 0.5078161478917043 -0.5969958142370497 1.0058597381234566 0
0 0 1.1357949919199726 -0.5608786568143009 1.0337353494349566 0
0 0 -0.45774447672587937 2.1449767882313333 1.0918784405979647 0
0 0 0.25485145385381625 0.9665653351088839 0.4941332404687253 0
0 0 0.2977162678598839 -0.5799777314384325 0.9340318779523163 0
0 0 -0.6637307886595599 -0.06849709246282587 0.47326233107807414 0
0 0 0.3234644774000828 1.9446099706676387 0.484469846171229 0
0 0 -0.8862753531486125 0.5539334661178099 2.0248850956669293 0
0 0 0.8902576635345456 1.2513624442490436 0.48230638691342687 0
0 0 1.1935754902690734 0.26379346106605883 0.48621565145477486 0
0 0 1.547504720852745 1.8242332220413193 0.411798735942949 0
0 0 1.1331831314271352 -0.6216796080370943 2.0404438757754697 0
0 0 0.5954801358733648 2.122925591574143 1.1364662395123164 0
0 0 0.3374424002854046 2.1007321021082195 1.8087390770295062 0
0 0 0.19459769425459106 1.4675306538349446 2.0415592290687385 0
0 0 0.5656054267775068 -0.5665866442026715 1.2984557212079681 0
0 0 -0.8388554598715202 1.8860050135314494 2.0309805395432026 0
0 0 -0.06041981665162033 -0.20120965364417376 0.49292353920755827 0
0 0 0.9493020238843615 0.3713196503100812 0.4505648276257066 0
0 0 -1.4824506016168482 2.147564836804462 0.7272408438089155 0
0 0 -1.393147373800626 -0.34098257204307725 1.9847073391321504 0
0 0 0.6091031868321899 0.4782062419372155 0.48483542759423326 0
0 0 -1.48570599582374 2.12837829904223 1.9877194502305926 0
0 0 1.2505855377204549 2.10921659026602 0.4782782324927354 0
0 0 1.4763265786521993 1.932073596931165 0.44768207878708766 0
0 0 1.5172070894652037 1.4030560824039733 0.43514289459647026 0
0 0 -1.23527110062389 -0.6093639097751562 0.5624140801074167 0
0 0 -0.5029446377234696 -0.4867853256994217 1.9710913261383605 0
0 0 -1.0766567491075727 -0.20139678641836878 2.0114490317111917 0
0 0 -0.7171928643100437 0.8113271691383812 2.0234784057834934 0
0 0 -0.23720112667658055 0.08845343343921053 2.0037024231091425 0
0 0 0.7286922617169482 2.143594309159159 1.0100501648372338 0
0 0 1.4708162660759214 2.044090236313429 2.001912271415181 0
0 0 1.4019018619048946 -0.644406751295002 0.6989496913252713 0
0 0 -0.9172067038356052 0.3282671618374613 0.4357047660468726 0
0 0 0.29284260018070696 -0.5772600502849348 1.0594972116197523 0
0 0 1.2156738795947835 0.45619478153820125 2.0043987226578728 0
0 0 0.6603594502278356 -0.4843320212139042 0.4645336744853581 0
0 0 0.1332303092144944 1.526109238516063 0.4932942636800961 0
0 0 -1.549368554899305 1.8508703344693533 1.9929234167637708 0
0 0 -1.55665565298266 1.9805094829903986 1.9533508647901612 0
0 0 -0.969709454327923 -0.6369148463364971 1.6397862866490591 0
0 0 0.5409067280589914 0.019323045017093476 2.040754605840741 0
0 0 -1.1477695470204534 -0.02908007021613468 2.0205104765055886 0
0 0 -0.9541007095430994 0.7017630555710619 1.981550731809017 0
0 0 -1.0346156026011915 2.129181356042342 1.1085863871167025 0
0 0 -0.009527376089766504 2.139428752556009 2.0253540829401677 0
0 0 0.33997117467396487 1.1954355943036372 0.4335836584838745 0
0 0 -1.2025219773528786 2.102918894943114 0.4444002768342641 0
0 0 -0.7043160325616018 0.6039303533926825 0.4380036245804335 0
0 0 0.3476061070555152 1.9716245635234093 2.0201874753579645 0
0 0 -0.4691775006347667 1.5787867985203918 2.0413011428818026 0
0 0 -0.949603624393664 2.134931909987074 0.4868088525118329 0
0 0 1.0290517427816446 2.087883702050982 1.4325794762206845 0
0 0 0.7343733639337464 2.135148966020057 1.4606447868319863 0
0 0 -1.4298867347755095 1.7692649554941362 1.979438641357727 0
0 0 -1.279011308731945 1.346450123961897 0.434809392375457 0
0 0 1.3237735761973952 -0.5934644352355611 1.6379301700135933 0
0 0 0.8679348319397526 2.0710769385052243 1.1949070912732984 0
0 0 -0.9264904732878949 1.0766305784577528 0.4210942013887663 0
0 0 1.4959882674302345 2.0763370374589982 0.8737942320677246 0
0 0 0.8220902450330709 -0.6127771788078875 1.6536551133232793 0
0 0 0.8103388691659577 0.43228500945033566 2.032844691762645 0
0 0 -1.368188953410436 -0.606786098623471 1.633750407768826 0
0 0 0.7875677944697395 1.1899215603878168 1.9571747184639152 0
0 0 0.7609058109931932 -0.3417330272016188 1.9986078869499186 0
0 0 -1.3599840616542211 -0.5672619538872361 1.081883659306449 0
0 0 -1.0208305152386123 -0.10757318649484471 1.9928717287001305 0
0 0 -1.4185702624020178 0.32208837481442576 2.00644286867775 0
0 0 -0.2341994988803937 -0.1287916852396782 0.46879811080520795 0
0 0 1.2449766051977877 2.1367629884426598 0.7823273524788992 0
0 0 0.5471421767815485 1.6853876255480473 0.41858658412810024 0
0 0 0.26022388731377344 2.0771467891382605 0.8407675736472731 0
0 0 -0.5271012322394701 -0.5537846455160285 1.9505702723489036 0
0 0 -0.043930491375349545 0.6666603357562573 2.030746009818157 0
0 0 -1.2949037974684474 -0.5798369472403984 1.1615405718988514 0
0 0 -0.22146197056238148 1.6529166630162855 1.9909671383886463 0
0 0 -1.3451476254143724 1.7371932825445524 1.9621043993930845 0
0 0 -0.25580123666449084 -0.5967221763722783 0.7032884346673272 0
0 0 -1.0975162293331202 0.5910908250408256 1.9908376747804184 0
0 0 -0.8516304004656083 -0.02571700030959012 0.46657643388528336 0
0 0 -1.2652307928412565 -0.5688778067649187 1.3445680730861413 0
0 0 0.18758358025490796 -0.6424518427787727 1.36749142819845 0
0 0 -1.4056725984451994 1.3755928699289206 2.0043305915968355 0
0 0 -0.20982565941122888 -0.44201446873002737 2.030480127875628 0
0 0 0.37625132962288044 2.1472458724109034 1.487123571986441 0
0 0 -0.7513318235490019 -0.33769496219949313 2.0073422775895655 0
0 0 -1.2721912881611777 2.1246565684875844 1.141279320861806 0
0 0 -0.49234272272216506 -0.6093642205381424 0.45883553013231393 0
0 0 -0.7116285324257909 2.132710419841847 1.166223658635117 0
0 0 0.7008542311847799 1.3058857181811012 2.0273458864571547 0
0 0 -0.4074837471847972 2.122920211729454 0.714977813824472 0
0 0 -0.8192643248170636 -0.026409557547897422 2.028481537786254 0
0 0 -1.0762118819645916 1.1165773432529107 0.42741118320771465 0
0 0 -1.438544121030273 0.8211723983002444 2.049029640683183 0
0 0 1.267594267762457 1.837512890539655 0.5017051570609061 0
0 0 1.4379211016105495 -0.5827601252671837 1.7930087151358063 0
0 0 0.22573304431995034 -0.6204686965156896 1.6335664039374405 0
0 0 -0.5677852794208307 -0.09326779470653279 0.5024714851466683 0
0 0 0.34783407128476584 1.0415104922526142 1.9802051958768865 0
0 0 0.35510286420259574 1.5513293447195122 0.4906403452059578 0
0 0 -0.46203352431180433 2.0922513859392584 0.40561950318544715 0
0 0 0.1828206899420417 -0.6366739152701093 0.6580611029054195 0
0 0 -0.6568066316293418 1.19805515546466 1.9682623166710123 0
0 0 -1.3470045008862186 1.3161848011489654 0.46615222074082596 0
0 0 0.8863451282976791 0.9977667076712231 1.9720165391595152 0
0 0 0.06868412783511291 -0.5407468379567177 0.4372755164751514 0
0 0 0.494231933462836 0.006788897756563328 0.49219752463403854 0
0 0 1.5480208611603423 -0.3749624235469702 2.000211110352921 0
0 0 0.9702826846984118 -0.611785985960869 1.1826602106227517 0
0 0 -1.2825195898700945 -0.48552504165574417 0.40443288715273784 0
0 0 0.28913695501505376 2.0639681394380736 1.1125814141599768 0

