0 0 -0.488713775091528 0.7913386357917029 0.04606438729874537 0
0 0 -1.0509465209290878 0.7901118822205524 0.245169792226277 0
0 0 0.36292018993728425 -0.7310629101863817 0.2902512272498586 0
0 0 -0.7750817920295353 -0.2536153063059354 0.7416273107895529 0
0 0 -0.5614036220991891 0.1419820871763904 -0.7533318328311568 0
0 0 1.4785432451276233 0.1986758969501501 0.7883767086490142 0
0 0 1.2393803000724253 -0.08296860632294491 -0.831921977718603 0
0 0 -1.0209068328966633 0.32333614549674716 0.7138780480593951 0
0 0 0.45234376791061015 0.8177505720646358 0.10650875334111957 0
0 0 -0.5932731295371078 -0.24218534364926858 0.7859333282950294 0
0 0 0.860436575772558 -0.07060188860028839 -0.8085448599314079 0
0 0 -0.25509582664695474 0.7132204504508306 0.307231406227602 0
0 0 -1.0549918390134567 -0.1899905821505276 0.8147322108879718 0
0 0 1.0999931890849068 0.25346802627871656 -0.7019709405655703 0
0 0 0.2140481420683742 0.012301212411501658 -0.769116926533245 0
0 0 -0.2793276579034165 0.5069855938149814 0.585674002661736 0
0 0 -0.9145613468681688 -0.3836650587782606 -0.6748901506244316 0
0 0 -0.3892001907855114 0.03452442955668015 0.7927160900882266 0
0 0 -1.2578942304003886 0.7839592893984744 -0.04326471763636527 0
0 0 0.2609104222784149 0.6385119079320026 0.5248225437819396 0
0 0 0.12367055215470568 -0.8292541996135531 -0.0956594305621101 0
0 0 1.457402596028289 -0.7735809580967302 -0.03975314476569636 0
0 0 -0.36437675867275665 -0.4591417114999771 -0.6573064602376816 0
0 0 -0.38808470141247975 -0.6253651407324038 -0.5269813280395883 0
0 0 1.5123084296154778 -0.5528557497052254 0.5291011505706397 0
0 0 1.4335780776656515 -0.6158386676077657 -0.5518688735476066 0
0 0 -0.04120579910659483 0.7558810442444277 -0.33744428421332456 0
0 0 1.2269192731805507 -0.7440614949539273 -0.38288801925763255 0
0 0 -1.1582357291423282 0.7942147777744659 0.08690175376705045 0
0 0 0.7994876840691552 0.05432027900331284 0.7692795689764352 0
0 0 0.9485206762977674 -0.7890388256297314 0.12739523376821693 0
0 0 -0.9870047303491438 -0.755791540980694 -0.3130044443221615 0
0 0 -1.2879018788296268 -0.5579999548221649 -0.48879726318355055 0
0 0 0.5364356961677252 -0.4084636740806739 0.6232650665221472 0
0 0 -1.1341319878313674 -0.3435306154993137 0.7414129640434107 0
0 0 -0.7189280575463665 0.5551120866258479 0.5391430460699721 0
0 0 -0.7089799403049861 -0.29762844788004844 0.7833568662335241 0
0 0 0.6297499867976448 -0.7194133655723433 0.4297514521434665 0
0 0 0.3363091239983593 0.5311268994783797 0.6484242817939013 0
0 0 0.6086206108984844 -0.15600213605926838 0.7577534360052062 0
0 0 -0.15969178452995925 -0.1377710011089468 0.7973334104852743 0
0 0 -1.5367554796569005 0.7920094511790085 0.14260297682072212 0
0 0 0.9536299944365609 0.7843235668402883 -0.06000565808509564 0
0 0 1.1240355214138997 -0.47592370701689635 0.5783283498588019 0
0 0 0.4492060033221308 0.6256460290383477 0.45202695019421024 0
0 0 -0.3963299459011236 0.6228983746194378 -0.4457926619159155 0
0 0 1.3169000898010168 -0.772643067641525 -0.17375651269694053 0
0 0 -0.7084532115116158 0.21142567358900052 -0.7535450312933862 0
0 0 1.325692594993562 -0.692619083943366 -0.4360997582636721 0
0 0 0.6437562049341086 0.7667663667680713 -0.1570691964692505 0
0 0 -0.8855021323496662 -0.41138542694691244 0.7322548320023349 0
0 0 0.6050025607353033 -0.7734147990563564 -0.024987048607011425 0
0 0 -0.6562958013740537 0.7585369185607039 0.3602748841851156 0
0 0 -1.2884655758959158 -0.6572161270489885 -0.42529999999545237 0
0 0 0.8850607080865474 0.390216800383802 -0.6573084956645789 0
0 0 0.344286270804677 -0.7136346475531299 -0.4281892629118996 0
0 0 0.3801178661696767 0.23359194989854656 0.7785941310697685 0
0 0 0.258309314999158 -0.024895354257562965 -0.8203328701512765 0
0 0 -1.2849122808711788 -0.15435707894404316 0.7684277451568127 0
0 0 -0.09534012146861182 0.27476141699522044 0.7934797701158405 0
0 0 0.929913680793879 0.4968123566374711 -0.615875754671301 0
0 0 -0.47988790241956303 -0.6134211369342295 0.4908764708369837 0
0 0 0.6441281071598204 0.7089707621552844 0.25695618159174183 0
0 0 0.7747403258624019 -0.22646987263969862 0.7965428875006206 0
0 0 -1.2137138458076557 -0.7355777724200747 -0.3424569535864846 0
0 0 0.3867655623177815 0.7257383187859974 0.23980753288751405 0
0 0 1.1913211096495195 -0.7463938044855262 0.22069589290527433 0
0 0 0.4991835401424898 -0.612875454296769 -0.4175669224647914 0
0 0 -0.6226397138940942 0.42266998338896555 -0.6132722770641433 0
0 0 0.6046488031057189 -0.7410091466910236 -0.06589721269813295 0
0 0 0.15963272657177252 -0.3094741919017359 -0.710641452416824 0
0 0 -0.1821901955879448 0.4185702818547535 -0.6185185406040201 0
0 0 0.2788425262081784 0.12496539980838256 0.7522761713226692 0
0 0 -0.12754290234723298 -0.7983327730028004 -0.2253055580462809 0
0 0 -1.2181168816630188 -0.409209346405382 0.6349608525716944 0
0 0 -0.1020119970639839 -0.7257325479133511 0.2610158290896455 0
0 0 -0.24020169909881717 -0.4726609320414618 0.6307612067100564 0
0 0 -0.9107958153574308 -0.14585884426698345 -0.7820783853376803 0
0 0 0.4941889109752542 0.7535793596190632 -0.020467527944157543 0
0 0 0.566706134133224 0.5660938933289068 0.5352360090832611 0
0 0 -0.5178691434703886 -0.8003977096407513 0.2090008097620202 0
0 0 -1.0896233686854844 -0.4919476999568662 -0.6296350124331448 0
0 0 0.6817155621166577 -0.7867875849898964 0.23535746698291274 0
0 0 -0.2054745748173743 0.7276040192690205 0.1612122805836397 0
0 0 -0.5080724021572685 -0.7514148808812622 0.29409957474194637 0
0 0 0.16176269199461224 -0.25081301348040996 0.7907891845435181 0
0 0 -0.6313850984593725 0.0400788372176822 0.7491020084533349 0
0 0 -1.1772886477676354 -0.5284769444552461 -0.5933755735594368 0
0 0 -1.3283202496057342 -0.4785495251683666 0.690079490723203 0
0 0 0.022705555524624055 -0.12767154065305597 -0.8068832137966754 0
0 0 -0.21787719633228453 -0.6672727206351313 0.4419842159339319 0
0 0 -0.02507655678204168 0.5331259263682976 -0.6206494266964525 0
0 0 1.5294920525291067 0.6943171862958634 0.46127264072085156 0
0 0 0.021888041955448134 -0.6156207025164716 0.5099663053380957 0
0 0 -0.6963254195749864 -0.05289188303009007 -0.7503902150768326 0
0 0 0.18335051141780467 0.721536530354367 -0.3347246430883611 0
0 0 -0.8669922306660818 -0.766142230209872 -0.2824778382366937 0
0 0 1.0585789080861963 0.4584290523583474 0.5928610959747503 0
0 0 -0.43631047529203415 -0.7689763288206528 -0.2600657951589616 0
0 0 0.4480364929047207 0.7025536765033505 0.4391863062954769 0
0 0 0.03765160161976522 0.17257536653393404 0.7776655289495604 0
0 0 -1.2479739232034661 0.7502846742569745 0.31122411752118456 0
0 0 -0.9886751885507358 -0.5460484914870641 0.6178983184380342 0
0 0 1.545260205726743 -0.7493581861989858 -0.21216917524885695 0
0 0 0.3666440969065832 0.5812722605325851 0.599594174371272 0
0 0 0.8168591967698675 0.37831064618408283 0.7478487913479517 0
0 0 1.3025052960267853 -0.0694185952562605 0.7801294956074805 0
0 0 1.428371210665964 -0.7170655866300998 -0.3249523238980249 0
0 0 0.018574622754869985 0.20137455513550648 0.7376591177291035 0
0 0 0.8544880970948552 0.2917089004273128 -0.7478776005900267 0
0 0 0.9232190784748582 0.5615820109124973 -0.5364135490974768 0
0 0 0.17929709975802366 0.8285070959061465 0.03258673591538452 0
0 0 -0.7620198131156096 0.7045342545996802 0.3895569187463309 0
0 0 1.29496747836493 -0.7477867495068159 -0.3510326306717193 0
0 0 1.0158290874573943 0.0940789526739366 0.7487322313607628 0
0 0 1.3029498957159782 0.3707332396380194 -0.6813994900954483 0
0 0 0.989694096976137 -0.5456500494346508 0.5211997075228952 0
0 0 -0.211466603084842 0.4552136753147841 -0.6879404474816524 0
0 0 1.3242450003342312 -0.814416790580832 -0.06551317228351891 0
0 0 -0.3696016324465996 0.7955304732119899 0.14906914431438179 0
0 0 0.732297051247528 0.47065322771699186 0.6806689397402498 0
0 0 0.6124798421611972 0.3761817959747159 0.6651143784576583 0
0 0 0.7787554505188607 0.7079002355965485 -0.2790216987401657 0
0 0 -0.7848588037235367 -0.8176630261172799 -0.06715595481201879 0
0 0 -1.4578324353645418 -0.7755048772635659 -0.008410625997882415 0
0 0 -0.3854601679675782 0.43580162841590786 0.612805724981307 0
0 0 -0.9303320426215914 -0.8144495954144616 -0.10292430672746507 0
0 0 1.2549781305079937 -0.7857097677316508 -0.20282497805277636 0
0 0 0.8556214993545401 0.7834951615547031 -0.024678451027648603 0
0 0 -0.1399494740306082 0.5109646492266974 0.5410102736820392 0
0 0 -1.3940746354504854 -0.19672486495772407 -0.7988298926368819 0
0 0 -0.8535947615452081 0.6506846080966671 0.42265660937784155 0
0 0 -1.4497752412124578 -0.47968503937677825 -0.6676587344513061 0
0 0 0.643052731965883 0.6071641043816799 -0.5319972141719972 0
0 0 -0.5904284166006724 -0.08020187653969572 -0.7570297807311578 0
0 0 -0.5440410713405395 -0.7142689719601131 -0.2774646691532802 0
0 0 -0.2177666498272992 0.7186043014095427 -0.2029565746501356 0
0 0 1.320788410907146 0.6719377166546704 -0.43943994752403526 0
0 0 -0.7320594369173573 0.5820106148108561 0.5321267614641624 0
0 0 -0.7627139446475173 -0.7758020764319363 -0.002023053340396076 0
0 0 -0.8065378776598275 -0.48553532742216676 -0.5742141555452465 0
0 0 1.1022009795122267 0.378344627514518 0.6507721664873395 0
0 0 -0.07981745281331243 0.38332181360074147 -0.633074664058663 0
0 0 1.1610146416220655 0.3819915499253753 0.6702208094185367 0
0 0 0.877768159090202 -0.766934249494377 -0.2824057561088375 0
0 0 -0.611333110608283 -0.7494608239828724 -0.07567279293921485 0
0 0 1.350790189415862 -0.12937284095835713 0.8018875835966852 0
0 0 1.3180090596131717 0.5991221892126328 0.4870489709089559 0
0 0 -1.5459767895384446 0.8018057450460156 0.1728635611542076 0
0 0 0.8350421071019678 -0.6813631525462666 -0.4660611746619873 0
0 0 0.6460373433781825 0.4715862043848039 -0.5954808444534173 0
0 0 1.1668354765851414 -0.04296944421951543 -0.8186401736035755 0
0 0 1.2013645569821683 0.7771716841887988 0.08369613771968168 0
0 0 0.9623741288030714 0.5812497371200734 -0.47463464422260954 0
0 0 -1.4057342391474708 -0.39849054717636767 -0.7138747095832615 0
0 0 -0.3868034166411589 -0.7390892207203192 0.1681173621668676 0
0 0 0.9746796183747883 -0.6491920979721861 0.5170218770049433 0
0 0 -0.04930306033423415 -0.6077256640137964 0.5392290390773483 0
0 0 0.27878305087004085 -0.6076988324095549 0.531960951542454 0
0 0 -0.9241172618222787 0.6029125114736007 -0.4794372577802869 0
0 0 -1.5048853555836705 0.49586544832062196 0.6051366357907358 0
0 0 -1.5343424576010736 0.6719662912328066 0.36781711479410895 0
0 0 1.2312188650478677 -0.7829201054414889 0.18230148670599164 0
0 0 -0.5807689473734946 0.49775080201188665 -0.5942222648976566 0
0 0 1.367837541723481 0.6561184476599183 -0.40270682972848715 0
0 0 0.7178778280994385 -0.20861176534108913 0.7445169190255317 0
0 0 -0.7520376270786115 -0.823980275548394 0.09753058701238781 0
0 0 -0.20988432564445292 -0.4363591088445798 -0.6731614824199359 0
0 0 0.4428460467928015 0.7375928365023482 0.2202396186106921 0
0 0 0.1905975637690509 -0.3618814732340683 0.7121844613006095 0
0 0 0.709242112383278 0.7622021487104003 0.01515600232310145 0
0 0 -1.2965709051161192 -0.6913586694803874 -0.42430395396447507 0
0 0 0.6744894092032818 -0.3685623987390753 0.7480484995569877 0
0 0 0.660882916715515 0.8039640523846994 0.07599804241028418 0
0 0 -0.6488021052102817 0.5479164331647411 -0.5498123536521824 0
0 0 1.187980251156311 -0.5365123047382233 0.6005673744441892 0
0 0 -1.0996312269843977 0.41739286629068734 -0.641803051564305 0
0 0 -1.444855590606315 0.16087063896519205 0.7299046893950549 0
0 0 0.4592766959183745 0.3628007751455908 0.6916562729383321 0
0 0 -0.8137447520449133 0.25380756199377746 0.7600412104972275 0
0 0 0.6318028292683149 0.5069531093256774 0.5779592037076665 0
0 0 0.6618098018356671 0.7514832933441882 0.1303784089262969 0
0 0 1.1537579825751587 -0.7586163398995902 0.307703811857114 0
0 0 0.954341968923158 -0.4351248116373611 0.6476690648084861 0
0 0 0.40443552681001216 0.06404854207568389 -0.7641713865766828 0
0 0 -1.3965139526970254 0.7725635588393696 0.1640074696050748 0
0 0 0.5342421490827127 0.16881333141876342 0.7545026249138549 0
0 0 1.1360450047511041 0.47024370786450725 -0.6696785725679504 0
0 0 0.6720197031683237 -0.2768185010597957 -0.715366142417859 0
0 0 -0.7197549584824484 -0.7718202278754006 -0.20346087467848528 0
0 0 0.813316610087147 0.5463918926238512 -0.5893854074373572 0
0 0 0.25826006529035395 -0.7384384861974018 -0.3240951756636724 0
0 0 -0.5939529587385296 -0.5521759697270763 -0.503138480648895 0
0 0 -0.07322726601701368 0.7867312694022511 0.21965675367188112 0
0 0 0.05386332618406353 0.7361004536369302 -0.38794504125398227 0
0 0 -0.1392233198995778 0.6952257194698597 0.43718382108939235 0
0 0 1.5248326409428037 -0.754683186677581 0.3647409184564545 0
0 0 -1.0827647908071976 0.6489341342219693 -0.4219573100558981 0
0 0 0.22450322489203645 0.459090384869362 -0.5928248777895552 0
0 0 0.1081129073825533 -0.024608480541675432 -0.7584117086805171 0
0 0 0.8565005707625479 -0.5316701998774621 -0.6249603171405608 0
0 0 -0.727443354141566 -0.6313360284566656 0.4534949222044478 0
0 0 1.4154459301375946 -0.7811592570156027 0.1305131204313194 0
0 0 0.36694956666680234 -0.7534011378940444 -0.1301018755131658 0
0 0 -1.4324705994631537 -0.6344175360333835 -0.5336565028103134 0
0 0 0.8583556717764806 0.7097275824161985 -0.31785619909052 0
0 0 0.44731119000205366 -0.07432271900050384 0.7762663733074896 0
0 0 -0.6032865908610158 0.7022586730644608 -0.39051936793124664 0
0 0 1.1969279837781048 0.5842616085348679 -0.5698382042023663 0
0 0 -1.1854466069521399 -0.5424529501954768 -0.6274511501095967 0
0 0 -0.6521234699273349 -0.13227765664932714 0.7779727824614204 0
0 0 -0.5462991269176911 -0.3441591529772969 -0.7213148138795658 0
0 0 0.034836768694768816 0.7421523781416185 0.2589745508925102 0
0 0 0.7184492415586017 -0.10065156022794454 0.7905121477471607 0
0 0 -0.6865980490755276 -0.14143466592240586 -0.7751298428468212 0
0 0 -1.2508807232693504 -0.09116390906757274 0.7919258295827241 0
0 0 1.5592568205220716 0.42552857658898025 0.6371019250290564 0
0 0 0.14827578204937386 0.556568542839623 0.5818616219956043 0
0 0 0.3782955669525727 -0.6839117623939452 -0.31632671312627925 0
0 0 -1.3334355209966677 -0.5905691666499591 0.5563490734432373 0
0 0 0.6286980881527007 -0.21667393706919352 0.747156359699413 0
0 0 0.11692853600339692 -0.058342150697140875 0.7624632426942644 0
0 0 -0.8646898459454463 0.2779022061628433 -0.7345835728298952 0
0 0 -1.3473870516508581 -0.41911077414561115 0.6989868284311945 0
0 0 1.2673934727671976 -0.7297189168398792 0.3785286767055089 0
0 0 1.2313049899482031 -0.2576485114713835 0.7038219066591916 0
0 0 0.31211844874031724 -0.19587062196410798 0.7829706529616779 0
0 0 1.0225868405216234 0.43635212393794687 -0.664404534339285 0
0 0 1.1758053065460183 -0.583913675655331 0.5172261661082731 0
0 0 1.3214063976602386 -0.7504701447481347 0.18908742371425213 0
0 0 -0.08716164083241451 -0.7547051715641429 0.08204822175310147 0
0 0 -0.20360939914399956 -0.43062254276665285 -0.6530431288704124 0
0 0 -0.00455188666789752 -0.781041301867212 -0.07055204984678726 0
0 0 -0.1820021590497325 -0.27719203185833313 -0.7202520771009416 0
0 0 -0.6055844284612395 0.6409375828467894 0.4941734523621101 0
0 0 -0.5176982201917724 0.5469763298049846 -0.6260173181522348 0
0 0 -0.17432350914388373 0.20630481770107542 -0.7419344404858179 0
0 0 0.37574658701474983 -0.4939936035153677 0.6084992917449543 0
0 0 -0.7076741041732535 -0.14892026934393254 0.8105249951442868 0
0 0 -1.3229684589579715 -0.01930778636653055 0.8040827541679458 0
0 0 0.5505579442466502 0.6544454822363079 0.3955259967745894 0
0 0 1.0359865930998375 0.0007342771533341145 -0.7815833548617613 0
0 0 0.7498341711458489 -0.21947332533117536 -0.7761930740554542 0
0 0 -1.0589081277420642 0.6995092165376219 -0.29364295590265976 0
0 0 -0.2985354299209628 0.6544962381169911 -0.4040762259893017 0
0 0 0.07051785151874679 -0.08815647423763207 0.8135336749760392 0
0 0 -1.1942636089637784 0.7922262599190733 -0.09491107535626488 0
0 0 1.3674537703180265 -0.14120120321570734 0.7591742837553361 0
0 0 -0.4800849314152096 -0.7648579158896184 -0.21367679759360417 0
0 0 1.5399910032562452 0.7847639857640739 -0.23742988423925146 0
0 0 1.2666405115906563 0.4962821907269558 0.613406950002366 0
0 0 0.487411571839548 0.7740671893172604 -0.2075985374516314 0
0 0 1.5346405112868782 -0.5792384768239617 -0.5194842682127794 0
0 0 -0.23008912450472252 -0.5085142257191012 -0.6327804872167212 0
0 0 1.5681678806744324 0.701661241363123 -0.4441844304191283 0
0 0 -1.2701988524208445 -0.6433066379444284 0.5165056022565057 0
0 0 0.9198641915510386 0.465337386828676 -0.5964484411069774 0
0 0 -1.1337365002464137 0.6317452785840455 -0.4142430842098784 0
0 0 -1.4920848360654484 0.7954808744451255 0.18629589029955837 0
0 0 -0.34264839398467073 0.342271561195583 -0.6956291861811599 0
0 0 1.0940509345931049 0.6657546190854878 -0.35754773617507163 0
0 0 -0.6257710914451747 0.6133010218498557 -0.5130745539508396 0
0 0 1.099750014967364 0.4878285961889237 0.594591685573327 0
0 0 -0.32946736460302906 -0.5273418050676187 0.5317812876907465 0
0 0 -0.9879379314724107 0.769457580500793 0.2280598013322262 0
0 0 1.105441680055204 -0.36348940451662737 0.6963803998659294 0
0 0 -1.404919791397519 0.5746168776924225 0.490044351436027 0
0 0 -0.12751068750756755 -0.1195885698145437 0.7577217317903977 0
0 0 0.43225841873906967 -0.28564350942125527 0.7537535285601347 0
0 0 -0.4878184171950277 0.7088778727632854 -0.33711132498550833 0
0 0 -0.760638482316799 -0.2564668125548708 -0.7100156207884123 0
0 0 1.4927948347393265 0.23226263584166346 0.7523890555837126 0
0 0 0.5277614551905034 0.8293974906849872 0.06723868389049825 0
0 0 -0.16363855513395587 -0.42326315628189815 -0.6275769269888238 0
0 0 -0.9029486729305893 0.4896657746518868 -0.6372663060775734 0
0 0 -0.78282137669059 -0.7501629887239191 0.19255548291332733 0
0 0 1.0117859307345913 -0.32690770100552197 0.703926418576914 0
0 0 1.3642361331644568 -0.5265257600348481 0.5457821002999318 0
0 0 -0.7342595598614063 -0.23277310330518783 -0.8027137941507284 0
0 0 0.3749940642532963 0.7141539510151512 -0.42449720554529746 0
0 0 0.20585612439256984 0.8012334520330602 -0.10813634369650375 0
0 0 -0.3345200910564696 0.7697451757417466 -0.33178093542999665 0
0 0 -1.548480659920154 -0.7458262305312872 0.12559241170004146 0
0 0 1.4054870986731651 -0.403401454321746 -0.6381420570879207 0
0 0 0.3876858398131766 0.6891534052848205 -0.4571702277200038 0
0 0 0.9737075310054744 -0.7267551852302484 0.1820331803684304 0
0 0 -1.4031524707934238 -0.08303457812143308 -0.8126896959802459 0
0 0 0.7935567515240995 0.7861922975286132 0.09978662401321589 0
0 0 0.2981894145341124 0.0833347908380588 0.7803609637029164 0
0 0 -0.8791467939591497 -0.7033275611156419 0.24726155877841996 0
0 0 0.3751119091957056 -0.2612429671925046 -0.7829411539182363 0
0 0 -0.48170668550810425 0.8069537893725941 -0.2138487812481609 0
0 0 0.7381739846751221 0.6873901140596143 -0.30246248437077866 0
0 0 -0.0037168769887416797 -0.22458270190739746 0.7771435991350086 0
0 0 1.353346036671362 -0.5351961150056459 -0.5863515003715933 0
0 0 0.2211234778114608 -0.7116789064349028 0.2886372428153166 0
0 0 -0.10058532526982789 0.7976156802731804 0.021689762841736574 0
0 0 0.3964572227969405 0.313053783451585 -0.7335676977800163 0
0 0 -1.2606384082128976 0.7217708100932431 -0.3104416158057622 0
0 0 1.3227978089914205 0.7530345737546462 0.24544992447710315 0
0 0 -1.3578541964651636 -0.77720893274022 -0.13204456456273364 0
0 0 -0.3438512383272243 -0.2891845396422808 0.6957254833467694 0
0 0 -1.2996658077037249 -0.6730567685443678 0.4734954568812855 0
0 0 0.45994069868560183 0.7227862599291951 0.24566288414956478 0
0 0 -0.1375691102519334 0.7293317983772166 0.41439803147036564 0
0 0 0.7942960559046117 0.7458161557760224 0.1509499029855091 0
0 0 -0.46071153146900956 -0.38750352588139514 -0.7324940850201518 0
0 0 0.7484876560506324 -0.8131758516332284 0.10279241416375565 0
0 0 -0.7150880334242503 0.5176258990992978 0.6371289611450419 0
0 0 -0.37979936417138105 -0.6369872405983676 0.40588801688443227 0
0 0 -1.48840741607424 0.5718802472589617 0.4727665743699218 0
0 0 0.8478157002282041 0.4725485512596644 0.5918517446415824 0
0 0 0.8996403066628509 0.7327626735857563 -0.10391942448763931 0
0 0 -0.6737518770455901 -0.04369077310215426 -0.780553223690123 0
0 0 1.3850805554937837 -0.5826635257117265 0.5114624559500422 0
0 0 1.1932466305144591 0.6927112655010157 0.39959511576435425 0
0 0 0.3671266801223634 0.7652572558005662 0.007167218221084551 0
0 0 0.03267451241631125 0.773415429755 -0.22505141434225742 0
0 0 1.415383661013288 -0.27820994665113297 -0.7411147518777462 0
0 0 0.9114948783173578 -0.676906213384607 0.4290637087393908 0
0 0 -1.404728887101324 0.09005342394238174 -0.747326576227042 0
0 0 1.4816254790998977 0.7925727289689326 -0.16983747240651936 0
0 0 1.4851992648147396 -0.5236827176664165 -0.600502874578378 0
0 0 1.5233391625813018 0.47773851992266725 -0.6779576096600509 0
0 0 -0.8801406838262099 0.7303976763249567 -0.37336937363006023 0
0 0 -0.24551417871251524 0.5789539713137294 0.5484890200838041 0
0 0 -0.48206196732464535 -0.6032030449100992 0.5467473430032549 0
0 0 0.253461919533817 -0.018477342144519238 0.7645752117170546 0
0 0 -0.9223264213871507 -0.09556242469287721 0.7381856990621023 0
0 0 0.7210959366321803 0.5412846977386326 0.5370285541043986 0
0 0 -0.6745294111042752 -0.02025841379253072 -0.7633925262793069 0
0 0 -0.4441453673622384 0.6472269462371741 -0.41505833000092934 0
0 0 0.13244786813075238 0.08090879863565693 0.799576260581012 0
0 0 -0.018054923054076966 -0.7529776230645538 0.26906950779736427 0
0 0 -0.05463230913964057 0.43577891583537803 -0.6218140935546407 0
0 0 -0.42004649836067265 -0.08876106720946797 -0.828051338643604 0
0 0 -0.9090556448751286 0.4055583686728038 0.6862493647165762 0
0 0 -1.46340662912771 -0.6472336572494447 -0.5332362445654732 0
0 0 -0.73869552666975 -0.3365662975429982 0.7664582724765295 0
0 0 0.9031035897123232 0.7407469931025109 -0.3457947985572144 0
0 0 1.3228704846569932 0.05972193631457489 -0.7892317657715664 0
0 0 0.8207461404072696 -0.7676431784245449 0.00912636347248776 0
0 0 1.5153848090071738 -0.5338973890492884 -0.5807909441699891 0
0 0 -1.2794767833449727 0.8249976755190567 0.0946008165994862 0
0 0 -0.8012998478456322 -0.027384305025684716 -0.813060363114081 0
0 0 1.2505362440357173 0.7618270307746325 -0.07514921196817634 0
0 0 1.0503021851392855 0.33999460596593045 0.6893692176934594 0
0 0 -0.8719724066261068 0.027943654879841694 0.8235305233262302 0
0 0 -0.7371589768695701 0.2258090195023954 0.7481828772150199 0
0 0 -0.7585821037786987 0.7921199441344088 -0.0167181450934237 0
0 0 -0.38243648729046975 -0.681646446025771 0.3242572300983611 0
0 0 -0.8087478031730972 0.3902422230771249 -0.7102031103682449 0
0 0 -0.2014467292413078 -0.1979997987989974 -0.7671453252470992 0
0 0 -0.7494857825985208 -0.5299347177879647 -0.5630347030443505 0
0 0 0.1558502510924289 0.5891795133732791 -0.4794830418056965 0
0 0 1.2321742281294816 -0.7396066369205136 -0.2839366013352996 0
0 0 -1.4949697316929627 0.8212392345534681 0.006160896141135545 0
0 0 -0.41740274609570394 0.7329900668887377 -0.12528155759954943 0
0 0 -0.8918637978674796 0.7243852690216558 -0.23558756117373522 0
0 0 1.457369714827462 0.20671905245129224 -0.7822707099910068 0
0 0 -0.8747046942747305 -0.2890310320677931 0.7553807830015851 0
0 0 0.11617691950589015 -0.6181044124810364 -0.4070323372034526 0
0 0 -1.2813466028276936 -0.5119619961304702 0.5797907854982072 0
0 0 -1.3809449811753851 0.4963048583452309 -0.6694397055827054 0
0 0 -0.2839148590982974 0.5481085959112976 0.5723192641665572 0
0 0 0.13603895443085423 -0.7231125995292116 0.42448729975982197 0
0 0 0.09845858102805871 0.7585935130071929 0.12822386155511234 0
0 0 -0.11108251624888155 0.693581560090487 0.26731770921273795 0
0 0 -1.2520897924917218 -0.5071087789405418 0.648204679232632 0
0 0 1.05327668526997 -0.6507609268916225 -0.3887619306006417 0
0 0 -0.9445007792152986 0.5291869865489877 0.5375835257584493 0
0 0 -0.14120324151949948 -0.762451677935218 0.0798197546164098 0
0 0 0.30263885115980194 -0.22743163566012572 -0.7500235395330155 0
0 0 0.3841598389159635 0.12794029452510627 0.8043836142858941 0
0 0 0.8357355885829425 0.7829289414659469 -0.15520709986844827 0
0 0 -0.27441020226138146 0.8099012356583561 -0.18636920498535178 0
0 0 1.340160615871259 0.5082519862602762 -0.6199266167318737 0
0 0 0.7677854134498796 -0.023105591318746434 0.8160393283910982 0
0 0 0.7221719305166197 0.2286462490838928 0.7491226587768898 0
0 0 1.4305042555355723 -0.6310767920193633 -0.390312610967719 0
0 0 0.45197716778863617 0.5816077098561947 -0.48659929208503994 0
0 0 -0.20099783690038353 0.6776643897919314 -0.3169956540771053 0
0 0 1.033489148017809 -0.15804434060807737 -0.7342807870873442 0
0 0 -0.4880775511667126 -0.576113559790011 0.5607391968519896 0
0 0 0.2616142523565128 -0.7567624121029595 -0.2907468084281145 0
0 0 -0.5295002370607891 -0.28476730807420997 -0.7096036042675953 0
0 0 0.057598136977150105 -0.8074750335211364 0.0045778768263582525 0
0 0 0.7508563481056343 0.7009727534269576 -0.33888107080701035 0
0 0 -0.6739632416532657 0.641600061099161 -0.4851280112905455 0
0 0 -1.171192156122435 0.4999090916974607 -0.6509947589200982 0
0 0 -1.0438185850964494 0.7159316934560003 0.3414825785845679 0
0 0 -0.21705057774291503 -0.7871264708113258 0.07329492282083717 0
0 0 0.1340893523929052 -0.7216107468334662 -0.3154180503815459 0
0 0 1.309044151956003 -0.6954633167711706 0.2992216920640014 0
0 0 -0.3594564579515278 -0.7147703054235631 0.2732328057001612 0
0 0 -0.8147604987834937 0.26772066656815807 0.7780594342564944 0
0 0 -1.5703369159320746 -0.47793059577976 -0.6663837848708593 0
0 0 -0.6819976633958883 -0.3608392498965994 -0.6991640057568848 0
0 0 -0.6946117228942873 0.44049069205775054 0.6799762602190272 0
0 0 -1.4772649586382725 -0.000360964827445162 -0.8094981735545023 0
0 0 0.09657844884135192 0.3407825273161078 0.7018676255767218 0
0 0 -1.0819738775082481 0.8112126350754999 0.011851725706496126 0
0 0 1.0772030974096838 -0.6933411123812405 -0.44819669058684236 0
0 0 -0.17129180060636395 0.30080555422727595 0.7352127731391794 0
0 0 -0.4016758927747597 -0.41237128267969575 -0.626122295741926 0
0 0 0.28259115616313313 -0.3520549996185826 0.714398259421412 0
0 0 -0.7647635763356839 0.04383804597195414 0.7420178109635583 0
0 0 -0.3864999865170473 -0.7422744895278511 0.23310965734918118 0
0 0 0.27760066595888455 -0.8181984759025429 0.08817112860056939 0
0 0 -0.6898857947776453 0.7602282760498303 0.17209539135217744 0
0 0 0.3664594685611011 -0.12834372314780812 -0.7405274242090406 0
0 0 -1.2227169798241588 -0.18791064932676543 0.7214758188103029 0
0 0 -0.863001139603237 -0.17194556596780916 0.7510997918916794 0
0 0 -0.2232986462847295 -0.09714972167783154 0.7713487846613278 0
0 0 0.7591752072648696 0.48201581718589265 -0.680010279672834 0
0 0 0.2828558287659997 -0.5109136619215034 0.6454684146278615 0
0 0 -1.1686780890806467 0.5863791626064434 0.5708256832563392 0
0 0 1.0224346027709221 0.8266406388712482 0.05940964490151115 0
0 0 0.09964041445397798 0.5497455206446605 0.4958191271450663 0
0 0 1.5079922364381289 -0.32587433682937617 -0.7045576678742453 0
0 0 0.7360266132031361 0.7320195352156764 -0.14236052209773117 0
0 0 -1.2500747385814102 -0.824470397532883 -0.0028699224347530717 0
0 0 -0.280288528598853 0.498942815112899 0.6492815775923917 0
0 0 -0.2536820299899061 0.7429214345520875 0.1359198302238284 0
0 0 -1.3941767658629403 -0.6130472033804479 0.5363693088650157 0
0 0 -1.5314906420330865 -0.8010445013661264 0.1847276696041223 0
0 0 0.8844224401328686 0.8237867025592461 0.0423688699762437 0
0 0 -0.38924267251791056 -0.34043817033593116 -0.7126598652562837 0
0 0 -0.20240054757079617 0.06902726336088032 -0.8092961164228589 0
0 0 -0.8657533463057332 0.8359954728763878 0.043358974836796786 0
0 0 1.0884547928938164 -0.45135390781830115 0.7054970194491587 0
0 0 1.4683628344421837 -0.33579186267410877 0.7494634399467075 0
0 0 0.9085296510953444 0.6033944737183121 -0.5314883005904653 0
0 0 -0.8746737384828721 -0.45989660270823185 0.5991808860361119 0
0 0 -0.27556221497427 0.3632138614542296 -0.657048697654728 0
0 0 -1.062881509991087 -0.47210945432607115 -0.6204843996068725 0
0 0 0.060635704493303244 -0.640702754224347 0.47405996194824823 0
0 0 -0.4005214851309169 0.0017437472110598297 0.8319182015139334 0
0 0 -1.0668155512003403 -0.3964261008438365 0.6320541226782127 0
0 0 0.39954969687112984 0.6336125034137561 0.4264835742426518 0
0 0 1.3228066359027073 -0.7288049676281522 0.20075068329924622 0
0 0 1.158479519261868 0.631001281939849 -0.5434884728297279 0
0 0 1.5371827158761469 -0.48412253955175844 0.679659943026152 0
0 0 0.815917067613781 0.27576239347447223 -0.7255128692235651 0
0 0 0.9892011118378656 0.7475139138507556 -0.20822047303110466 0
0 0 -1.4597347111680223 0.7786909326751723 -0.29379457785217156 0
0 0 -1.1839714724076955 -0.1908154504383763 0.8035425984115531 0
0 0 0.030513103887099602 -0.7920564647042949 0.16216813077004436 0
0 0 -0.9724096897621834 0.7450895537775856 0.07720365314191475 0
0 0 -1.2567960296620049 0.41612479428011273 0.6137773474419137 0
0 0 0.6547118418250086 0.044927498024747915 -0.7939235353872706 0
0 0 1.0342311958787302 -0.7718008175666318 0.05014210045240307 0
0 0 -0.10295149300526951 0.49842409135311755 0.5660505993997788 0
0 0 -1.4358392015766084 0.4089170801929709 -0.6949551208111994 0
0 0 1.1100464883640857 -0.46537978898160376 0.6661066424762819 0
0 0 0.8301054257359084 0.4557264061499386 0.6101739510022215 0
0 0 1.0920178380077696 0.2767620877631374 -0.7013321333578897 0
0 0 -0.6353705154392971 -0.7547414958848669 -0.18299350599838127 0
0 0 0.14665512880982545 0.7602591106193756 0.13979997820396028 0
0 0 -0.6771990838819184 -0.7868914400471366 -0.2176550724973987 0
0 0 1.4738108398787797 0.5446610355240548 -0.5218825678316734 0
0 0 0.22532814876508978 0.7743733027627621 0.2653769337724683 0
0 0 1.191174521286733 -0.026377311555225078 -0.8245847254925399 0
0 0 -0.8085106329386524 -0.49554848382952815 0.6206430549426558 0
0 0 -1.351960929239708 -0.3281648898684496 0.7641930335194833 0
0 0 1.4019413227924717 -0.5328690908420768 0.6332625730178688 0
0 0 -1.3610695790618008 -0.8030592860264032 0.010525603563771928 0
0 0 0.7613681629080054 -0.14671942707899752 -0.7295702525248207 0
0 0 -0.06634177660284313 0.2860352811258297 0.6866907970630257 0
0 0 -0.9282513220448789 -0.6264719925336106 0.4045978094289451 0
0 0 -0.9364531810965807 0.16615608527706824 0.7539943219210705 0
0 0 -0.6258854154683258 -0.6563866685592399 0.3792809213783624 0
0 0 -0.27891118639585133 0.612891257501934 0.556236487061182 0
0 0 -0.670795550605803 0.7289866141952813 -0.23798386709179337 0
0 0 0.9115578483250188 -0.18585716034670902 0.742565813047374 0
0 0 -0.803983407093233 0.7800247225255227 0.14511505738013314 0
0 0 -0.005935881408519306 0.7704509019699018 0.1661257830229535 0
0 0 -1.5660070120162952 0.7399040753530511 -0.28586531454986414 0
0 0 0.37250621104424075 -0.14580728199222073 -0.8000691363741238 0
0 0 -0.8185789696991748 0.755024329005387 -0.07431960809436322 0
0 0 -0.27930915064905637 0.7593677746805959 -0.10262422189167685 0
0 0 -1.278236823509531 0.4551089007687725 0.6424569400695193 0
0 0 -1.3214898835318944 -0.7061454591763094 0.39187543129289265 0
0 0 -0.6496071984702475 -0.544111733957059 0.5925450831075764 0
0 0 1.5432426270207271 0.6016975072481349 0.513448246000478 0
0 0 1.209410651702044 -0.6033166813651966 -0.5240483393452715 0
0 0 -0.9556329199761866 -0.5694963144460479 0.48731948755192955 0
0 0 -1.5064664943793264 -0.34527291823388156 0.7243181397408318 0
0 0 -1.3972180182815737 -0.1577168765885737 0.8090568441380729 0
0 0 0.1492154806272481 0.21130634981238905 -0.8089878792334864 0
0 0 -0.7447104965564421 -0.6300067278094714 -0.4307540150238288 0
0 0 1.0033726769842324 0.7058258431084474 0.44646747772150963 0
0 0 -0.07464662916017639 0.23982795810827087 0.7464946233630203 0
0 0 -0.15518216231091286 0.6296832398563852 -0.4384172799696877 0
0 0 1.150598608117416 -0.2927678659123596 0.7193478750113699 0
0 0 0.906139157159692 -0.5781113579729475 0.5624199028208601 0
0 0 -1.0367550116374877 0.0778964445792429 -0.754348947447776 0
0 0 -1.013632291594531 0.2713101549071579 -0.791742568853381 0
0 0 1.4070043297718757 -0.800260927781103 -0.045317928366451 0
0 0 0.7711020185322406 -0.1501620964375258 0.7857262124783145 0
0 0 0.3463814539015613 -0.8138246603633538 0.2056329656673322 0
0 0 0.9900428734044469 -0.6697030943740017 0.4017483550551557 0
0 0 0.5243394891888702 -0.7299878369387766 -0.3162532841091392 0
0 0 0.19159752750021064 0.628400579993695 0.4789287823312362 0
0 0 -1.5594498050877137 0.8093082873478109 0.2008495959029529 0
0 0 0.15400971580683143 -0.35939371040721474 -0.7264821596827006 0
0 0 -0.12126894738682559 0.2416233607801571 0.7849068025347284 0
0 0 0.31484025408354777 0.6111516004025837 0.43431456549294145 0
0 0 1.088628594208299 0.16635993823453388 0.7570860656702032 0
0 0 0.6264875413465725 0.251272225258363 0.7873029376204168 0
0 0 1.4841197007385705 -0.4513891890414503 -0.6513886097612048 0
0 0 1.0140279139582602 0.4746716916622471 0.5772028047089582 0
0 0 1.534016872656129 -0.38077241406180984 0.6779553394522112 0
0 0 -0.22507411799210875 0.42436302657582387 0.7092677532757399 0
0 0 0.18523273637285076 -0.4915300997141989 -0.593242002350016 0
0 0 -1.4211951800619544 0.423610089069792 0.7146769449195756 0
0 0 0.703650550883566 0.6634709827383143 -0.4263734687120663 0
0 0 0.4235374249407464 0.7338188651063855 -0.1647666924431719 0
0 0 -1.5399500698698583 -0.01403888643617428 0.8086687682416855 0
0 0 1.510002285116458 0.4605324008032025 -0.616388724918753 0
0 0 -1.0636594564402113 0.2763870142820871 0.7484403378195384 0
0 0 -0.6339806468676283 0.05472351521201128 -0.7732778155983256 0
0 0 -1.4370491060103172 -0.5910982927920698 -0.5829305871992798 0
0 0 0.47284768380583486 0.6129093925821953 0.49607583262086596 0
0 0 -0.6975912808384768 -0.5714094834175736 0.6079532934082837 0
0 0 -0.8001722822073135 -0.6274292036179997 0.5120151978874116 0
0 0 -0.4487454439220513 0.06412520061509275 0.7928901113997077 0
0 0 0.9651648713792507 0.793785538309218 -0.1282791779994239 0
0 0 -1.0122051576855227 -0.17805092087131663 0.7233522127705657 0
0 0 1.4958201718647 0.14317757261727052 -0.8173527506005981 0
0 0 0.7453573440877586 0.42749537588758413 -0.6424109823774098 0
0 0 -0.7754281065899812 -0.7523100852398694 -0.1702174226939418 0
0 0 -1.3923112780961249 -0.7501792008031916 0.11262827408912945 0
0 0 -0.01951857011508129 -0.2680823951226017 -0.7450823734088836 0
0 0 0.8360567585098613 -0.2203689490195917 -0.7813266299443394 0
0 0 -1.5666361279693466 -0.5111993991310455 -0.6110327955093549 0
0 0 -1.4074887504410414 -0.7267093037884492 -0.2878223799962208 0
0 0 0.07938129789209136 -0.23256366158136935 -0.7490648951196578 0
0 0 1.3036723419859522 0.291458856623795 -0.762065397930743 0
0 0 0.5889414537263691 0.28905991258173097 -0.756164397980078 0
0 0 -0.04891198795048912 0.7921757112417129 0.25587302869741274 0
0 0 -0.6686082019824875 0.3800260349171725 -0.7022358892581567 0
0 0 0.5542448603816492 0.4854270505671838 0.6769560649630147 0
0 0 -0.8614783264819733 -0.44086243999338626 -0.6094048319685363 0
0 0 1.1908238288972188 0.34019056386069496 -0.7634779030996962 0
0 0 1.264177349503591 -0.6507931613899117 -0.517884732901815 0
0 0 -1.1175808779823564 0.6320631484586362 -0.4975495632114454 0
0 0 -1.4103016401057067 0.7861832283434769 0.2580216920004186 0
0 0 -0.2107586803104371 -0.3009749862449532 -0.7729345949802287 0
0 0 -0.37921102733773715 0.6609958319483433 -0.39357749509374285 0
0 0 -1.1881670704010825 0.03746358372410368 0.7506509791130739 0
0 0 0.18687036826966397 0.48796306384362714 0.5837919874065493 0
0 0 -0.32074531688452534 0.29750900130373076 -0.7465783729629195 0
0 0 -0.984327099504362 0.7671749653524378 0.05565296559787834 0
0 0 -0.8692069483283663 0.7498629993239782 0.02967437884209894 0
0 0 0.3719096562815045 -0.3304604657376249 -0.7660593758390238 0
0 0 -0.21228320398751133 0.7473897847918979 0.26968620968068235 0
0 0 -0.06802058824487145 -0.5523964281445345 0.5705618709834173 0
0 0 1.5031236303962432 -0.6061470405007133 -0.4993784104739404 0
0 0 -0.5452067930516507 0.6739386910153329 -0.4071054563216549 0
0 0 0.15806220962053152 -0.2582872000868766 -0.7506123972720616 0
0 0 -0.8333105573510103 0.7003460827910176 -0.24660327510130808 0
0 0 -0.17280736142863518 0.5207013611075821 -0.5724694333849982 0
0 0 0.22646146095649167 0.7609382857157313 0.07022421932163 0
0 0 -1.4454712667137555 -0.6948778587455514 -0.398961121475047 0
0 0 -0.543005119830583 0.6130305958600656 0.4583649919811768 0
0 0 0.0124224146593519 0.17853830614583663 0.7719531762757845 0
0 0 -0.03674881605876812 -0.6916580330293974 0.3473078877930728 0
0 0 0.7333291883715294 0.36433897252608727 0.7150210737368031 0
0 0 0.09219003487266675 0.6867809364721011 0.4008925966419558 0
0 0 0.19571212216420575 0.6894884662942701 0.35873827190152885 0
0 0 1.1820502670604514 -0.37018938265959794 -0.6719278817172334 0
0 0 0.8951805520875817 0.6226468485225243 0.4124114743244601 0
0 0 -1.1716003103482744 -0.5249668816717226 -0.5798146851763781 0
0 0 0.8477594405224891 -0.6594147052970499 -0.43975245963583354 0
0 0 -1.1051857223145096 -0.39807567813035 0.690197920672631 0
0 0 1.4508288053716516 -0.4829194206838476 0.6564505473707084 0
0 0 -0.8294242783561638 -0.49127907071885035 0.5972213934826855 0
0 0 1.5576153994500728 0.5759944187215723 -0.5874855084609694 0
0 0 1.4502142460722638 -0.2413079102302385 0.7500842101216935 0
0 0 1.5650946767971758 -0.7402775958304554 0.2480601166717389 0
0 0 0.8171936163223004 0.7610027662421669 -0.2039811607264471 0
0 0 -0.5136710312141304 -0.19104245839545947 -0.7476390378793581 0
0 0 -0.6361204054786009 -0.48544778101468494 0.5764780102966881 0
0 0 -1.2026174122746767 0.26541444559715616 0.6969912516598672 0
0 0 -1.3504942800522546 -0.6780736333281444 0.3235106987450917 0
0 0 -1.344117123867022 -0.16975723705755869 -0.760322812754169 0
0 0 1.1056073294180715 -0.3285592439566314 0.7471141862771168 0
0 0 1.3254625928690769 0.5751986203526409 -0.49965907003681254 0
0 0 0.40612689305815897 0.6275971252155783 -0.41348879735914457 0
0 0 0.8781578858843484 -0.19271505726273322 -0.7714355544628486 0
0 0 -0.8007193021378844 0.7158720042326354 0.2830910613893124 0
0 0 -0.6083218176963826 0.776317025846312 -0.13207684583173715 0
0 0 0.039659029132085744 -0.5382635619044405 0.64086160261522 0
0 0 -0.3902316284087093 -0.7430244804843364 -0.32090248421856304 0
0 0 0.9027260165578914 -0.7460242174373147 0.33793749033264336 0
0 0 -0.7392926325014645 -0.47999322886204093 0.6861663510702303 0
0 0 -1.400838270996 -0.565148447800435 -0.5173520094537623 0
0 0 -1.1336368510518737 -0.24730500580588854 -0.7255020025492491 0
0 0 1.157601062428819 -0.6165734514754846 0.49674375365044626 0
0 0 -0.1187042167820882 -0.39062339074923264 -0.6655550768037654 0
0 0 -0.9349926495855668 -0.17449716149847225 -0.7793113501388808 0
0 0 -0.2789794300652908 -0.7624154601004093 -0.15490114666882038 0
0 0 -0.43331966578968073 -0.7494370497719246 0.03887130421851889 0
0 0 -0.9888751807564039 0.8077356814295171 -0.050714400865127525 0
0 0 1.0409028053618155 0.38372927050188815 0.6347928535581686 0
0 0 -0.15370830352555975 0.7503092932644024 0.013761050025028141 0
0 0 0.32745656381461963 0.6651366722207639 -0.41346193474648874 0
0 0 0.8794540828348767 -0.8105136407914767 0.05738536903758187 0
0 0 -0.8029511232279041 -0.769805960708528 -0.15291888220459277 0
0 0 -1.1483271843268419 -0.7062517154593178 0.301810876524492 0
0 0 0.02393521544439503 0.7538078141726405 -0.03142221435130166 0
0 0 0.7962205719451356 0.4331615559007382 0.6617898990653227 0
0 0 0.7891239770658851 -0.431286969193081 -0.6906042216220782 0
0 0 0.4585495366900445 0.3094614599995949 -0.7726217969783468 0
0 0 0.5603187229904854 0.6714458445413195 0.33704392781218384 0
0 0 -1.3489591661149054 0.6086523839819514 -0.43174270431545936 0
0 0 1.155381891485232 -0.5691559569520681 0.5527471379318861 0
0 0 0.6652313272148942 -0.767215641347549 0.2417661869680095 0
0 0 0.3024632636761737 -0.7275735174849691 -0.19595088939559077 0
0 0 -1.148519176736512 0.6637533124275372 -0.45469074430585504 0
0 0 1.158594180389708 0.5673441844737688 0.4796860631330564 0
0 0 -0.6930341813344778 -0.6910460776412438 -0.457463296349322 0
0 0 -0.3358199959528292 0.4904380044215424 -0.5621560905626302 0
0 0 1.2432969595554835 0.4744002968579629 0.674290045194655 0
0 0 0.0711562818262228 -0.10831253840169365 -0.8206907070768944 0
0 0 -0.5845176143394303 0.6884922074829551 -0.2855378114677321 0
0 0 -1.3115956766885857 0.6191386326328985 -0.5202614734431527 0
0 0 0.6872931918902005 -0.6218447988121719 0.4718673795787446 0
0 0 0.5317057448688067 -0.2723241578429303 0.7817331528075435 0
0 0 -0.7784821539729863 -0.25757524492006045 -0.7849970008361369 0
0 0 0.028595904865781785 0.36776378957452915 0.6833601939357521 0
0 0 0.1189601789880479 0.3955587160689581 -0.7237198795005819 0
0 0 -1.1538341324763355 0.7087471431392067 0.3833905972765295 0
0 0 1.2135057817735104 0.27883111824483947 -0.7774365483086082 0
0 0 -0.32469000474771037 0.49384356060955886 -0.6530881672429494 0
0 0 -1.5082730489233773 -0.7636211730352904 -0.13055285088712917 0
0 0 1.1352705701605137 -0.06383924737142394 0.8020114086367716 0
0 0 -0.8821778039659233 0.21290359935478517 -0.7109527876699313 0
0 0 -1.1655960705914756 -0.6703113303442605 0.3944595480443314 0
0 0 -0.9460016607358384 -0.3755646269034288 -0.7341048179357432 0
0 0 -0.9482137821166462 -0.421993904323994 -0.7197481796910333 0
0 0 0.9066632624177644 -0.7529476775282871 0.3632593704127557 0
0 0 -0.6763920627789545 0.7791097030026661 -0.01710803381528002 0
0 0 -0.7487264657358181 0.7679014437776153 0.018972386289010365 0
0 0 -0.16870512203085064 0.6491070286685436 -0.3711208223293673 0
0 0 -0.7905222216757901 -0.8384095100732424 -0.006306030302891236 0
0 0 -0.17800110069184205 0.5851570502291527 -0.5963510084198178 0
0 0 1.5325706394422682 -0.5021483512007784 0.6122012359278319 0
0 0 -0.8018002290493131 0.6930781713677886 0.3371670541241503 0
0 0 -0.6184905879921428 0.193760465604617 0.7528283146184244 0
0 0 1.4898990931514327 -0.6176583342099594 -0.5607914446986143 0
0 0 -0.8891213974947695 -0.5948388078621601 0.5292805206224933 0
0 0 0.8084584556475418 -0.680718738726806 0.29726671711326375 0
0 0 -0.8623470310219632 -0.1459224713405705 0.7778291601795491 0
0 0 -1.261569612048474 -0.7856397284818704 0.006061087911580576 0
0 0 0.13256599043218498 -0.5510399624847546 0.529216810511712 0
0 0 1.5049808366259185 -0.6517075533540121 0.42326046341967555 0
0 0 0.357696143140104 -0.04330262775893747 -0.7776619006717971 0
0 0 -1.44813755461567 0.30914084369364614 0.7523647029066798 0
0 0 -1.5007113774157128 -0.6806531329659756 -0.3333309606359232 0
0 0 1.1366736205656718 -0.19212278243829856 -0.7572892308125531 0
0 0 1.268395928854233 -0.15366015338525485 -0.7902714881897566 0
0 0 0.04585977173746647 -0.6287871814590047 -0.4418668861091868 0
0 0 -1.4557806614943396 -0.272217201173978 -0.7253152424369325 0
0 0 1.4431907632110366 -0.7472010903718088 -0.3832414058166253 0
0 0 0.23269387057798707 0.4454095900876922 0.6389412929881234 0
0 0 -0.7550409725787515 0.0874412472389835 0.7779518571202344 0
0 0 -1.5543337922537046 -0.7835608972787612 0.13266120112456278 0
0 0 -0.21406321109287618 -0.7214420875388925 -0.36954802451906416 0
0 0 -1.3469182361391063 0.38752582176429895 0.7096244357326086 0
0 0 0.7548747027927822 -0.10166440227160696 -0.7977479279980789 0
0 0 -0.6852455574032678 0.6559054320068977 -0.46198402075287254 0
0 0 -0.8391384702209633 -0.7068449344384103 -0.34879646990332275 0
0 0 0.7752961360678565 -0.4985907366242281 -0.661441637801511 0
0 0 0.799047221720814 -0.8052918762101788 -0.1886872718149276 0
0 0 -1.2641858075474353 -0.7711924625352312 0.2506729768676759 0
0 0 -0.6710375375319507 0.5693677538444181 -0.5000306857802925 0
0 0 -0.586592316517365 0.1339540524089879 -0.730813338877029 0
0 0 0.6397361235464314 -0.7007003108532474 -0.2850026255664372 0
0 0 -1.3422856135600647 0.15125131994172095 0.7767078625532745 0
0 0 -0.1977319699404101 -0.4879436449095048 0.569899326222246 0
0 0 -0.5551877960516767 0.685713711937159 0.4495746804633412 0
0 0 -0.15284479076018487 -0.1127745496582182 0.7901984910212276 0
0 0 -0.2840881342168782 -0.05111856543217313 0.802504820354506 0
0 0 0.8124072128603625 0.8100563025316047 -0.1596762447519051 0
0 0 0.445369984638734 -0.5501525068707372 -0.607631802172611 0
0 0 1.3408585869997456 -0.766158038388086 0.16056963693160892 0
0 0 -1.3004599624337838 0.35652769617803115 0.75154677475558 0
0 0 -0.27633482351729044 0.1502119494174235 0.7428287319830688 0
0 0 -0.5127225723084861 -0.6850035819719468 -0.36736871443788005 0
0 0 -1.2024055576623456 0.7855370230010116 -0.17542473081134624 0
0 0 1.348172239323286 0.2542351214154184 -0.7744249208022406 0
0 0 -0.094689775938392 -0.4156379078315709 -0.6525736259203263 0
0 0 -0.5110564097142232 -0.4698804716930833 -0.6866910421131304 0
0 0 0.48553954127832943 -0.300878999047345 -0.7252527132042049 0
0 0 1.2156789057327377 -0.27490284777233 -0.7105697940051554 0
0 0 -1.3494199260152164 0.6856732107997052 -0.35946516230696307 0
0 0 -0.6914169081369744 0.7510490811828976 0.2376976542284121 0
0 0 0.5944719332516977 0.6557218519079759 -0.49599514177382487 0
0 0 -1.3912539165067184 0.06037478921697671 0.829806978278007 0
0 0 -0.24443303823212048 -0.7525922830210404 -0.31699271730886913 0
0 0 -0.17428692676509727 0.8184447186776389 -0.032221330619693116 0
0 0 0.685009313181292 0.39857021798762104 -0.7343245209024107 0
0 0 0.5503643505722233 0.4662533512610619 -0.6425481106308281 0
0 0 -1.5482269151238988 -0.8163801062188579 -0.04855093024125089 0
0 0 -1.3833143872969869 0.7755753175557445 0.3194448304945219 0
0 0 -0.6778418508347323 -0.3522138701813161 0.6567551754196523 0
0 0 -0.6846388057260864 0.6500902270060432 0.4994890047253832 0
0 0 -0.06715325281803275 -0.06430303137068415 -0.7840639778443123 0
0 0 -1.3676988437893594 0.5929016047074481 0.5401455149973305 0
0 0 -1.3845638801251883 -0.43981226462986833 0.6400560753395842 0
0 0 0.5241023230785848 0.3044583293526363 -0.708881209616039 0
0 0 -1.5254152563344954 0.7269241555191902 -0.19710595036704043 0
0 0 -0.514239947641004 0.7120492577625372 0.3117552368983367 0
0 0 -1.078288279436445 0.6321917676981996 0.499910064320174 0
0 0 0.9480658373262085 0.7499295706497597 -0.3607122041650209 0
0 0 0.5063395215974529 -0.6961689438410698 -0.4605232886252783 0
0 0 -0.9006028804735633 -0.35727267882176994 0.67617113820667 0
0 0 0.5153750263255055 0.5848723270040634 -0.5909581847077273 0
0 0 -0.14152637160099424 -0.6972845328181274 -0.3575492494376326 0
0 0 0.445255144066274 0.7085851899535748 -0.3745598238193031 0
0 0 1.1206936785757464 0.7705202142462916 -0.13462414626895455 0
0 0 -1.3364014577699406 -0.2142889743711479 -0.795523782513408 0
0 0 -1.1677078754090813 -0.8081569044675092 0.0897896435951336 0
0 0 -1.2885139301847406 -0.5507180518389423 -0.5466022122640409 0
0 0 -0.82106301345552 0.0019165921665935124 -0.810881612583318 0
0 0 -0.5973922638753064 0.47595699982897627 0.6449654054048278 0
0 0 1.1147998957140794 0.10267288160748075 0.8016169323234261 0
0 0 -1.268472019641563 -0.5293103304326039 0.5212861320836445 0
0 0 -0.7795034336414606 0.2501816936052917 0.7403364248496639 0
0 0 0.18820523515687837 0.1793098541280289 -0.7781719858732279 0
0 0 -0.3464055206055494 -0.457046696824924 0.6983990434713899 0
0 0 0.9141864939179793 0.21350284620844062 0.7553906654353973 0
0 0 0.06283373419736815 0.64632272123307 0.47330384663315805 0
0 0 -1.2774419177260663 0.7732847364416018 0.15618469889011616 0
0 0 0.6822582755505326 -0.6353710926990497 -0.4297999908188516 0
0 0 -1.3649728325231372 -0.7743327228933861 -0.19651629587187563 0
0 0 0.7514425605672281 0.18533632031596586 -0.7754352994051109 0
0 0 -1.0741000527187432 -0.6011292109732063 -0.5474430528404252 0
0 0 0.44183889683904765 -0.6013103644490173 -0.4729920169704338 0
0 0 1.3140320034795647 0.07512290525301478 -0.8013962612202488 0
0 0 0.6705739526653867 -0.6997496308962662 -0.30607688499923563 0
0 0 1.3844192058215157 0.20363377888679904 -0.7999636401131559 0
0 0 1.3200292414100177 0.8144246693298214 -0.0564689390238784 0
0 0 -1.3735576288068128 0.7463946231134133 -0.23541353043449237 0
0 0 1.2457910479625807 -0.015518757885074124 0.7754051304621479 0
0 0 -1.4615564357339885 0.6710821469589715 -0.4605429969555162 0
0 0 1.2797475331402621 -0.5948390226313489 -0.5708788026730232 0
0 0 -0.11871644817467564 -0.5669559888271901 0.574282066408782 0
0 0 -1.2793538632367503 0.7496845885592028 0.0672988631173747 0
0 0 0.4533494538715992 -0.2500841752725183 0.7248905394876676 0
0 0 0.6993469575218798 0.7387209437811606 -0.30664019102113893 0
0 0 -0.6101345007585829 0.5237846058175184 0.6244998424797102 0
0 0 1.3308774231734963 -0.781573060927977 0.045829447301564484 0
0 0 1.5624807201032356 0.7653098925485367 0.22053885552417266 0
0 0 -1.516761794171831 -0.7234399432967163 -0.24569317891653014 0
0 0 -0.22862324437117088 0.2553253191283604 0.7199182394285759 0
0 0 -0.3035058213656816 0.1295325298205321 0.7981842900288976 0
0 0 -0.9678042575763077 -0.663433616238528 0.4184823946840509 0
0 0 1.5614970896847882 -0.1879352891690185 -0.7176868549180723 0
0 0 0.9451985282400965 0.6013961853386428 -0.5279392875396375 0
0 0 -0.047001925787920396 0.41756195171449306 -0.687808687337657 0
0 0 -0.689235563920815 0.6000001632425157 -0.4665189183038778 0
0 0 0.9591924206240505 0.14908074382185793 -0.7307756744788333 0
0 0 0.6799708911150244 -0.0918761265363519 -0.8073515114868728 0
0 0 1.393531712583652 0.7337875829669154 -0.15751331747040542 0
0 0 -1.5505521805437337 0.09467964134285317 -0.7668788473788255 0
0 0 0.2735998017008525 0.8075363666688249 0.18000467418304988 0
0 0 0.3355341316322493 -0.7513972242561271 -0.04849442129343598 0
0 0 0.9725541986139499 -0.6045885110888999 0.4427173384515876 0
0 0 -0.27048710264532594 -0.5722103263493714 0.5893656373215236 0
0 0 -1.4573595603459921 0.026019719802261115 0.7802507717131969 0
0 0 -0.06645451437083749 0.24217803830581627 0.7400635285216651 0
0 0 1.3348914488332508 0.2225086992786758 0.7278926252008652 0
0 0 1.4628495632148981 -0.8231717928278403 -0.06199766720498129 0
0 0 0.575761221356998 0.7407240375645895 0.021757027388651328 0
0 0 0.5516653770170827 0.638276549584975 -0.4040110269987846 0
0 0 -1.015243201116367 -0.7732428333690426 0.02801753528040695 0
0 0 1.3059475171211732 0.5465241927416729 -0.621148166600545 0
0 0 -1.418671204796131 0.7956626535725272 -0.1856051809426007 0
0 0 -1.2850264675985297 0.813710361436218 -0.15762995200443572 0
0 0 0.7180494038840735 0.4480845468011329 0.65878075618778 0
0 0 -0.21258453814204437 0.06350546967437408 0.7675260285070152 0
0 0 0.793548915139521 0.3309034705897837 0.7374223998278352 0
0 0 1.0076791210792941 0.7554868175821546 0.32621608521672546 0
0 0 -1.1229247914260276 0.6137806227159697 -0.41522971299340455 0
0 0 1.3498176239186432 -0.7485137760236491 -0.13475163357596168 0
0 0 1.1446921666313687 -0.7874220665149371 -0.26115136623284757 0
0 0 1.4425625943315823 0.18475074101582653 0.8183479295954283 0
0 0 -1.543119347731539 0.040911198804539396 0.7804865700637293 0
0 0 0.10945455770611945 0.6431114342779768 -0.4094713219191835 0
0 0 -1.3149582068636625 -0.8174943734333038 -0.11501087417931581 0
0 0 -1.4358986073233857 -0.302404678286793 0.7752397608107828 0
0 0 0.9333918971615827 -0.6915658264361857 0.3604122313747614 0
0 0 -0.3061381039879374 -0.13930298145090247 0.77685510986558 0
0 0 0.6955822457149821 0.5529704532251568 0.5514965481927452 0
0 0 1.1473767164134268 -0.19795216341708233 -0.7803912998836632 0
0 0 -0.6010774929743206 0.6852037429091873 -0.47269194943180165 0
0 0 -1.3750297409586898 0.352337711817352 0.6654275488718974 0
0 0 0.7294258922697177 -0.0204684969452847 -0.7738468371949736 0
0 0 -0.35725587165966255 -0.7495664121725494 -0.07626721759050925 0
0 0 -0.33080734266462386 -0.7700757237034399 -0.0011705579472378385 0
0 0 -1.1048696782487484 -0.6915948095481202 -0.39679384354492914 0
0 0 -1.5297825934474847 -0.42674497067070155 -0.6608988345250713 0
0 0 -0.3617931696255423 -0.7969954956641266 0.12767552263751344 0
0 0 -1.2893631873716762 0.1908982273824316 0.738468094026286 0
0 0 -0.7627756842279904 -0.2439622409133995 -0.7298184787238374 0
0 0 -1.1464581178523499 -0.44102159380401296 -0.6451463210487646 0
0 0 -1.4528095954724196 0.38392994757689186 0.6597845486682475 0
0 0 1.3875988635299663 -0.6227516799785403 -0.45970823225824153 0
0 0 1.3264331021245894 -0.7676908821555369 0.2591896222271197 0
0 0 0.5871655518550525 -0.6556069257722614 -0.44642532083156317 0
0 0 0.28130178776458026 0.3219129603366567 -0.7434016035822854 0
0 0 0.1819054063990857 -0.5229800920111032 0.6429734141547644 0
0 0 -0.8891411540901221 0.794453622996445 -0.18877539265475166 0
0 0 -0.9090122989999501 -0.7795514426897027 -0.07389227106394344 0
0 0 -0.6664806816967412 -0.5282314812758697 -0.6108767358864962 0
0 0 0.4345841283117937 -0.7134956364741109 -0.3484863467151753 0
0 0 0.6967463665073752 -0.3267974015176483 -0.7423871636671144 0
0 0 0.01748115341229295 0.6815544000581986 0.34254758723409184 0
0 0 0.589733689803905 0.6982311759583948 -0.2794735084838645 0
0 0 1.225577024119203 0.4859428260255756 -0.6648223851499205 0
0 0 1.0575058078927873 0.148615214349271 -0.8125119564471942 0
0 0 -0.8977727020012538 0.3527307677284752 0.7476999958887264 0
0 0 1.255152252196949 0.6002384312827169 0.504393524231614 0
0 0 1.523140668359701 0.13065510145723105 -0.783482606151481 0
0 0 -0.9424474950645878 -0.11753919100737789 -0.8131233610435504 0
0 0 1.3223497920664857 0.35197359771270353 -0.7506596682973273 0
0 0 -1.3590661227899654 0.11929565159925574 -0.7458248808569554 0
0 0 0.4892509166401653 0.2892198219763317 0.7446165802127841 0
0 0 -1.3910445184844 -0.052695823087610325 -0.8341054168905526 0
0 0 -0.9646079329947093 0.7571529713688946 -0.10043560406069345 0
0 0 -1.3013626256278523 -0.4663388099555439 -0.6003519682111103 0
0 0 1.475902169567994 0.24296149799096814 0.7470273097176019 0
0 0 1.3254336136120877 0.21563555629329836 0.7354728186709057 0
0 0 0.6696723010626608 0.7597275207757729 0.03873490318219125 0
0 0 1.1925546062501287 0.6204372440866959 0.4197989956293524 0
0 0 -0.35299876747328396 -0.7771791802264635 -0.04191196367452328 0
0 0 0.6574076573787906 -0.7914079399606183 -0.022243300311240846 0
0 0 -1.4852738831951253 -0.5466099298173805 -0.5038808187226679 0
0 0 -0.5157967812363737 -0.509403508999519 0.6595067184344877 0
0 0 0.36639738425052104 -0.79861320643837 0.1514697584708502 0
0 0 -0.8583489277994116 0.4960364269951507 -0.6225152847555746 0
0 0 -0.005293556711951197 -0.5981604907930098 -0.48261080849566373 0
0 0 -1.4340948543885164 -0.5316496693054497 0.5565177560778811 0
0 0 -1.3441233743978458 -0.44845049201361087 0.6256903679159731 0
0 0 0.9349957017325599 0.10828233099538323 0.7470687161119627 0
0 0 -0.23482874477290427 0.3433725872710575 -0.6645468281677194 0
0 0 0.9654587123131222 0.5094602939682131 0.5612813029623807 0
0 0 -1.2231610473048273 0.8184665634956917 0.1397193431261923 0
0 0 -0.9940548790175174 -0.7747980609632658 -0.11135315090506849 0
0 0 -1.1030141152410704 -0.8260543898131151 -0.10023594954395079 0
0 0 -0.33269510997899965 -0.7010718317595117 -0.36572314336385636 0
0 0 -1.4068221121568483 -0.6940984474871793 -0.2942837459540209 0
0 0 1.493087414328377 -0.7106079734881473 0.22270361783913395 0
0 0 0.3453854339724649 0.28588356307972934 -0.6989581711408057 0
0 0 -0.981922266291471 -0.300666178974628 0.7630020356675017 0
0 0 -0.4497815511691099 -0.5272301607737898 0.5291495404129792 0
0 0 0.23665600634558803 0.03361565244264709 -0.8113914667808809 0
0 0 -1.090528555941653 0.04065804273193162 -0.7940913077171172 0
0 0 -0.807432612064172 -0.6454490656731451 -0.46193420254535605 0
0 0 0.832454093511521 0.32911246554986606 0.7249823935615927 0
0 0 -0.2663228475423509 -0.3724794326745183 -0.6843307503667598 0
0 0 0.5475109206729472 0.3151993941814516 -0.778524882238839 0
0 0 1.5503220382521188 -0.39720409954490127 -0.7080147377457927 0
0 0 0.9572398595161724 -0.7860343767475377 0.2392274888867351 0
0 0 0.4247942515139178 0.02772676804136371 -0.8358970869325035 0
0 0 -1.3115844359162998 -0.2326913208643117 0.7468398843626727 0
0 0 1.500539231849075 0.5059063993776081 -0.6613817639118514 0
0 0 -0.8041053058647117 -0.0008481265387987809 0.8105998525509458 0
0 0 -1.3151658660021783 -0.2016894872853421 -0.8057885929379225 0
0 0 1.3379993056729007 0.6940268273492278 -0.38713272300547413 0
0 0 -0.02461163485914275 -0.3461807792292044 0.6842289760536848 0
0 0 0.14397202362908335 0.6274916742313157 0.5059189915929668 0
0 0 -1.2828987556174003 0.8131616131887311 -0.13876559641545821 0
0 0 -0.979511849878206 -0.6798168014243556 -0.4003797185705614 0
0 0 1.4104864817305152 -0.42989298226352896 -0.6690944070933396 0
0 0 -1.4462766932855309 0.0437075474254189 0.7886471986889194 0
0 0 -1.0374192798603865 -0.5136358385289372 -0.5455114204314219 0
0 0 0.9105482172074617 0.1624019924492422 0.8220679179463264 0
0 0 -1.444133536968016 0.6751800171888335 0.34372622562469823 0
0 0 -0.47433623790602275 0.43386897681768866 -0.6032162968986132 0
0 0 -0.9286937537275368 0.6965123876938356 0.4363236048455464 0
0 0 -0.49165147686442534 -0.5750137163941312 -0.4834384927344867 0
0 0 0.5902347064888791 -0.7483079423055558 -0.10078221960202483 0
0 0 -0.20915819538588165 -0.7331949280713489 0.13165904848979795 0
0 0 1.1762382263746223 0.38745934533772114 -0.7277566307159814 0
0 0 0.8813053549247774 0.6448112496908284 0.40062145632777074 0
0 0 -0.5174120768223998 0.7495647759737782 -0.24021515245245254 0
0 0 -1.5622008102642826 0.097690966455259 -0.7639820564040635 0
0 0 1.302119145022782 -0.19565431982459125 0.7767579628210433 0
0 0 0.9343958353668853 -0.14729659821472912 -0.7546317547920477 0
0 0 1.1222698750308062 0.35135026978693357 -0.7032969587761293 0
0 0 1.076697663599068 0.6400340181827983 -0.5394588466038888 0
0 0 0.7468997083466231 0.5944782057399616 -0.5067954083433287 0
0 0 -0.9513063477972487 -0.6372261010485047 -0.40299663599551316 0
0 0 0.74335270193153 0.21912360154260818 0.7554300421860785 0
0 0 -0.9286445178709135 -0.8066162329479811 0.2339509843581285 0
0 0 -1.0185551370057282 -0.6331021742511264 0.4588254782486879 0
0 0 0.7253582029635366 -0.38716322082858845 -0.7329242123078147 0
0 0 0.6346553842929104 0.6784042073969105 -0.47870380795428996 0
0 0 -1.1342046871120817 0.7187211148994394 -0.27418238211151547 0
0 0 1.4069847096758217 0.7246511562859926 -0.40308302020516634 0
0 0 1.379422677623416 -0.48483297165267514 0.6128888686613592 0
0 0 0.4482136656817417 0.29047096048772936 0.7128968289928036 0
0 0 0.012096076131058453 0.5326814304072528 -0.5244419663079737 0
0 0 -1.284786706252397 -0.5443140409685893 -0.587322551815141 0
0 0 1.2744691107645751 0.7107756942645371 0.21407112103320228 0
0 0 -1.062012799156924 -0.4410301921465172 -0.689045856709098 0
0 0 -1.0321437255315042 -0.6673583344678493 -0.3291360408750093 0
0 0 0.839672982515987 -0.3707980563875457 -0.6683959996562991 0
0 0 0.3599793835154048 -0.25310744284731446 0.7355985821769899 0
0 0 -0.6935759977828602 0.5549788219580389 0.5711678074493067 0
0 0 0.1123529465846198 0.18870465286055046 0.7357583823980006 0
0 0 1.0202564844215973 0.7426745236319654 0.15568714952760715 0
0 0 1.3054512912076963 0.802603017989655 -0.15657348257428885 0
0 0 1.1356526990298565 0.05443667744369139 -0.7810922623653822 0
0 0 -0.7936859907238932 -0.37564769898865286 -0.6641570393120522 0
0 0 -0.421696674141254 0.34985972777113916 -0.6760265620184353 0
0 0 0.9489448133706371 0.6298715444898331 0.528327356202474 0
0 0 0.26532809628996756 0.6924354051451126 -0.26254964102560374 0
0 0 0.23253250575190876 0.39400942948504236 -0.6298655942804665 0
0 0 -0.10277832942767917 0.7705552291657327 -0.1358035717045835 0
0 0 1.247737832650956 0.5376324016604727 0.5543915487461178 0
0 0 -0.47552041098025577 0.26879466963866966 -0.7418707356400889 0
0 0 1.4059104346459192 0.7659888546640768 0.046894848378144706 0
0 0 1.1042265427716846 0.544020631346437 -0.6142274027524344 0
0 0 -0.9269439281055879 0.2534875938993907 0.6987883290493471 0
0 0 -0.17964997689889017 0.7915615609780066 0.2425282190680683 0
0 0 -0.14700135074326526 -0.19191793925550768 -0.7338058452321481 0
0 0 -1.258478355717632 0.617050756140873 0.4674006909792827 0
0 0 0.2536649665539301 -0.4560125067579586 0.6428791128081947 0
0 0 -0.5989823439250174 -0.7422872856775645 0.10020471457265503 0
0 0 0.012443711691056736 0.18579750852225002 -0.7305643705054389 0
0 0 1.0724580857482424 0.3621888061733694 -0.6780208043784876 0
0 0 0.3423805196380454 0.7497382711170515 -0.34915153489114786 0
0 0 -1.167457075793643 -0.08031523762457914 0.7471941784586076 0
0 0 1.1071463310926655 -0.7702557820565084 -0.203350905216798 0
0 0 0.03603169490327773 -0.7528193267971837 -0.34762817674622604 0
0 0 0.5886796330060577 0.6689902354100442 0.33278015149615725 0
0 0 0.39086418804684664 0.6360105717691804 0.49812845512232795 0
0 0 -0.052077224858086524 0.4460716453715585 -0.7031654650988617 0
0 0 -0.5109822412639027 -0.5069763374968083 0.6300504639814459 0
0 0 -0.9282674013414322 0.5529548468064159 0.6121720674302523 0
0 0 -0.8822333158455627 0.40794214481184465 -0.6592348058373493 0
0 0 0.44271894343934415 0.772175630201987 -0.19436842327298 0
0 0 -1.1332501493153404 -0.7113549579105132 0.25801970927367884 0
0 0 0.6885350683883869 -0.6989365306813748 -0.3309922615973663 0
0 0 0.9250819096740641 -0.5322061085971647 0.6440734136300027 0
0 0 -1.2875133896091544 -0.7339765634495659 0.19287817876700827 0
0 0 0.32687655031077045 -0.2406980638148352 0.7604196061729445 0
0 0 -0.5629461416889043 -0.045727178745455246 -0.7414859713273426 0
0 0 -0.06576615753202542 -0.7880334600710809 0.03204653360114768 0
0 0 -1.1117755802549143 -0.6025222235598078 -0.5729359185963782 0
0 0 0.006176046380647282 0.5876934322148156 -0.5487051553017239 0
0 0 0.14869962953260152 -0.5767582972502006 0.5571350235743818 0
0 0 -0.3932154036115927 -0.7600871873066054 0.09776120916410491 0
0 0 0.3815219633081166 -0.3178158065812742 -0.6729102845749179 0
0 0 -1.4051876047962353 -0.7991503278775371 0.16307839054193954 0
0 0 0.8142513208062718 0.09124115273464431 -0.7968236652256983 0
0 0 -1.1039424046536757 -0.6911850295139323 0.3958755121466473 0
0 0 0.07539568858999846 -0.6420242532403425 0.5385299254619782 0
0 0 0.3969158489610225 0.0003550961165870114 0.8204582101317927 0
0 0 -0.6258928066201289 0.4620476178032347 -0.6568521557231127 0
0 0 0.04274370444578235 0.7841504903033523 0.2852970985366799 0
0 0 -0.10812274387933862 -0.40616052636514444 -0.6919126203951242 0
0 0 -0.037789036835245815 -0.7984727741389827 0.13966496626379707 0
0 0 -0.26090865852621703 -0.733500677199068 -0.267795886148888 0
0 0 1.2298206072405353 -0.624140018101988 -0.48179890148643906 0
0 0 0.2473393529849468 -0.18345083334423629 0.752230781908495 0
0 0 0.9542941112973464 -0.010633199316848668 -0.7747346513861418 0
0 0 1.0522246448247188 0.3504137791896345 0.7238653459805501 0
0 0 -0.16054067580026765 0.46491141342258435 -0.6782337482110953 0
0 0 -0.15346968172261177 0.6131524499697684 0.4556538428635244 0
0 0 -0.8990542672905013 -0.429406234883003 -0.6901803913659428 0
0 0 -0.0919533565851558 0.5466170851494125 -0.5093195239507453 0
0 0 0.3219445789166213 0.6589052157086318 -0.4110302069975602 0
0 0 0.10158997733220976 0.4085716519872089 -0.6678019635204556 0
0 0 -1.202110339711739 0.6847526734669768 -0.35009077851192166 0
0 0 1.2871472202334262 0.731512375611057 0.2949023031646242 0
0 0 -0.22571294003730769 0.7585433408489357 0.19824154816632675 0
0 0 -0.28350040603198057 0.8225262495453528 -0.011681359329724873 0
0 0 0.009853346967325649 0.8344232718017733 -0.04127368947037944 0
0 0 -0.6366715523659764 -0.21999454427126444 -0.7251275508808578 0
0 0 -1.1769052441862726 -0.28708138211895234 -0.765607247556218 0
0 0 -0.16991304490430492 -0.7475498085718951 -0.15744625525194408 0
0 0 0.7897610144227629 -0.7412817092688604 -0.20213914264106528 0
0 0 -0.8029360271814289 -0.41098372081114304 -0.7210883587885809 0
0 0 -1.2636343999927144 -0.15113350941761597 0.7913942391744999 0
0 0 0.8578286665295929 -0.13487389226662277 -0.738124934405816 0
0 0 1.1045340542066295 -0.7868708961445207 -0.1913658623512675 0
0 0 -1.349010039418169 -0.29676169049751083 -0.728564711558334 0
0 0 -0.26655586984464286 0.7101127379996766 -0.39896777737809236 0
0 0 1.5001382580618507 -0.31930074995897917 0.75244365893082 0
0 0 1.3064909563972806 -0.4988590884928217 -0.5895855030489139 0
0 0 1.1308050756848393 -0.7190171783619784 -0.3126351495388337 0
0 0 0.10520988269183729 0.7514491858042106 0.3250290452028299 0
0 0 -0.544632024201821 0.747497082245191 -0.3291858949039492 0
0 0 0.49086866869114276 0.2803142008653998 -0.7063679638062104 0

