0 0 -1.381612381549373 0.590356684293638 2.0209431951471495 0
0 0 -1.0554458371225337 1.3332316093972831 1.7988515605604714 0
0 0 -1.4991987074142563 1.5051197993725298 1.4008149719648362 0
0 0 0.9724427909749269 1.2912779149431228 1.824213461530514 0
0 0 -0.1752581379674909 -0.013148575934686324 1.3418758113836704 0
0 0 -0.5716683137354841 -0.06571391435699492 1.0890817632700045 0
0 0 1.1047970840042347 0.1711107620941158 1.8063360041314476 0
0 0 0.26813643337497406 0.4555039572743409 1.97780715116199 0
0 0 0.849590547893007 1.2030790226790349 0.5706661831931819 0
0 0 -0.1594517507175388 1.4382843023042153 1.6575569892826583 0
0 0 -0.6919141612360087 0.022687755502293072 1.5261522139951829 0
0 0 -1.1724144877965965 0.9604560477554633 1.977650735399691 0
0 0 -0.239028494830273 1.5254166843581036 1.2416635752538658 0
0 0 -0.7349433107675474 -0.0049400360547979805 1.429479534419712 0
0 0 0.07987614547130795 0.6296139337444115 0.46527634690938935 0
0 0 -1.3963785757784664 0.9939034522708017 0.4455850003845524 0
0 0 -0.4227671200004288 -0.0582871584239224 1.423867220940268 0
0 0 -0.49203616265367134 0.029975351473041978 1.4795050538133379 0
0 0 -0.37072476752261063 1.5684689886985614 1.2466756191692587 0
0 0 0.3563654058799208 1.578005771690707 1.2203512534981835 0
0 0 -1.1369211469282778 1.4912201381842642 1.4405064791963302 0
0 0 -0.45319004836864507 0.4380216632854207 0.512149203299855 0
0 0 -1.4596234615264978 0.132253483394431 0.7333097806215944 0
0 0 -0.9345873970831712 1.5244286831359735 0.9160594172618585 0
0 0 -0.4082299745840994 0.8573657531979534 2.0188934080175303 0
0 0 -0.3226063920642803 0.43253953519151084 1.95375694316026 0
0 0 0.5956349325812238 0.0629185234517593 0.8277004403899599 0
0 0 1.163270798286228 0.2583992682586198 1.9005349756442091 0
0 0 -1.3740223063277106 0.8131335114929984 0.4134784733884469 0
0 0 -0.22086461099481047 0.7786568116360686 0.411355980390792 0
0 0 0.6962500010358164 0.036471547071654675 1.4394239102249875 0
0 0 0.9658940238293772 1.4521661930076546 0.8173724752164474 0
0 0 0.035716223012362214 0.4471873583200482 1.9153570698669382 0
0 0 -1.5618035562882688 1.1568924324947334 1.94103881485997 0
0 0 1.114704912894482 1.2321223129580496 1.8918831238273361 0
0 0 1.2319903348101953 0.5792298861087691 2.0288688674943893 0
0 0 0.8238425015481194 0.11939460623115583 0.7182388149421364 0
0 0 -0.3286495813086008 0.37229189065140667 0.5436391056674271 0
0 0 -1.0263590489225058 0.8617957673915535 2.0131355728290545 0
0 0 1.0892537368311657 -0.07186879635538768 1.1538703984854624 0
0 0 -1.3031961791594897 1.3822679841260654 1.7801941500356493 0
0 0 -0.5192455532034017 1.4724816032111763 1.602364189606183 0
0 0 1.4518030220847633 0.3500402139320706 1.8956286786340533 0
0 0 -0.6141353658281509 0.4292491907393761 1.9765155100702108 0
0 0 -1.0181743992368517 1.0104809789010802 0.4392900537236626 0
0 0 -0.8554541560429879 0.008285908926787489 1.2042846246668113 0
0 0 -0.5200679176291056 1.5026493291736305 1.3168066328054528 0
0 0 -0.5534668876348596 -0.010796941850183761 0.947850951828106 0
0 0 1.0564955536274447 -0.011712160375570768 1.5429671466139177 0
0 0 -1.5116920066076702 0.6192268862545094 1.9854758537771617 0
0 0 -1.4754867219070942 0.32861310177339254 1.9032415756633907 0
0 0 0.9462304670921333 0.6784674162251472 2.062414538520931 0
0 0 -1.1717051097898883 0.0169557383737029 1.4285143250998562 0
0 0 -0.1871126759971986 1.4197569657076594 0.7315361301251542 0
0 0 -0.2977962801355645 1.4794408889669048 1.5742919294600284 0
0 0 -0.17887834660415103 0.7974539120586722 0.43806168255774924 0
0 0 -0.07725916854903891 1.4609886300033663 0.7828157845595627 0
0 0 0.9894444914985572 1.4234218672408612 0.9138843999313214 0
0 0 -0.14477463053707362 0.45455475127482015 0.5453716924043586 0
0 0 -0.7307758693178908 1.499878094802566 1.0839652869154066 0
0 0 0.1768984554046782 -0.05946654447676358 1.1643730567250417 0
0 0 0.2793438060597031 1.2334039469916862 0.6640906619053815 0
0 0 -0.7638287747242976 1.5754127943298522 1.1591565684201104 0
0 0 0.5698426468434041 0.5397099185936531 1.9506630753424568 0
0 0 -0.25437001034746554 1.5695873205808926 1.2784397159804093 0
0 0 -1.4630631848442555 0.624423640562874 2.0522231158060316 0
0 0 -0.17519771437535825 -0.02303076491075229 1.0315190565682677 0
0 0 0.575045781971629 -0.002388033277730517 0.9996711663533379 0
0 0 1.5281227319986392 1.3128997633785089 0.6290803611437283 0
0 0 0.995396207047786 1.289113175091493 0.6962203895060235 0
0 0 0.4267245506791102 1.4008875191956616 0.7729952712035832 0
0 0 0.966817398078395 0.5045793058271857 0.5054136448817389 0
0 0 0.7387453955633392 0.11187318138881985 0.754945701608877 0
0 0 0.3813119394221973 0.9801733801623724 1.9717578737893053 0
0 0 -1.4272559583903424 1.5029411654863136 1.5042390873845433 0
0 0 1.2259574054501976 1.3503628578727747 1.6798545325339513 0
0 0 -0.9343852699651333 0.18149790712181324 0.6680914636157849 0
0 0 0.1205640773145551 1.4040722765971836 0.7316987305973885 0
0 0 -0.6027339850039366 0.4711975311108317 0.5091318699929122 0
0 0 -0.501435352371159 1.2405180316008408 0.5860021627204901 0
0 0 -0.7774019645081782 0.9482978239193486 0.42691940265100703 0
0 0 1.144445915118049 1.2108596845624775 1.905049044288623 0
0 0 -0.09909234831671165 -0.07673705241753315 1.0804560695935264 0
0 0 0.04786842226947119 0.9161658582222716 0.5045318360727739 0
0 0 -1.5227429085186466 0.5196251621662318 0.5158679242004882 0
0 0 1.3352069340316781 -0.020662217408854877 1.162362978256681 0
0 0 1.0931255815822376 -0.02011102333711845 1.059721756320139 0
0 0 -0.17565786433456831 1.2219209489663676 0.5595815111401727 0
0 0 -1.5176676240679807 0.3398675091923819 0.5867007293846832 0
0 0 1.4985494601819482 0.06454407479208624 0.7495467613985525 0
0 0 1.3543830365539336 0.7576535281478752 0.400502925223714 0
0 0 0.7893198950660292 0.36322233900907847 1.9372859215705094 0
0 0 1.3136419695966195 1.4037453565611435 0.7951022792783133 0
0 0 -0.9390520684855399 0.94215847546425 2.032937947623741 0
0 0 0.8466391237139037 0.038709456829864264 1.6704133343080696 0
0 0 -1.1497225906774882 0.040984382339440684 0.8336195193566105 0
0 0 -1.369540210161753 0.8068383139587633 0.45219271875453837 0
0 0 0.7255775122470092 -0.04243190045389933 1.3348878444452457 0
0 0 -0.7123071638048437 0.22803798248242513 0.5762466035878847 0
0 0 -0.1792757734464443 0.24144509127430636 0.5958377620162983 0
0 0 -0.5120928587090368 0.15455886372335315 1.7915519463628367 0
0 0 1.5089460339549143 0.2412917992899749 0.571691850456051 0
0 0 -0.5801416053890271 1.115915159364986 0.5810653445184862 0
0 0 -1.4818116098017164 0.6167184306202306 0.43746585816800376 0
0 0 -1.0041888660489997 0.5337993712837925 0.5140356406418268 0
0 0 -1.5170733287994351 -0.046215419975249694 1.0457305048546708 0
0 0 0.6776949037477369 1.4852348317040927 1.4906463493459765 0
0 0 -1.3805287744241688 -0.07526315646298043 1.318043214467051 0
0 0 0.46031977894077025 0.22006253739020043 0.6473343751918723 0
0 0 1.0232598720338464 1.1890558058413334 0.6160066423655671 0
0 0 -0.077943670604804 0.08376476915493081 1.6438178146946445 0
0 0 0.08797419168368759 0.8930035845639227 2.0388500864949357 0
0 0 0.8036642573505746 1.3510624676233913 1.6676986951114816 0
0 0 0.4315743730001387 1.5260688293195372 1.4023572260783175 0
0 0 -0.796115571085818 0.6484695930042446 1.9684762617168001 0
0 0 1.4088296881661617 0.2711504700511691 1.8848472656268502 0
0 0 -0.055162610156059166 -0.028154199442229744 1.2968371217589307 0
0 0 0.6013378196339589 1.03318906488836 2.0106652549529276 0
0 0 -0.855901910412332 1.2889114341418102 1.8697024989061506 0
0 0 0.1905641961697664 1.3328897045865515 0.6915862621049961 0
0 0 0.7283670653895231 0.06235956711434221 1.64059628102927 0
0 0 -1.351247852991628 0.45644112854637053 0.4464757843911643 0
0 0 0.8659006551308921 -0.01726874833978409 1.4320621076801066 0
0 0 0.7213350595902335 1.571402790843514 1.071319385535264 0
0 0 0.7969150662782072 1.262287092070212 0.573419001021706 0
0 0 -0.8900187552489814 1.226597890038303 0.6267190690028719 0
0 0 -0.5764427329092096 -0.007231752952716497 0.8880462368843186 0
0 0 0.18291747432347027 1.5711736169700434 1.2767317544303067 0
0 0 -0.6197487422428299 0.9727689921642837 2.029899778480739 0
0 0 -1.2846611020239302 1.1133662764105778 0.48910418397800914 0
0 0 0.1621265484795995 1.4400485614072736 0.8940019193708838 0
0 0 0.5498143578634629 0.09548798471375497 0.7328317577422356 0
0 0 1.4003762773604431 0.5677782420165881 1.9847306086065482 0
0 0 1.0718592933536675 1.4293208456653022 0.8721543952318784 0
0 0 -1.348562378667034 0.4943250535529999 1.9373633791544682 0
0 0 -0.5319176365797103 1.3855795746548252 1.772936819546154 0
0 0 0.8952449821578763 0.766318203520392 0.43589431414827084 0
0 0 -0.5382859817383694 1.4599641785349602 0.8987670824479004 0
0 0 0.293443149883039 0.6621877493114479 2.037766934792857 0
0 0 -0.007019861935274152 1.524379092302519 1.1627379963827904 0
0 0 -0.24076792288422477 0.024460355563098668 0.8066769331081505 0
0 0 -1.4398401899451805 1.118113231957219 1.9353072657649828 0
0 0 -0.9439998487371225 1.4953045387484545 1.3303457102699066 0
0 0 1.0616306676259293 1.212357772501186 0.6406724032138679 0
0 0 -0.7274705266428371 0.8581985920387942 2.0440145960668277 0
0 0 -0.880862035951793 0.4418141848394741 0.5169817748886484 0
0 0 1.1419689275779148 0.8964495158491245 0.44749279710510936 0
0 0 0.28662249988263455 1.3860553767898112 1.6528928668088656 0
0 0 0.15766963633574016 0.11767525977501603 1.6544629772838364 0
0 0 -1.1062241057195779 0.9137047968130139 1.969763689044755 0
0 0 -0.1756430069442414 1.1716272675133381 0.5536204479312449 0
0 0 -0.11508121623287337 0.5861849713793764 1.9700271431002783 0
0 0 0.2614539486311742 1.3343392584305802 0.6725042943641738 0
0 0 1.0853231709651263 0.03000953433664222 0.8628863437437375 0
0 0 -0.031946117574564115 0.8994858184923812 0.4240022903475771 0
0 0 0.4460044979892719 -0.024483183238452777 1.1984737836625312 0
0 0 -0.16005319764834836 1.0336659988406725 1.9723646442243132 0
0 0 0.12455054332634785 0.6509089030710404 2.028721831356873 0
0 0 1.3893367264526488 0.5278950036722734 2.017516419529489 0
0 0 -0.8662749852768161 0.18769523146342948 1.7963666892367622 0
0 0 -0.16442326326890577 0.0436622543513564 0.8827298140364112 0
0 0 1.1816582042019417 0.7920532994070858 0.40291608565695425 0
0 0 -1.3098181878965187 1.4492478893170813 1.6928405422354758 0
0 0 -1.138646357557743 0.3642329318045211 0.49614999597915355 0
0 0 -1.5016907731942273 0.024579394761431228 0.8434707634056249 0
0 0 0.5020551196265357 1.435573238798455 1.6397293854080297 0
0 0 -1.4709018534131875 0.9564167036445632 0.45536178621208545 0
0 0 0.556585664186998 1.496947711094176 1.2489393618772124 0
0 0 -0.24340034614674444 0.8999175889355187 0.40419330760853067 0
0 0 -0.11487558476176996 1.2399847848405687 1.7890647635356491 0
0 0 0.06155130622547045 1.4293477771985317 0.882380772637966 0
0 0 0.5734437868095559 1.283398674946504 1.830951621952142 0
0 0 0.6664882055132271 1.274438279570063 1.764038572984721 0
0 0 -1.4738407169279322 0.6837208699846035 2.0406773837796646 0
0 0 1.1821795659730077 0.6493890605437944 2.0259867817834216 0
0 0 -1.4743700412085374 0.5236540946049578 1.9395958683709984 0
0 0 -1.4982021458618109 0.14380460397109496 0.7543013679469026 0
0 0 -0.10217091723571259 1.2374774848804821 1.7914609350657802 0
0 0 -1.0255465739130696 0.523768211620645 0.492451786836139 0
0 0 -0.031036221536473896 0.7920786216409499 1.979325246486543 0
0 0 -1.1145856826580856 0.05210585000217438 1.6209847980313923 0
0 0 -0.889679774257014 0.2730389243670721 1.8195416044749313 0
0 0 -1.0308362824742177 1.561257870750067 1.209848867170709 0
0 0 -0.24473776892462396 0.19598958710565106 1.7548643957331356 0
0 0 -0.635660315521829 0.4491832246356424 0.4932791280204749 0
0 0 -0.22012560375557855 -0.0388073705303007 1.0784803508483325 0
0 0 0.38956539258874323 0.2872100896059173 1.8292036105672282 0
0 0 0.600646496786851 0.2773621408803817 0.6058500548679656 0
0 0 0.18222190037169028 0.4908713531973017 1.9777176019939957 0
0 0 0.4967427819942265 0.000641606745329204 1.4260619858361596 0
0 0 1.5500717103665425 0.8699880892574479 0.4220307678745293 0
0 0 -1.107779106532181 0.27493688532794563 1.9172716211717533 0
0 0 -0.717997854765224 1.51405647181987 1.2710427185383963 0
0 0 0.602305004222123 1.5268482857382848 1.0064891959934843 0
0 0 -1.0556919002923375 1.0066177179145044 0.47008673504866905 0
0 0 0.728575241396761 0.06612532367195778 1.6226928713370248 0
0 0 0.9657068697094493 0.032539304663927404 1.5954139120293311 0
0 0 -0.5896129804823215 1.26618420064043 0.6402739176957638 0
0 0 -0.5105259901814145 0.7649043895817949 2.0121271393760303 0
0 0 -0.28584113654869414 0.9228292989110201 0.44857354466960186 0
0 0 -0.01992515140393425 0.8163702913723843 0.4141968167537393 0
0 0 0.6456576836595018 0.8586473448004595 0.4048775351749917 0
0 0 0.565589822906083 1.5286544942855507 1.3863375449527238 0
0 0 -0.36088459485713753 0.294483695217029 1.8304585697496343 0
0 0 -1.2989103053356228 0.02140565900953284 1.0251360095340256 0
0 0 -0.9926471035547476 1.488519474247624 1.0433603775659932 0
0 0 -0.710139988133064 0.45984935292219914 1.9335338871669434 0
0 0 0.1566491218185435 0.4622728148214312 0.5096372912237329 0
0 0 -0.8536550051868373 0.5455309459951839 0.47472750292487753 0
0 0 -0.1232862906249248 0.14239324006409126 1.8018075736894192 0
0 0 0.7844872980859776 -0.027498967959415754 0.9113069114123139 0
0 0 1.543498593165666 1.3864167397616447 0.7893907226161245 0
0 0 -0.6839796753049115 0.02759897850267845 1.4676104738679763 0
0 0 -0.043155472464982525 1.4969413925436106 0.9479146257489646 0
0 0 1.362678067133393 0.3130559093989565 1.9335309866908212 0
0 0 1.5184902253674681 1.3494850075640832 1.756963208859657 0
0 0 -0.32759845539523647 1.5172457924216463 1.5514721523121113 0
0 0 1.1837573314424987 -0.03362837950837361 0.9548485820736714 0
0 0 -1.1444416425257558 1.2639501615505502 1.8555742192608626 0
0 0 1.4661410062579048 1.4362553744454027 0.7983590815841888 0
0 0 0.5576216688307993 1.0636782682755008 1.9392020061977557 0
0 0 0.8287168801354117 -0.07170786017498665 1.1705184965616457 0
0 0 -1.125931136095529 0.32929048372361075 0.6033743974986363 0
0 0 0.4817520716006807 1.118577797707967 1.8994429386174152 0
0 0 0.802355181295781 1.1557263419126826 1.8556339607191354 0
0 0 1.5525688729472158 0.28573053424148276 1.8615702868801356 0
0 0 0.9637774718741214 1.490428539529553 1.2426414087701882 0
0 0 -1.4733938771237247 -0.06283424133823212 1.414630711055734 0
0 0 -1.5597707942061796 0.4800043132381788 0.5379662124880421 0
0 0 0.6774982426622769 1.5542954811308007 1.2809294273338308 0
0 0 -0.09467886864249198 0.16457537086572338 1.699995529397025 0
0 0 0.6924042384382569 -0.04183032441147472 1.141477042118759 0
0 0 -0.4052428329833848 1.474096173656386 1.5567703913610917 0
0 0 -1.2309377805409285 0.08664177229010783 0.7286453696240179 0
0 0 0.6469276692226504 1.5019006471343106 1.1325647528607945 0
0 0 -1.1074266083249613 1.256803823479499 1.827205171051666 0
0 0 -0.025119614736289098 1.3781563957242289 1.7842331822043072 0
0 0 0.6898090874782734 1.4200513567375976 1.559071214281435 0
0 0 0.5375873257348016 -0.005461730314008206 1.0246860847857362 0
0 0 -0.7833400862469677 -0.04417194161998439 1.2727660739790483 0
0 0 -1.2389167674306318 1.2119779752530668 1.8758320038268637 0
0 0 0.053769052818313234 0.11291965211622867 0.7012147766086776 0
0 0 -1.5434597776636934 0.42534027894984444 1.9625292977579696 0
0 0 1.0407243033737674 -0.013325168189744163 1.0262237596475434 0
0 0 -1.315435672386846 0.010681515398437202 1.1518610154913616 0
0 0 -1.3237509001675303 1.1529084175549755 1.9000383789824764 0
0 0 -1.1831065059843737 1.2086304460403596 0.6134839849589443 0
0 0 0.42873466082164247 1.5357925663263412 1.1000638966263367 0
0 0 -0.7464463261363515 1.1790594401470464 1.9348468870836426 0
0 0 0.21374265318218644 1.374705198320048 0.6873330260847895 0
0 0 0.027870166451367417 1.4084360198649843 0.8277858151921287 0
0 0 0.3721899034261622 0.003240008871277955 1.5622796709104112 0
0 0 -0.10953621406972514 0.30950144561693477 0.5187579033672998 0
0 0 -0.5799854076062042 0.25864806222902187 1.8979513573963858 0
0 0 0.18340457612377592 0.7211211345829937 2.009428440203332 0
0 0 0.3454461956037598 1.4085302305370573 1.7379269836891371 0
0 0 1.290896172170581 0.30006536524422134 1.871792286273493 0
0 0 -0.4598805845770728 0.6381128295149795 0.40929311091783993 0
0 0 1.032713682976656 1.1178409134079983 0.5372097832698352 0
0 0 -0.4215394033843367 -0.00044787284905767333 1.295312630110795 0
0 0 -0.8598893475877787 -0.005940844793950517 1.502130790259321 0
0 0 -1.0525901236158468 1.4824023819621268 0.8206824538440041 0
0 0 -0.22836237444647223 1.0202540127295558 1.9203058119469945 0
0 0 -0.7033284899755179 0.09695949083263788 1.68279468319815 0
0 0 -0.23393681021764223 1.5492645640656275 1.3318410270647323 0
0 0 1.4851484568989255 1.4914840579830786 0.8577676659408069 0
0 0 0.8609952907350822 -0.03234683776360525 1.1545077422101604 0
0 0 -0.21643504170176553 1.226929154173513 1.8704476663691525 0
0 0 1.2141549378298744 1.4436728939572052 1.5209494741728227 0
0 0 -0.48600005885581465 0.5131866667896308 2.027047408513086 0
0 0 0.5492610142958405 1.4833249096225216 0.9891239440341102 0
0 0 -0.45118963607929974 1.1820530390053081 1.8920655346498227 0
0 0 -0.8126095498641743 -0.015551824101791678 1.4848221246336377 0
0 0 -0.017510463237204288 0.548401669438553 1.9971244817558593 0
0 0 0.9929435523447459 0.809679372970969 2.057446171503641 0
0 0 -1.2299463840097535 0.9121358994489861 0.40781249702428923 0
0 0 0.19383782151284157 0.004900690418240261 1.099368077191396 0
0 0 0.4366858380588021 1.3101709414814782 1.7619515087911957 0
0 0 -0.335498696434974 1.5490330536426726 1.076084080915049 0
0 0 -1.3743664090591838 0.2448075462758993 1.8410336393639406 0
0 0 0.7129981697096004 1.1107094987989214 1.9046713876687669 0
0 0 0.7637478199142467 0.7801367759811911 2.021789156414945 0
0 0 1.0696516325571541 1.2589633260325388 1.8434785887689626 0
0 0 0.5234549848124508 0.10949829475620032 0.7543277820416217 0
0 0 0.6918211352801005 0.22582232953413195 1.8781616830993706 0
0 0 1.5551798905580694 0.9152111098106472 1.9609520854967912 0
0 0 -0.09449508523899852 1.4880078426914025 1.0323128887222586 0
0 0 -1.523620438625427 0.3409569264790026 1.8774767168729358 0
0 0 -0.060500707608131865 1.3662470539320368 1.6652394332501346 0
0 0 -0.3621858075745712 1.4936021900955485 0.942524617869135 0
0 0 -1.0047622980129547 1.1297335317675472 0.496277044109215 0
0 0 0.018027234894563815 1.1635474535664057 0.5533567315712281 0
0 0 1.212378639979414 -0.06777719998995613 1.3856358838595242 0
0 0 -1.1589859832880962 1.4795934976522096 1.6186400490140787 0
0 0 0.5576157364774317 -0.03291820149773217 1.1783153114429958 0
0 0 -1.2813218142171785 1.502310819291286 0.9787979311021264 0
0 0 -1.429675249626403 0.026090873577760854 0.9390469242257398 0
0 0 -0.9593711260074502 0.9206034897875355 0.44841241121819797 0
0 0 0.19820118896650674 0.4347761015840277 0.5227082053245922 0
0 0 0.19819596909961756 0.37697760415314 1.874590306457709 0
0 0 1.3427567436739727 -0.0780668755120093 1.2804411084195344 0
0 0 -1.3678478561129073 1.3875522749215743 1.7038159630569725 0
0 0 -1.474923034044911 0.7489231652217749 0.45837324211863373 0
0 0 1.317127271222588 1.492477233739681 1.4966240274881224 0
0 0 0.18715097836325345 0.9960359799321545 0.4492644486264836 0
0 0 -0.4597849199547035 0.19500435891911416 0.6985260148380429 0
0 0 -0.7036589589238738 0.34656994160179044 0.5742924100108467 0
0 0 -1.1415840656748981 1.5848004557674553 1.28128375267086 0
0 0 -0.0664660135222539 1.0831740135240704 0.4652627665604392 0
0 0 -0.8470709525836453 1.1165518431348245 1.9475618976080162 0
0 0 -0.2547234155284728 0.09510241445957968 0.7025669092185729 0
0 0 -0.5932033633732346 0.40643304970001826 0.5099069368137226 0
0 0 -1.3260948788570668 0.801312278666914 1.989475840734182 0
0 0 -0.24376503099300728 0.5329499799381118 0.45781848913638923 0
0 0 1.2041598009978078 0.9593690882527839 1.974269486929267 0
0 0 0.02031208823990238 0.18748465513156187 0.6240865608625422 0
0 0 -0.2323389065362098 1.4385248781405298 0.7856180677407895 0
0 0 1.22339314759403 1.4652170299282008 1.5977172573402778 0
0 0 -0.2957261426657165 -0.08280262588236298 1.289904824796972 0
0 0 -0.6453483375772878 0.4069975484473627 1.938203105817185 0
0 0 0.0268897856551773 0.13577990471732515 0.8038868355890666 0
0 0 -1.4325257828614089 0.9887137362305073 0.5165366431217066 0
0 0 -0.24486135699311307 1.386819205115134 0.7317837156617981 0
0 0 0.408203658522339 -0.0696434326661014 1.113251903799498 0
0 0 0.3116352064081245 0.764524921188024 0.4690000895580466 0
0 0 0.9246981465847197 0.6726497959349508 0.4710933474670874 0
0 0 0.19038073048530424 -0.011101928112573711 1.5104205253714027 0
0 0 -1.4739282348099676 1.3218672701251721 1.8311214247085268 0
0 0 0.07874692554104468 1.0038696935477538 1.9980240964130265 0
0 0 -1.3312894922753942 0.8609771156604453 2.005196706481599 0
0 0 0.6321375358269923 1.512216668693088 1.5763830767744806 0
0 0 1.2356095812208698 1.0458221967321841 1.9857889468418781 0
0 0 -0.28551844238435153 0.4813311127175935 1.9331831005346771 0
0 0 -1.3947019254688757 1.4658011357345142 1.6330503654070945 0
0 0 0.12461054223267021 0.22894491259162042 1.7893579862671891 0
0 0 -0.7595016558339237 -0.01759036516303558 1.0576483950156375 0
0 0 1.0787105657523246 1.0138575868074944 0.5230298883412811 0
0 0 1.1129267127450957 0.1915911790749001 0.6236007084639367 0
0 0 -0.8254037836573146 1.2313823082636808 1.9154157422560563 0
0 0 1.2975434248033628 0.6423545449866975 1.9740128614724326 0
0 0 -0.028167509104142674 -0.061235022227059344 1.0722947226511774 0
0 0 -1.215933981801512 0.648744416460006 1.9655400843019941 0
0 0 0.4918181191283111 0.7234609073913779 2.0124206185667566 0
0 0 0.17294177982335923 0.3056892206121994 0.5277092677714683 0
0 0 -0.4270941983263328 0.8812901765581199 2.0317011287269136 0
0 0 -0.8767710329428618 0.7777242098314983 2.00848701168282 0
0 0 -0.7626399138715152 0.024451693603709468 1.6451749185869602 0
0 0 -0.241356115998427 0.5884316581295741 0.4599601374718877 0
0 0 0.21436977622875886 -0.04770897744275027 1.1962244001466986 0
0 0 -0.14872843834249982 0.46262426795628303 0.5268359955099579 0
0 0 -0.5999569087870547 1.3163490932918522 1.7068672041372728 0
0 0 1.1714906899207418 1.2376844935534157 0.5910018881699917 0
0 0 -0.29896863600089674 1.103202729926215 1.9499630064389923 0
0 0 -0.5311989335535374 1.272171522824987 0.6136625028684083 0
0 0 -0.7103436284016181 0.06088716012365625 1.6138751874965855 0
0 0 -1.3898214216427736 1.4207066578012557 0.7833597587396193 0
0 0 -0.9479706942488447 1.0715360365934665 1.9056212746310226 0
0 0 -1.3608255740170339 1.5200753515232572 0.9917845027452161 0
0 0 0.16816839445541087 0.9090668571264658 2.0139160609025355 0
0 0 -0.8846635397322639 0.8816418488147688 0.46764226964284117 0
0 0 0.17643211706321482 -0.08386816931284868 1.1427679076995916 0
0 0 -1.4898694939682362 0.5745725720344319 0.4961255786857903 0
0 0 -0.45356859111486836 1.1211590762795371 1.8710921087565344 0
0 0 -0.25978333906893103 -0.025634317224629055 1.5088374544550902 0
0 0 0.4442530245999472 1.284806687439644 0.6880783509083054 0
0 0 -0.23522210754025097 0.9209201442379908 1.9912872678438813 0
0 0 -0.3227496479433527 1.261467290471456 0.6313704803373706 0
0 0 1.41300962713815 0.16472923215682123 0.7281959226193899 0
0 0 0.7389582309330622 0.6314282738411305 2.0198012619696546 0
0 0 -0.8817576344171362 0.3781414749245426 1.935321155451347 0
0 0 0.12879858312043857 0.1555239553663147 1.7965788005992067 0
0 0 0.5079392654201937 -0.03366632253928303 1.3229518740407362 0
0 0 1.3798952759892207 0.9509568968638091 0.47192102319621565 0
0 0 1.5685121267870854 1.5287756895572344 1.3676858787190143 0
0 0 -0.09046559872229998 0.18242641674703086 1.8032355729858487 0
0 0 0.11381729366344118 0.2341927177423041 1.8352389123369686 0
0 0 -0.5717947821122044 -0.01565748946707568 1.0759106552048752 0
0 0 0.6931837845419753 0.013082967189569805 1.4536346943474017 0
0 0 0.8793578466485541 0.13598739980457064 1.7904042997895941 0
0 0 1.406177466971429 0.4694157994728329 1.9176066745774865 0
0 0 1.1529591011585563 0.6796715323660968 0.39134431390262636 0
0 0 -0.4463492527969888 0.555320555689106 0.4966822705690084 0
0 0 -1.5648360377626276 0.6741174597866322 0.43873769180049105 0
0 0 -0.9355916982789874 1.5113613353615638 0.9174164495253787 0
0 0 -0.00228693127078361 1.154060983573852 1.8503158017921817 0
0 0 -0.13738329123526993 -0.02091772330933539 1.0022130596489651 0
0 0 -0.6175011713867391 0.5492185787895054 0.492154165541012 0
0 0 -1.5288362763947438 0.5812304165964185 0.4564019535024343 0
0 0 1.171262339793269 1.4555776986001414 0.9844595662453338 0
0 0 1.3704894444597433 0.5232031356757644 0.45921638133277165 0
0 0 -1.141641683963192 0.5523987577127158 1.9880304030671634 0
0 0 0.7232814263219969 1.3538364004542645 0.786086206079893 0
0 0 -0.2288355736962866 1.5082756534764865 1.4212502486079714 0
0 0 0.43931300490795966 1.4057148445468959 1.6063736893744742 0
0 0 0.38760325336952084 0.0038784905273863135 1.6023192489254934 0
0 0 1.0320493853786692 1.3697623555257092 1.7274462766632919 0
0 0 -0.09969703478567582 1.0621895086391744 1.994358835538092 0
0 0 -1.4661765685580286 0.11027912305769239 1.7703387031259838 0
0 0 -0.501216584254242 1.4648220457472254 1.603119192107371 0
0 0 0.6171207779865453 0.9880342930722427 1.9571852306561042 0
0 0 0.3643480325205999 0.9354674825115605 2.026602345860121 0
0 0 -0.579088576253821 1.4291371604667058 1.5437525259228362 0
0 0 -1.5001015887515716 0.1986649913246148 0.6507153835468367 0
0 0 -1.1748338353492342 0.460562374049716 0.4851555353180833 0
0 0 1.2232242778733835 0.44948751260660597 1.922280427938074 0
0 0 -1.1335779318675991 1.1369363143452524 1.9328596362392259 0
0 0 -0.6652686403877152 0.7177303881492695 0.48594933939148655 0
0 0 -0.9782931773469092 1.4334953169445357 0.9400876494924394 0
0 0 -0.30222877924200686 0.2724808763193492 0.5458584043840943 0
0 0 -0.9580107561901752 1.0798387657073576 1.9887823731828966 0
0 0 1.535851477665374 1.3919549547055068 1.7047552447126881 0
0 0 1.09799380096212 0.48012986079139114 1.9998199644281112 0
0 0 0.5776819859516524 0.07896962525466877 1.6378528194410888 0
0 0 0.4631697690321217 1.1309139190822675 1.8996030508048762 0
0 0 -1.28530142362675 1.129390355688983 1.8839170836256693 0
0 0 0.948519346054363 1.5761301952508484 1.2877411589839751 0
0 0 0.0658814351779291 1.1549000021423532 1.9214145134532883 0
0 0 -0.3463326785871874 1.4485924802391135 0.8055766301085547 0
0 0 1.3636770684394177 0.5362395207640688 0.5055116292319881 0
0 0 1.1663176882556572 0.16742254524247668 0.6457335147218569 0
0 0 -1.0394834609006145 1.1376027497722705 1.9624673643181347 0
0 0 1.1569972981536223 0.1552024446981124 0.7719870724366067 0
0 0 0.6616075755356485 1.5083283734911657 1.1016029833707337 0
0 0 -0.523190718283274 1.5081054470437496 1.061852568170161 0
0 0 0.8818639958765262 1.4891627160517737 1.3876775699065653 0
0 0 0.006683821538093548 0.0403937902785505 0.9544590170560525 0
0 0 -1.3759236382079207 0.8509723948749089 2.0234413093800128 0
0 0 0.6420645238714959 0.4493257106672702 0.46101213555777976 0
0 0 0.19459228975503162 0.03459515259966395 1.0266516660457936 0
0 0 -0.34937153071668114 0.2235721709531403 1.8373714641210523 0
0 0 -0.7098169108362804 -0.02010493234570987 1.4938794541718323 0
0 0 0.7432721862989018 0.7132037497618212 2.0129121034980813 0
0 0 -1.0235201574073058 1.5364967748747187 1.0804688275433334 0
0 0 0.7489701975571532 1.263088588901788 0.6145187929287914 0
0 0 0.7787422833693327 1.321458861244643 1.8281161698673456 0
0 0 1.258965359300579 0.15442637159245676 1.7200496180597267 0
0 0 -0.6242961766053905 1.5488069455299476 1.01894324595593 0
0 0 -1.1724757175701104 1.362232257837301 1.7555941319462551 0
0 0 1.0706491373998341 0.9235933542859273 0.41885681235634076 0
0 0 -0.9218355189591904 1.504834490874366 0.9675354413271213 0
0 0 -0.4251253313693144 1.5224542709326045 1.3616199622996932 0
0 0 -1.0414909693476646 1.4598041293556596 0.9169235539973214 0
0 0 -1.4040500394685145 1.1860839235175054 0.5812285797949098 0
0 0 -1.1228795885502765 0.7188216901976633 2.007438633120057 0
0 0 0.7825014026261456 1.3205695166997715 0.6213946867587324 0
0 0 0.19112306895670428 0.9242561502816463 0.4393029842517132 0
0 0 0.4688095567203199 0.9136453050829833 1.9669243172753301 0
0 0 -1.145341140411447 1.215831978679658 0.5591752465911713 0
0 0 -0.45433871322085406 0.0018249397226864916 0.9889326469164169 0
0 0 0.7797203971487261 -0.02887633545944368 1.2101514532583 0
0 0 -0.3211830214739264 0.4334738694543433 1.9561840925920442 0
0 0 0.7932316710349192 1.5413902803637338 1.3930901748068965 0
0 0 0.298142264077351 0.4822714357372905 0.47261254367625394 0
0 0 0.2752480147270586 1.240679570102688 0.5808317980796197 0
0 0 0.691174349658124 0.47284411336184745 0.5098716652070374 0
0 0 1.0125451874554519 0.988914128471599 0.4293421576758777 0
0 0 -0.5811785348734333 0.0014651664625630056 0.9054451511776278 0
0 0 1.1264200774428068 1.3309269251413998 1.759943927825868 0
0 0 1.3448544940315217 1.3915678507406128 0.7386305650629681 0
0 0 0.08967428076493289 1.5866163210881585 1.2145247474124277 0
0 0 -0.41683929607841974 0.19060165238726257 0.6558086331353636 0
0 0 -0.7250465378322292 1.2628971551794619 0.606836308252873 0
0 0 -1.26844202744038 1.4699239355699683 0.9027395886944203 0
0 0 -1.362301568447008 0.7019047604519373 0.3948726570888692 0
0 0 0.7874060018923874 0.15600933524471639 0.7513183807386632 0
0 0 0.31173060250644147 1.361366212017122 1.689285539306533 0
0 0 1.1170837419968311 0.8916198906659949 0.4024762205810406 0
0 0 -0.3561011130684799 0.6652429692807065 1.9811165846946348 0
0 0 1.073805193256843 0.3361724393349217 0.544939861170424 0
0 0 -1.2782715582932203 0.1844695115356063 1.8110156051574517 0
0 0 -1.3947555088626946 1.5855835825433142 1.1460180477110582 0
0 0 0.31016443983284425 1.0575372213633432 1.9686251768111098 0
0 0 1.4538892600241393 0.016644548983252183 0.8852628354775189 0
0 0 -1.0995182957313765 0.606276839599634 0.46001544159522534 0
0 0 0.29445066113160445 0.2341916895643188 1.769245326348333 0
0 0 1.2401015725888187 1.489974871325909 1.394229377465395 0
0 0 0.24494335486294005 1.0441820144273537 1.9422601974976157 0
0 0 -0.9490671825832486 1.2764573563394461 1.7825616369911457 0
0 0 1.5652367164596415 0.25614362592686984 0.5808154755322048 0
0 0 0.5065596034274664 0.5134928642637876 2.017891772301354 0
0 0 -0.1876209634483026 0.21449766547446703 0.6334177300152619 0
0 0 -0.18403228951810413 -0.07364309345415154 1.129644637574746 0
0 0 0.47334443389271286 0.14994218843650753 1.6798189644193173 0
0 0 0.4619974507116247 0.6110054582911792 2.026016248712548 0
0 0 -0.1654011749248765 1.5448370806836114 1.0377838370801264 0
0 0 1.2156497009833083 0.05149181274032788 0.7860636041224942 0
0 0 1.1104993961037097 0.8791574428683874 2.0558972566312845 0
0 0 -0.2963041122844059 0.9084501150562866 0.422356364933939 0
0 0 0.6803374155399546 -0.046823303728156795 1.258638280731336 0
0 0 0.15224452804476707 0.02012695233877415 1.4830517346557994 0
0 0 1.1893061806671135 -0.004657560903682412 1.495379437149067 0
0 0 -0.002542471243479616 0.2862575036726542 0.5588763046936386 0
0 0 1.133899554758063 0.2610973551383542 1.845862827255773 0
0 0 1.120868627138151 0.5250049652830194 0.45708263953551076 0
0 0 1.0088034072700212 0.7539979293454597 0.4321981983335318 0
0 0 -1.3987751413529017 1.0644096189457337 1.969589334165765 0
0 0 -0.20239799678973802 0.4049543536828575 0.5188467574980198 0
0 0 -0.9216379512753674 0.9440356450270323 0.4361750592742911 0
0 0 0.24720680266324457 0.15739406023021363 1.7170152900520583 0
0 0 1.026262123725553 0.6533433851675178 0.41602576371244204 0
0 0 0.9764484082112626 0.774379321581288 0.4752128364501299 0
0 0 0.918406900224872 -0.015489145267432058 1.5060888567537736 0
0 0 0.503896067532029 0.3916177770491297 0.5239434382590711 0
0 0 1.3512474973505055 1.5602730143867627 1.4458914762193338 0
0 0 0.8292217638513293 1.467582512153344 0.9854513706800931 0
0 0 0.15403011340253614 0.3107679780859959 0.5437243522106716 0
0 0 1.0422891241505998 0.7522550308503284 2.0030738431057737 0
0 0 -0.16653909195263594 0.7358742139649513 1.9810597580096205 0
0 0 -0.6497203492366429 -0.00823077350668 0.9960292100387274 0
0 0 -0.029221717569057226 0.2948584251675672 1.8707352903367234 0
0 0 0.6589676171706711 1.3555219224581152 0.7912553751459845 0
0 0 1.358764282517119 1.3061678867738755 1.847399108679911 0
0 0 -1.2975016904679793 1.198785838165626 0.5982296521106921 0
0 0 -0.6067035921774127 0.8726443514262303 0.49112870512418993 0
0 0 -0.737432954992274 -0.04527941303578731 1.2670042897922549 0
0 0 -0.36622279554239534 0.36922876503543955 0.5079398133653386 0
0 0 -0.18821424906793682 0.32267016723788716 1.8942985865091748 0
0 0 -0.9619024227822921 -0.01598699456385011 1.4996145294667114 0
0 0 -1.327474446787862 1.1907214901943342 0.6196552665168139 0
0 0 1.178529527468295 0.9564924397605634 1.9453593083059775 0
0 0 0.9203703550972988 1.0459484033240845 0.4500399485181781 0
0 0 1.3913485643869898 1.3798826913217954 1.7283098381509787 0
0 0 0.6056238091615187 1.5586495214695906 1.4310993296888066 0
0 0 0.42667611805976025 1.3519066665302222 0.6713983597358989 0
0 0 1.4020575774309307 -0.07773952654218996 1.0939762399045887 0
0 0 1.5073481217871332 0.10373672031361203 1.675206171298192 0
0 0 1.406484222098514 -0.02093887480872947 1.1889388228137439 0
0 0 -0.4218730386816498 1.334855772344047 1.6864029496631243 0
0 0 0.6540402420210842 1.095888549027523 0.4715961096672704 0
0 0 -0.8237618073434315 1.0746638338676633 0.5378001202987851 0
0 0 0.4665482347850789 0.12982605143602444 0.7308686672966872 0
0 0 0.5046030371483132 1.0171801893823247 1.9760373514683716 0
0 0 -0.8319275552619373 0.7588112154927561 0.4001858591126224 0
0 0 -0.4132769201668962 0.4884451376468927 2.0161008851424596 0
0 0 0.5288720631700543 0.05624938739110297 0.7915464955508559 0
0 0 -1.3305379701320441 0.7750719613543965 0.4437819435232667 0
0 0 -0.7563397999558565 0.6838605620010696 0.48929051222074527 0
0 0 -1.0067245344845877 1.5009519082733618 1.4975736264385247 0
0 0 -0.8744091903144644 0.06568505953098314 0.8170857614498979 0
0 0 0.18684574414595523 0.9385933409043999 0.4530718922076028 0
0 0 -0.5328028965139173 1.4975221719764142 1.0152618693941704 0
0 0 -0.5611398491470756 0.7240875565331497 0.4108649329384825 0
0 0 -1.370227700868474 0.9901230523722218 1.9660151722579817 0
0 0 0.6464366447492407 1.3515196164967256 1.698328856295631 0
0 0 0.92166334598602 0.684639641806306 0.40340021094303435 0
0 0 1.4340466471247755 0.3210145652176034 1.8560845254066956 0
0 0 -1.2067308090381483 0.8140290173231316 2.054971474739715 0
0 0 1.0348192194106258 -0.020361139760790792 1.548064493683552 0
0 0 0.67473774836236 0.8214384044122206 2.0126307160485895 0
0 0 1.275584315843358 0.0019057256340545559 1.3363853698675028 0
0 0 -0.49926138801523123 1.239452852741174 1.8225232948297152 0
0 0 0.4897902106901135 0.3408290010893689 0.5303289007496543 0
0 0 0.2994784508301447 0.46869605695978617 1.9783075664130239 0
0 0 -1.317608283639715 0.30079400246263344 1.8317089072735295 0
0 0 -1.448027866640768 1.3456315794940852 0.7042870307467758 0
0 0 -1.4857215181860883 1.235981242746915 0.6366550174236087 0
0 0 -0.8249244772642695 -0.01509180934413712 1.4592428082474733 0
0 0 -1.3536263859560949 1.5220562378518654 0.9467276156525928 0
0 0 0.6618911577138706 0.417222376012069 0.5505769385749658 0
0 0 -0.9672373715831508 0.3422703859687374 1.8624145778468748 0
0 0 0.7764565602602223 0.10233597553732965 1.7447983902577802 0
0 0 0.9854961697065843 1.4837358593604115 0.8300645747813127 0
0 0 -1.0690422775052109 0.8865778820745753 0.41842479727169113 0
0 0 1.1277609307620664 0.5026387295144967 0.4441453373176014 0
0 0 -1.0213867683890163 1.4230266943975811 1.571077068049935 0
0 0 1.0449900696932382 1.0979792382266453 0.5665108991458627 0
0 0 0.9119319258311411 0.03436039241327138 0.9975349984759415 0
0 0 -1.0405929414390258 0.0243410500355149 0.855753029415173 0
0 0 -0.9962295973851589 1.5540531347689506 1.3794397430081071 0
0 0 0.7723135844384457 0.6087541436278893 2.0029991138400804 0
0 0 -1.1813594197030617 0.14817691305009573 1.6996670595214247 0
0 0 -0.6706399523971163 0.6731487537217374 0.42626242768815237 0
0 0 1.2974681749564505 0.5844613954416765 1.9994857480594064 0
0 0 -1.5669411459965148 0.20899997465152353 0.703707651179626 0
0 0 -1.2466007157245533 0.7245115054863401 2.0349598110060927 0
0 0 0.668667999112531 1.4830042567683916 1.3394153344211397 0
0 0 1.5675288580486804 1.1649660539849063 0.5231768247304625 0
0 0 1.3122024163513957 1.5566874767042993 1.0981379471472232 0
0 0 1.1139611652342807 1.3630512546430882 0.7200956823549303 0
0 0 -0.20307642574870788 1.5508733783318336 1.2808693376747828 0
0 0 0.018120615356883363 0.23465965640142283 0.6004960457313563 0
0 0 -0.5282741121192351 1.445705633372109 1.5983301519703672 0
0 0 1.5158202876725393 1.024704077978159 1.9566431736241738 0
0 0 0.9208204976611607 -0.024505793911118068 1.0159531017830636 0
0 0 0.2626364607809606 1.5060333966441972 1.0888621366785924 0
0 0 -0.1184084229811444 1.3289842179403055 1.7137490275627008 0
0 0 1.162579655628805 0.7065956686677362 0.4524260291352342 0
0 0 -0.18072556792877292 0.6075696885520372 0.4705136559578039 0
0 0 -0.852160441055272 1.5044329978511497 1.217536377491312 0
0 0 1.0275094191334286 0.4906225239428146 1.9925960089872667 0
0 0 -1.2559797492470128 -0.08060866810737266 1.2318470458776571 0
0 0 1.1982233706343126 0.6785485285945286 0.4013085498799591 0
0 0 0.6902611868388138 0.5973044626236608 0.4784463220508125 0
0 0 -1.02684580390396 1.5304156641927844 1.0368817474531615 0
0 0 0.3072974960392345 1.579433017815034 1.1456980877538194 0
0 0 0.913180245712478 0.9551893355514268 2.0208007639594863 0
0 0 0.4471783044954787 1.2654662519071556 1.86305522797098 0
0 0 1.3923400266003059 1.5195848013963056 1.1765519869412575 0
0 0 -0.9304066437831277 1.4402982465399923 1.5137798235537703 0
0 0 -0.3027842135761247 0.7878273629478328 0.46029988281088563 0
0 0 0.11622538473187771 1.3865148038041006 1.6189581342769885 0
0 0 -1.3408220685419618 0.6421481213244105 2.0393063603506913 0
0 0 -0.7049199853106753 0.6181117949136106 2.0486028846949953 0
0 0 -1.2397174549524228 1.5143031623391214 1.4928940962744048 0
0 0 -1.486825168229964 1.4459873598793471 1.5743775651364995 0
0 0 1.164525046472555 1.2616663339479484 0.6661894371813237 0
0 0 1.4231900178535097 0.021318074573477563 0.9686085869222305 0
0 0 -0.37320062707594337 0.9165468470309861 1.9833993808566168 0
0 0 0.8213470320527434 0.11509755591479764 0.791873472340589 0
0 0 -0.6301682290059787 1.1837426410370697 1.8728297353683656 0
0 0 0.4229036764568299 0.40239432148245485 1.8990125520327432 0
0 0 0.9156449568081197 0.18811609101624116 0.727813263291736 0
0 0 0.2558319805383893 0.04297306644154408 0.7783020924446242 0
0 0 0.053111652329438375 1.4258984146405056 1.589314309733414 0
0 0 -0.9778105024399413 -0.0618882008383721 1.35029214443664 0
0 0 -0.546067065505403 -0.030785237830582624 1.2529247271042712 0
0 0 1.5401966394956887 0.6402034016207229 0.4043030518027021 0
0 0 -1.1743580745636693 0.6322735100015382 2.0347978522747243 0
0 0 -1.3085419414139516 0.8112084883820299 2.012907151916941 0
0 0 1.5399757407193109 0.20681627897897437 0.6519616059096789 0
0 0 -0.25660500472651515 0.5490510554040017 0.4493331406381378 0
0 0 0.7634659489387192 0.8018241162911408 2.0511726820255336 0
0 0 0.2919931897530197 0.9518341617148024 0.4225193379579607 0
0 0 -0.24230607219234201 1.5244840345010522 0.941731853915573 0
0 0 1.332579848735298 0.004685782598666033 0.8509146455845941 0
0 0 0.5120757874465869 1.1013033901044793 0.5448601600707446 0
0 0 1.018012052750251 0.94227293873481 1.9726629691241553 0
0 0 0.4399193181193235 1.1261466979332244 0.5248482693459616 0
0 0 -1.4181357229172389 1.525718699476477 1.218590881374227 0
0 0 -0.779803745187924 0.7356748227622972 0.43557524818357574 0
0 0 -1.4221065005065294 -0.010973293083220925 1.511928822015323 0
0 0 -1.2734239286045068 1.2825315452790407 0.6642061172382593 0
0 0 -0.6451870458774234 1.369942216539656 1.770638773086096 0
0 0 1.2901675399628298 0.631527587410195 2.027968425675433 0
0 0 -1.0476737062342918 0.45195249293735196 0.5353848444272059 0
0 0 -0.017721579978148938 0.7252797461094671 2.052507347955905 0
0 0 0.8260128315041162 1.2902724691568053 1.7809482265036296 0
0 0 1.4439171312132948 -0.006480008813786409 1.3051029519676183 0
0 0 1.1228706809083007 1.451550766632541 0.8037713620151257 0
0 0 -0.6350383060123684 1.5042053304137852 1.069279423030512 0
0 0 1.0834979613576983 1.476450205581187 0.8254076440990403 0
0 0 1.263037005152424 1.4438766909553578 0.9263405470888364 0
0 0 -0.834294521975195 1.0251772706417153 0.47805868850857935 0
0 0 -0.6242328410452204 1.058458459886601 2.001730127726686 0
0 0 -1.1170490186087145 0.01217933515324987 1.4780093989652636 0
0 0 -0.800278983351547 1.4899173662902885 0.9890734428598394 0
0 0 -0.23414504180320717 1.202636451941503 1.9062639268788606 0
0 0 1.3340876601887883 1.3201837600365907 0.6597474077050152 0
0 0 -1.1455624393827528 -0.011869824541840823 1.0630667912030538 0
0 0 1.2445115303719834 0.18987179488264838 1.794322474323232 0
0 0 -0.8962642395534592 0.9926926848527277 0.47796093592148614 0
0 0 -0.5535618856212368 0.7513007639280135 2.014458922493157 0
0 0 -0.9686258234854598 1.4884610182217175 0.9624607443519715 0
0 0 -0.7751972615598229 0.5135096137098687 2.023689950625929 0
0 0 1.2998740346647213 -0.030095913869486512 1.2468350750439685 0
0 0 0.6241251531175358 0.9368312594837286 1.960636958345039 0
0 0 -0.40641638507123545 0.5688134291298081 2.0350720175866135 0
0 0 0.25900453317047023 1.3599434209708847 1.680130129902604 0
0 0 -0.287401877671529 1.0102619054576758 1.957663236628552 0
0 0 -0.11110064376673856 0.3538876604116665 0.5301963852077075 0
0 0 -0.46963552979499745 0.6184170107723718 0.42960751908149275 0
0 0 -1.463090495321595 0.6485123178285289 0.40802226082740234 0
0 0 -0.32762976588881076 0.26098818001168506 1.8864960200001684 0
0 0 -1.0844421269133877 0.6843176926053888 0.4258526499132149 0
0 0 0.7940657976966752 0.7852669133645069 2.0337181262907467 0
0 0 -0.3368688653766827 0.5716870742107857 1.9906885750464678 0
0 0 0.8501508472894339 0.9225608098529707 1.9964010017328007 0
0 0 0.7604239426232131 1.4134820035511715 1.6191811452429201 0
0 0 1.2372912208446474 0.6992884252941651 0.394947564892026 0
0 0 0.14655877626372682 1.1652378918675312 1.8588671402347638 0
0 0 -0.4833792635882299 1.2074824550824288 1.9215393324703927 0
0 0 1.0154556661816971 0.5962522155793084 0.4621506926411353 0
0 0 -0.6894729760547391 0.16180683582151212 0.6892388286235976 0
0 0 -1.2561877571944098 0.2566835913506951 0.5674726770703603 0
0 0 0.02242039907367599 1.5029787333089288 1.1338970339189292 0
0 0 -0.6999555362799854 0.011978118979518837 0.9729458084171067 0
0 0 -0.9918893606058801 1.2178002981489717 1.8448237001880403 0
0 0 -1.4952866011559354 0.9615073248995396 1.980007975822906 0
0 0 -1.4609638191564396 1.3771046364849768 0.6717743912413345 0
0 0 -0.47682571356105363 0.20952720720925155 0.6087524833143395 0
0 0 -1.4560008076028337 1.1566306239159487 1.85622393096655 0
0 0 1.1759186598222668 1.4768139204113184 0.9130746147121258 0
0 0 0.47614529258631855 0.9239744253740626 0.46940702971669435 0
0 0 1.4511723933562775 0.10039389858480918 0.8231275593896406 0
0 0 1.2764982435660932 0.07676819756698039 1.6638981554726684 0
0 0 1.0296194369812177 -0.020594349401150014 1.4260184686944595 0
0 0 -1.0149081451862638 1.5001027715736992 1.5608428230647111 0
0 0 -0.4616237874405422 1.2072162451337545 0.5233620288554447 0
0 0 0.17406773627609184 1.4782483020353852 1.5268194366162386 0
0 0 0.9467917206743208 -0.0034592304613554337 1.4010857168047552 0
0 0 -1.1656177848431575 -0.061372879857293006 1.0958043405252846 0
0 0 0.0173983404838014 0.26155499129442833 1.9037475670503607 0
0 0 1.4890067106545368 0.6641286194131742 2.0081169964070194 0
0 0 1.1202694714561923 0.5404196265828826 0.4560843469165303 0
0 0 -0.696242214366003 0.017657877255142784 0.821834995163824 0
0 0 -1.1279842986491002 1.0806048744438423 0.5208075010161228 0
0 0 0.722585562941759 1.5673389643885103 1.4114870544185056 0
0 0 -0.41875329486389434 1.489107347682602 1.1490707649497844 0
0 0 0.8706705797245897 0.2533493049799934 1.776737826085379 0
0 0 -0.9382670665568543 -0.022931734263175296 1.354000277911258 0
0 0 -0.8449821591124095 0.006839436854774172 1.612374287818892 0
0 0 -1.0241962123170691 1.3841406867512664 0.7455770894509167 0
0 0 0.18086099011524714 1.0694186584916792 1.914492867038791 0
0 0 0.601713965872988 1.5078650900685555 1.5270358582135943 0
0 0 -1.0846017233906537 1.5167144711637204 1.4562973066204066 0
0 0 0.023920511459177174 0.4337267595815037 0.5483862464646708 0
0 0 -0.35238547385065844 -0.009727258290683993 1.4830437359668664 0
0 0 1.0187266684599274 0.012032707562917744 0.9148996095540332 0
0 0 0.8577709322275826 -0.023436545541045573 1.3809012092528021 0
0 0 -1.1892020685875666 1.1851921745017833 0.5665898924472637 0
0 0 0.3642863143721844 -0.004087503856515906 1.3237116352406344 0
0 0 1.463804349678457 1.432985479968997 0.9156771702345614 0
0 0 -0.8270638720487871 0.0024668211737969292 1.4625737051583894 0
0 0 -1.1710725035107568 1.3418543981716988 1.7628823145221408 0
0 0 0.3383974616972907 0.10032826116183668 0.8457598873030128 0
0 0 0.05836648830624913 1.2842549754659474 0.654651107392219 0
0 0 -0.10938238233203035 1.293241994755367 0.6212012372258601 0
0 0 1.4248215470788792 1.4568242092001848 1.5610294413965227 0
0 0 1.3731497475479792 0.09299015450982095 1.6531151473926295 0
0 0 -0.16961197779540682 -0.04854135598366638 1.2712655895243112 0
0 0 1.1562503017494126 1.2527457596854903 1.8801750458722315 0
0 0 -0.17363933248843977 0.20933290169047603 0.6346395951204696 0
0 0 -1.2864524034408562 1.4451418029933578 1.48627779602445 0
0 0 0.1987923408047101 1.2027724809670892 1.8385426666356182 0
0 0 -0.0007561354539660226 -0.06781124871342503 1.3162229093803361 0
0 0 -0.011867632170014186 0.29008408003343805 0.5943478619620893 0
0 0 -0.026524995872003077 0.9724234432223229 2.0330806167970255 0
0 0 1.483116791447972 0.5519808360124724 2.0225691165355006 0
0 0 -0.8858839163671225 1.3810731907129088 0.7276304741292965 0
0 0 -0.13388491508225253 9.34188803137781e-05 1.0767566093565828 0
0 0 1.0812829624122169 0.11065704608574067 0.6860019022568546 0
0 0 0.732698123545187 1.1684069461419764 1.9239594236935038 0
0 0 1.5596805284900648 1.3797337565544914 1.6169229508782328 0
0 0 -1.0175625459491153 0.1445310317407924 0.768099902536198 0
0 0 -0.6762887129228606 1.44186171930428 0.8807080541432875 0
0 0 0.8216557706061569 1.262137966437297 1.8309095125559258 0
0 0 0.794776345024963 0.4850379302276863 2.023677926464165 0
0 0 -1.4901444835284312 1.3972585328624412 1.641693371626116 0
0 0 0.9129319376281368 1.3261097722045083 1.8139585660531146 0
0 0 -0.6318775451756448 0.9906669957570005 1.9840041998848401 0
0 0 -1.0771729007423447 0.833590180779063 0.4082523983810177 0
0 0 0.11327552418598263 -0.06747832334346471 1.248933281451359 0
0 0 1.1136024511507117 0.0641222656252135 0.7773010993928469 0
0 0 -0.7998931551764016 -0.044829744566449725 1.0296539648140297 0
0 0 0.3643389767641325 0.3886759847751128 0.5218332677651617 0
0 0 -1.399709835589293 1.524135772919592 1.525662603965475 0
0 0 1.5613784168725107 1.4286398991466454 1.7025037412228634 0
0 0 0.538674806421247 0.8106571652456322 0.39903511342232034 0
0 0 0.4435522112004686 0.04387314129471853 0.7945617461062557 0
0 0 0.4871505006089172 0.5500370552977807 0.42054058734702005 0
0 0 1.2884898510470828 0.45584998830196516 0.49946713410648125 0
0 0 0.02359983951956024 1.3058382921705314 0.7174187511124427 0
0 0 0.1410955437497634 0.14040104126597608 1.7488514354866451 0
0 0 0.6855951672311242 1.5887583823414475 1.2445251249772322 0
0 0 -0.9398191600938055 0.14621237816495936 1.794735467531562 0
0 0 1.2751972809101755 0.8642988863581638 2.002913757386164 0
0 0 -1.1853754618561614 0.1362880122621576 1.675397156207643 0
0 0 0.9243507457103619 0.523279009031584 1.9966765300521998 0
0 0 -0.39825642764049096 1.2442175338426453 0.557112476510193 0
0 0 -0.877439332171785 0.48227412736449604 2.008209324200825 0
0 0 -1.5054005142978035 0.2899888744522077 1.8378369552968274 0
0 0 0.3392456087706799 0.8661108777571052 2.0055145156845864 0
0 0 0.5372185103913392 -0.03479869560175164 1.0706596947431868 0
0 0 0.036833657838691414 0.31713688483270075 0.5632757223337378 0
0 0 0.881078276379244 0.21722284637479516 1.7607336156370779 0
0 0 0.4555203925097704 0.6858620763919976 2.0465609543597876 0
0 0 -0.38627417203529 1.2863427974604904 0.6539384710019044 0
0 0 -0.5264483513388649 0.7576202298685876 1.9805488117211905 0
0 0 0.39832478925917036 1.179407330714906 1.836603678942447 0
0 0 -1.2529289279092601 1.4783484054623068 1.3933293645459586 0
0 0 -0.9439164999123214 -0.045402289383739136 1.1850303645989577 0
0 0 -1.5655336530729378 0.9474765237854127 2.0285769775785543 0
0 0 0.7511359971609206 0.967071267123102 0.517323086373403 0
0 0 0.74425572748157 0.8301794549387836 2.030816558752207 0
0 0 -1.2031081966366306 1.4498030948775769 0.9038860105972802 0
0 0 -0.7805380591328364 1.0591338274312803 1.959457568827523 0
0 0 1.0805232336128712 0.9874755403043761 0.5251235855487612 0
0 0 1.3873275568918415 0.6707193784653589 1.9969837936849282 0
0 0 0.45662916086684024 1.1904700078418897 1.8689793226574607 0
0 0 -0.7121886609185227 1.4098980008452804 1.5640284506751319 0
0 0 -1.113509263972252 1.530125419517542 0.9570612320114997 0
0 0 0.43034700307571994 0.07280298472897795 0.9029180740117213 0
0 0 -0.47018071994866695 0.07620005587636891 0.8474918488526648 0
0 0 1.4419156060048035 0.21628996064932637 0.6940883232315277 0
0 0 0.30525868158443026 1.5637458183766062 1.2488165795321766 0
0 0 -0.3039439693612258 1.1179691304215387 1.8700933388029144 0
0 0 -0.1872930715793366 1.1106255587117393 0.541646484901495 0
0 0 -0.028629318070362952 0.95075997235825 0.422185612095616 0
0 0 -0.6349584698178554 1.203615296314226 1.8920365672700277 0
0 0 -1.4149017134016173 1.3928002364803038 0.7106091624466655 0
0 0 -1.4891780144154172 0.9830866778193961 0.5114326293030409 0
0 0 0.5746397540696657 1.425066688552965 1.5825448496498482 0
0 0 -0.15068579245422598 0.2154144162141688 0.6826999121582774 0
0 0 -0.2420711807064504 0.28517537004447335 0.6143214933482776 0
0 0 0.15828007221515428 -0.06828435210234296 1.2605383017244318 0
0 0 1.0948546852443028 0.46721984904556363 1.913147880181473 0
0 0 0.3172573715653224 0.4842671341097181 1.9350539722097446 0
0 0 -0.053066200431681976 1.0886304416321555 0.5365870998041183 0
0 0 1.2689724884107565 1.4438599135371932 1.6503999097902964 0
0 0 -0.6937580048593759 0.5169423190413611 0.42937991846205503 0
0 0 0.6508073922081357 1.4576920152692594 1.5858537760248863 0
0 0 1.0790266161714492 0.9019147075196887 1.979558562898669 0
0 0 1.0817005454243644 0.32942609326773575 0.5203774220405153 0
0 0 -0.7893518329746627 1.5810078081855763 1.2259989933361837 0
0 0 0.09999665755815323 1.4977303159213884 0.9478800342643624 0
0 0 0.5163974397443893 0.6039851962618665 0.42342180553688236 0
0 0 -1.224108372670625 0.7187380546998523 0.48604783494950676 0
0 0 -1.0474775788604391 0.5549543221907428 2.011476710274924 0
0 0 0.3507582512276899 1.4661783514800542 1.5668289280329526 0
0 0 -1.4674054335816284 1.4377166031096196 0.9459375798695361 0
0 0 -0.649979973229067 0.0052960782716643395 1.3135847811872068 0
0 0 0.06334167245306754 0.033680124251247445 0.7913672163085793 0
0 0 1.1366599298958326 1.2908031791478842 0.6316490849457415 0
0 0 0.6931309296493207 0.5117045163922044 0.4300857219083667 0
0 0 0.11081700097560265 0.048435797365688926 0.8076420910012954 0
0 0 -0.032915769031896636 0.05060392831209248 0.8232771395730626 0
0 0 0.3146694569354693 1.3477920501028322 1.7231850384714393 0
0 0 -1.4533210451511012 1.1620196477569182 0.5055123516991786 0
0 0 0.27757747330956395 1.2482563753638949 0.6374513731872559 0
0 0 1.066031763535039 1.0236483346573106 0.47987021469265845 0
0 0 -0.6175086926478025 -0.0630837373468135 1.0628194293532751 0
0 0 0.7396543616535305 1.3221521132358687 0.641857784017447 0
0 0 1.538752762898775 1.4913208172551213 1.1410515612200056 0
0 0 1.1236155629021058 -0.039806876632957455 1.0528232331047143 0
0 0 0.7567631825125463 1.25467635877035 1.8379753150735547 0
0 0 1.3517689655258844 1.1791914248607935 0.5648064921937732 0
0 0 -1.1545638818459727 1.571119185682066 1.2407961285635374 0
0 0 -0.11282487068007363 0.7962813021495678 1.9917125687099901 0
0 0 -1.0996130978258145 0.04952533041264373 0.9134985007099996 0
0 0 -1.1190289028316078 0.1452298480736085 1.7940830341118958 0
0 0 1.0851892016519091 1.2851114479522907 1.8519036586300075 0
0 0 1.3716327110839908 0.9596001258353479 0.4872919757075188 0
0 0 -1.5666852082825835 0.8881203767485354 1.9976410084630707 0
0 0 0.35602470552715526 0.3180537630428055 0.5217030334960105 0
0 0 -0.04370650592568359 1.069398584357653 1.9431584414999894 0
0 0 -1.1254131385968482 1.3393438742491186 0.7390593447944639 0
0 0 -0.12314613651765827 0.0033253865577073105 0.9660355906240493 0
0 0 -0.44524123514384994 0.16080336175852683 1.750448243625009 0
0 0 0.08972275069129565 1.0270998598868384 2.0014364246225473 0
0 0 0.7300351802433416 0.8706917823912252 0.49081461154482287 0
0 0 1.153407572002361 1.5291483701252813 1.046259169341255 0
0 0 -1.3754128870569913 0.24957644101981513 0.5947223339030511 0
0 0 0.15437569354304936 -0.002622181101078369 0.9008929931271332 0
0 0 0.07281758005413153 0.836213378554763 0.4466998744811589 0
0 0 -0.6233785682601612 1.2586381225252945 1.8809574090008654 0
0 0 1.2156274541590824 0.09322837892830282 0.8431174324804314 0
0 0 -1.1299650544710298 1.3685275286990384 1.6650666961680205 0
0 0 -0.5617194244196859 1.4820699529647077 1.525520275392235 0
0 0 1.3003199760720916 0.2290770577057889 1.8598214133732203 0
0 0 1.3551617621542023 1.5069210333832757 0.8702335318884993 0
0 0 0.3224162752855779 1.3657341734498833 0.7453357192306446 0
0 0 -0.2796349594919527 0.032639347542919084 1.647222151126236 0
0 0 1.4097127877976385 -0.016685327961927343 1.3384398497396344 0
0 0 -1.418695722554818 0.7191163352107857 1.9968016412542124 0
0 0 -0.886149764335717 0.3914676281588886 1.9438801334100768 0
0 0 -1.4773389288042953 1.0912015163435989 0.4739421462674378 0
0 0 0.44607080166102975 0.9999022976003474 0.45770755372860583 0
0 0 -1.186931259199425 0.8995309723731788 0.48539945534533047 0
0 0 0.14702137417841588 0.2655907857741634 1.8318517118705138 0
0 0 1.4261551803255461 0.23700071759858932 0.6491185862215665 0
0 0 1.4280773478808784 1.043193240501278 1.9523102907877499 0
0 0 -1.1646552680559603 0.01315858453608354 0.982504040761589 0
0 0 -0.2556711260678597 0.935448166648762 1.9613501067594452 0
0 0 -0.8199681115889748 1.40132982178092 0.8033679183781846 0
0 0 0.267380865827334 0.23066866546740394 1.7770047598378762 0
0 0 -0.26988126414294 1.4929420078207076 1.3274304639902021 0
0 0 0.7593954144882358 0.21430753435811667 1.8417541811884273 0
0 0 -0.08446078892139597 0.5462081502125343 0.5021136416422985 0
0 0 0.09693008706602013 1.4762847514486954 1.0676586296545427 0
0 0 0.7081866976162474 1.2494260800920662 1.8070646074969035 0
0 0 -0.5403745080454572 0.34562532239649224 0.523791383924503 0
0 0 0.18144952460497188 1.5312033662155198 0.9595238030166537 0
0 0 0.8668937227610334 0.7455509771208495 1.9986320671991191 0
0 0 -1.3555735224299872 0.42134789973106845 1.9603980759367112 0
0 0 -0.10576753479926482 0.3300825478671247 1.8892383003008972 0
0 0 -0.5241560869067035 -0.030356453974522135 0.9702958651532565 0
0 0 -1.145737273506036 1.474139303195301 1.0646470012948563 0
0 0 -1.1739179000277553 1.159169698063847 1.9510471129040639 0
0 0 0.05145831205006357 0.03188732474074607 0.9996959357378109 0
0 0 0.7065115585293826 0.9876017826330692 1.9731658754761259 0
0 0 -0.45382521492236005 0.12616056556669797 1.7356789937698247 0
0 0 -1.0334808855351576 0.17512921073426413 0.7587793435667131 0
0 0 -0.7000083161038121 0.0997744112658484 1.6000326529274522 0
0 0 -0.9869551817602807 0.20893889025296386 1.7671288913551484 0
0 0 -1.499966117500636 0.4628051080054511 1.9518878125394514 0
0 0 -1.516790816695642 0.6962860879926104 0.4549722129270978 0
0 0 -1.5138336276495932 1.5061160374172977 1.344018592538848 0
0 0 1.4354901602428254 1.5501261432787725 1.1831075858878255 0
0 0 -0.3418254327489323 0.14090463775969286 0.7047881173705421 0
0 0 -0.5748061688002285 0.8549062483536493 0.48655205365463783 0
0 0 0.8319594335280849 0.894733658867783 2.0446603915926214 0
0 0 -0.3303671833808377 1.1261340241937408 0.541137369241157 0
0 0 -0.6556164195805945 0.3284342788734982 0.5715530828120131 0
0 0 -0.7355673686153572 -0.04360220127770398 0.9667613613079584 0
0 0 -0.9606726688976042 1.3840895722779991 0.7081088514314235 0
0 0 1.0280159581567418 0.2132011557341924 0.5972328500672218 0
0 0 0.12063865257625372 1.1821550828033411 0.56213881751015 0
0 0 -0.8970404936035974 0.5859243962854441 0.45651694791671404 0
0 0 0.17607762187292497 0.01759615229706457 1.3962430222038982 0
0 0 -1.1189977188461315 1.0667650063502863 0.5331369023736667 0
0 0 1.3500818503913417 0.08464671649353395 1.7285195594555194 0
0 0 1.4019944623464982 0.14446321779256244 0.7494358051238166 0
0 0 -1.086664018029436 1.4931036522530183 1.1875956251977675 0
0 0 1.533874648999642 0.45506495139361436 1.9541227884503372 0
0 0 -0.12628150976653463 1.5698240579751737 1.1052179248695273 0
0 0 1.1508333170704823 1.4986482791093303 1.1491015635912085 0
0 0 -1.1422135015686945 1.2091838827185166 0.5446953579337522 0
0 0 -0.8103991929895731 0.956697324987468 0.43267522175519935 0
0 0 0.4283991649591645 1.1699111761083236 0.536192973377185 0
0 0 -1.0358873972629157 0.3742113301740018 1.8908908771867652 0
0 0 0.1448224105553868 1.078670197250409 1.9198485823025697 0
0 0 -0.6387356978475393 1.0901681046233116 1.9933433756181032 0
0 0 0.7683666148160921 0.026624738802895065 0.9104848733340445 0
0 0 0.910957401103083 0.2611901419697111 0.5464519497162883 0
0 0 0.8159349480886071 1.585780104529531 1.2134175331926325 0
0 0 -0.04558211976787607 0.3631708642651849 0.5037389162314729 0
0 0 1.3037572422009238 0.6659116096969099 0.4098695456997784 0
0 0 0.2329195176049521 0.00851590954240855 0.8839310085809777 0
0 0 1.4209813119276395 0.27953238770770344 1.8392560746303124 0
0 0 -0.1885723439085032 0.726242186088221 0.4373803673647205 0
0 0 -1.5026382069448214 0.30605397889819913 1.8414194851989203 0
0 0 -0.9067541344595045 0.9630685920529786 1.996386505801965 0
0 0 1.501577700432116 0.22303160015328538 0.7069845170484362 0
0 0 1.5581294413344606 0.36788825178610984 0.537085664676639 0
0 0 1.3626512128258739 1.4785102347108854 1.3926121275855976 0
0 0 -0.529700987261083 1.4869836632805071 1.4082858187024014 0
0 0 -0.414372054801319 0.06334091954948151 1.693199938034722 0
0 0 -1.0216255914828922 0.830088295567965 0.4298234092489198 0
0 0 -0.2577493163516791 0.346818380581874 0.5223296168368267 0
0 0 -1.1348889409530925 0.6095733866408428 0.4888100248762519 0
0 0 -1.3289753218685183 0.807107475844495 0.4502019303204352 0
0 0 0.4891336268084516 0.5579610804450496 2.0352985885933794 0
0 0 -1.3540896036093355 1.4323199594803513 0.7520032047152261 0
0 0 -1.3606594312249067 1.1336766994780765 0.5525260820075966 0
0 0 1.0331947064788114 0.019114923865104605 1.011805697222792 0
0 0 -0.14538326559350612 1.214660164606816 1.9194386418598954 0
0 0 -1.1974869273642912 1.577844130743955 1.1511874879400013 0
0 0 0.6958816766190634 0.6822534262555697 0.4289531245624173 0
0 0 1.006615113346537 0.5107251483743067 0.4639484626142609 0
0 0 0.9673253285439305 -0.04103054872167178 1.2720353666932707 0
0 0 0.7333017555707948 0.006753028795703608 1.0497813237950657 0
0 0 0.3625512698672375 1.2438951727022485 0.6278428348814412 0
0 0 -0.01926094161839864 -0.035871862985415115 1.0930232407275176 0
0 0 -0.94931239933384 0.8435457080393876 0.4245623612675097 0
0 0 -1.0726953703058353 1.5208337654198916 1.3155449646485209 0
0 0 0.9732605842345063 0.925421803302761 0.4468767540600431 0
0 0 0.1995167629177943 0.47723579833059876 0.4441365087119734 0
0 0 1.536496424829278 0.4390296339795138 1.9959865867292863 0
0 0 -1.4234826199438322 0.3996171090485281 0.47504850784902697 0
0 0 1.2665122966852342 0.9564419890597884 0.4821675185541576 0
0 0 -0.2416219080662172 1.31512879158266 0.6786412889762627 0
0 0 -0.5195057477489655 0.0154134958512393 0.8735354193497118 0
0 0 0.9452529096715607 0.7015959319514475 2.0642795510668375 0
0 0 0.11788322417786312 0.7026329018033382 2.0329743932676028 0
0 0 -0.8599773514404954 1.2243102572806315 0.6097203671370598 0
0 0 0.2838512137053084 0.271066687084479 1.875568647281899 0
0 0 0.8859763064750981 0.2872615750632521 1.8785018383157586 0
0 0 -0.5130543594773593 1.5035124117436465 1.5532631202440765 0
0 0 0.8940417628557218 0.08722302917891578 1.6766518307385943 0
0 0 0.3067347241186622 0.08791941099556866 1.690986000593568 0
0 0 1.1301806344646734 -0.020023646025855824 1.277568621502682 0
0 0 -0.2012569192266005 1.2530603089148222 0.5625528208240731 0
0 0 1.187746642697054 1.5210521809205653 1.4984169124314233 0
0 0 -0.6177350143354288 1.2389433370013336 1.8174956213069882 0
0 0 -0.5765309733727813 0.8834636534961501 0.47689413663752844 0
0 0 -0.10589880396916507 0.7477519447269408 0.46618323471949075 0
0 0 -0.8514908433038038 0.3069139106249949 1.917278540900056 0
0 0 -0.07455320142170363 1.4130586180381228 0.8284312021926532 0
0 0 1.0086672823789673 -0.06418583897727459 1.2182441763058984 0
0 0 0.748475772175091 0.14419392472844306 1.8090318080572496 0
0 0 0.6423960043110846 1.4373519323570754 0.8721104511288592 0
0 0 -0.9253848620319863 1.3045755863585877 1.7902822021683347 0
0 0 -0.05499486743468518 0.26374564752531116 1.824030218621807 0
0 0 1.0055876181912988 -0.01761945291792888 1.437211971073847 0
0 0 0.4774647335542932 0.5519020661902803 0.4484664555561215 0
0 0 0.7674929919487883 0.7403693649078118 0.43452845260758943 0
0 0 1.4180249984359854 1.3939937337797876 1.6949272947377332 0
0 0 -0.6599005603593616 1.4371407665463047 1.6289559898812656 0
0 0 -0.6273524758019408 -0.07433311445303692 1.3514740576887483 0
0 0 0.09268950095345652 1.3402302548437168 1.7886557583597122 0
0 0 0.44107234769683146 1.567503171173596 1.229393115114574 0
0 0 -1.304669540391704 0.006334127244819743 1.0193233457709383 0
0 0 -0.7844896031842168 1.133127272664823 1.9149918205503729 0
0 0 -0.5339276836642415 0.44272991063740336 0.4606552575092072 0
0 0 1.0192078526117525 -0.051983642764999005 1.3270492915915506 0
0 0 -0.36406991684117873 0.12328779916221277 1.7868389667202054 0
0 0 0.5286998663178526 0.9283284878702929 2.033296362567717 0
0 0 0.10313826262527348 0.37267615172106167 1.877827784436154 0
0 0 1.5018284084850868 0.18880870199992328 0.6090419150719335 0
0 0 1.2990874184633925 1.5368586628102205 1.0941615079406402 0
0 0 1.040275989519702 1.1553443696415426 1.907639200880845 0
0 0 -0.5329253817806168 0.004485285445633647 1.5303152218854486 0
0 0 0.612553693617155 1.001089845399506 0.442323337430616 0
0 0 1.5035471933920421 0.10994637432383281 1.6704553401329738 0
0 0 -0.1465626831252662 0.1799057955165585 1.8000197665626705 0
0 0 0.022316922944232154 0.7617483911065388 2.0246671592028616 0
0 0 0.226585580781697 1.446639232237311 0.8299114199332999 0
0 0 -0.21482632640243615 0.17708735138124176 0.6227854848329837 0
0 0 0.178063967210345 1.192194291937437 0.6341000583709764 0
0 0 -0.1369454836082189 1.527330779769402 1.339480561131772 0

