0.58766997 -0.5920701 4.464487
1.3987111 -0.67185754 3.4781866
0.70387125 -0.70731926 -4.012192
-0.16855106 0.7987586 4.151773
0.9218297 -2.9105234 0.34559575
0.21463314 3.766079 2.2131526
0.47359475 1.9808351 5.122673
-0.26320133 0.58831674 -0.9532755
0.6521726 -2.5654995 0.40795344
0.5933531 -2.3801951 1.0501457
0.91758126 -2.7870634 0.96631324
0.54736423 -2.693355 -0.17789072
0.1816386 1.1945002 4.9606266
1.1250914 0.22567663 4.8219175
0.6493364 -2.1619163 -2.7936845
0.43985856 0.7712702 4.213217
0.5749785 -1.4639752 -1.2061341
0.6368782 -0.67897725 4.061423
0.10320532 -1.7237759 2.4514656
0.29261488 -0.3825315 4.4784126
-0.10117909 0.7534788 -2.6690886
0.24862939 -0.2263891 5.7832108
-0.85180616 0.720586 -0.44507024
0.71637905 0.643513 5.5477376
0.078414336 0.9377692 4.572431
0.271299 2.410028 4.682839
0.2942653 2.8546517 3.804203
-0.15263395 3.6565914 -0.9970951
0.459968 0.91151124 -6.0644555
-0.32262796 2.2499785 -3.3576155
-1.1275153 1.4141585 -1.2108485
-0.05516432 1.0969447 3.5295427
0.0064417236 -2.796556 0.6342794
-0.1423004 1.1505083 6.64327
-0.10946323 3.6477747 -2.3446002
1.2179599 -2.0923 0.67781067
-0.4471644 -0.030650564 2.2130032
-0.16721721 3.9231732 1.8473197
0.4277311 0.61334085 4.3788075
0.56884986 0.21172594 -3.9901729
0.39204636 0.5157779 4.3146935
-0.2611946 1.1714462 -3.382539
0.21464252 0.2533589 -4.1208706
0.79951096 -1.5249319 -1.6290337
0.94701594 -2.0384743 2.4494941
-0.3109049 -1.483802 4.266763
-0.3455823 2.9488015 2.6023674
0.44802114 1.7556505 5.305923
-1.0291448 1.9183489 -1.9446602
-0.11664344 -1.6418617 -0.24297172
-0.37328032 3.006497 -0.20212516
-0.43658844 2.8167303 2.8857496
1.0852463 -2.0713902 0.56875145
1.0652158 -2.019596 3.0624487
0.31309813 3.8103678 -0.79510367
1.0227345 -2.002406 -1.5138624
-0.71835434 2.3195045 -2.572086
0.9632112 2.7311447 1.4165965
0.7430794 -1.4702191 -2.7317746
-0.10450469 3.369651 3.6373842
1.0549495 -2.245324 3.026758
0.4500859 -2.0681808 4.1187954
0.0996962 -1.0376425 -3.3781958
0.5139718 1.3354568 5.4640713
1.426724 -1.7948269 0.026443396
-0.29186043 4.1306357 0.6079053
-0.123752154 3.058934 -1.914865
-0.013063554 4.169027 1.8131227
1.0283448 -1.1456261 3.6316926
0.6193006 0.53476006 -4.336535
0.3967424 -0.2721438 1.0639129
0.29486033 -1.9781432 3.5146382
0.3011442 -0.9401986 -1.9125719
-0.56490713 3.0523865 2.9429233
-0.20678714 3.3158615 2.6140306
0.8710006 -2.6143663 2.6309533
-0.4786083 3.1000435 0.19801569
-0.0009589344 1.8905066 -3.7531939
0.27965754 3.2681787 3.4783514
-0.5815154 3.874074 -3.213111
0.50192624 0.40701458 -3.7374744
0.045193464 -1.3407671 3.7808614
0.31207958 1.7221841 5.84711
0.99144673 -2.646021 2.643083
-0.007895254 3.5034041 -0.44198748
0.14591381 -1.8531097 -1.9632142
0.070532374 2.3411667 4.945169
-0.31853917 -1.015797 -1.5491562
-0.0063519366 2.4020617 2.9977956
0.66850114 1.7743173 -2.081515
-0.3926587 -0.7077911 -2.4228969
0.090765715 3.8586469 0.71071136
1.09459 -2.5864952 1.4365203
-0.1659329 -0.19007972 -4.615719
0.41465795 -0.73480237 4.848813
0.1472553 3.78249 1.7111834
0.9154032 0.47996816 5.295921
0.016570047 2.3776166 4.5317874
-0.012315176 2.010185 3.1554692
0.09057027 0.21737143 5.7440014
-0.29185587 3.8442628 0.260975
0.24920815 0.20661652 -6.811098
0.30577633 1.8024758 4.4365697
1.2244933 -0.28651813 -0.9459962
-0.36772954 3.6771383 -0.9453054
-0.31293297 4.660485 0.21343522
0.66320807 -1.9043692 -1.8031265
-0.038273793 3.7604332 2.9005754
1.1732244 -1.871779 3.198868
-0.76358116 1.6476796 -4.21114
-0.3566107 2.727527 3.676388
0.4549466 0.38766298 5.109989
-0.11567466 2.3392544 4.2683
1.1912148 -2.3194954 2.0331807
0.1392038 0.9021828 5.474371
-0.039531212 0.68818855 -2.6832721
0.62850505 1.5681082 -4.0596466
-0.31456488 3.5015976 1.4646506
0.6285327 -2.5180259 -0.00818358
1.1322682 0.04358248 4.554569
1.3487996 -2.0400817 1.4157053
0.21677564 0.32893154 5.593967
0.62069887 -0.87861425 2.497482
0.98310137 0.4201471 4.817314
-0.035474606 3.1100683 5.172134
0.49885693 0.8876925 5.0211296
0.30832654 -0.9356483 4.7003307
0.08267014 3.2119946 3.4533064
-0.73266524 3.1195023 2.2778609
-0.05026759 0.8661216 4.4571934
-0.0641046 2.6725354 4.845924
0.14565189 1.5638218 5.688362
0.49646267 -0.44538644 5.3493633
0.8928065 -2.3136384 3.2470584
-0.024811026 -2.0599253 0.5425451
-0.8354102 -0.5553305 -3.552587
1.3895115 -0.5633414 -2.3569956
0.6183828 -1.06541 -2.4598467
-0.063897654 3.2433267 -0.6171632
1.200462 -2.4223166 1.6420778
0.17984098 1.8392498 5.434679
-0.61881584 1.5452093 -2.329231
-0.715989 3.559155 3.217896
-0.06359634 3.5624502 1.7598004
-0.48222297 3.558754 -2.520884
-0.89413965 2.4787161 -0.16538857
0.25723302 1.276598 -2.959066
0.76202106 1.4626389 5.7120233
-0.11076772 1.0459286 4.046732
0.33321962 1.6183655 5.100288
-0.056541085 3.7860858 -0.17763631
0.115073085 -2.9280522 0.7136465
-0.36940533 3.6561096 0.24662022
0.017854366 2.7466726 2.1606462
-0.5077613 -0.21309233 -2.0914555
-0.8007521 0.8185128 -0.24306476
-0.07321772 -0.7546378 3.6967623
0.6511977 -1.127029 -3.1126304
0.8785901 -0.026920909 4.741234
1.0233366 -1.239474 4.7004824
0.06416204 -2.103841 3.1312203
0.058377877 1.4060951 5.970856
-0.21243186 1.4815885 -3.1515887
1.2177655 -0.84350044 4.761971
-0.025615618 1.560014 -4.5074625
-0.025845371 -1.2576874 1.0937933
0.6799235 0.94272393 -4.017501
0.002460368 1.9500977 5.107873
-0.7215171 3.6208074 -3.122481
-0.3611035 2.8868093 1.0318685
-0.017305005 3.1782944 2.6522706
-0.6840734 3.5475912 1.432834
0.93041164 0.37774265 4.652228
1.0461533 -2.563027 -0.022568792
0.128259 1.8473653 5.803037
0.5476403 -0.40978235 4.3838353
0.59313893 -2.5042691 2.2952318
0.9416967 1.59796 2.95796
-0.74019665 3.3818455 0.223277
1.233695 -0.305885 4.294011
-0.2925061 1.1054089 -6.890489
-0.19703966 3.2232654 2.5091429
-0.21345793 2.5632045 0.5472343
0.29973805 -2.3104637 2.821369
0.39155897 0.25440097 4.1966715
-0.25025815 4.0955663 1.6906087
0.7051382 -2.5747492 3.404655
0.443682 -0.8556316 -0.9523438
0.3901249 -1.5468181 -2.9231477
0.38026366 -0.2617514 5.4124355
-0.061913755 3.190673 3.9548254
-0.06966388 -0.47558898 -1.043517
-0.25850207 0.98717594 -2.4187193
1.2273675 -2.590495 1.3732674
1.4026182 -0.86114645 3.255591
-0.65339327 1.0696703 0.17439356
0.33285218 -0.4311329 -3.6467013
0.8441561 -2.4768987 3.3410025
-0.58303225 1.014814 -5.2552633
-0.054994684 3.406087 3.450387
-0.34960935 -0.4041165 -1.7328818
1.0597682 -1.6432445 3.4298291
1.0240891 -2.46864 0.37944657
0.22711037 -0.12557557 4.474877
0.5189977 -1.692743 3.0796375
-0.8648709 -0.043689087 -1.6664875
1.0000082 -0.8208688 3.9292374
0.29985043 2.9551446 3.1077971
1.0787909 -1.7171909 -2.1889048
0.63915706 -0.4986543 -2.2765076
0.6565598 -1.6012548 -1.2939603
0.2927984 -0.26502892 -4.8438816
-0.17239937 -1.4324906 0.23815785
1.265915 1.1256838 -2.0338197
0.48517004 1.7526729 5.1600385
-0.17610875 2.8997784 2.9790144
0.33422545 2.590061 2.9676552
0.70918095 -1.9438488 -0.61665434
0.98654324 -2.199258 3.2099905
0.4762121 2.4227216 4.8826823
-0.14674112 -0.3068024 -1.8631297
0.0029432178 2.5578659 4.37599
0.1389459 1.2388594 5.147368
0.55706066 0.25055897 5.4601893
-0.064396024 3.2531962 -0.2157181
-0.07687265 1.0197486 -3.2841222
0.17070433 -0.9197807 3.230865
0.4144697 -0.40945855 -5.707619
-0.06281779 3.3266025 3.6932123
-0.6961505 3.1146543 -0.11905469
-0.14783946 1.636697 4.604801
0.30494583 0.8993579 5.021536
0.7718202 -1.0538116 -2.952716
0.13909364 2.5071297 4.6689854
-0.23974392 2.1456769 4.028766
0.059418216 2.6677783 3.8130946
-0.16803227 -1.8116561 1.0315082
-0.23683871 2.9423132 2.5784934
0.93678415 -2.474917 0.6784085
0.4232349 -0.39180386 5.2313027
0.16412722 1.9583392 4.788838
0.13199817 2.1237252 6.0654926
-0.1428577 -0.50371456 -4.5004563
-0.33136794 3.9835336 -0.1718792
0.69351876 -1.3852191 -1.8947848
-0.35973367 -1.0212128 -2.115616
0.037632484 2.6282034 5.88823
-0.025356058 2.4146938 3.6236153
-0.26656306 4.0150075 0.32141533
0.44681662 -1.1139137 -5.0573688
0.85415095 -2.1907172 -0.56353277
-0.149333 3.6594925 3.1172826
0.53972226 1.833881 5.070642
0.97000736 -2.3990865 0.29102647
0.19679444 1.6383271 5.552971
0.31475067 0.43659818 -3.9047244
0.6649315 -2.158415 -0.0385882
-0.26402384 1.4339051 3.622228
0.31354278 0.9803381 5.8633604
0.082024105 1.3990535 -5.2385774
0.20088822 0.76593816 -7.2184377
0.24697904 -1.5484306 -2.75304
0.7850843 1.2310188 -4.190015
0.53570485 -0.82130796 -3.5833778
-0.5522513 3.4411874 2.57357
1.0812923 0.6366717 4.626255
-0.5212293 0.35648015 -3.1757553
0.3705093 0.13584958 4.32006
-0.1703307 2.39286 3.8224459
0.2558308 -0.5473855 -4.008817
-0.17732975 0.4966912 0.2843986
0.07187766 2.1804748 5.1043324
0.25484774 -1.9185231 2.0657284
-0.06007728 1.9397179 3.7292726
0.5404686 -2.4519718 1.9108762
0.19795284 2.1790118 -1.6810926
0.39193478 -2.1186357 3.3235686
-0.12782168 -1.410251 -1.0000894
-0.047200993 2.453001 5.637218
0.051263716 1.1600317 5.3135753
0.059078112 1.4528948 3.5691993
1.0091474 -1.9526492 3.0889091
-0.038951933 0.787418 5.8220234
0.98477584 0.23087306 4.061283
0.5473669 0.49224284 5.134415
-0.27239144 2.5000608 3.6522198
0.5830464 0.97151136 5.214163
-0.8297712 2.7520368 1.550668
0.003127303 -1.910774 -0.7831878
-0.18602693 1.8257537 3.2952676
-0.60861844 3.1705089 -2.485716
0.078011006 3.1315482 1.0201877
-0.36711997 3.10596 -1.0460652
-0.064841256 3.085607 0.91472536
-0.43110102 -2.1179762 1.1775258
-0.3723324 1.8179001 -1.2885606
1.1592157 -2.4819255 0.97786635
0.07435624 -0.60583943 4.2236905
1.1192503 -0.8751293 4.679911
0.6671842 -1.1030856 2.598524
0.43508303 2.1555 -1.3618655
0.21274495 1.3631037 4.695203
-0.5886604 3.7278314 1.4315698
0.21664745 1.5733755 -3.872286
-0.06847989 -0.79179376 -0.03962932
-0.31409496 2.953025 -5.693419
-0.5600942 2.307693 -0.96006525
0.2637207 -1.5859842 3.7089832
0.24055453 1.009857 5.2053556
1.0413398 -1.8415409 3.9621315
0.7571585 0.011481121 -4.238517
0.9528042 -1.8591503 -1.5373003
0.18084171 -0.038878586 6.054421
1.2640224 -2.4582467 0.94896626
0.48552972 -0.61497104 -2.066094
0.1626395 1.2937622 4.741022
0.07647646 0.3666828 5.978184
-0.17258099 3.2685573 2.1479683
-0.113314636 3.6137998 3.5942967
0.52281266 -1.6236713 5.0212317
0.8769145 -1.6043733 -1.1691172
0.01662784 -0.061563797 -4.280605
0.1156154 3.8552582 2.3119113
-0.45634946 -0.23344555 -2.0849223
1.5009984 -0.9482936 3.479214
-0.2602737 3.5803452 1.7029366
-0.021578006 3.697406 2.902598
0.6681091 -2.458353 3.8306794
0.867533 -1.7932334 -0.39491346
-0.048607044 1.2388313 -6.172013
-0.13379735 3.4764092 1.7585199
0.13833359 2.901272 4.9393625
-1.0283626 3.8859572 0.9353602
0.4340192 -2.0677156 -4.1503778
0.25599536 0.38302878 4.977989
0.21543893 3.0513182 4.185657
-1.2267286 2.0742877 -1.8609873
0.3540221 1.0427283 -6.58638
0.35005307 2.0252888 -5.9260306
-1.2270864 1.8024765 -0.99387443
0.34117463 -1.6933689 -2.546259
0.20488241 1.0861819 -4.94759
0.0064473078 2.7224433 3.0147843
-0.027306858 2.5129232 4.177424
0.32165316 0.57339406 5.3253536
0.48736593 -2.2195048 -4.03581
1.034926 -1.7413046 -2.4012957
-0.22860509 1.2096992 4.6906443
0.32491457 -0.3093565 4.5509477
0.9307795 -2.074041 -0.2566309
0.65527385 -2.0762231 -1.0199275
-0.24730241 2.1729052 -2.5443676
1.0727816 -0.27949783 -1.2700226
0.048121147 3.2085617 -0.47554293
-0.6866058 2.7833955 -1.8832726
-0.2720698 3.0909603 3.5069916
0.53272176 0.36424097 2.544754
0.28122634 -1.5448778 0.14409189
-0.17028514 2.60429 -5.6411676
-0.28293052 0.41386324 -2.1864974
-0.0040568 3.171581 2.9274952
-0.2112285 2.9588947 3.695678
-0.2071971 2.6768835 -2.3447857
-0.6812035 3.5431821 -1.443391
0.6601891 -0.5615155 4.9826784
-0.2323401 1.7777967 -3.6487904
1.1544362 -1.0157903 4.246892
-1.4203435 0.42972574 -1.4933785
0.16923237 -0.88766515 -5.1400437
0.42765614 -1.8975242 -4.1218543
-0.01230384 1.7359568 5.174321
0.60665 -0.6693911 -6.2185616
0.2978833 3.3709967 0.20811337
-0.05497263 3.2875469 -0.7863914
0.0033481605 3.5903144 -0.9024395
0.22128366 2.4453921 4.8402305
-0.13878198 4.1588726 1.1551178
-0.091184035 2.6316528 4.8356867
0.8404554 -2.0604424 -1.4178871
0.120305344 2.155517 4.3872676
0.21702181 0.18072069 -3.9958167
0.85753906 -2.2026057 3.4263873
-0.4133115 2.5913098 -3.7417219
-0.70154697 -0.3132157 -0.4012746
0.17893761 -0.31152135 -7.0888777
0.57088274 0.40065753 4.583813
-0.16165818 2.658364 0.3323326
0.27687025 1.5869683 -4.343333
0.02551769 2.095099 -3.843892
0.846249 -2.5376916 0.2940578
0.98907614 1.0294716 -2.6264405
0.24795952 3.75334 0.095779374
-0.37372825 2.4557512 -1.9190795
0.66457593 -2.0222442 3.4540067
0.10579951 -1.6038018 3.3217669
-0.17240208 0.26096526 4.1569405
0.48698187 0.7028372 4.898971
-0.20154738 3.945771 -0.1989644
0.116783194 -0.58805823 5.4504757
0.027734883 0.42991945 5.172667
0.052130643 2.7198272 2.5857027
0.36069515 0.87069726 -2.13517
-0.06605899 3.0317626 -1.2945081
-0.19519953 2.307897 -2.1617758
-0.18674396 -1.0371711 -0.16792946
0.09864284 -1.1910641 -3.0767274
0.4601459 2.0873673 -3.3723533
1.4639784 -1.9214239 1.2977325
0.27378297 -0.4180081 -2.4574444
-0.046309218 -0.4761782 -4.046609
1.0512778 -1.7488707 0.7844161
0.68678254 -3.0209968 3.101167
-0.14044236 3.2293003 -1.4895346
-0.026652064 2.3326058 -3.0518365
-0.5168413 0.8509599 -3.8790882
-1.1125554 3.3406584 0.18102711
1.1062975 -2.0791612 -1.3293376
-0.1735153 1.0264916 -3.9156737
-0.13223107 -1.6850044 -1.7483785
0.5111921 -1.2868725 4.315706
0.82094467 0.8307914 5.0673294
1.2788929 -2.3030689 2.430856
0.7028527 -1.9530145 3.7864013
-0.4264624 -0.19418602 -2.0745099
0.10536447 3.5515883 -0.4813289
-0.011023849 3.8050768 -0.33499083
-0.010330766 3.5943651 0.79353684
0.23188111 3.330302 0.97147405
-0.23845488 0.27932084 -2.7804463
-0.5722455 1.4995009 0.0106269345
0.020337917 -0.55133694 4.523365
-0.10339784 -1.5540959 -1.574708
0.5831314 -1.5390676 -3.4676
0.83510315 -1.607411 -2.4417763
0.47339684 -1.9496975 -0.9097095
0.6696442 -2.1473827 0.117267445
0.008136909 -1.3607284 4.3478093
0.7639722 -1.1047661 -2.64076
-0.067624256 2.9231374 0.9813986
0.23354885 -0.32998365 4.5424666
-0.38077343 2.5348327 -4.997049
-0.8568117 3.1260524 3.3202424
-0.21827975 2.9375532 4.3104835
-0.42514163 -0.21865998 -5.067959
-0.46431977 2.9502993 2.8928776
-0.9049679 2.7313347 3.615481
-0.24437715 2.549038 -1.9804096
-0.09761882 3.0253935 2.49471
-0.42329377 3.8186064 2.2519479
-0.3614454 2.855196 -2.5476456
-0.2448636 2.9957838 -1.2454078
-0.07256082 1.9211246 -2.6694202
-0.25955886 3.0902011 1.9131907
0.16862193 1.277088 4.6126003
0.07660642 1.6273199 4.8709807
-0.2283152 2.6604142 1.9123472
1.1839573 -0.29370302 -2.3273516
-0.19600704 -0.26600218 -1.4342126
-0.38832712 3.1359234 2.0459757
0.074010745 -1.4507014 -3.8806908
-0.1650016 -1.7453858 2.398526
-0.19526283 3.3098469 -1.3091568
0.17813478 3.12464 3.5384378
0.40688372 2.7945194 1.3431649
0.50681376 -0.0685878 -3.3318229
0.18304007 0.62686926 5.361844
0.82234734 -1.7332966 -0.6915228
0.5900124 -2.3716164 -2.9032824
0.32917443 1.3310107 4.271661
1.0141222 -2.1132872 -1.2067391
-0.018532261 -2.1788669 2.8854244
0.4896786 -1.9081883 4.3737807
0.095699176 -0.10482061 4.3870797
0.97575194 -1.8090366 -2.0297961
-0.14916144 3.8394349 0.30546242
0.5982683 -2.6819904 1.7005063
0.56580305 0.42507762 5.257783
0.17936988 1.1355789 -4.291951
-0.39964953 -0.7139322 -2.6447992
0.6266114 2.2803428 2.7717948
-0.22958441 3.099033 3.1548984
0.123721465 0.67773443 -6.029804
1.0960597 -2.0281742 1.8820888
-0.08388735 2.4179556 2.5796132
0.5475838 -0.5156226 1.54546
0.07442811 -1.0491158 4.1452856
-0.208052 0.8111559 5.098379
0.7326437 -2.1566572 3.360324
0.4211285 -2.220357 -2.4534519
0.72885895 -2.2524295 -1.7301345
0.15354703 -1.1525346 5.03659
0.01740859 1.4760877 5.026444
0.7973764 -1.5233678 -2.346228
-0.34180364 2.0226505 -2.3209188
-0.6366862 2.86753 2.561494
-0.007698424 1.5022069 5.0979223
0.4661386 1.7687509 4.4460883
-0.29442102 3.7171857 -1.6515766
0.74558115 0.3846499 -6.6379952
0.032077886 2.835962 4.094167
1.0838547 0.8488005 4.6891155
-0.4487511 1.7749488 -7.0076284
0.24195597 2.318504 5.4462314
-0.9384723 3.095864 -2.5772235
1.1239424 -2.458318 1.8403523
0.7055447 -0.9738082 4.179342
0.37395874 -1.4160893 4.4263277
-0.32649076 4.606736 -0.39737663
0.056143504 3.657025 2.9644723
0.8876863 -0.47252014 4.5347133
-0.40037343 2.6890874 -2.1345131
-0.0850075 3.1264687 2.7968638
-0.36252078 1.118032 -3.2815847
0.533754 -0.21824457 -5.5442433
0.2164146 0.82424104 5.3002324
-0.25911298 2.8129692 2.4374495
-0.55978084 3.5485337 -0.42634618
-0.7459245 0.5872876 -4.0605264
-0.06035498 -1.3681056 -1.6584778
0.33666912 0.86308664 -3.6664999
0.028735455 1.8982196 3.9386191
-1.1611643 2.2325506 0.5005632
-0.288171 2.4871483 -2.3420198
-0.22167772 1.5442525 5.70036
0.5685094 0.09564344 4.3917274
0.16292948 0.66670984 5.102539
0.022458352 2.463348 4.169309
0.71545076 -1.3567322 4.6044116
0.8467656 -2.6326282 2.5825887
-0.00910468 2.068821 4.2008348
0.10564543 -2.2755482 1.4209284
1.1705925 -2.4157555 2.4386134
1.2393707 -1.1416113 2.4899752
0.52150327 1.09745 4.9232054
0.34658667 2.6181061 4.601327
-0.33441567 2.614761 2.7500024
0.084462196 1.2057416 6.090189
1.0184554 -2.5319254 -0.39287418
0.03388578 2.1490948 4.5488386
0.9525924 -1.733138 -0.7147954
-0.3501281 0.044676464 -1.8845111
1.0178288 0.7364324 -1.8642727
1.3241073 -2.1874578 1.2191777
0.57057595 -1.891081 -1.4704802
-0.18429163 2.5489063 4.477919
0.93940794 -1.97742 -2.3019557
-0.50356656 0.26098302 -2.2077847
-0.14113186 1.7057158 -2.1860805
0.82130677 -1.4405031 -2.6494637
0.2576548 -2.1872973 -2.7462938
0.79143685 0.6441385 4.855489
-0.4684173 0.6177094 -2.7059886
-0.74016446 2.596771 0.29664755
0.22497796 0.1410902 -2.1204803
0.98992956 -1.6634022 -1.4985765
0.5783746 -2.6358984 2.1009274
0.20986953 -0.18629262 4.7690024
-0.19371831 -1.1000603 -0.66479135
-0.16146755 -1.7032828 3.0958884
0.4777195 2.640747 4.616079
0.40401918 1.0360857 5.6095986
-0.053279586 0.93586177 4.340475
0.054405734 -0.7532384 4.5016403
0.078572035 3.501643 -2.2108243
-0.191349 2.985016 4.034024
-0.3418704 1.7430699 -2.8039567
-0.040810168 3.0132382 1.8772196
0.35965234 -1.0604571 3.5976794
-0.6008828 0.59958154 -2.419524
0.14284241 3.3641217 -0.82653105
-0.62330174 1.6195321 1.2604046
0.18591478 1.3782786 5.912173
-0.025722556 2.4286716 -0.7322289
0.49065495 2.1305282 5.6689444
-0.029861096 -1.5616162 -1.6455321
0.047697235 0.30512157 -2.2888987
-0.18351814 1.567515 4.3773146
0.33791026 -1.5810223 5.076332
-0.54185313 -0.7516347 -3.2556617
-0.17546341 3.9956682 -0.017487388
-0.39020637 -1.3057103 -3.3162222
0.7507218 -3.0759146 1.845323
0.33422974 2.948806 4.2349386
0.14406902 -2.1011915 3.4277995
0.17594078 -0.18854576 3.1103423
-0.27127254 2.6627488 3.1374357
-0.10881112 4.051933 -0.020697992
-0.4972423 0.9629657 -3.1007848
1.3090208 -2.7710433 1.25736
0.06088882 2.823875 4.480086
0.025979988 0.12796226 -3.8542638
0.46298894 -0.5106103 5.763636
1.188134 0.89631647 -1.7470165
-0.39765078 3.6906912 0.6870035
0.33440238 1.6964023 -3.0372188
0.36143923 0.97442293 5.716992
-0.3642962 2.092606 -1.9442233
0.92977566 -2.502712 2.5378208
-0.3982908 0.94625866 -0.10871887
0.3158111 2.8130314 3.4255762
0.22440916 0.38437337 5.261722
-0.69591504 1.1485842 -3.371418
-0.4188 3.7230942 -2.9040244
-0.29657686 2.997789 1.7784778
1.1261574 -2.5421667 1.5010208
0.8883421 -3.1055088 2.3670926
-0.5292437 0.15976001 -2.8529058
0.763125 -2.954483 2.5653007
0.6503592 -2.1957374 -0.33367273
0.6672232 0.89077055 5.3809295
-0.49019328 0.64385545 -3.2309291
-1.0516313 1.3600296 -0.051767267
-0.2588534 3.004325 4.089703
0.1718139 1.9917717 4.272946
-0.13743225 2.9487863 2.374296
0.029688157 3.3100624 -0.44651294
-1.1000566 0.063249536 0.16229269
0.19057664 -2.2641914 -0.61019945
-0.15165523 2.836026 -1.1743767
-0.414778 2.102807 2.201353
0.523311 1.9237965 6.124792
0.9512967 -2.5509863 2.0216746
1.2323519 -1.2310647 2.1298194
0.5254514 -1.9331504 4.498365
-0.15543982 -0.45654592 -1.211165
0.3128769 -2.5624352 3.3196297
-0.0709066 -1.6419367 -1.5865526
-0.043523647 2.6100903 5.243097
1.0284745 -2.976063 1.7186122
0.97201455 -1.9016302 1.9192507
-0.47075433 2.922065 4.2171154
-0.1894158 3.2993267 0.25528124
1.0726291 -2.7376587 1.7833805
-0.012624957 2.7346015 0.0067818947
0.036074996 -1.6009698 3.6501796
0.56524974 -1.9844553 -1.8033466
0.45740068 2.2797074 4.503277
0.9342293 -2.5139601 0.34309453
0.18143532 2.453551 5.0840154
0.4803248 1.683852 -0.59639984
0.0292654 -1.7875057 -1.4617046
-0.31216577 3.5654888 3.391732
0.21930715 1.8064753 4.6874175
0.8805512 -3.0822692 -0.25542077
0.19080386 2.4899273 5.0336733
0.06309208 3.198807 -0.6466798
-1.1194879 3.017315 1.279425
0.0061242618 2.2118769 3.8825123
-0.025817834 2.607289 -1.1450063
0.1833911 -0.37286934 4.608253
1.3424217 -2.4606013 0.7784438
0.89762896 -1.3418857 3.7009256
0.37277728 -0.9841799 5.3191814
0.8482939 -1.9876125 1.2610941
-0.22312284 -1.6052736 -1.2268152
-0.27549884 2.8907566 2.1754093
0.21001497 4.015782 1.1336919
1.094269 -2.6183357 2.2143016
-0.23893946 -1.4581789 2.836819
0.41876867 2.4695656 3.7715347
-0.027821783 -0.21935003 5.8756423
-0.27051538 -1.1961268 -1.6277502
0.8366724 -1.4313865 3.4516196
0.9217932 -0.2523737 -2.7832355
-0.37570286 1.4808787 -4.0741496
-0.29921106 1.6151559 -2.7036507
-0.36909103 2.1551428 -2.4867601
-0.20396154 0.34704345 4.351069
-0.3384804 4.407073 1.4525629
0.86219394 -1.9547516 -1.0469992
0.49141172 0.117491625 -4.3782725
-1.1859059 1.8943738 0.11988036
0.070532024 3.3455265 2.2202368
-0.33131325 3.8888605 -0.22469212
-0.4939516 2.7566957 1.1500903
-0.05621358 -0.48157087 2.641263
1.0000539 -1.2106057 4.176063
0.23020795 0.68314147 4.8091207
0.62132007 -1.3887042 4.4177074
-0.012066688 3.4469073 2.6863115
0.18695155 3.4606495 -1.4038273
0.49939325 -1.1230932 -1.8453904
1.0991267 -1.2646487 -2.6070495
-0.18545654 2.06423 0.21148187
-0.25982833 2.9053872 -0.7584986
-0.1272557 3.352369 -1.1360961
0.79728097 -2.576433 2.660138
-1.0529538 0.99799824 -0.41784176
0.97835827 -0.22417298 3.858931
-1.1745746 2.7375634 -1.3864713
0.103268474 2.0807707 -4.5424943
0.22091278 -1.7605263 4.4164963
0.6913363 -1.263119 4.1167154
0.34038347 -1.2739353 4.7830887
0.94423103 -2.2071745 2.58288
0.240792 3.6191542 -1.2275995
0.68803006 -0.892292 3.019295
1.4133815 -1.0422297 3.572134
-0.32534382 -0.35889974 -0.9237362
0.83012927 -0.05256173 5.1820216
0.31805813 0.74496865 -6.2121773
0.25842664 -0.43655238 4.4300394
-0.2428405 1.3332818 -3.5219524
-0.69680244 2.9812124 -0.564127
-0.038230203 2.2082071 -1.538464
0.34684604 0.06174327 -3.9806492
0.32103693 2.3732443 3.5556235
-0.14801995 3.2394927 2.2265716
0.044612244 2.3281267 3.7226775
0.4700355 -0.12633604 1.0452381
0.1996956 -1.3867924 3.8710175
-0.43019873 1.8752887 4.594741
0.43970275 2.838076 3.3593473
-0.7968838 1.9057674 -2.9873288
-0.3646978 1.7594687 -3.4930868
0.2791178 -2.4501128 0.4835384
-0.22434446 2.4533846 3.3818393
0.79454464 -0.7817999 4.684336
0.31228277 -0.410185 -1.8912466
1.0498003 -1.0415677 4.974267
-0.99002177 3.167266 1.8238367
0.8236136 0.44039595 -4.9288325
-0.082062565 -0.86238647 -0.52373564
-0.1348443 3.6393137 -1.0018587
1.2886883 -2.4294088 0.14335556
0.6404137 1.4753585 5.6708407
-0.049267538 4.301032 1.1275916
0.87034756 -2.0472133 -1.6088471
0.5995774 -2.6475372 2.166508
0.47437853 -1.0505334 -3.244228
-0.07614469 -0.30563632 2.5464866
0.29949084 -0.42082784 3.9114087
-0.67777234 2.3900917 4.2943683
0.11342671 2.9765143 3.426235
0.16708754 -1.1156456 -3.7987099
1.0703256 -0.9397719 3.9824
-0.64603686 2.7727523 3.829202
-1.372274 2.9560122 -1.4598887
0.6639974 -0.06876609 -3.493971
-0.01732618 2.0266833 4.7371864
1.3294659 -2.1737652 1.0810653
0.10505572 0.7850752 -6.734368
0.004916366 3.548437 0.13607027
-0.22686206 -0.008581849 -2.5958664
-0.39403653 2.6477067 -0.24205843
0.24168223 1.5188773 -3.6289968
-0.0007980503 3.9382324 2.9413526
0.37461057 -2.7451804 3.2964709
0.54638714 2.9018395 3.7851698
1.3524281 -1.4102529 -2.3326018
0.34752515 -1.2795559 5.109422
0.27163735 -1.5897862 2.9051325
1.1785233 -1.9675179 -1.0619485
1.0375105 -2.3730717 -0.30848658
0.13100584 1.501911 -5.3259506
1.1056751 -0.52903515 3.5182765
0.09997472 1.0862292 4.7809405
0.29828864 -2.830087 1.1126882
0.26923808 0.9114892 5.2873893
0.71779174 -0.90952504 1.5655746
-0.8951887 2.7418568 -2.5995176
0.52931064 -0.9820341 -4.569168
0.26208967 -2.2658334 3.6202297
0.7774022 0.49694088 5.099501
0.6892653 -1.4503244 -0.45362857
0.5992586 -1.0741566 -1.4312587
0.17689799 0.13437137 6.4137297
-0.22007316 2.4920864 -2.1344717
0.43690172 -1.4357336 -2.5140827
0.0618905 -0.99756545 4.652047
0.044583082 2.2720373 -2.0796478
-0.3840589 2.5089045 3.8724453
0.35222813 -0.13565001 -3.6010196
0.7497108 -1.0995294 -2.6236603
1.0317113 -2.720386 2.1774378
-0.30553454 2.6975608 -2.6575518
0.044619784 2.1960397 5.8022947
0.0010203086 3.2293112 3.7192845
0.08195549 -0.6896959 -4.408713
0.15927374 -1.1575981 -3.6045883
-0.07458681 0.7979283 -5.4324346
0.8661285 0.23974915 -2.3107455
-0.22905615 3.067624 2.7387204
0.18344112 1.8264986 5.149374
-0.15914358 0.872921 -2.8539526
0.23779364 -0.6248567 -2.8651447
-1.0983965 1.8234936 -1.9243114
-0.31872827 4.219481 1.0608695
0.27529636 2.012563 4.168999
0.3858277 -1.6869982 4.1551394
1.0367804 0.59186673 5.0793376
0.08377983 3.57423 -1.4747508
-0.911265 3.9640498 1.3495693
0.45886844 -1.7608341 -1.496637
-0.27118742 0.5599205 -2.5728655
-1.0489652 2.044398 0.21187481
1.8519617 -1.7813967 2.4675105
-0.30524945 3.6906214 0.63132274
0.3083299 -0.8965226 3.663902
0.7657989 -1.1880484 -2.173819
0.7383603 -2.088758 -0.9160173
-0.024811018 3.8600175 -0.194352
0.20463218 0.43940088 -7.643662
0.22882986 -1.5892825 -2.397217
0.5248515 -1.778984 1.435774
-0.28508008 3.275544 -2.16532
-1.3627697 3.0931363 -1.2948735
0.2678745 1.0462962 4.2882576
0.17945306 2.766413 4.1680145
-0.5692301 1.9951382 2.0147831
0.9233422 -2.0518045 3.5942411
-0.14468254 3.388147 -0.6987856
-0.49086902 3.894404 -2.489636
-0.9770279 1.7633849 -0.01958434
0.16836466 0.19703332 4.8413067
-0.22279768 -1.0801423 4.257846
1.1712251 -2.6129444 1.5701797
0.019935913 4.1345286 0.7322291
0.45118025 -0.49976417 4.3733993
-0.24413939 2.3844123 2.6543338
-0.2755212 -0.35579255 -3.8815987
0.16701712 0.82639205 5.458268
-0.933843 3.0304658 0.7142368
0.84768784 -0.7744467 -5.846233
0.017033461 3.5782115 -0.5407199
0.295679 -1.6102194 4.160089
0.7783268 -2.6961994 2.841821
-0.21479002 2.5338116 4.899146
0.63684094 -1.7307094 1.1406221
0.13202505 1.7017313 5.075209
-0.7273365 0.75688547 -0.68073815
0.1751476 2.6299415 -1.5656993
-0.6216381 2.4763448 -3.469507
-0.023298167 -1.3853378 -3.9076843
0.62883765 -0.387815 3.2947679
0.24196613 1.3202037 5.0836787
0.6134114 0.21573974 2.2468412
0.3582196 2.6784723 2.9623504
0.5933201 -0.5054813 0.6983865
0.79493695 -0.3314394 3.8346627
0.12401308 1.921546 4.3132377
-0.3854931 -0.45103016 -3.9980361
0.67024374 -1.0376595 -0.44182706
0.22360837 -0.65387094 5.333181
-0.24783427 1.8271439 -2.6852334
0.066346824 -1.7487766 -1.0906894
-0.37473518 3.0561612 -2.1728976
0.43040073 0.014355347 -5.0257416
0.076390475 3.276766 3.7855387
-0.32812056 -0.3329953 -2.409815
0.23195575 0.54050064 4.2269287
0.4622299 -2.853733 2.5962117
0.4791758 -1.141572 -1.7133037
0.40844953 -0.9380536 4.743104
-0.59992456 -1.2674813 -0.7225567
0.6654073 -1.7091838 -1.3876947
-0.59151345 3.0406137 -2.4503863
0.053936385 3.4201856 -0.9630953
0.8786899 -1.0884031 -5.7729735
0.1561791 2.427968 5.3307242
-0.44013774 2.1890702 2.3835955
0.15126628 2.3936634 4.142945
-0.046063144 2.9071205 3.5217838
0.78270364 -0.30400777 -5.222598
1.1043302 -0.5807888 -4.0359063
0.5693325 -1.5187452 4.2048497
0.62215406 -3.5227573 2.2544506
-0.067170545 0.53036004 4.5687046
-0.3122711 2.4904268 -2.5729117
1.0030359 -1.9848882 -1.34045
0.31922108 0.47998253 5.936295
0.00713636 1.5239404 -4.0573006
-0.08817643 3.0472965 3.3864346
-0.40488634 3.1272485 2.5119746
0.9509859 -2.6978617 1.8409592
0.04477002 -1.3194655 -5.0417733
-0.30120927 4.121878 0.53785175
-0.552896 2.2353024 3.7216487
-0.1619619 -0.7781227 3.1460538
0.08959961 3.0307717 -1.552956
0.59485155 0.03464395 3.690649
0.8106663 -2.4919486 2.7320626
-0.85068184 1.2135435 -0.16626683
1.2049139 -2.2124405 3.160427
0.1542427 3.847629 1.2323024
0.34500808 1.1469508 1.9992054
0.38171235 -1.5949022 -2.5262306
-0.16336718 1.3691133 -5.5644236
-0.09166805 -0.662353 3.3101814
0.8383522 -1.5490866 -2.253503
0.5761671 0.37394044 3.7625165
-0.39937252 1.9169143 -4.5902805
-0.3290823 0.76482284 -2.8746245
0.61996007 -1.8960528 4.2438555
0.20612672 -1.4807515 -1.8301767
1.0670872 -1.2523407 4.181383
-0.123216465 -1.9302008 3.4107306
0.33892512 2.5435162 4.205895
-0.053979054 3.2680993 3.7450447
-0.7877823 2.5204 -3.562795
-0.34914467 -0.7538636 -1.898671
-0.2614171 -1.6947466 -1.1584737
0.29870537 0.352467 -3.9229941
-0.2626225 3.9760983 -0.3582136
0.33567655 -1.6009084 -3.3242307
0.51257014 0.8107564 4.4781914
0.038204946 2.6910627 4.2553263
0.51475155 1.7885264 -4.187791
0.79873085 -0.49000773 4.8336916
0.60526097 -1.852657 0.47536877
-0.15035239 1.4344842 -3.3768208
-0.6795591 2.965802 -2.7500255
-1.1175984 0.2625247 -1.2727826
-0.033603985 3.7184653 2.3583422
-0.14867385 1.7048327 5.0667653
0.5916964 1.7870265 -2.597851
0.21499868 0.27193168 6.1134605
0.8752512 0.9499866 -2.3180494
0.4248581 0.2886302 -3.573372
-0.15812807 1.0161597 4.903728
0.29379654 3.9657557 2.0888722
0.8078786 -2.593065 2.3648307
-0.016926434 3.4246354 3.197032
-0.04158851 2.7681687 -0.9867716
-0.31539154 3.1630085 1.2614741
0.70866835 1.1788982 4.3390074
0.6375668 0.057700425 5.7380934
0.96561503 -0.27221504 -4.0362024
0.04068828 3.8512695 2.054972
-0.011360761 3.6106439 3.6297033
0.9926747 -0.56672055 -3.1786008
0.6903484 -2.3521729 2.328667
-0.26790574 3.7712705 0.49557003
0.67437553 -1.8926284 -0.20182547
1.1135124 -2.3813288 2.6308084
0.597767 -2.6138117 2.2028954
-0.03102623 0.86711115 4.572563
0.19123141 -1.9468858 -1.36021
-0.030310497 -1.7316452 -1.0723785
0.04723884 0.5395631 -3.8050172
-0.314547 2.0811489 -3.1512945
0.0024653226 3.0736177 2.0310082
0.5594706 -1.9636981 -1.1259905
0.7905922 -1.1749591 3.9868956
0.7119606 -2.864665 2.4304335
0.27088434 -0.2868952 3.9153457
-0.47846174 3.519502 1.0680196
-0.055070646 -2.1916196 1.4572046
-0.39670885 2.6934912 4.1156235
0.044036735 0.40811375 6.4425735
0.60751414 2.2185345 4.3501925
-0.42920747 0.42465186 -3.4082017
0.41098276 -0.925896 3.7348814
0.25431448 -1.7263407 -0.97937894
-0.07715961 0.06634966 6.763994
0.06364791 -0.1531693 4.6198826
0.74828273 0.42519635 5.0053596
-0.029014949 4.0342054 0.3520482
0.33552688 0.66592395 4.9284616
0.7012163 2.9660873 1.538723
-0.33942264 0.4194797 3.9880855
0.6243445 -1.0418789 4.267065
-0.482302 1.8830551 -2.49653
-0.2357852 -1.1499016 -0.38289744
0.14005297 -0.3103817 4.555993
-0.26091972 2.9610903 3.7849162
-0.57055026 1.9209421 1.4416454
1.2501264 0.23577143 3.3226485
0.074869424 -0.3235166 5.7119703
-0.08435641 2.3230677 4.2221985
0.32599953 -0.2238082 5.5592113
0.33582404 -1.1580943 -5.7460485
1.0473537 -2.2953415 -0.15527096
0.25072664 2.7246015 3.0692885
0.23302157 -0.5474687 2.9162748
0.5179806 2.4576323 -4.241501
-0.5845631 3.0663714 2.476119
-0.0932859 2.842601 4.3648086
-0.44397002 2.704141 -3.0370493
0.3090105 -1.1558065 -2.461598
0.7920564 0.7858782 4.5694222
-0.41379446 3.7413409 0.3454821
0.43598637 -1.1065412 -2.9867053
1.1786236 -0.73767227 -0.24366227
-0.007633958 2.318614 2.6902325
0.014526676 1.9024043 5.2663913
1.2284204 -2.3901849 2.4255648
0.8685071 -1.4390931 -1.8490071
0.55022496 -0.57907134 -3.3839724
-0.41752377 0.43698904 -3.0588264
0.3701805 2.2757034 -0.6184462
1.2406936 -2.0617976 2.6457133
0.3368249 1.9945916 4.8587036
0.25978118 1.580288 5.617716
-1.0559936 0.28699517 -1.2375765
-0.01271683 4.0995064 1.5117711
0.4444877 -2.4646294 2.7266588
0.12364477 1.3699268 5.135125
-0.5013567 -0.12564138 -4.0534124
-0.31671104 2.1070116 -3.8841124

