2.519050557971734 -0.9612491100819518 0.8567279839213585 0.6338210026163409 1.2053213024921192 0.13467854996355946
-2.0869861910091316 -0.14184264706575264 -1.611241226451539 0.6249858251365 0.9247430793279189 0.14663231475684896
-1.4045440026196914 -0.43577542739913916 -1.5121278421300943 0.7240226611398507 1.0692924503743813 0.13009386517663335
2.519050557971734 -0.9612491100819518 0.8567279839213585 0.6338210026163409 1.2053213024921192 0.13467854996355946
-2.0869861910091316 -0.14184264706575264 -1.611241226451539 0.6249858251365 0.9247430793279189 0.14663231475684896
-1.4045440026196914 -0.43577542739913916 -1.5121278421300943 0.7240226611398507 1.0692924503743813 0.13009386517663335
2.519050557971734 -0.9612491100819518 0.8567279839213585 0.6338210026163409 1.2053213024921192 0.13467854996355946

2.2417218228869227 -0.01233938085125551 2.0443754171006567 0.3984837128853042 1.0001407276468521 0.13923482590953315
1.4188916227211845 0.606186097858881 2.0609088842280205 0.5889131818714866 1.1835332578769018 0.14809739873881592
2.46574267502489 -0.9205734740165084 1.7334347588953871 0.5061060598629801 1.153288875429405 0.14671751047815093
2.2417218228869227 -0.01233938085125551 2.0443754171006567 0.3984837128853042 1.0001407276468521 0.13923482590953315
1.4188916227211845 0.606186097858881 2.0609088842280205 0.5889131818714866 1.1835332578769018 0.14809739873881592
2.46574267502489 -0.9205734740165084 1.7334347588953871 0.5061060598629801 1.153288875429405 0.14671751047815093
2.2417218228869227 -0.01233938085125551 2.0443754171006567 0.3984837128853042 1.0001407276468521 0.13923482590953315

2.4143171752042982 -1.1116693883865225 2.4372805627264182 1.1139986414782914 1.382196425972869 0.1496385513281246
2.1851909846693554 0.07729898865466532 -1.8991889426154138 0.8783106987655465 0.9806734653532394 0.13993771192840365
-2.0745703091068113 -0.23469138862242628 1.0456175608503597 0.7390792605019814 0.9857929180709966 0.14043818506858002
1.7860310946438138 0.924028841940247 -2.647521812599167 1.05011304331054 1.3787007385913983 0.14663356409830844
1.7146525354803561 0.012500680751851297 -1.6069097877957104 0.5726691644481082 0.867400106519814 0.13694261851379183
-1.6445910896147196 0.1142126050872898 0.1880624380159614 1.092080299561734 1.3853292941540132 0.14526582962886816
2.4143171752042982 -1.1116693883865225 2.4372805627264182 1.1139986414782914 1.382196425972869 0.1496385513281246

-2.1074485175367292 -0.7833618339268712 1.7437745357168406 0.7828379833237283 0.8251744238585688 0.14329654272477163
-2.1074485175367292 -0.7833618339268712 1.7437745357168406 0.7828379833237283 0.8251744238585688 0.14329654272477163
-2.1074485175367292 -0.7833618339268712 1.7437745357168406 0.7828379833237283 0.8251744238585688 0.14329654272477163
-2.1074485175367292 -0.7833618339268712 1.7437745357168406 0.7828379833237283 0.8251744238585688 0.14329654272477163
-2.1074485175367292 -0.7833618339268712 1.7437745357168406 0.7828379833237283 0.8251744238585688 0.14329654272477163
-2.1074485175367292 -0.7833618339268712 1.7437745357168406 0.7828379833237283 0.8251744238585688 0.14329654272477163
-2.1074485175367292 -0.7833618339268712 1.7437745357168406 0.7828379833237283 0.8251744238585688 0.14329654272477163

-2.135449064767846 0.41597941720559806 -0.11346053607158021 0.6863662646723656 1.1349106049082125 0.14214498016443627
-2.228638854044993 0.7890873200996416 -0.2992526984444919 0.7833605156098693 1.1256813882370706 0.13657531738778597
1.918038682397667 0.2922366276443594 -2.793328818141904 0.778827397727163 1.1946386547925534 0.14542067663434693
2.7292986781245387 -0.44234690497346757 2.117008135574789 0.7584348415185617 0.8208991754005774 0.13223386912322083
1.8412849641028326 0.03934277962468123 1.6081640409569165 0.8588296445863763 0.9093804638826783 0.13665668996356037
-2.135449064767846 0.41597941720559806 -0.11346053607158021 0.6863662646723656 1.1349106049082125 0.14214498016443627
-2.228638854044993 0.7890873200996416 -0.2992526984444919 0.7833605156098693 1.1256813882370706 0.13657531738778597

-2.4406353790502724 -0.518193931259912 2.6800596971218895 0.9558816628089967 1.5376488493938256 0.1320146777014673
1.6605841073890903 0.4383282193903151 -1.1752822443225235 0.7827856053930748 1.371659179745292 0.1358774071105331
1.9621577724544728 -0.018056530568733138 -1.1447129860344591 0.9261975176722331 1.3830830697685381 0.14762899701813867
-1.3532386241991026 0.9470906963162179 1.87221397524664 0.7431702780942175 1.5436171688189844 0.1446551204132152
1.4516147181311612 0.06847397934958084 -1.2404449887276472 0.9846627938477673 1.4191544431388956 0.1420555408155794
-2.4406353790502724 -0.518193931259912 2.6800596971218895 0.9558816628089967 1.5376488493938256 0.1320146777014673
1.6605841073890903 0.4383282193903151 -1.1752822443225235 0.7827856053930748 1.371659179745292 0.1358774071105331

1.4888316645256907 1.1851038062409422 2.6109075303616613 0.9620057728836615 1.151749318961242 0.1419901095310873
-2.446392020631026 -0.30250075365238543 0.21270607249017612 0.753022011233131 0.8292146571956246 0.13795863154708735
1.7771884421955406 0.4038476503535971 -2.502854468838663 0.4854936895132656 1.1578491998804468 0.13925375707618423
1.4888316645256907 1.1851038062409422 2.6109075303616613 0.9620057728836615 1.151749318961242 0.1419901095310873
-2.446392020631026 -0.30250075365238543 0.21270607249017612 0.753022011233131 0.8292146571956246 0.13795863154708735
1.7771884421955406 0.4038476503535971 -2.502854468838663 0.4854936895132656 1.1578491998804468 0.13925375707618423
1.4888316645256907 1.1851038062409422 2.6109075303616613 0.9620057728836615 1.151749318961242 0.1419901095310873

-1.6191547994746844 -0.14450967295502182 1.9627348155026652 0.8072178422230146 1.2999420822150574 0.13098945503032713
2.5566399719559114 -1.0401573933689279 -1.4278590008874417 1.0737564364370689 1.1045736597550881 0.13004756617259694
-1.6191547994746844 -0.14450967295502182 1.9627348155026652 0.8072178422230146 1.2999420822150574 0.13098945503032713
2.5566399719559114 -1.0401573933689279 -1.4278590008874417 1.0737564364370689 1.1045736597550881 0.13004756617259694
-1.6191547994746844 -0.14450967295502182 1.9627348155026652 0.8072178422230146 1.2999420822150574 0.13098945503032713
2.5566399719559114 -1.0401573933689279 -1.4278590008874417 1.0737564364370689 1.1045736597550881 0.13004756617259694
-1.6191547994746844 -0.14450967295502182 1.9627348155026652 0.8072178422230146 1.2999420822150574 0.13098945503032713

0.9726405239533472 1.1653854079653738 0.025125716112216808 0.5455346557442525 1.1156588218101264 0.1324450381153047
0.9726405239533472 1.1653854079653738 0.025125716112216808 0.5455346557442525 1.1156588218101264 0.1324450381153047
0.9726405239533472 1.1653854079653738 0.025125716112216808 0.5455346557442525 1.1156588218101264 0.1324450381153047
0.9726405239533472 1.1653854079653738 0.025125716112216808 0.5455346557442525 1.1156588218101264 0.1324450381153047
0.9726405239533472 1.1653854079653738 0.025125716112216808 0.5455346557442525 1.1156588218101264 0.1324450381153047
0.9726405239533472 1.1653854079653738 0.025125716112216808 0.5455346557442525 1.1156588218101264 0.1324450381153047
0.9726405239533472 1.1653854079653738 0.025125716112216808 0.5455346557442525 1.1156588218101264 0.1324450381153047

2.5269430807300552 -0.6526269192963491 -2.4877344692774592 1.0533734998739557 1.4313493282829752 0.13689984022451518
2.140005707503022 -0.023338776345786343 -2.1908198786625017 1.0839709450769144 1.206670059737717 0.14129375311675438
2.8269074091179145 -0.48325093394644325 -3.017011435779903 1.037204263608754 1.4544022262479288 0.13310416162218303
-1.8435175349623347 -0.7978346482275697 2.511506377231903 0.9915711440854911 1.0691610090723584 0.1336154626325556
2.5269430807300552 -0.6526269192963491 -2.4877344692774592 1.0533734998739557 1.4313493282829752 0.13689984022451518
2.140005707503022 -0.023338776345786343 -2.1908198786625017 1.0839709450769144 1.206670059737717 0.14129375311675438
2.8269074091179145 -0.48325093394644325 -3.017011435779903 1.037204263608754 1.4544022262479288 0.13310416162218303

-1.7772768852179588 1.0713855558722973 2.7143889405972392 0.6911217434878677 1.3264164690551987 0.13426095918593767
-1.7772768852179588 1.0713855558722973 2.7143889405972392 0.6911217434878677 1.3264164690551987 0.13426095918593767
-1.7772768852179588 1.0713855558722973 2.7143889405972392 0.6911217434878677 1.3264164690551987 0.13426095918593767
-1.7772768852179588 1.0713855558722973 2.7143889405972392 0.6911217434878677 1.3264164690551987 0.13426095918593767
-1.7772768852179588 1.0713855558722973 2.7143889405972392 0.6911217434878677 1.3264164690551987 0.13426095918593767
-1.7772768852179588 1.0713855558722973 2.7143889405972392 0.6911217434878677 1.3264164690551987 0.13426095918593767
-1.7772768852179588 1.0713855558722973 2.7143889405972392 0.6911217434878677 1.3264164690551987 0.13426095918593767

2.171163425350723 -0.49250559263925037 3.127116632063812 0.5066045356162687 0.9787481902737776 0.1358110668646383
2.171163425350723 -0.49250559263925037 3.127116632063812 0.5066045356162687 0.9787481902737776 0.1358110668646383
2.171163425350723 -0.49250559263925037 3.127116632063812 0.5066045356162687 0.9787481902737776 0.1358110668646383
2.171163425350723 -0.49250559263925037 3.127116632063812 0.5066045356162687 0.9787481902737776 0.1358110668646383
2.171163425350723 -0.49250559263925037 3.127116632063812 0.5066045356162687 0.9787481902737776 0.1358110668646383
2.171163425350723 -0.49250559263925037 3.127116632063812 0.5066045356162687 0.9787481902737776 0.1358110668646383
2.171163425350723 -0.49250559263925037 3.127116632063812 0.5066045356162687 0.9787481902737776 0.1358110668646383

-1.6264006282069465 0.19279362976695436 -2.6609575796144602 0.9928649304219439 1.3423076162353866 0.13738469948320925
2.1058416482740783 -0.21015344790005136 -0.45449706275396756 0.7240681641010447 1.4716917394804307 0.1367999139929875
2.2634458468159058 0.6487953492495966 0.06659178959453954 0.4737294547235108 1.3908713895873497 0.14805639013314167
-1.6264006282069465 0.19279362976695436 -2.6609575796144602 0.9928649304219439 1.3423076162353866 0.13738469948320925
2.1058416482740783 -0.21015344790005136 -0.45449706275396756 0.7240681641010447 1.4716917394804307 0.1367999139929875
2.2634458468159058 0.6487953492495966 0.06659178959453954 0.4737294547235108 1.3908713895873497 0.14805639013314167
-1.6264006282069465 0.19279362976695436 -2.6609575796144602 0.9928649304219439 1.3423076162353866 0.13738469948320925

-1.0121396793480693 1.2882670808092855 -1.7961293699179026 1.0227229305161256 1.5682017225377929 0.14083127327343076
1.2118106784328229 -0.6390171646840976 1.393515923390925 0.9243570709197984 1.5682145743584277 0.13055474252150603
2.2468169342242956 -0.20698042314100573 -0.34930914499315807 0.4939396427613502 1.4420753108755493 0.13954815270281187
-2.197222373710581 -1.1351052505635209 -1.894467142861538 0.9022529512257016 1.426959657956524 0.13103477974924538
2.1043878512089287 0.33012766928207055 1.5380283052769816 0.8501281238137426 1.5282366491755321 0.1326666497257238
-2.2348584005204875 0.8013433063354861 2.50678541901812 0.43852911815970036 1.3216489548443313 0.13633197936204444
-1.9438712881046367 -0.10962978867369978 2.9688612004010975 0.35699639023128454 1.3414000552127563 0.14884662407854213

-0.8407933591518693 0.7136690806795601 -0.33588342148051253 0.45649122129107056 1.2239603104487509 0.1306964010277502
2.822206347004678 0.963257218117011 -2.7275617081701946 0.4992349644288892 1.2696212650580538 0.13406099398167842
2.11417635990686 0.1419107235772408 2.774328723310729 0.6573885952402034 1.0344225471078057 0.14280006728845862
-1.5668978896420374 0.12284642629914069 -0.6568288979220511 0.4265277891966973 1.1869000925037494 0.131208021085741
1.7474622489389458 0.4894604462175933 1.985173329770126 0.8029680291900511 0.9798293437746545 0.13145043312014532
-0.8407933591518693 0.7136690806795601 -0.33588342148051253 0.45649122129107056 1.2239603104487509 0.1306964010277502
2.822206347004678 0.963257218117011 -2.7275617081701946 0.4992349644288892 1.2696212650580538 0.13406099398167842

-1.7488755599908496 -0.6569432404883071 -2.3351502603122043 0.3844158040371728 1.0585313799464997 0.14995508837206617
-2.4333833110166943 -0.12965148787430925 -1.6506350121216808 0.5951047348473681 1.554612368545582 0.14011998066314588
-2.0617608645732304 -0.6865972970620996 -1.9079317371022277 0.6126555505182469 1.1903596266191434 0.13764334877361964
-1.7488755599908496 -0.6569432404883071 -2.3351502603122043 0.3844158040371728 1.0585313799464997 0.14995508837206617
-2.4333833110166943 -0.12965148787430925 -1.6506350121216808 0.5951047348473681 1.554612368545582 0.14011998066314588
-2.0617608645732304 -0.6865972970620996 -1.9079317371022277 0.6126555505182469 1.1903596266191434 0.13764334877361964
-1.7488755599908496 -0.6569432404883071 -2.3351502603122043 0.3844158040371728 1.0585313799464997 0.14995508837206617

2.0166073620019276 0.0126786767555736 -0.6131400633682588 1.0160858828520487 1.1355236463911862 0.14403682847358457
2.0166073620019276 0.0126786767555736 -0.6131400633682588 1.0160858828520487 1.1355236463911862 0.14403682847358457
2.0166073620019276 0.0126786767555736 -0.6131400633682588 1.0160858828520487 1.1355236463911862 0.14403682847358457
2.0166073620019276 0.0126786767555736 -0.6131400633682588 1.0160858828520487 1.1355236463911862 0.14403682847358457
2.0166073620019276 0.0126786767555736 -0.6131400633682588 1.0160858828520487 1.1355236463911862 0.14403682847358457
2.0166073620019276 0.0126786767555736 -0.6131400633682588 1.0160858828520487 1.1355236463911862 0.14403682847358457
2.0166073620019276 0.0126786767555736 -0.6131400633682588 1.0160858828520487 1.1355236463911862 0.14403682847358457

1.1453600903161927 -0.848046575995026 -0.05231875011622556 0.7211725857630876 1.4092059044931262 0.13038841787420158
-2.5377069102602943 -1.1091492026175125 -2.689089946571019 0.6156319312869993 1.4336578132065383 0.1404274105946608
1.4022605937902364 -1.2154128088675222 -0.17426569091682356 0.7751435331466688 1.3616381731737097 0.13247825467831642
1.1453600903161927 -0.848046575995026 -0.05231875011622556 0.7211725857630876 1.4092059044931262 0.13038841787420158
-2.5377069102602943 -1.1091492026175125 -2.689089946571019 0.6156319312869993 1.4336578132065383 0.1404274105946608
1.4022605937902364 -1.2154128088675222 -0.17426569091682356 0.7751435331466688 1.3616381731737097 0.13247825467831642
1.1453600903161927 -0.848046575995026 -0.05231875011622556 0.7211725857630876 1.4092059044931262 0.13038841787420158

-2.46471110512376 0.9330764138078937 -0.31492146643786556 1.1067474198453011 1.0351322377492083 0.130226853157369
1.4596850993160753 -0.39516466677832524 -2.010369663125327 0.7636349932191805 1.0520314182803845 0.13767609947550716
-2.2239465061372305 -0.4412691224731407 0.5843322484872628 1.1829926188640467 1.2742654924445267 0.14213110866042797
1.4082406200885123 -0.8134856328499285 -1.9355538929794027 0.9001840766107295 0.9482607429707064 0.14257262933048337
1.7479612061470367 -0.41263068620242865 -2.98750162638333 0.9499208473412226 1.0417823417558498 0.13723755193135234
-2.46471110512376 0.9330764138078937 -0.31492146643786556 1.1067474198453011 1.0351322377492083 0.130226853157369
1.4596850993160753 -0.39516466677832524 -2.010369663125327 0.7636349932191805 1.0520314182803845 0.13767609947550716

2.3011518631012042 0.7652660740548362 1.8959809997454915 0.5418586665687427 0.9256799885978892 0.14594668746939415
2.3011518631012042 0.7652660740548362 1.8959809997454915 0.5418586665687427 0.9256799885978892 0.14594668746939415
2.3011518631012042 0.7652660740548362 1.8959809997454915 0.5418586665687427 0.9256799885978892 0.14594668746939415
2.3011518631012042 0.7652660740548362 1.8959809997454915 0.5418586665687427 0.9256799885978892 0.14594668746939415
2.3011518631012042 0.7652660740548362 1.8959809997454915 0.5418586665687427 0.9256799885978892 0.14594668746939415
2.3011518631012042 0.7652660740548362 1.8959809997454915 0.5418586665687427 0.9256799885978892 0.14594668746939415
2.3011518631012042 0.7652660740548362 1.8959809997454915 0.5418586665687427 0.9256799885978892 0.14594668746939415

-1.8080613094388862 0.7504602080030677 -1.1445911426567177 0.7588416574509932 1.0413791686223925 0.1442245878244053
-1.8080613094388862 0.7504602080030677 -1.1445911426567177 0.7588416574509932 1.0413791686223925 0.1442245878244053
-1.8080613094388862 0.7504602080030677 -1.1445911426567177 0.7588416574509932 1.0413791686223925 0.1442245878244053
-1.8080613094388862 0.7504602080030677 -1.1445911426567177 0.7588416574509932 1.0413791686223925 0.1442245878244053
-1.8080613094388862 0.7504602080030677 -1.1445911426567177 0.7588416574509932 1.0413791686223925 0.1442245878244053
-1.8080613094388862 0.7504602080030677 -1.1445911426567177 0.7588416574509932 1.0413791686223925 0.1442245878244053
-1.8080613094388862 0.7504602080030677 -1.1445911426567177 0.7588416574509932 1.0413791686223925 0.1442245878244053

1.4959937031525945 0.07356481822172785 -0.4251123441602232 0.9563444498789507 1.5075476092644138 0.14542526336406192
2.2107481676473424 0.5550247989616608 -0.3908109991033161 0.5679482742186839 1.4930691918338037 0.14946600895488482
-1.7178959213992344 0.8344711987648729 1.8707497115814034 0.5967859734630416 1.4148063915118194 0.1301498041275019
2.5532944966038147 0.04648327553875124 0.5779427762769994 1.0533937344476672 1.5201111810646037 0.14852716201802446
1.5829935714817054 -0.1961008248718704 -0.30871128591210606 0.9148236167378675 1.2005937559701851 0.13312722578346567
1.4959937031525945 0.07356481822172785 -0.4251123441602232 0.9563444498789507 1.5075476092644138 0.14542526336406192
2.2107481676473424 0.5550247989616608 -0.3908109991033161 0.5679482742186839 1.4930691918338037 0.14946600895488482

2.2520959139103964 0.6140138915006869 0.5871448600628258 0.8587282393666682 1.3846849868470814 0.1415491588355007
-2.301080220374599 0.6614795526620115 2.124278338168872 0.5630360927270289 1.5390599772869415 0.14717421684296425
0.5233037450961303 1.0801636593684754 -0.7652711395460849 1.0620140889708403 1.337591088626919 0.13660662317600514
2.04231822559332 0.6716864326049635 -0.2702774261633019 0.555511998221782 1.4355404538491978 0.14853951157131723
1.7693941346236681 0.09573814460949588 0.453131168928074 0.9647507640277577 1.260785345143077 0.140757371923251
-1.6604170673682959 0.5225324025125582 -2.9511475656984407 0.9276320862466509 1.2585944011232697 0.13870361507747944
2.2520959139103964 0.6140138915006869 0.5871448600628258 0.8587282393666682 1.3846849868470814 0.1415491588355007

1.7196074177025267 -0.07241254576502788 -0.3290637581483623 0.46993616543104094 1.30842133323117 0.14813765192307876
2.1689694354014306 0.1729677116181368 0.36407591188191324 0.6240461285078442 1.3662196627082595 0.13039395517022767
1.8503156019003204 0.06797383905856064 1.2018365378333122 0.9282891413927277 1.6229384576865526 0.14156933380536968
1.7196074177025267 -0.07241254576502788 -0.3290637581483623 0.46993616543104094 1.30842133323117 0.14813765192307876
2.1689694354014306 0.1729677116181368 0.36407591188191324 0.6240461285078442 1.3662196627082595 0.13039395517022767
1.8503156019003204 0.06797383905856064 1.2018365378333122 0.9282891413927277 1.6229384576865526 0.14156933380536968
1.7196074177025267 -0.07241254576502788 -0.3290637581483623 0.46993616543104094 1.30842133323117 0.14813765192307876

2.536872301392693 0.3411874814781703 -2.895377579477311 0.3536507030602634 1.043861802154262 0.14305974159840237
1.9954581626653032 -0.7722989391694728 1.6197946792369196 0.768924175593674 0.9971805339955092 0.1348317798276371
-1.231341574269411 0.6700851165504985 -0.7702268635112017 0.6254633128805358 1.0361656732527447 0.1438865834159439
2.250238704420713 0.7678220938793207 2.215191344695145 0.8055622019361961 0.9018071960586918 0.14584269037901426
2.5598095229719315 0.7618765771717704 -2.6679079366048177 0.33357991362461037 1.1703985859216761 0.14838668376232314
2.6745858632315853 -0.07028277567090058 1.0917846650919019 0.4656020865164404 0.9530111344077347 0.14551705159018793
2.536872301392693 0.3411874814781703 -2.895377579477311 0.3536507030602634 1.043861802154262 0.14305974159840237

2.427629457548793 0.8416212359136125 -1.0077996932529196 0.8837848637232272 1.0978044089552632 0.1497155004045157
-2.5259233913569825 0.90170182809032 0.5290804594000811 0.7991135071489394 0.9303125713320644 0.14633959203613067
1.9413282828922274 0.12733552699854597 -2.3032036568245604 1.0017415851747138 1.3552012755398517 0.13561569211260094
1.5533509673385093 1.0708536516591163 -2.3087181582794654 0.9443430746128819 1.316348993629018 0.1448133437568752
2.0344508978256557 0.003911785187003858 -1.5816698354819982 0.916734744602972 0.9572398824136016 0.14915123572115824
2.427629457548793 0.8416212359136125 -1.0077996932529196 0.8837848637232272 1.0978044089552632 0.1497155004045157
-2.5259233913569825 0.90170182809032 0.5290804594000811 0.7991135071489394 0.9303125713320644 0.14633959203613067

-2.529516582278612 -0.8125795225156591 0.9846527493227633 0.6252954356225696 1.0010974539380921 0.13806264806047008
1.657879485013129 0.3828218316760131 -2.9007517688619453 0.5110606942263946 1.1389756385237013 0.13930041294588785
2.312349491667105 0.9590069158698886 -2.6006984298049503 0.8515943439019295 0.8859384532835768 0.13986855057301356
-2.529516582278612 -0.8125795225156591 0.9846527493227633 0.6252954356225696 1.0010974539380921 0.13806264806047008
1.657879485013129 0.3828218316760131 -2.9007517688619453 0.5110606942263946 1.1389756385237013 0.13930041294588785
2.312349491667105 0.9590069158698886 -2.6006984298049503 0.8515943439019295 0.8859384532835768 0.13986855057301356
-2.529516582278612 -0.8125795225156591 0.9846527493227633 0.6252954356225696 1.0010974539380921 0.13806264806047008

2.7983112513912003 0.5264669351359369 2.214040204354533 0.3916142925237874 1.0671687846302218 0.13779981217729143
1.865070617854929 0.07271805102058247 2.2088162344373306 0.5999797139465011 1.5291779630784803 0.1411633467012523
2.006871252235037 -0.7081782035730618 1.8122704048663718 0.6133053150041947 1.5703211270963768 0.13582556372184368
2.7983112513912003 0.5264669351359369 2.214040204354533 0.3916142925237874 1.0671687846302218 0.13779981217729143
1.865070617854929 0.07271805102058247 2.2088162344373306 0.5999797139465011 1.5291779630784803 0.1411633467012523
2.006871252235037 -0.7081782035730618 1.8122704048663718 0.6133053150041947 1.5703211270963768 0.13582556372184368
2.7983112513912003 0.5264669351359369 2.214040204354533 0.3916142925237874 1.0671687846302218 0.13779981217729143

-2.170357623845619 0.6131938585397306 -2.252752890087331 0.5244298416467942 1.0050360233810385 0.1439795518391384
-1.766564499370503 0.03364293411283232 -1.7874760313696498 0.7111931806337454 1.0525429570941829 0.13035862908118745
-0.28225917036218184 1.2498369720817142 -0.5756471075103126 0.5280480055888904 1.0611220263359706 0.14951299267704452
-0.41331679447174224 -0.875520551366336 -3.033247175054646 0.509448834350154 0.8837373253407559 0.1405158725367432
-2.170357623845619 0.6131938585397306 -2.252752890087331 0.5244298416467942 1.0050360233810385 0.1439795518391384
-1.766564499370503 0.03364293411283232 -1.7874760313696498 0.7111931806337454 1.0525429570941829 0.13035862908118745
-0.28225917036218184 1.2498369720817142 -0.5756471075103126 0.5280480055888904 1.0611220263359706 0.14951299267704452

2.201638548843374 -0.8182701105053427 2.665560210322294 0.8368788882370116 1.2115885828143367 0.1306522857682254
1.8779246149999624 -0.2645580821995665 -2.762735070738339 0.6184259944625512 1.1034712974389786 0.14712115325089742
-2.2405563972093607 1.2248627979432691 -0.5320765060461642 0.832752413525123 1.2254541288913217 0.14621788021341126
2.201638548843374 -0.8182701105053427 2.665560210322294 0.8368788882370116 1.2115885828143367 0.1306522857682254
1.8779246149999624 -0.2645580821995665 -2.762735070738339 0.6184259944625512 1.1034712974389786 0.14712115325089742
-2.2405563972093607 1.2248627979432691 -0.5320765060461642 0.832752413525123 1.2254541288913217 0.14621788021341126
2.201638548843374 -0.8182701105053427 2.665560210322294 0.8368788882370116 1.2115885828143367 0.1306522857682254

-1.9303457840701408 -0.6903514791119172 0.2995794918462881 0.9404765835995331 0.9426002845355201 0.13520893703008346
-2.706193328760861 0.39256079947187555 -0.30837019495739737 0.8280931311309069 0.9021240557496244 0.14139214144839052
-1.9303457840701408 -0.6903514791119172 0.2995794918462881 0.9404765835995331 0.9426002845355201 0.13520893703008346
-2.706193328760861 0.39256079947187555 -0.30837019495739737 0.8280931311309069 0.9021240557496244 0.14139214144839052
-1.9303457840701408 -0.6903514791119172 0.2995794918462881 0.9404765835995331 0.9426002845355201 0.13520893703008346
-2.706193328760861 0.39256079947187555 -0.30837019495739737 0.8280931311309069 0.9021240557496244 0.14139214144839052
-1.9303457840701408 -0.6903514791119172 0.2995794918462881 0.9404765835995331 0.9426002845355201 0.13520893703008346

2.6554987572602835 0.9612511306728414 -0.8864540088866025 0.8602930448808005 0.9627867414960561 0.13179013895392955
-1.9304775716624551 0.7400263805835735 0.22947913319602478 1.1173366969320018 1.461174253990204 0.13482538842272554
-1.7846196414069224 -0.9567772138651742 0.984100571753934 0.8439182434945919 1.2010846490433342 0.1487873140284575
1.8093943717068233 0.1799955521202663 -2.0290779563262316 0.7801333301931864 1.0740573803246412 0.14233505478529623
2.6554987572602835 0.9612511306728414 -0.8864540088866025 0.8602930448808005 0.9627867414960561 0.13179013895392955
-1.9304775716624551 0.7400263805835735 0.22947913319602478 1.1173366969320018 1.461174253990204 0.13482538842272554
-1.7846196414069224 -0.9567772138651742 0.984100571753934 0.8439182434945919 1.2010846490433342 0.1487873140284575

-1.3006526085141283 -0.3125446622044195 1.777853246411013 0.8098288436573524 1.1182367263028377 0.1446955393344081
1.2485510844957628 1.0369069114741276 -2.3564470002237266 0.8778571528726268 1.552781027498247 0.14802597445361165
-1.3540349837853978 -0.7429493109739059 1.8095912750030974 0.803210105242774 1.1067513358568921 0.13408475858083554
2.6139368931172493 -0.646398329077402 -2.6413410381245774 0.8562943931651155 1.3776016552314039 0.13501959255343793
-1.3006526085141283 -0.3125446622044195 1.777853246411013 0.8098288436573524 1.1182367263028377 0.1446955393344081
1.2485510844957628 1.0369069114741276 -2.3564470002237266 0.8778571528726268 1.552781027498247 0.14802597445361165
-1.3540349837853978 -0.7429493109739059 1.8095912750030974 0.803210105242774 1.1067513358568921 0.13408475858083554

-2.1131968264953276 -0.9432458285079427 0.7522402348249808 0.9093580552087479 0.9961542920468964 0.14205367140259392
1.6016232091338551 -0.457991977417493 -2.841323480747707 0.9617692561956204 1.1804627107584598 0.13262375171056082
-2.1131968264953276 -0.9432458285079427 0.7522402348249808 0.9093580552087479 0.9961542920468964 0.14205367140259392
1.6016232091338551 -0.457991977417493 -2.841323480747707 0.9617692561956204 1.1804627107584598 0.13262375171056082
-2.1131968264953276 -0.9432458285079427 0.7522402348249808 0.9093580552087479 0.9961542920468964 0.14205367140259392
1.6016232091338551 -0.457991977417493 -2.841323480747707 0.9617692561956204 1.1804627107584598 0.13262375171056082
-2.1131968264953276 -0.9432458285079427 0.7522402348249808 0.9093580552087479 0.9961542920468964 0.14205367140259392

0.9164104852989462 0.322825537676171 -2.924733841260353 0.8156450871424353 1.0672916437006164 0.14030493328639904
0.9164104852989462 0.322825537676171 -2.924733841260353 0.8156450871424353 1.0672916437006164 0.14030493328639904
0.9164104852989462 0.322825537676171 -2.924733841260353 0.8156450871424353 1.0672916437006164 0.14030493328639904
0.9164104852989462 0.322825537676171 -2.924733841260353 0.8156450871424353 1.0672916437006164 0.14030493328639904
0.9164104852989462 0.322825537676171 -2.924733841260353 0.8156450871424353 1.0672916437006164 0.14030493328639904
0.9164104852989462 0.322825537676171 -2.924733841260353 0.8156450871424353 1.0672916437006164 0.14030493328639904
0.9164104852989462 0.322825537676171 -2.924733841260353 0.8156450871424353 1.0672916437006164 0.14030493328639904

1.8785943365785536 0.4918154343427228 2.7827906372942754 0.5452810068034039 1.244698077945987 0.13246687314495464
-1.9200802137157673 -0.5543264846099896 -0.5972692921555002 0.7751635840887305 1.0609438099311639 0.13293212254007536
1.9303652656399257 -0.8984890405680767 1.8736998676317005 0.6423244364288626 0.9772074768081009 0.13485063225437974
1.6522641920462027 0.5506765308948196 2.5598647424958414 0.761930365810125 1.0610442581148651 0.13577055331433235
1.9117873768576927 0.6525127910843606 2.3493752112150883 0.8217972985349905 1.0084474160649748 0.13416241071951474
-1.6371811279222295 0.3265282711842992 -0.9944109762073619 0.8076317477185659 1.0349627943222282 0.14568854877920365
-1.844026835319993 -0.3111712330585858 -0.6800744090425774 0.7105548578688393 1.1293744390366385 0.13913770913168202

-2.750406242892558 -0.7842678162548536 1.0896498413796307 0.8329738731967455 1.0157375089641536 0.13589428572345008
2.8714869144313804 0.846779119207515 -1.5491266894475133 0.7072849775681593 0.8241990095086547 0.13462802678686175
2.130556241648185 -0.6817383436599231 2.987223316692605 0.5210829274246965 1.0367155999773388 0.14111117916418073
2.464943800403114 -0.6464328522373737 2.975396748653183 0.4829655850799257 0.9682099103510762 0.13203118630052957
-2.4815681069508844 0.3258323683172293 -0.4042306354911618 0.8887450290274919 0.8338496477860711 0.14814413695826045
2.177993479376224 -0.7613734049447555 2.9700131386072512 0.6789210671688914 1.07722098324191 0.14749117316326021
-2.750406242892558 -0.7842678162548536 1.0896498413796307 0.8329738731967455 1.0157375089641536 0.13589428572345008

-1.969351069901056 0.519590215051716 -3.0686142267861864 1.1529770910710557 1.367747692396852 0.1477300748844666
2.46191651001109 0.5765967275403822 0.23700032544172964 0.708238872742209 1.5428564141544565 0.147958845471602
1.9308022902904962 -0.3525834912366439 -1.3038519195113227 0.5942608065260033 1.5172376181066594 0.14498602143810566
1.3687581431992633 -0.4453383309856822 -0.38515399231555414 0.6671373767877479 1.4686597265856702 0.14419492304334322
2.166154719165323 -0.0014660956275452375 -0.2324109048531714 1.0673161748472384 1.353059292964498 0.14873085023498311
-1.969351069901056 0.519590215051716 -3.0686142267861864 1.1529770910710557 1.367747692396852 0.1477300748844666
2.46191651001109 0.5765967275403822 0.23700032544172964 0.708238872742209 1.5428564141544565 0.147958845471602

1.1850798123626092 -0.23213739220829926 2.420837862050595 0.5574306603712404 1.1575690055906709 0.13788339294797106
2.243791374029416 0.20832416100967296 2.442794739168673 0.4157741458712886 1.3581227139371743 0.13433751957042167
2.410753346956148 -0.8993131703194723 0.6684410359854912 0.6362957630349262 0.9172094298463407 0.14352848213623728
-2.66595579737251 -1.0790758176472537 -0.5064468846917156 0.6628548077937346 1.1210286591060061 0.13552017967892466
1.1850798123626092 -0.23213739220829926 2.420837862050595 0.5574306603712404 1.1575690055906709 0.13788339294797106
2.243791374029416 0.20832416100967296 2.442794739168673 0.4157741458712886 1.3581227139371743 0.13433751957042167
2.410753346956148 -0.8993131703194723 0.6684410359854912 0.6362957630349262 0.9172094298463407 0.14352848213623728

2.0717581003979544 -0.03914341639213982 -1.55556237595814 0.7475776200219815 1.5405753206795623 0.1410976057373051
-1.94434909977602 -0.5307486385644538 2.3451524770496426 0.6899359853263147 1.515145381305436 0.1350780356853427
2.1717785943702723 -0.708966177698766 -0.9202189074154351 0.8915565442986204 1.2128186579070825 0.14460875305498516
1.6526758731974796 0.011330119183331797 -0.0597498355075128 0.9841129901655001 1.2579157980108562 0.14535234954439688
1.6228421859935405 -0.6581118190989504 -0.49596287319883314 0.9006172207536361 1.1893779310046786 0.13714800926153298
2.0717581003979544 -0.03914341639213982 -1.55556237595814 0.7475776200219815 1.5405753206795623 0.1410976057373051
-1.94434909977602 -0.5307486385644538 2.3451524770496426 0.6899359853263147 1.515145381305436 0.1350780356853427

1.338923046992953 -0.4310178186262752 -2.0612354430749322 0.4984412763466365 0.9703547246816492 0.13432019796936462
-1.6306891292434385 0.8782520136546176 0.05963803150889554 0.7277877288997593 1.1244704517605482 0.14748223413517733
-2.184979353243011 -0.6607844154562353 0.8960969511125677 0.6410152157551361 1.078493203323371 0.1338316185589233
1.338923046992953 -0.4310178186262752 -2.0612354430749322 0.4984412763466365 0.9703547246816492 0.13432019796936462
-1.6306891292434385 0.8782520136546176 0.05963803150889554 0.7277877288997593 1.1244704517605482 0.14748223413517733
-2.184979353243011 -0.6607844154562353 0.8960969511125677 0.6410152157551361 1.078493203323371 0.1338316185589233
1.338923046992953 -0.4310178186262752 -2.0612354430749322 0.4984412763466365 0.9703547246816492 0.13432019796936462

2.498152640483529 -1.2708795161391382 1.6728302855797677 0.5655201907499969 1.3622693648486133 0.13775191918974322
0.8702209817040616 0.7819757277354716 1.0496187927577973 0.706909581804192 0.9064944401533198 0.14041905992233158
1.870288310102461 0.6695893202498661 2.0063678476758935 0.8624746362579035 0.8880375697274254 0.13849571308445763
2.1202621282121603 -0.2285254413728706 1.9440667744917302 0.7825998133802076 1.098631254441164 0.14187558397836506
2.498152640483529 -1.2708795161391382 1.6728302855797677 0.5655201907499969 1.3622693648486133 0.13775191918974322
0.8702209817040616 0.7819757277354716 1.0496187927577973 0.706909581804192 0.9064944401533198 0.14041905992233158
1.870288310102461 0.6695893202498661 2.0063678476758935 0.8624746362579035 0.8880375697274254 0.13849571308445763

2.7498343344787237 -0.7476520845292473 1.3049801303985993 0.518996412714764 1.166303430349539 0.14139906218780193
2.7498343344787237 -0.7476520845292473 1.3049801303985993 0.518996412714764 1.166303430349539 0.14139906218780193
2.7498343344787237 -0.7476520845292473 1.3049801303985993 0.518996412714764 1.166303430349539 0.14139906218780193
2.7498343344787237 -0.7476520845292473 1.3049801303985993 0.518996412714764 1.166303430349539 0.14139906218780193
2.7498343344787237 -0.7476520845292473 1.3049801303985993 0.518996412714764 1.166303430349539 0.14139906218780193
2.7498343344787237 -0.7476520845292473 1.3049801303985993 0.518996412714764 1.166303430349539 0.14139906218780193
2.7498343344787237 -0.7476520845292473 1.3049801303985993 0.518996412714764 1.166303430349539 0.14139906218780193

1.717616705968963 0.03740356496539827 -1.8533728715941638 0.8110951982287998 1.650158453117564 0.1441369552303793
1.717616705968963 0.03740356496539827 -1.8533728715941638 0.8110951982287998 1.650158453117564 0.1441369552303793
1.717616705968963 0.03740356496539827 -1.8533728715941638 0.8110951982287998 1.650158453117564 0.1441369552303793
1.717616705968963 0.03740356496539827 -1.8533728715941638 0.8110951982287998 1.650158453117564 0.1441369552303793
1.717616705968963 0.03740356496539827 -1.8533728715941638 0.8110951982287998 1.650158453117564 0.1441369552303793
1.717616705968963 0.03740356496539827 -1.8533728715941638 0.8110951982287998 1.650158453117564 0.1441369552303793
1.717616705968963 0.03740356496539827 -1.8533728715941638 0.8110951982287998 1.650158453117564 0.1441369552303793

1.8338208030335674 -1.2895381889024318 1.5882340813887643 0.6649682845873476 1.2339392914163856 0.13245696546458077
-2.1690525582542164 -0.33000020268808133 -1.059888371311415 0.38081496974619444 1.164381027520625 0.1376816244432907
2.771455392504969 -0.8900928141229384 1.0839829144720317 0.43991565706850694 1.3713463844888543 0.1336852064905677
-2.614956141298883 0.4286598307309856 -1.3693604731359095 0.39038124934643315 1.37131963798982 0.1349632778876158
-1.9809946159162952 1.119492966118479 -1.8971785312912703 0.6879738817343207 1.0265113711617773 0.13204451609470097
-2.3681858314231747 0.4078056866054284 -2.133582687769022 0.4877561199603765 0.96446554113722 0.1338503398535699
-2.136622678439448 -1.1449068384374639 -1.2659164320894338 0.48835967737839636 0.9729371294582227 0.13958942062666974

1.627889872908464 -0.049936988423843434 2.2817669037186312 0.5922921451903965 1.3879285433226742 0.13946306621366525
1.261638111579585 -0.430170264936235 2.342257996121538 0.5555121503784878 1.070133784896247 0.1372617804660651
-2.222618985347947 -0.29231427090981954 -0.3953573672628867 0.3544038635509145 1.2984741790871372 0.1432211604985231
1.7014997539681491 -0.16313035464383274 2.2724084226400554 0.5284686758744543 1.3430901096471366 0.14674549565135586
1.9018497380555779 -0.3092567584546832 1.8130964043743856 0.6783560017022312 1.212065115410258 0.14062543583315193
2.3584407588603056 -0.3987934268555816 1.9425783430415164 0.4625546448983828 1.1948249649760108 0.1498217186120017
1.627889872908464 -0.049936988423843434 2.2817669037186312 0.5922921451903965 1.3879285433226742 0.13946306621366525

-2.181944963812291 -0.5690029906593429 2.9127426272135293 0.5436994404908823 1.3951909587680098 0.1375362707858558
-2.181944963812291 -0.5690029906593429 2.9127426272135293 0.5436994404908823 1.3951909587680098 0.1375362707858558
-2.181944963812291 -0.5690029906593429 2.9127426272135293 0.5436994404908823 1.3951909587680098 0.1375362707858558
-2.181944963812291 -0.5690029906593429 2.9127426272135293 0.5436994404908823 1.3951909587680098 0.1375362707858558
-2.181944963812291 -0.5690029906593429 2.9127426272135293 0.5436994404908823 1.3951909587680098 0.1375362707858558
-2.181944963812291 -0.5690029906593429 2.9127426272135293 0.5436994404908823 1.3951909587680098 0.1375362707858558
-2.181944963812291 -0.5690029906593429 2.9127426272135293 0.5436994404908823 1.3951909587680098 0.1375362707858558

1.7409096314633055 0.13476137210863526 2.4222549020952044 0.9465703230875979 0.9866117286554732 0.14376129264511717
1.1012748456903243 -0.7931781036785303 -2.835170149257504 0.44507037532925525 1.0690311312771095 0.14618671015414836
-1.7321036781777444 0.40433172105359555 -1.019471397075409 0.8899016817674792 0.996755177935652 0.1427118681868217
-2.4794720776126162 1.0268873197340673 -0.9358889775175678 0.5760844213985788 1.1906138122252754 0.14934887961552404
2.2446688015304157 1.175611650893542 -2.8329230906082787 0.6013800891796903 1.2010782216124651 0.14078831230386804
1.1337294166228684 -0.035785286608687836 -3.071119154716302 0.6083439874709987 0.853211538578674 0.13879862482764613
1.7409096314633055 0.13476137210863526 2.4222549020952044 0.9465703230875979 0.9866117286554732 0.14376129264511717

1.8786393039715603 1.080850103202154 1.190428026343962 0.6249093970807159 1.2784652736902695 0.13633636315331582
2.1731980775651296 -1.2139457367473303 0.7773551816522409 0.7952182556497195 1.4056045396087788 0.13890572697320738
2.4895682315988688 0.8262752507720341 2.421147047667991 0.7805778245294009 1.4937358002273704 0.13862918078321768
1.8786393039715603 1.080850103202154 1.190428026343962 0.6249093970807159 1.2784652736902695 0.13633636315331582
2.1731980775651296 -1.2139457367473303 0.7773551816522409 0.7952182556497195 1.4056045396087788 0.13890572697320738
2.4895682315988688 0.8262752507720341 2.421147047667991 0.7805778245294009 1.4937358002273704 0.13862918078321768
1.8786393039715603 1.080850103202154 1.190428026343962 0.6249093970807159 1.2784652736902695 0.13633636315331582

-2.546896134636169 1.1985218682847778 2.0679883001068675 1.0824560574965905 1.1853130743823532 0.13519177294945994
2.5684885456099766 0.2065748872853703 0.46928251029643664 1.1086895391527707 1.3827778953779228 0.14584886816132475
1.963633976820138 0.3527681841160974 -0.15116218755185207 1.0755309357654794 1.1927798765278936 0.144613793967824
2.571889660096332 -0.051073451677842746 -1.3230895225705375 0.7322079105774852 1.6436883922843455 0.1352672550912075
1.8729053698272984 -0.9195002143762873 -0.8082606698962912 1.0784810735749932 1.3005126325508514 0.14909904124350462
-2.6239729572018957 -0.6520208483715263 2.7658446971746353 0.8027510528823456 1.624092514505449 0.1467146438800853
1.307917314107786 -0.37033039363987635 -0.37301595807247523 0.8683212472320094 1.4489517982739013 0.13225027862813013

1.6881566667386116 0.817854411900888 1.4213339675708399 0.6532067211296054 1.2618644602847162 0.14375765361484558
1.378368877384776 0.3794968458543889 0.5330025787536735 0.5365920286101463 0.8811433252949377 0.13485873801574158
1.5212744881241262 0.09776238046785743 0.9285351995224792 0.5882941367517529 0.826290780966633 0.13903630750761653
1.6881566667386116 0.817854411900888 1.4213339675708399 0.6532067211296054 1.2618644602847162 0.14375765361484558
1.378368877384776 0.3794968458543889 0.5330025787536735 0.5365920286101463 0.8811433252949377 0.13485873801574158
1.5212744881241262 0.09776238046785743 0.9285351995224792 0.5882941367517529 0.826290780966633 0.13903630750761653
1.6881566667386116 0.817854411900888 1.4213339675708399 0.6532067211296054 1.2618644602847162 0.14375765361484558

2.8505439946167 0.11820120995855672 -2.4100949674510193 0.5147760162912999 0.9744299991658161 0.13437889957624644
-1.2211715276029496 1.2365718365129688 0.49865200388492714 0.47044953122039085 0.9040271608552665 0.13804491901835383
2.3587300929335373 0.5032204943971906 -3.0052215961955424 0.724504806895438 0.9213790767003418 0.13881010759239892
2.8505439946167 0.11820120995855672 -2.4100949674510193 0.5147760162912999 0.9744299991658161 0.13437889957624644
-1.2211715276029496 1.2365718365129688 0.49865200388492714 0.47044953122039085 0.9040271608552665 0.13804491901835383
2.3587300929335373 0.5032204943971906 -3.0052215961955424 0.724504806895438 0.9213790767003418 0.13881010759239892
2.8505439946167 0.11820120995855672 -2.4100949674510193 0.5147760162912999 0.9744299991658161 0.13437889957624644

1.6469981815271189 0.5826065626922221 -2.208661457561612 0.9653035525466254 1.324805164381611 0.13073002818385304
1.715434436432588 0.65303621831618 -2.318923695964976 1.045307127976824 1.4306517989021523 0.13915630148949445
2.065760700430531 -1.1015215822707194 -2.553605123366378 1.0396379135274112 1.0235543378163203 0.14548381609934574
-1.8519699537598109 -0.2659059473394231 1.007351964652844 0.9996741301911342 1.2095654378677063 0.13867958381799522
1.9773318949608645 -0.10921664538075186 -2.585907228880747 1.0478105353410847 1.3809859773321764 0.14360434241044154
1.6469981815271189 0.5826065626922221 -2.208661457561612 0.9653035525466254 1.324805164381611 0.13073002818385304
1.715434436432588 0.65303621831618 -2.318923695964976 1.045307127976824 1.4306517989021523 0.13915630148949445

-1.5622374725166674 0.3323232926896796 -0.521775631180902 0.5552647930477909 1.0893100186636149 0.1448418041512467
-1.7059733077518038 -0.23098715121295518 -1.040950241262043 0.8419915984651429 0.9434222643460454 0.1485540533770483
1.761243379966844 -0.5467062438440773 1.9186988420962556 0.8345040171386185 0.8591818183635399 0.13761350088012048
2.071666895195385 0.41496982485373546 2.5091880475775192 0.7226396296470134 0.9895944469413251 0.1407099022674377
-1.5622374725166674 0.3323232926896796 -0.521775631180902 0.5552647930477909 1.0893100186636149 0.1448418041512467
-1.7059733077518038 -0.23098715121295518 -1.040950241262043 0.8419915984651429 0.9434222643460454 0.1485540533770483
1.761243379966844 -0.5467062438440773 1.9186988420962556 0.8345040171386185 0.8591818183635399 0.13761350088012048

1.5321579629829853 0.8691682614601848 -1.0207223195080037 1.140985447530063 1.1993163578859056 0.1352505382095462
-2.390179793692103 -0.9373321789559738 2.389367396843026 0.7726731977235882 1.3880160386374671 0.13911620700742777
-2.4140394450403226 -0.5444189765407985 2.3143919626960217 0.8459761905419396 1.5046399060862425 0.14390883017786582
2.1363437308439734 0.0889811136191947 -1.4877049234608972 0.9566086212623979 1.5229893955283882 0.14223307543062458
1.5321579629829853 0.8691682614601848 -1.0207223195080037 1.140985447530063 1.1993163578859056 0.1352505382095462
-2.390179793692103 -0.9373321789559738 2.389367396843026 0.7726731977235882 1.3880160386374671 0.13911620700742777
-2.4140394450403226 -0.5444189765407985 2.3143919626960217 0.8459761905419396 1.5046399060862425 0.14390883017786582

-2.407447876001714 -0.24909504486813128 -3.0652615711682203 1.1065698552959333 1.389292776834039 0.14328000727544016
-1.7922714780097089 -0.4299682675602995 2.326736646057024 0.5468847105441245 1.5379106271950338 0.14065592153188344
2.1618798011474296 -0.1815522011686274 -0.8709094075864401 1.0072964274422007 1.3767108766021896 0.14480220339141625
2.134372249130369 -0.7082071454398586 -0.882056130195353 0.8095641758799456 1.3694059115461992 0.13994758694675397
2.1488413202660297 0.5412050367683875 -0.1638002336485667 0.6180121974336827 1.521374695760021 0.13994165055645383
-1.4903408040100665 -0.34704158726659373 2.9788081423731905 1.0453351053541697 1.5092922635541264 0.1340815275282783
-2.407447876001714 -0.24909504486813128 -3.0652615711682203 1.1065698552959333 1.389292776834039 0.14328000727544016

0.946796553522538 -0.14345115823943155 1.4825464802185473 0.5774945974122008 1.218975265743346 0.1465968379771782
2.6071823149289606 -0.06569753902183452 0.9336956160125557 0.3484519571612395 1.325168963470282 0.1477148328618153
0.946796553522538 -0.14345115823943155 1.4825464802185473 0.5774945974122008 1.218975265743346 0.1465968379771782
2.6071823149289606 -0.06569753902183452 0.9336956160125557 0.3484519571612395 1.325168963470282 0.1477148328618153
0.946796553522538 -0.14345115823943155 1.4825464802185473 0.5774945974122008 1.218975265743346 0.1465968379771782
2.6071823149289606 -0.06569753902183452 0.9336956160125557 0.3484519571612395 1.325168963470282 0.1477148328618153
0.946796553522538 -0.14345115823943155 1.4825464802185473 0.5774945974122008 1.218975265743346 0.1465968379771782

2.0797688286374894 -0.01250958221690753 -0.3582295587287022 0.4149793061367889 1.4519290701510132 0.13381941299364689
2.0797688286374894 -0.01250958221690753 -0.3582295587287022 0.4149793061367889 1.4519290701510132 0.13381941299364689
2.0797688286374894 -0.01250958221690753 -0.3582295587287022 0.4149793061367889 1.4519290701510132 0.13381941299364689
2.0797688286374894 -0.01250958221690753 -0.3582295587287022 0.4149793061367889 1.4519290701510132 0.13381941299364689
2.0797688286374894 -0.01250958221690753 -0.3582295587287022 0.4149793061367889 1.4519290701510132 0.13381941299364689
2.0797688286374894 -0.01250958221690753 -0.3582295587287022 0.4149793061367889 1.4519290701510132 0.13381941299364689
2.0797688286374894 -0.01250958221690753 -0.3582295587287022 0.4149793061367889 1.4519290701510132 0.13381941299364689

2.0297566694374076 -0.18622300914721182 2.773298322105476 0.6994402292526373 0.9207119088344462 0.14033140908243422
2.12682876456453 0.17717942106475473 -2.080522193160617 0.341945443660221 1.08959498021743 0.1413547363171482
-0.8952188634373733 0.7942853151906294 -0.4440881492575133 1.0543948007724429 0.9416827109926726 0.13641701557750036
-1.3597850925975856 0.9941484526996546 0.023895166442255724 0.662242228734528 1.0303592160373434 0.13080808589774826
-1.8981645600641512 -0.7971462378928508 -0.14246598759656082 0.8238934857068296 1.1625942466415846 0.13036222803327394
-2.818962179643838 0.9269426589680163 -1.841510824050511 0.8305973335503624 0.8386899291978742 0.13443198445235663
2.0297566694374076 -0.18622300914721182 2.773298322105476 0.6994402292526373 0.9207119088344462 0.14033140908243422

1.9308877015113617 0.1779772228943648 -1.8430816297522035 0.42578149146750255 0.992944442654361 0.13845003112357884
1.9308877015113617 0.1779772228943648 -1.8430816297522035 0.42578149146750255 0.992944442654361 0.13845003112357884
1.9308877015113617 0.1779772228943648 -1.8430816297522035 0.42578149146750255 0.992944442654361 0.13845003112357884
1.9308877015113617 0.1779772228943648 -1.8430816297522035 0.42578149146750255 0.992944442654361 0.13845003112357884
1.9308877015113617 0.1779772228943648 -1.8430816297522035 0.42578149146750255 0.992944442654361 0.13845003112357884
1.9308877015113617 0.1779772228943648 -1.8430816297522035 0.42578149146750255 0.992944442654361 0.13845003112357884
1.9308877015113617 0.1779772228943648 -1.8430816297522035 0.42578149146750255 0.992944442654361 0.13845003112357884

0.47794362747716296 1.1976670218345742 -2.5260596675661176 0.8565564731709387 1.3156579305315772 0.13009563261237278
0.47794362747716296 1.1976670218345742 -2.5260596675661176 0.8565564731709387 1.3156579305315772 0.13009563261237278
0.47794362747716296 1.1976670218345742 -2.5260596675661176 0.8565564731709387 1.3156579305315772 0.13009563261237278
0.47794362747716296 1.1976670218345742 -2.5260596675661176 0.8565564731709387 1.3156579305315772 0.13009563261237278
0.47794362747716296 1.1976670218345742 -2.5260596675661176 0.8565564731709387 1.3156579305315772 0.13009563261237278
0.47794362747716296 1.1976670218345742 -2.5260596675661176 0.8565564731709387 1.3156579305315772 0.13009563261237278
0.47794362747716296 1.1976670218345742 -2.5260596675661176 0.8565564731709387 1.3156579305315772 0.13009563261237278

2.0090612202877467 0.13653901009097963 0.8232538370367196 0.4051684823181789 1.257249036367832 0.14508101762519163
2.382796638920798 0.319497892603689 1.3859289470322913 0.41315840021629835 1.379827387206965 0.14302577623508553
1.6261811108951552 0.5088155098263034 1.3330256480910243 0.5970818858884553 1.6086868277594262 0.14770564685574594
2.0090612202877467 0.13653901009097963 0.8232538370367196 0.4051684823181789 1.257249036367832 0.14508101762519163
2.382796638920798 0.319497892603689 1.3859289470322913 0.41315840021629835 1.379827387206965 0.14302577623508553
1.6261811108951552 0.5088155098263034 1.3330256480910243 0.5970818858884553 1.6086868277594262 0.14770564685574594
2.0090612202877467 0.13653901009097963 0.8232538370367196 0.4051684823181789 1.257249036367832 0.14508101762519163

-1.2788826778565374 -0.189230119121733 0.751646068581548 0.602103265507338 0.8826279713340133 0.13787909525008976
1.700362027718588 -0.7254872072259292 -2.41878680381568 0.5190484128930357 0.9960675038588855 0.1454430298470262
-2.8008733749242256 -0.8364851333221112 0.977315161518547 1.0783979924935505 0.9852969630895285 0.13313796311368317
-1.2788826778565374 -0.189230119121733 0.751646068581548 0.602103265507338 0.8826279713340133 0.13787909525008976
1.700362027718588 -0.7254872072259292 -2.41878680381568 0.5190484128930357 0.9960675038588855 0.1454430298470262
-2.8008733749242256 -0.8364851333221112 0.977315161518547 1.0783979924935505 0.9852969630895285 0.13313796311368317
-1.2788826778565374 -0.189230119121733 0.751646068581548 0.602103265507338 0.8826279713340133 0.13787909525008976

1.7849921233341894 0.7643007668402744 1.5596668531786708 0.5011114589324795 1.1708790839329684 0.14363247780955918
1.7638683510691497 0.47537071637373085 1.9562555249021936 0.5731003292544901 1.459852477997416 0.14158920093985597
2.1994483755849434 0.1578148545943081 1.6499865956704916 0.40116163113893966 1.17358126295565 0.13022182391123457
3.0111168818497744 -0.5429722691345577 -0.00952118710199998 0.3332303636373542 1.2436445803832181 0.13730307735526975
1.7849921233341894 0.7643007668402744 1.5596668531786708 0.5011114589324795 1.1708790839329684 0.14363247780955918
1.7638683510691497 0.47537071637373085 1.9562555249021936 0.5731003292544901 1.459852477997416 0.14158920093985597
2.1994483755849434 0.1578148545943081 1.6499865956704916 0.40116163113893966 1.17358126295565 0.13022182391123457

-1.753662688621508 -0.7243152238110135 -1.8459568823122792 0.7989312574627723 1.4384806247157333 0.1423647986676468
0.9373001089851783 0.5636187423950404 0.008060068740914266 0.5807010819875422 1.3481266357345647 0.13592513203277573
1.6280126093260803 -0.11527421409902051 1.0082236510780593 0.7384134132470196 1.3940130445219343 0.14420666569055896
-1.753662688621508 -0.7243152238110135 -1.8459568823122792 0.7989312574627723 1.4384806247157333 0.1423647986676468
0.9373001089851783 0.5636187423950404 0.008060068740914266 0.5807010819875422 1.3481266357345647 0.13592513203277573
1.6280126093260803 -0.11527421409902051 1.0082236510780593 0.7384134132470196 1.3940130445219343 0.14420666569055896
-1.753662688621508 -0.7243152238110135 -1.8459568823122792 0.7989312574627723 1.4384806247157333 0.1423647986676468

2.6757369658470846 0.29327364287186364 -1.8136526758058733 0.6108458709327623 0.8796253449153767 0.13385803268225507
-2.643012694011493 0.9897227995707919 -0.6455786739173626 0.8515989786266144 1.0265871634538422 0.13808918261364878
2.159041288776731 -0.19867593244679954 -2.4712375808225175 0.594956964676971 0.8723736064090069 0.13876440129105694
2.6757369658470846 0.29327364287186364 -1.8136526758058733 0.6108458709327623 0.8796253449153767 0.13385803268225507
-2.643012694011493 0.9897227995707919 -0.6455786739173626 0.8515989786266144 1.0265871634538422 0.13808918261364878
2.159041288776731 -0.19867593244679954 -2.4712375808225175 0.594956964676971 0.8723736064090069 0.13876440129105694
2.6757369658470846 0.29327364287186364 -1.8136526758058733 0.6108458709327623 0.8796253449153767 0.13385803268225507

2.4393349776123587 -0.7511342639091192 2.9995228912356042 1.0855077111681941 1.2222347148778816 0.13477068920488453
2.8970841258350806 0.9921616727615367 -1.4144759024293658 1.103866251235485 1.262028499895112 0.136293199958885
-1.5435133851905627 -0.37257477182348187 0.492167532354281 1.1082421760315868 1.3834043221686603 0.13553285712640042
1.726863701698413 0.7243202778433431 -1.4593956032730315 0.6958235518618608 0.8717455210335214 0.13356969600743548
-0.34740475924758685 -0.8768368582457324 -0.5267554145168921 1.134459838715304 1.2552117646646965 0.14648503228172982
2.4393349776123587 -0.7511342639091192 2.9995228912356042 1.0855077111681941 1.2222347148778816 0.13477068920488453
2.8970841258350806 0.9921616727615367 -1.4144759024293658 1.103866251235485 1.262028499895112 0.136293199958885

2.2468184479244764 0.9496268102200942 -2.875407481417256 0.8545821013050094 1.0956127471768298 0.13019156303318952
2.1518671051838596 0.20334548773752023 2.925649895724033 0.8837554565614186 1.0373940939824962 0.13463908581516615
-2.789174694694381 0.9873070026888098 -1.8830878239083642 0.8191659990488829 0.8347912883175308 0.148129494124983
1.5843271146552032 -0.5460923942889673 2.9649566511552696 0.6106881252896745 1.2306098386587783 0.13307878752671887
-1.5847602493371324 0.36119242558011333 -0.30597070396803694 0.7212596110459341 1.1890343070112421 0.14411517892733144
2.2468184479244764 0.9496268102200942 -2.875407481417256 0.8545821013050094 1.0956127471768298 0.13019156303318952
2.1518671051838596 0.20334548773752023 2.925649895724033 0.8837554565614186 1.0373940939824962 0.13463908581516615

0.8187769211214577 -0.8959953156347488 -0.23950380350419426 1.0922082865278362 1.0423232135303293 0.1490102928763567
-2.356820467663848 -0.26295278662652927 1.9110359297484818 1.110414870000984 1.279980823914075 0.13292080916627172
2.3144061766629824 0.17682350564331925 -1.6205421408657248 1.0400001915999222 1.4532345150724142 0.1464094192515676
0.8187769211214577 -0.8959953156347488 -0.23950380350419426 1.0922082865278362 1.0423232135303293 0.1490102928763567
-2.356820467663848 -0.26295278662652927 1.9110359297484818 1.110414870000984 1.279980823914075 0.13292080916627172
2.3144061766629824 0.17682350564331925 -1.6205421408657248 1.0400001915999222 1.4532345150724142 0.1464094192515676
0.8187769211214577 -0.8959953156347488 -0.23950380350419426 1.0922082865278362 1.0423232135303293 0.1490102928763567

2.9316965497333136 0.19028097402089875 -2.9847464998569606 0.6263539794326857 0.8547243551129767 0.13693297307646785
2.9316965497333136 0.19028097402089875 -2.9847464998569606 0.6263539794326857 0.8547243551129767 0.13693297307646785
2.9316965497333136 0.19028097402089875 -2.9847464998569606 0.6263539794326857 0.8547243551129767 0.13693297307646785
2.9316965497333136 0.19028097402089875 -2.9847464998569606 0.6263539794326857 0.8547243551129767 0.13693297307646785
2.9316965497333136 0.19028097402089875 -2.9847464998569606 0.6263539794326857 0.8547243551129767 0.13693297307646785
2.9316965497333136 0.19028097402089875 -2.9847464998569606 0.6263539794326857 0.8547243551129767 0.13693297307646785
2.9316965497333136 0.19028097402089875 -2.9847464998569606 0.6263539794326857 0.8547243551129767 0.13693297307646785

-1.7308319479463634 -1.0366522405205374 0.46908208486085895 0.6478542858047763 1.0282040482233068 0.14977850423861444
-1.7308319479463634 -1.0366522405205374 0.46908208486085895 0.6478542858047763 1.0282040482233068 0.14977850423861444
-1.7308319479463634 -1.0366522405205374 0.46908208486085895 0.6478542858047763 1.0282040482233068 0.14977850423861444
-1.7308319479463634 -1.0366522405205374 0.46908208486085895 0.6478542858047763 1.0282040482233068 0.14977850423861444
-1.7308319479463634 -1.0366522405205374 0.46908208486085895 0.6478542858047763 1.0282040482233068 0.14977850423861444
-1.7308319479463634 -1.0366522405205374 0.46908208486085895 0.6478542858047763 1.0282040482233068 0.14977850423861444
-1.7308319479463634 -1.0366522405205374 0.46908208486085895 0.6478542858047763 1.0282040482233068 0.14977850423861444

0.6871612849196431 -1.0863294816889475 2.6442066222432548 0.5946560938597674 0.9798739540662744 0.13790972967077064
-2.426586930675882 0.7769582685957879 -1.4812498949663342 0.5927586251594505 1.306338867492681 0.13131247974982624
1.574396917580077 -0.6193213133900651 1.773542611408121 0.5820043190115346 0.9438060523010309 0.1328245583610184
2.030052115718984 0.6806265031605434 2.1299789768053716 0.7153813310028255 0.8429225263907748 0.13849849191812344
-1.6496556852183528 0.6755559970792339 -1.8912346867808822 0.7490308741307283 0.8927806568561658 0.14652619035796935
0.6871612849196431 -1.0863294816889475 2.6442066222432548 0.5946560938597674 0.9798739540662744 0.13790972967077064
-2.426586930675882 0.7769582685957879 -1.4812498949663342 0.5927586251594505 1.306338867492681 0.13131247974982624

2.706366156789412 0.40883105910974193 -0.2304350216343087 0.9100986165790561 1.3469209802656321 0.14335035736275212
2.706366156789412 0.40883105910974193 -0.2304350216343087 0.9100986165790561 1.3469209802656321 0.14335035736275212
2.706366156789412 0.40883105910974193 -0.2304350216343087 0.9100986165790561 1.3469209802656321 0.14335035736275212
2.706366156789412 0.40883105910974193 -0.2304350216343087 0.9100986165790561 1.3469209802656321 0.14335035736275212
2.706366156789412 0.40883105910974193 -0.2304350216343087 0.9100986165790561 1.3469209802656321 0.14335035736275212
2.706366156789412 0.40883105910974193 -0.2304350216343087 0.9100986165790561 1.3469209802656321 0.14335035736275212
2.706366156789412 0.40883105910974193 -0.2304350216343087 0.9100986165790561 1.3469209802656321 0.14335035736275212

1.7466153034570369 0.34004837785191044 -0.9588586315323888 0.5768520246831412 1.491117820692736 0.13456996849445985
1.8665243615378102 -0.6856114675539643 -0.026836063983527968 0.9991666079479966 1.232579674153606 0.13631212183549626
-2.7787912279524885 -0.9300814666724316 -1.9237892826962901 1.151258731533268 1.344333430460793 0.1394665669469127
-2.1362258128336062 0.5735283020547429 2.3113650167314 0.7966351636821365 1.3491154475574363 0.13977355821195842
2.3218111980907934 -0.3059005516990591 -0.996175302891155 0.7077802598554099 1.5035384133091096 0.14738425118422946
1.7466153034570369 0.34004837785191044 -0.9588586315323888 0.5768520246831412 1.491117820692736 0.13456996849445985
1.8665243615378102 -0.6856114675539643 -0.026836063983527968 0.9991666079479966 1.232579674153606 0.13631212183549626

-2.9534961532657866 -0.7948586696660719 -1.6848862073863582 0.6348336563443064 1.6429068993894989 0.14306439527569162
-2.9534961532657866 -0.7948586696660719 -1.6848862073863582 0.6348336563443064 1.6429068993894989 0.14306439527569162
-2.9534961532657866 -0.7948586696660719 -1.6848862073863582 0.6348336563443064 1.6429068993894989 0.14306439527569162
-2.9534961532657866 -0.7948586696660719 -1.6848862073863582 0.6348336563443064 1.6429068993894989 0.14306439527569162
-2.9534961532657866 -0.7948586696660719 -1.6848862073863582 0.6348336563443064 1.6429068993894989 0.14306439527569162
-2.9534961532657866 -0.7948586696660719 -1.6848862073863582 0.6348336563443064 1.6429068993894989 0.14306439527569162
-2.9534961532657866 -0.7948586696660719 -1.6848862073863582 0.6348336563443064 1.6429068993894989 0.14306439527569162

2.149533217546031 1.0470186940856956 -2.171786265979036 0.9212463121437231 1.3027730565278395 0.14346728364620742
2.149597045885339 -0.6549142664146488 -2.7463521220859217 0.8865334263998598 0.9391537493621926 0.1399659928188075
2.021313011691197 0.4414993611308678 -1.7202768640841333 0.6541669196423879 0.9698378865251271 0.1312234704884289
2.149533217546031 1.0470186940856956 -2.171786265979036 0.9212463121437231 1.3027730565278395 0.14346728364620742
2.149597045885339 -0.6549142664146488 -2.7463521220859217 0.8865334263998598 0.9391537493621926 0.1399659928188075
2.021313011691197 0.4414993611308678 -1.7202768640841333 0.6541669196423879 0.9698378865251271 0.1312234704884289
2.149533217546031 1.0470186940856956 -2.171786265979036 0.9212463121437231 1.3027730565278395 0.14346728364620742

-2.7376852725498715 -0.9059640154943378 -1.2897055095001706 0.547575721368773 1.4464702141595922 0.14395752394419536
-2.7376852725498715 -0.9059640154943378 -1.2897055095001706 0.547575721368773 1.4464702141595922 0.14395752394419536
-2.7376852725498715 -0.9059640154943378 -1.2897055095001706 0.547575721368773 1.4464702141595922 0.14395752394419536
-2.7376852725498715 -0.9059640154943378 -1.2897055095001706 0.547575721368773 1.4464702141595922 0.14395752394419536
-2.7376852725498715 -0.9059640154943378 -1.2897055095001706 0.547575721368773 1.4464702141595922 0.14395752394419536
-2.7376852725498715 -0.9059640154943378 -1.2897055095001706 0.547575721368773 1.4464702141595922 0.14395752394419536
-2.7376852725498715 -0.9059640154943378 -1.2897055095001706 0.547575721368773 1.4464702141595922 0.14395752394419536

1.5849818119353234 -1.0577654607398952 0.9307489982230388 0.8058784481242732 1.4076920604488938 0.13837774372595937
-1.8912776241675622 0.9094374123696938 -2.8626085451907817 0.5389603073325263 1.3024904624416953 0.14260526674176816
1.6454368034275622 -0.9635603173399415 0.2881254081516972 0.4800614748053287 1.4744944241867475 0.1334657187394917
1.4989962974282725 0.8556753274000118 1.0090755139278287 0.9767534111559006 1.572928565592276 0.14184962196715545
1.991487430685853 0.712472511338788 0.592751333714851 0.5246361349928332 1.2199929641131302 0.14084977519687755
-1.7862687523025325 -0.10998730423139352 -3.0896007427353434 0.37238774371617045 1.2044800141845227 0.13016071176480665
1.5849818119353234 -1.0577654607398952 0.9307489982230388 0.8058784481242732 1.4076920604488938 0.13837774372595937

1.7513228558137461 0.4508847260291221 -2.7202351624304333 0.6922467470344646 1.1904366483031952 0.13377683375158336
1.7513228558137461 0.4508847260291221 -2.7202351624304333 0.6922467470344646 1.1904366483031952 0.13377683375158336
1.7513228558137461 0.4508847260291221 -2.7202351624304333 0.6922467470344646 1.1904366483031952 0.13377683375158336
1.7513228558137461 0.4508847260291221 -2.7202351624304333 0.6922467470344646 1.1904366483031952 0.13377683375158336
1.7513228558137461 0.4508847260291221 -2.7202351624304333 0.6922467470344646 1.1904366483031952 0.13377683375158336
1.7513228558137461 0.4508847260291221 -2.7202351624304333 0.6922467470344646 1.1904366483031952 0.13377683375158336
1.7513228558137461 0.4508847260291221 -2.7202351624304333 0.6922467470344646 1.1904366483031952 0.13377683375158336

2.6021443745053903 0.6084562468047428 2.5704496762560036 0.6378210836806405 0.9298817934711984 0.1326546175776726
-2.342853586400051 0.42140160061900717 -1.4130205854500648 0.6332748665440298 1.0362715460904166 0.1371019958011291
1.653566186838251 -0.21353974848127535 1.934811168908201 0.6930102628777204 1.063767400633075 0.14763393957616996
2.1069471976957956 1.0685301017149973 2.3658359782093745 0.7356287078697387 1.117432618034311 0.1332738165713858
-2.1840365590441144 -0.9748524843951906 -0.6888680598793994 0.7670233400314274 1.0071704475321066 0.14612510344689666
2.775676121445404 0.6616641905478703 -3.046334185130653 0.44914193740036734 1.0983520804746365 0.13352193698471992
-2.3527130048726335 -0.16476887035009577 -0.5604324097122021 0.32931232945653044 1.1583689299487272 0.13246039899555012

1.30870955771243 -0.05052745731382905 0.15983464734524785 0.9582161567813786 1.4367781533007133 0.1463800418195007
2.418512583272745 -0.7367205087945626 -0.8584461199401513 0.797002855226533 1.4752944736724305 0.14424997216700342
2.1080752806048824 -0.6517509147715115 -1.1954733608433281 0.626536447743624 1.4137813225054687 0.14492679405447076
1.30870955771243 -0.05052745731382905 0.15983464734524785 0.9582161567813786 1.4367781533007133 0.1463800418195007
2.418512583272745 -0.7367205087945626 -0.8584461199401513 0.797002855226533 1.4752944736724305 0.14424997216700342
2.1080752806048824 -0.6517509147715115 -1.1954733608433281 0.626536447743624 1.4137813225054687 0.14492679405447076
1.30870955771243 -0.05052745731382905 0.15983464734524785 0.9582161567813786 1.4367781533007133 0.1463800418195007

2.03790384521502 -0.20899796289728315 0.16174329271168425 0.8796247710893688 1.5800256519788323 0.14341806706716287
2.5476268786221183 -0.439868133701544 -0.45892993401636545 0.7547752750910196 1.4741653369814314 0.13437863145058576
-1.9540875059135316 -1.0995684726515487 -3.071181029478404 0.41301015780992467 1.3527561150949947 0.14625949947900835
-1.6395305288006945 -0.09903346018305732 -2.701823377615137 0.9040978672366847 1.3347360412296876 0.14986966749928846
-1.3243614771909982 -0.29513200726968397 -2.4816504510266295 1.002170929290258 1.459813487889022 0.1418849961828289
2.180741101757275 -0.9686695573222259 -0.6155727644810489 0.34678107976128225 1.3202990788108835 0.14311040042093012
2.03790384521502 -0.20899796289728315 0.16174329271168425 0.8796247710893688 1.5800256519788323 0.14341806706716287

2.369975218973053 0.30434076654549436 0.5758523972920686 1.0019187124503133 1.5845425872801897 0.14648484854787974
1.6263449535169217 0.31145309078514577 -0.5031492061252986 0.6190796220457241 1.5692955968265916 0.1375778848236993
2.400709218235179 -0.6679227365673133 -1.2017092693216869 0.7106884883822657 1.516658293625738 0.13232861937067558
-1.764420823323329 -0.3181501975221805 -3.0009153459117592 0.8442518281939848 1.3139543200782087 0.1423095596953486
-1.809062382692855 -0.587026563048842 2.967170849394895 0.6887514769826653 1.2717690697359338 0.14844897726172354
2.369975218973053 0.30434076654549436 0.5758523972920686 1.0019187124503133 1.5845425872801897 0.14648484854787974
1.6263449535169217 0.31145309078514577 -0.5031492061252986 0.6190796220457241 1.5692955968265916 0.1375778848236993

-2.1668799340416434 -0.5409450455867438 2.4850016261345726 0.8738592172138868 1.3763324648975566 0.13346146864219222
-2.1668799340416434 -0.5409450455867438 2.4850016261345726 0.8738592172138868 1.3763324648975566 0.13346146864219222
-2.1668799340416434 -0.5409450455867438 2.4850016261345726 0.8738592172138868 1.3763324648975566 0.13346146864219222
-2.1668799340416434 -0.5409450455867438 2.4850016261345726 0.8738592172138868 1.3763324648975566 0.13346146864219222
-2.1668799340416434 -0.5409450455867438 2.4850016261345726 0.8738592172138868 1.3763324648975566 0.13346146864219222
-2.1668799340416434 -0.5409450455867438 2.4850016261345726 0.8738592172138868 1.3763324648975566 0.13346146864219222
-2.1668799340416434 -0.5409450455867438 2.4850016261345726 0.8738592172138868 1.3763324648975566 0.13346146864219222

-2.075044264727165 -0.6683743105719484 2.8316034607837 0.7026982973896128 1.3846407374105008 0.1334585873315089
-2.4432899060680446 -1.0896315894441218 -2.3871061440272743 1.1069650996781892 1.2691757842765425 0.13329592037004706
-2.1067859806315394 -0.8774044882003021 2.9401933994660183 0.6339960482258903 1.4639207808937647 0.13112040103205888
2.4537203088573847 0.29352548754603747 -0.26935786139703805 0.8165845554476424 1.5982055867662308 0.14671758655075845
2.4450511299644826 0.32354820895957503 0.4729889456752452 1.0851482332512083 1.3926443465773843 0.14983150051637295
-2.075044264727165 -0.6683743105719484 2.8316034607837 0.7026982973896128 1.3846407374105008 0.1334585873315089
-2.4432899060680446 -1.0896315894441218 -2.3871061440272743 1.1069650996781892 1.2691757842765425 0.13329592037004706

1.3001600683484316 1.472214728540448 -2.0271291875209925 0.7700762137513137 1.4477101688035452 0.13450517460193384
2.559908506693315 -0.5134035377534151 -2.349420459481507 0.9865925281902168 1.234737055878465 0.13043407711004315
-1.3747414735690429 1.0602984359818783 1.7186835818317143 0.9008422000206755 1.2062581224462172 0.14290751739986798
-2.4082109435499657 0.9321915275678017 0.9228466558169162 0.8090080488391436 1.1603878575952304 0.130676692927418
-1.6050299931947618 0.8148928342155842 0.9509604565286425 0.8264164422222051 1.632547651068169 0.148719944432864
2.513795538149905 0.936921069602762 -0.36382430828929146 0.848518017805872 1.170476678987103 0.13042122215657373
-1.9377702693540564 -1.0258915734333853 2.3401206781641326 0.8766498103599134 1.0102665017125496 0.13536175677668025

2.872872176858684 -1.1929068138128647 -0.013852236727256953 0.48049416818240864 1.0821491454758747 0.14952569901408885
-2.2861111516347488 -0.481209010193934 -1.1218011715653622 0.46114310894445354 1.3170094398855385 0.1383470365931076
2.6789467094351114 -0.6534855548010167 0.35431836690636476 0.4419867780671556 1.222198566224528 0.13574490060923833
-1.8546824919339002 -0.541315341086324 -1.8016244109181647 0.5673129155018493 0.8883673871305173 0.1430007100322666
2.872872176858684 -1.1929068138128647 -0.013852236727256953 0.48049416818240864 1.0821491454758747 0.14952569901408885
-2.2861111516347488 -0.481209010193934 -1.1218011715653622 0.46114310894445354 1.3170094398855385 0.1383470365931076
2.6789467094351114 -0.6534855548010167 0.35431836690636476 0.4419867780671556 1.222198566224528 0.13574490060923833

-2.3899972589231964 -0.4650023160341428 -1.8563800614029078 0.6435307890458126 1.5197757016404083 0.13606210320560275
1.7392683795240016 -0.40041308009776183 0.8905022068532777 0.9255789621230198 1.5194902656978355 0.14950959428156818
-2.5013633561551045 -0.5314993665051614 -1.5301932194071102 0.78057821544321 1.6384393923907694 0.1381899405931577
-2.3999259107604365 -1.0672596025878744 -2.1883783179027216 0.5225913882566824 1.2561616908268212 0.14966548073641786
2.1858133908776516 -0.47615533322875314 0.34769442443444754 0.5427404044332201 1.4873060662398623 0.13709200891896525
-2.3899972589231964 -0.4650023160341428 -1.8563800614029078 0.6435307890458126 1.5197757016404083 0.13606210320560275
1.7392683795240016 -0.40041308009776183 0.8905022068532777 0.9255789621230198 1.5194902656978355 0.14950959428156818

-2.043205828279162 0.3029183564924831 -0.30076914084972595 0.9341089345772629 1.0849749788348113 0.14481113991338634
2.5106399043645533 0.28571030861939456 -2.09825992912587 0.8517086014241176 0.9221877789262244 0.1485841829586987
2.246803099962107 -0.41903346607777614 -2.817434466897898 0.6255675943014922 0.9722063830027611 0.1498245180639108
-2.043205828279162 0.3029183564924831 -0.30076914084972595 0.9341089345772629 1.0849749788348113 0.14481113991338634
2.5106399043645533 0.28571030861939456 -2.09825992912587 0.8517086014241176 0.9221877789262244 0.1485841829586987
2.246803099962107 -0.41903346607777614 -2.817434466897898 0.6255675943014922 0.9722063830027611 0.1498245180639108
-2.043205828279162 0.3029183564924831 -0.30076914084972595 0.9341089345772629 1.0849749788348113 0.14481113991338634

-1.8149977014874177 -1.1511596153025594 -0.619938870551689 0.5860733215517486 1.2768471237979973 0.1426862259495624
3.010844565862251 -1.0463972822406604 0.45452625446175804 0.707026147440023 0.9858883785502017 0.13499914931699047
2.70465235468597 -0.6323723662289926 1.5319246242995481 0.34198020712904625 1.0951093706129316 0.1457952004073019
1.555980836401049 -0.5796476591738641 2.6549309367754894 0.3675858755261746 1.3462399871144617 0.1341982492609141
2.1712848142586028 -0.4817921050623912 1.4622720195521919 0.6850980288931655 1.0282548005161762 0.1374148296845832
-1.8149977014874177 -1.1511596153025594 -0.619938870551689 0.5860733215517486 1.2768471237979973 0.1426862259495624
3.010844565862251 -1.0463972822406604 0.45452625446175804 0.707026147440023 0.9858883785502017 0.13499914931699047

-1.8572190426135113 -0.8349468727986292 -1.4913392854322491 0.6674492089904808 1.3377525005042417 0.1363065547089254
0.6553252096615331 0.6065964048429702 0.020821394169460043 0.4322614319314765 1.1775596094720522 0.13219954541082535
-1.8572190426135113 -0.8349468727986292 -1.4913392854322491 0.6674492089904808 1.3377525005042417 0.1363065547089254
0.6553252096615331 0.6065964048429702 0.020821394169460043 0.4322614319314765 1.1775596094720522 0.13219954541082535
-1.8572190426135113 -0.8349468727986292 -1.4913392854322491 0.6674492089904808 1.3377525005042417 0.1363065547089254
0.6553252096615331 0.6065964048429702 0.020821394169460043 0.4322614319314765 1.1775596094720522 0.13219954541082535
-1.8572190426135113 -0.8349468727986292 -1.4913392854322491 0.6674492089904808 1.3377525005042417 0.1363065547089254

2.5305404017409514 0.3242590911241673 0.03801747873594925 0.5296538377548878 1.4800052695137076 0.13497028206644607
2.1904378719436726 -0.5450414215680629 -0.605145265263598 0.6756054935226201 1.3413282714705472 0.14826567723050227
2.5305404017409514 0.3242590911241673 0.03801747873594925 0.5296538377548878 1.4800052695137076 0.13497028206644607
2.1904378719436726 -0.5450414215680629 -0.605145265263598 0.6756054935226201 1.3413282714705472 0.14826567723050227
2.5305404017409514 0.3242590911241673 0.03801747873594925 0.5296538377548878 1.4800052695137076 0.13497028206644607
2.1904378719436726 -0.5450414215680629 -0.605145265263598 0.6756054935226201 1.3413282714705472 0.14826567723050227
2.5305404017409514 0.3242590911241673 0.03801747873594925 0.5296538377548878 1.4800052695137076 0.13497028206644607

-2.9391363787698452 1.2181950594638427 -2.698486441698869 0.6972798839141224 1.213295750379982 0.14628060344037516
-2.4581667498218875 1.3209269121572327 -2.4544734291200276 0.7601846470255466 1.0579686146399172 0.14267784047141774
2.14619139678392 -0.4250043174088515 1.311331294217788 0.4614040228959303 0.9935216464707 0.14681285225592575
1.977413652009479 0.34241694821779567 1.584149761594612 0.5170422429528849 0.8579798169180418 0.14352263566450438
2.2974136631592352 -1.4950409228631933 1.5595288460251222 0.5633163988848887 1.5100675164158446 0.13074115737376546
-2.9391363787698452 1.2181950594638427 -2.698486441698869 0.6972798839141224 1.213295750379982 0.14628060344037516
-2.4581667498218875 1.3209269121572327 -2.4544734291200276 0.7601846470255466 1.0579686146399172 0.14267784047141774

1.0893161200570973 0.037340089871027854 -3.0174671792396084 0.7837867915621346 1.01621768513129 0.13039900199562612
-3.077517454168179 0.8900376513182041 -1.198595699882256 0.7108779954076495 1.0346031967966183 0.13536995922465636
1.0893161200570973 0.037340089871027854 -3.0174671792396084 0.7837867915621346 1.01621768513129 0.13039900199562612
-3.077517454168179 0.8900376513182041 -1.198595699882256 0.7108779954076495 1.0346031967966183 0.13536995922465636
1.0893161200570973 0.037340089871027854 -3.0174671792396084 0.7837867915621346 1.01621768513129 0.13039900199562612
-3.077517454168179 0.8900376513182041 -1.198595699882256 0.7108779954076495 1.0346031967966183 0.13536995922465636
1.0893161200570973 0.037340089871027854 -3.0174671792396084 0.7837867915621346 1.01621768513129 0.13039900199562612

2.0214794618810945 0.5419019468801216 3.0526440700000217 0.41241306720900567 1.257134839839843 0.14592117632093038
1.0545926682918094 -1.0227128378855717 2.9500879170026173 0.5693581175639695 1.014897651018365 0.13635110433108533
2.0214794618810945 0.5419019468801216 3.0526440700000217 0.41241306720900567 1.257134839839843 0.14592117632093038
1.0545926682918094 -1.0227128378855717 2.9500879170026173 0.5693581175639695 1.014897651018365 0.13635110433108533
2.0214794618810945 0.5419019468801216 3.0526440700000217 0.41241306720900567 1.257134839839843 0.14592117632093038
1.0545926682918094 -1.0227128378855717 2.9500879170026173 0.5693581175639695 1.014897651018365 0.13635110433108533
2.0214794618810945 0.5419019468801216 3.0526440700000217 0.41241306720900567 1.257134839839843 0.14592117632093038

1.8140901816970711 -0.5949787575316016 2.278675664685463 0.7974215516417587 0.882716964237881 0.14616856992404703
-2.1692486021336213 0.9358094915316246 -0.8188461768074998 0.7583406418163698 1.1301491717377532 0.13665722143447392
-1.9932525593156876 0.6308500277187407 -0.7281086510540143 1.0274698955766186 1.0272852620418509 0.13440417521897208
-1.5295474638574085 0.5001065409292267 -0.13839973209651646 0.7492115660074476 1.154477137852742 0.14804176577221656
1.8140901816970711 -0.5949787575316016 2.278675664685463 0.7974215516417587 0.882716964237881 0.14616856992404703
-2.1692486021336213 0.9358094915316246 -0.8188461768074998 0.7583406418163698 1.1301491717377532 0.13665722143447392
-1.9932525593156876 0.6308500277187407 -0.7281086510540143 1.0274698955766186 1.0272852620418509 0.13440417521897208

-2.0087636765741452 -0.5403541192211017 -2.263370585822471 0.6796822444712023 1.2825732359304136 0.13419871028475644
-1.7262502923590088 0.7100401252013419 -2.8852686904847227 0.49995907840863896 1.3956281030583733 0.1393346836852261
1.771315561762786 0.21782841252013796 0.7797762137191461 0.7561493364774039 1.2551602417462897 0.1448946075512242
-2.04804541680753 -0.3081973597727606 -2.069626505766662 0.8539579705243536 1.5257516794472736 0.14777728400086282
-2.0087636765741452 -0.5403541192211017 -2.263370585822471 0.6796822444712023 1.2825732359304136 0.13419871028475644
-1.7262502923590088 0.7100401252013419 -2.8852686904847227 0.49995907840863896 1.3956281030583733 0.1393346836852261
1.771315561762786 0.21782841252013796 0.7797762137191461 0.7561493364774039 1.2551602417462897 0.1448946075512242

-2.262877145660538 1.3111500239237488 1.828757860081438 0.4299528113278445 1.4603127374340428 0.14206715607473197
-2.262877145660538 1.3111500239237488 1.828757860081438 0.4299528113278445 1.4603127374340428 0.14206715607473197
-2.262877145660538 1.3111500239237488 1.828757860081438 0.4299528113278445 1.4603127374340428 0.14206715607473197
-2.262877145660538 1.3111500239237488 1.828757860081438 0.4299528113278445 1.4603127374340428 0.14206715607473197
-2.262877145660538 1.3111500239237488 1.828757860081438 0.4299528113278445 1.4603127374340428 0.14206715607473197
-2.262877145660538 1.3111500239237488 1.828757860081438 0.4299528113278445 1.4603127374340428 0.14206715607473197
-2.262877145660538 1.3111500239237488 1.828757860081438 0.4299528113278445 1.4603127374340428 0.14206715607473197

-1.6814200813513185 0.8248436731653545 1.0759823010369254 0.8517133866331927 1.299633530866762 0.13606546664420505
2.580006780648794 0.9912695549964424 -0.5981814477813121 0.8050621089137285 0.9854019698369267 0.13469070249130732
-1.6814200813513185 0.8248436731653545 1.0759823010369254 0.8517133866331927 1.299633530866762 0.13606546664420505
2.580006780648794 0.9912695549964424 -0.5981814477813121 0.8050621089137285 0.9854019698369267 0.13469070249130732
-1.6814200813513185 0.8248436731653545 1.0759823010369254 0.8517133866331927 1.299633530866762 0.13606546664420505
2.580006780648794 0.9912695549964424 -0.5981814477813121 0.8050621089137285 0.9854019698369267 0.13469070249130732
-1.6814200813513185 0.8248436731653545 1.0759823010369254 0.8517133866331927 1.299633530866762 0.13606546664420505

-2.4137639346053716 0.39483591829593107 0.672108925587642 0.9217391574220688 0.8523998556370647 0.13764914812022055
-2.4935387353706533 0.4354901707364017 -0.015779822868025678 1.0299704164721348 1.2438713982484697 0.14409612166794228
2.1633817062516423 -1.455783647392901 -3.023024112012133 0.8098767822601902 1.2374241705156686 0.13407184043942216
-1.1175005873085448 -1.2341713828164997 0.598556575140231 0.7356503935442731 1.0109133939227513 0.13821458947637333
-1.854556591935514 0.6451772205123171 0.7882540150175593 0.7271703337150786 1.150899719087413 0.13201602804593576
-2.4137639346053716 0.39483591829593107 0.672108925587642 0.9217391574220688 0.8523998556370647 0.13764914812022055
-2.4935387353706533 0.4354901707364017 -0.015779822868025678 1.0299704164721348 1.2438713982484697 0.14409612166794228

