0 0 -1.1671251840958607 0.014848486179933063 1.0256522464063842 0
0 0 0.5790358298390417 0.12601715040573647 0.6661331637743797 0
0 0 -1.3782172425105639 1.2686218005805467 0.6785183689889448 0
0 0 0.9342192137293095 1.4172037237763662 0.7962744277794964 0
0 0 0.007623090467192117 0.744627430973267 0.487679683443073 0
0 0 -0.4495214470363009 1.4164296596800199 1.7256279212354246 0
0 0 0.3535108383245644 0.7133137096087316 0.47492210959172976 0
0 0 1.2563854427909802 1.4417912561507933 1.6125820455584106 0
0 0 0.7677581491612089 0.07991923242925758 1.584570699222478 0
0 0 0.09464232132884942 1.5626844475742323 1.3408156642294573 0
0 0 -0.7202612375105916 0.7535621718529874 2.015035691790357 0
0 0 0.026665359686028234 0.7829765748184969 0.3887319720881286 0
0 0 1.3985015527401368 0.6660972466438021 1.9860749159121147 0
0 0 0.4789165555580541 0.4826345426300979 2.000514628959046 0
0 0 0.2153912108404934 0.11725946969942014 0.8185660249452695 0
0 0 1.0952577639418046 0.07261296848605392 1.6337922993223561 0
0 0 0.045459430693814085 1.5619935637714928 1.2628844020330572 0
0 0 -1.1819212973439623 0.9981035093578657 2.027616883016566 0
0 0 1.0085624831204312 1.2748393725751668 0.5918622467109454 0
0 0 -1.0665244250100427 -0.06573381726535088 1.1532219825548347 0
0 0 0.0739397168751903 0.19785596526633453 0.6805913877898544 0
0 0 0.2825644768062341 1.1219125073508434 1.8892666088892842 0
0 0 -0.4895575862134858 0.8572858030262432 1.9664094230785847 0
0 0 -0.9436924655404757 0.46466881786140785 2.0014261709457277 0
0 0 0.4546802574010318 0.15559399824858888 0.6456645813419561 0
0 0 -1.3267421177399454 1.4732194868201702 0.8379349767021936 0
0 0 0.03516722561622543 0.7449095568671985 0.4532436634999699 0
0 0 -0.8501625213722666 -0.01394110106682489 1.255267426774992 0
0 0 -0.8150080080608787 -0.002054928751104579 1.2011576354939462 0
0 0 -0.78105562300276 0.8902325614499973 0.49981257869897233 0
0 0 -0.9476544649615185 0.9264594381729548 0.44653889420166293 0
0 0 0.5644088030633938 1.462377105135356 0.8254160785327056 0
0 0 0.6042781000466286 1.4940203000764918 1.238659567819163 0
0 0 1.1248488450536822 1.0542975279432414 0.46533625562777403 0
0 0 0.6586998097955941 1.155693488838396 0.5632927067876699 0
0 0 -0.15591852246936289 0.226286078397546 0.5902872764464646 0
0 0 0.5158893061129359 0.839304682700767 0.42964811272307735 0
0 0 1.4490739085194289 1.039948847430888 2.0001050047185123 0
0 0 0.04241305618512592 -0.029521050915467417 1.018145202209114 0
0 0 1.5465476052475067 1.231669261177915 1.8377859399724485 0
0 0 -1.552864271716501 0.8013664090565121 0.3996273817305178 0
0 0 -0.1643473527887247 0.17690729074042688 0.7511442275822244 0
0 0 0.8252330832418893 0.09427989325227981 0.7810607020090174 0
0 0 -1.5285598970351908 1.4812142633124805 1.404846170051202 0
0 0 -1.164223075627544 -0.03661863757877193 1.0393380055662673 0
0 0 -1.0839520268569949 0.06621533322851902 0.880433671383507 0
0 0 0.25223435996399823 0.9581719428241865 1.9457279908871068 0
0 0 0.7065743939875477 0.39416980412203695 0.5111352182648224 0
0 0 -1.1866492004475875 0.12318755788275504 1.6443543684319 0
0 0 1.423723191333675 1.244500560694978 1.8917628211688902 0
0 0 0.47677058589783483 -0.02132827063558318 1.2102644976957253 0
0 0 1.2524744296990264 0.5575855035257657 0.46868917195571413 0
0 0 1.015709736580134 1.437562140908108 0.8210007427395597 0
0 0 -0.6947710558261382 0.19703539244657997 0.5975502507848952 0
0 0 -0.5231930415921049 1.4534361895191377 1.5072640385062677 0
0 0 0.7121561611402467 1.132829156011542 1.967661677689106 0
0 0 -1.3411516611972063 0.028352776501937238 1.4729577781274399 0
0 0 1.242257826810079 0.3793749722305057 1.9096628218618437 0
0 0 -1.1574813691334216 0.5933963199672185 0.4943400974088008 0
0 0 0.21969584534901299 0.7978793233140087 0.4766486229621494 0
0 0 0.04400316660819503 1.520199380478963 1.4548005741272236 0
0 0 0.5194417526170119 0.11973678337343141 1.6634969767042789 0
0 0 -0.40507000884558386 1.008338476148502 0.45166079535742787 0
0 0 -0.3417988736927393 -0.005713698122871591 1.2909948700270613 0
0 0 1.3936524570332698 0.18564027256516746 1.8064073360684771 0
0 0 -0.2849135045130171 0.9979804671768592 0.43683948374264825 0
0 0 0.6204824043975221 1.4019945286923803 0.72171767963843 0
0 0 0.9604757468008387 0.4796138507352523 0.5243288738230552 0
0 0 -0.6835994037182945 1.5527748713250102 1.2813189076441884 0
0 0 1.3647261813182956 0.19800652038553657 0.6086497985792687 0
0 0 0.721028916810512 0.8260395209646387 0.4635030317874669 0
0 0 0.09007217437500947 0.047399087557003505 0.8795221348409985 0
0 0 0.9213120946721043 1.426906872745167 1.5667502821952541 0
0 0 0.24959343471833462 1.0954294480693485 1.9355343851981757 0
0 0 0.09046412966470752 0.560390259042025 2.010760071720982 0
0 0 1.0789574286956403 1.2680961434859332 0.6755153403285971 0
0 0 9.160128221119557e-05 0.16175915015133768 1.7895983470281063 0
0 0 -0.9431624324307609 0.35729830487127223 1.9121925484723916 0
0 0 -0.23975976031458357 0.8074780176837255 0.48158312859191077 0
0 0 0.11780614393141442 0.06433687907932828 0.8426763876115818 0
0 0 1.2559361419643156 0.96054078846652 1.9774632604792912 0
0 0 -0.7756555798501396 0.5808500860589434 1.9857684196329695 0
0 0 -0.8851155335981892 0.8947801793704333 1.97482889910079 0
0 0 0.41388297651107897 1.3405460201884942 1.8127010994121742 0
0 0 -1.5671134076758342 1.1700719724873794 1.928138904004121 0
0 0 -1.1683478097035582 1.4846340298205156 1.3248161461114145 0
0 0 0.18444102859505995 -0.07340982592809686 1.2342514250994758 0
0 0 0.9094921753778267 0.31770414882593634 1.927465245425486 0
0 0 0.18262946201377095 0.9396802560717794 0.4560872585730503 0
0 0 -0.2507254864435553 0.09986593967422985 0.7969931547067706 0
0 0 -1.4342592364629516 -0.03364655056865906 1.4838851117172416 0
0 0 -0.8884752082090177 0.7708635865533028 2.001415801117904 0
0 0 0.6110628541438881 0.02764977753171627 1.0615666695116042 0
0 0 0.5302186233612627 0.8867293275924786 0.43752175673714067 0
0 0 -0.7937933776952184 0.20041566290783386 0.6040626153023754 0
0 0 -1.4206839976365806 0.621789011116815 0.4377411951350385 0
0 0 -0.3521028858851867 0.35042640777475614 1.8576555036014608 0
0 0 0.3147785947988082 0.8716166197792901 2.04528158481681 0
0 0 -0.08160537840429294 1.454201170970481 0.8976171032607283 0
0 0 -1.410557523212376 1.2657100861298416 0.6738543208298081 0

