0.435883 0.5150306 1.0454133
-0.71767175 0.0696159 -2.1455095
0.7150981 3.5722404 -1.5044965
-0.7195316 0.62299055 -0.23444778
-1.0488732 0.2691618 1.4938787
0.93049055 0.9164837 1.2277116
0.014537558 0.966289 1.7320819
0.23214792 0.8271128 1.1988101
0.45059267 1.182914 2.5936744
-0.9795243 1.5577902 0.5820144
-0.020493358 -1.4114219 -2.018107
0.73031515 0.32201195 1.3977292
1.0555009 0.7298571 0.6977559
2.279648 0.28997666 1.6095823
-0.000113904476 0.5480376 0.9406559
-1.5720606 0.14561474 5.3537784
0.5698415 2.544606 0.9423747
-1.6446147 1.0249639 3.194412
1.5839348 -1.3162949 0.33539864
-0.48203552 0.54178256 2.4950757
1.9083912 -2.0292954 0.4303919
0.42744058 1.0403541 1.1223541
-0.6852707 -1.359126 -0.55859494
1.3515902 1.014611 2.3435466
0.05744473 0.82482964 1.2734019
-0.7226612 0.88859427 1.5424824
1.2563814 -0.02806861 1.3132397
0.19304283 1.8475171 3.8443432
-0.9911572 0.9621005 4.1461887
1.0184534 0.41763473 1.8470675
-0.47734565 -0.0012778714 2.5143542
-1.7897038 0.34162468 1.2886318
0.81878483 1.006134 4.829645
0.26722378 0.9725447 1.1545802
1.3898914 0.6824258 1.5862894
0.91226745 0.21787445 1.3966634
-0.18323651 3.3500993 -1.8312166
0.42609942 1.2544074 1.5374734
0.16131185 1.1181469 0.8535109
-0.0631488 0.4736547 1.8441197
1.2418405 0.711092 2.0927575
-1.6465605 0.3136894 -0.4283013
1.4882709 3.3810487 -1.9046602
-0.2015235 1.0872558 1.1139033
-0.09892374 5.4031363 -0.38628036
-0.39455676 1.480193 1.0310416
-1.4359667 0.4635173 1.377204
-0.6261301 4.7121177 -0.7270294
-0.01505775 0.113254875 1.1219158
0.19539437 1.2626733 -2.651613
-0.30012566 1.0756547 1.880606
0.2570389 -0.8787047 4.4681587
0.6010041 0.91891927 1.1388148
-0.45718524 0.21542343 3.4516234
-0.97970676 1.1012406 0.82343507
0.18484788 1.1261353 4.7236085
0.27878404 1.1517824 0.84099615
0.9446274 5.0720077 -0.2693752
0.33576488 -0.017739765 2.9066782
-0.68595153 1.5867577 1.1799102
-1.6216942 1.402363 6.0398664
1.8164426 0.548663 1.0026804
-1.8359138 0.6429316 2.6255062
0.51262176 1.0808038 3.006582
0.6722635 2.2777948 4.1846347
-0.7399405 0.24625209 5.396342
-0.75307554 0.9788 1.8027431
0.6281818 1.3501751 1.8819089
-0.5817139 0.39437047 0.15371159
0.34299594 -1.0105567 0.35111886
-0.18747374 -0.6585863 -0.4678231
0.26657522 1.1073958 1.8491559
0.3628053 0.09714603 1.0471317
0.4588067 0.5794233 0.79157454
0.8208979 0.3799362 1.6555371
-0.30158395 -1.7684366 -1.3699666
0.05772897 0.6187546 2.1292946
-1.5102386 0.5299622 0.31685856
-0.40033737 2.0376139 0.23086119
0.24766907 0.29291403 1.3834727
0.8316606 2.0856595 -1.9463971
-0.68992066 0.16675286 0.6352013
0.4958843 0.09980857 1.9158611
-0.8326771 1.1523063 4.4067616
-1.1684196 0.70168 1.0193957
1.0978253 1.1056448 1.1663685
0.60157907 2.045603 -0.6238634
0.7636577 0.14840388 1.2537531
0.24553412 1.8372427 -1.0697347
-0.30197817 1.094143 1.0706049
-1.3228278 0.83674145 1.2234658
0.16104347 1.4781687 -1.2663382
0.44886142 0.75192547 1.601991
0.40807012 0.44221115 0.6513046
-0.19368702 0.060036466 4.9966264
-1.182105 0.86586374 5.047116
0.85449564 0.028303914 2.8573415
0.0009519756 0.57817173 0.86042655
-0.107228875 -0.18002856 2.813954
1.0515949 -3.3098216 0.65792656
0.26748657 1.3924621 1.7211647
-2.4059038 0.5108207 4.135714
-0.47509572 0.4004678 2.7936344
-0.2275615 0.64805824 1.5249108
-1.7565438 -0.13801208 1.6223571
0.6462578 0.639823 2.2261772
-1.2781463 3.722365 0.38747737
-0.49436402 1.0939543 0.9935792
-1.1550994 1.8901685 3.7727742
-0.51188266 1.1403251 0.8072619
-0.82096165 -0.80072606 -2.644734
0.6511757 -0.20205101 1.8121201
0.086352706 1.3747901 0.8534243
0.37518176 0.5146198 1.1589872
-0.32081103 0.33772725 0.57012963
-0.15853725 0.6980286 1.2966597
-0.9633491 0.7405195 3.5333843
-0.35113344 0.90285814 1.1616805
-0.46562323 1.2528477 0.78204936
-1.0898905 1.2490748 1.540487
-1.4305017 0.6637193 0.38871184
1.7575532 0.09761732 1.3353649
-0.6371063 2.3275821 0.040177368
1.4757421 0.6443511 0.9899672
-0.9938947 0.6135854 2.0803983
0.96335685 1.854433 1.9356308
1.8216373 1.3464173 1.2463132
-1.2446656 0.8690858 2.0699408
-0.21752316 0.5442805 1.815127
-0.55947876 1.1519151 1.3084675
-0.864327 -1.0525514 4.9581194
-0.19916767 0.07442367 0.8344672
0.08654334 2.6504483 3.463346
-2.505855 0.8629559 1.4135604
-1.6852921 2.1311655 3.9587457
-0.7626694 2.7056713 0.84927356
0.02913569 0.1722558 -0.7016764
-0.35006428 0.09490781 1.0550394
0.5370224 0.03512045 1.164559
-0.052396297 1.9939917 3.3892775
0.4523995 0.17907998 0.5580937
-0.01644098 1.5465825 0.3374186
-0.60206205 0.5341392 0.5306101
0.1996676 0.88997567 1.6055416
-0.9720172 -1.5310555 0.6285143
-1.7251545 -0.035505638 1.0049192
-0.4622466 1.3781725 0.6016328
0.7587687 1.8341616 0.08791578
1.0457362 0.38710186 2.3361692
-0.48928034 0.06307444 1.1203468
-0.15130389 1.5947925 5.844777
0.62876046 0.3228016 1.0784051
-1.3386803 0.78911555 1.247534
-1.0929046 1.260438 3.5859268
-2.0081987 1.7522377 3.0584602
-0.9130717 0.03199029 4.5456004
0.35559884 1.0119667 0.8032606
-1.608349 1.3265156 0.8323036
-0.6198689 0.620512 4.088908
1.1458514 1.4631876 2.2424061
1.2537463 0.2437483 2.987113
0.30308217 -0.3830564 3.5128996
0.23282638 0.22260152 0.59944683
-0.0774698 0.8588229 0.8087223
0.049384266 0.27775297 0.9732879
1.0037063 0.48465234 1.393769
-1.0984538 1.237264 0.8380167
0.6621444 0.18883103 1.6314856
0.20319065 -0.17602468 -0.14906184
-2.361305 -0.46131295 -2.8281426
-0.4299473 2.1080964 2.225687
1.841146 0.83287823 0.4445867
0.15900359 -0.44660145 3.805813
0.28184378 1.850776 2.2683725
-1.660346 0.96411836 1.1688926
-0.01374346 1.0980946 1.7262467
0.6268158 1.3195683 -1.229064
-0.95115924 1.4034635 2.25545
-1.2558863 1.1255184 -1.5977296
0.45249295 4.000556 -0.26581717
-0.3388719 0.06916444 -0.078418046
-0.1202429 1.4287857 -1.7048124
1.3611217 -0.42972428 1.9952543
0.7114247 0.05501762 1.4876258
-0.9188521 2.121523 2.9213154
1.2443825 -1.3892763 -0.35112277
-0.554738 1.5190612 3.1146026
-0.06552806 1.4588895 2.2685325
1.3180205 -1.1978334 0.0739173
-1.0293257 0.40955007 2.3304672
0.11109075 0.61345065 -3.4180582
1.7167451 -1.9082273 1.7225704
1.5336622 0.47130817 2.0728195
-0.8005973 0.386239 1.6157116
-0.39253068 1.0133058 2.2306266
0.7329752 1.2792239 0.4715868
-1.4148939 -0.020985082 4.528034
-0.030668728 -2.0992868 3.8172455
-1.1029813 0.8253108 2.3258722
0.34635463 1.1444927 1.7707087
-0.78029925 0.22373632 -3.669516
0.34404862 1.0858339 1.2470592
-0.23409183 2.3961477 0.9886377
1.523875 -0.5500973 1.0111165
-1.1154945 1.066684 0.9523072
0.5413727 0.528485 1.729008
-1.3250402 -0.6868475 -0.10879722
0.66209036 0.78672457 0.9910736
-0.8531175 0.092287086 2.653979
-1.5574454 0.4153723 1.1989378
-0.37975374 0.94751877 2.4562187
0.18637805 1.1107384 1.110238
-1.4249408 -1.1987464 -0.2819567
-0.7477617 0.7339782 0.58209515
1.0068163 0.14531317 1.2909858
-0.7496469 0.5955148 1.5357839
-1.3229307 0.73619807 5.581204
-0.93204767 0.6676672 1.8794104
0.4290511 -1.0755385 0.85850257
0.6307878 0.9105858 0.90971464
-0.13556251 -1.557634 -2.9141495
0.11506421 0.193302 1.2647167
0.91291493 2.9410589 1.3552084
-1.0568058 0.40766457 4.3173018
0.80594254 0.32634974 1.5600737
-1.0607157 -0.029512234 0.9314984
-0.40214872 0.63268524 1.5989702
0.23997511 0.86692995 0.5354123
1.1618735 3.1529014 -1.5279244
-1.3534715 -0.014756501 1.5863789
-1.2795576 1.1397938 2.1216097
1.9934328 0.14101505 1.0860243
0.19581062 0.7562828 1.0671552
0.116717406 0.51441914 1.3047408
0.69869345 1.8793641 2.046272
0.56358266 -0.61256814 2.8625648
-0.76748407 0.5781873 -1.3145028
0.45554903 1.211219 1.0927407
-0.7853788 1.232416 0.88461334
0.4316466 1.1992117 1.6205109
-0.027606092 1.6485798 5.917818
-0.6072028 1.3247145 2.1628354
0.23461129 0.27217504 -1.0920186
1.4473821 0.17194599 2.2820086
-0.026500054 0.14747635 3.6431496
-1.1087279 0.57016 1.9075223
0.3950389 0.6548441 1.7815145
-0.25743118 0.31820187 0.8482491
0.9670795 2.4263413 0.22534494
0.84948134 2.1775706 2.3094728
0.40914977 -0.014533199 0.58699894
-1.0180484 -0.37466806 -3.468865
0.3883618 -0.28002253 2.7137434
1.0982866 1.7708164 2.055681
1.3421669 0.57121366 1.6854266
-0.92399603 0.9220302 0.83369476
-0.8579207 1.2424897 0.7778753
0.08893642 2.595734 -2.0177
0.73306584 0.6149958 0.84825706
-0.65132177 -0.31403154 -1.8705581
-0.17838149 1.3750557 5.102658
1.9292326 1.573739 1.7495246
1.3973349 -0.8022204 2.5214784
0.31123668 2.214095 2.2631044
0.6281531 -0.59281147 0.2582013
-0.17674293 1.0765055 1.5172963
0.44904542 0.78819025 1.8767152
0.005038306 0.18822439 1.1498206
-0.72033626 1.3220589 1.1324563
0.95780694 -0.14874333 0.5325323
0.9611975 -0.9922554 -1.3909124
0.46645194 1.5450556 2.0907214
0.404482 2.4236891 4.4618464
0.46395484 -1.5857449 2.2458963
-0.93164253 0.72546256 0.9526213
0.70411307 0.38601878 1.8451234
1.6902084 -1.2189056 1.0497313
0.10569813 1.4908307 1.8048036
-0.058791712 0.2407692 1.8974428
0.42815024 0.048475906 -1.4049226
0.03396509 0.10415631 -1.9829282
-0.247296 3.4352953 -1.5308465
0.5436499 0.5545778 0.3941729
-0.24380802 1.1980242 -1.18232
0.63121617 1.5707432 1.9734945
-0.39889905 3.3606808 -3.3285432
0.740542 1.760856 2.0009112
0.6290766 2.9739368 -2.7674065
-0.06266941 1.493249 0.46304044
-2.2115228 1.2708043 1.06213
-0.12713064 -1.5967524 2.8128657
0.77215755 1.990605 4.4805536
0.51375884 0.6191297 0.6219031
-0.80584455 1.0478411 3.5386922
0.11451364 0.17141016 -0.40217704
0.2097794 0.36376867 1.1720048
-0.25452924 1.1955173 1.6532795
-0.16081583 2.605408 3.6228356
-1.0761296 0.4945029 1.976787
0.09967761 0.44797838 0.26607916
2.1613352 0.1604361 1.1080576
-0.7857299 0.47650194 -0.01283793
-0.1051386 0.7586648 0.75188357
0.80503714 2.0516932 -0.5179007
0.81095386 -0.23657857 0.41504505
1.8759036 0.81272346 0.83315766
0.05194252 0.830732 0.8131916
0.9634882 0.66965353 -1.8064859
2.8779984 1.5193821 0.9258889
0.41886795 1.2888004 1.1181949
0.6034291 3.3905063 4.656809
-1.7305164 1.3090607 2.8698125
0.18743655 1.0668081 4.6655874
0.10968051 1.3091941 0.9861341
0.2859436 -2.544734 1.9110949
0.8067112 0.5146036 1.8525431
-0.23637342 2.4995186 -1.5842909
0.9982379 0.6629684 1.5250612
0.6353145 1.980659 1.8141435
0.64032644 0.47287154 0.76696277
-0.39029336 0.695897 0.4868134
0.6073894 -0.2789154 3.2645135
-1.0110363 1.5173558 1.2457523
-0.42871723 0.6382765 1.2547623
-0.8099838 0.82039934 1.5936741
-0.028959252 -0.1395614 0.3994598
0.8679627 4.1878734 -0.12999931
-0.55937034 2.9988008 -0.047101967
0.57216966 0.14958069 0.56622267
-1.6060659 1.8849577 0.22826272
-1.1218694 1.9757359 2.929594
-0.2281284 1.6882025 1.0599926
0.6170485 -0.10047029 -1.9074807
-0.18823598 3.2653296 -2.0723689
-0.16073927 0.9761291 1.7540206
1.5511596 -0.7085344 0.8280505
0.87226576 0.9345934 -0.27416363
-1.322153 0.5647326 4.951783
1.3882961 -0.3019345 0.95090723
0.33901823 0.15691638 -1.3253247
0.8820761 0.64716154 4.8067665
0.6542235 0.71031296 0.98031235
-1.851579 1.9021302 -0.58665425
-0.12441653 1.626348 0.64288247
0.58324635 0.5644529 1.1616176
-0.21314234 -0.279996 2.1322882
-0.7421456 1.7925184 0.9487198
-1.459162 0.87206584 -0.23534718
1.1582665 2.0332408 0.15903279
-0.44500053 -0.5633012 -2.6289773
1.0694343 1.3257147 1.2628883
2.429543 2.6900108 -1.4443377
-1.1425304 2.1031451 -0.63959134
0.40989634 1.6474086 5.5203133
-0.7124101 -1.2976637 0.98772985
-1.4358928 1.3317304 3.8347409
-1.120022 1.38479 0.41647014
-0.8346046 1.8239672 4.092765
0.51546204 4.2786446 -0.8682508
-0.83525825 -0.31165895 1.6877301
-0.65099967 0.2994466 -2.3363523
-0.57132083 0.5451312 2.1978748
-0.3010617 1.4754748 0.09496455
0.058942556 0.6039606 0.6707111
0.8131645 1.2024834 2.8900645
0.1544719 -1.8682803 2.203806
-0.83476347 0.7001371 0.68016315
0.5318457 1.8375268 4.81559
-1.7248461 0.3322245 1.5380764
-1.0706408 -0.21527706 -0.27344888
1.4886475 1.7295529 -1.7221938
0.5107424 -0.22065121 -0.37510276
0.462235 0.26458332 1.0785465
0.18512276 0.7648189 1.0996487
-1.0183887 1.2278655 1.2609929
-0.97118247 0.97417945 1.427141
-1.2385111 0.22652274 1.4829913
-2.470542 0.13787685 1.0890062
0.06941262 0.9445647 0.61297625
-0.22911963 0.98540294 0.34535646
0.35026237 0.3592869 1.2664746
-0.8726203 0.95163447 0.9087829
1.294457 2.3108766 4.965225
-1.2614586 -0.41733432 3.8942401
1.4014246 -0.011619091 0.9582428
1.0368539 -0.14798698 0.3511584
-0.9005145 2.0040798 3.2517965
-2.120982 1.4250929 1.6605211
0.7706752 0.8601359 3.4148464
1.2195365 -1.5016396 0.11692181
-0.59260255 1.7086096 1.4173205
0.8594966 3.498924 -1.4785684
0.47957113 -0.044886075 1.9779607
0.28872606 -0.3274914 3.8127065
0.071142145 -1.5836018 4.5084305
-0.7175544 0.42919058 0.9342148
-1.2351313 0.083580956 1.563327
-0.8993144 1.9498785 2.6271675
-1.8087271 0.98803616 2.4695606
0.22785 1.5199233 2.0808609
-0.6085351 1.3768156 1.1773949
0.53967434 1.1032833 5.6489353
0.48925713 2.497913 1.9582044
0.4767602 -1.412752 -2.793871
1.2209524 1.1102004 1.9821043
2.0695786 0.15062732 1.257099
0.09608568 2.3304856 2.31951
0.5443675 0.23589277 -2.6394067
0.4579942 0.30902272 1.4008504
-1.808823 2.8781419 -2.1631792
0.59978956 0.37865382 0.8357118
1.5212209 -0.15259272 1.6900121
0.3695318 2.231628 0.9222166
-0.7911162 -0.84787226 5.2659636
1.7224269 -1.5622543 0.44518927
-0.4637713 1.2483594 0.9685623
1.3547963 0.012400039 2.510854
1.005867 1.5579518 -0.45873815
-0.03776665 1.6068336 3.6202786
0.18347408 0.884216 0.89723027
0.8681537 0.6492239 1.9809499
-1.2126372 0.31711438 1.7499609
-1.1598449 0.85677236 1.3930299
1.7530417 2.5812907 -1.336255
-0.21316883 0.34128377 0.9543927
0.8505456 1.4154648 4.941388
-0.8964826 -0.18365443 1.5316463
-0.2918364 0.072995186 0.62267864
-0.54279876 0.71343327 -0.21500768
0.044277273 1.154372 2.3200836
1.0320995 0.47702998 1.3324641
-0.059094258 0.67693734 1.311578
-0.43136698 1.1230947 -2.5959938
-0.65599835 1.012936 -0.8379675
2.3655324 -1.8278239 -2.8965473
-1.4299606 1.5339247 2.43505
0.7700019 0.90966284 1.1344069
0.8047569 1.1079075 2.0725684
-1.0824833 1.1663703 3.2634916
-0.47903994 0.54486036 0.6691755
-0.027625807 1.1049674 1.2036521
0.9813702 1.2391627 1.8418636
-1.5652493 0.6359986 1.0207312
-0.33418122 0.66961086 0.6050999
0.85896397 2.057206 -3.9362748
-1.2359433 1.297041 1.6613195
-1.3538564 0.08888613 -0.42636052
-1.3788027 0.43822297 -1.6087432
-1.4860129 2.1278872 2.671476
0.08555267 0.2150267 1.4174131
-0.45803356 0.79257596 0.9236947
-0.5301701 1.0304652 0.9291151
0.44750285 2.7006483 -2.433678
2.7161076 0.021879487 -2.193113
-0.2657324 -0.8116729 2.2015274
0.12798546 0.28363943 2.7038703
2.2520592 0.05103772 1.5203646
0.65211576 1.2914538 1.3831902
1.6056406 -1.3115549 0.039157864
0.84664863 1.1853423 1.4381989
-1.9792404 0.36815318 1.3088831
-1.3072417 0.14656407 2.0730162
1.0406901 1.7876747 3.687748
-0.7007239 0.7200993 1.6129729
-1.1126419 0.64193237 1.6097469
1.050636 1.1347867 -1.6795156
-1.0080622 1.4688652 -0.13486987
0.82216483 -2.7459853 0.8573978
0.8733136 1.5050406 -0.46089497
-1.9991745 1.1156795 1.5415187
0.369186 0.8707867 1.7220404
-0.028918922 0.21831174 1.873892
0.79633063 0.53122544 1.3805343
0.24851832 1.4150656 1.6732408
0.048961774 3.4298155 1.4811993
0.2859701 1.681439 2.4129846
-0.5073173 0.82243997 1.6940027
-0.3594863 2.145803 2.4271955
-0.100834504 0.055417947 1.2027797
-2.2776937 -2.3823314 -0.9480254
-0.6267761 1.2417736 -4.199079
2.8882115 1.7378348 4.0807824
1.5760465 0.52298135 4.0717354
-1.6267713 3.2466373 0.07140486
-0.12217241 0.45292193 0.69129443
-0.49528506 0.16540138 1.959564
-0.17439748 1.077951 2.6962373
0.4879287 2.3726432 1.9050598
-1.5710584 -0.20905717 1.1205287
2.3907342 0.11578344 1.4241645
-0.6104733 0.5142892 1.9661851
-0.44992042 1.1723666 1.1076804
-1.0530187 -0.74761355 3.447804
0.014615044 -0.65858513 0.48226434
-0.11447291 0.90009236 0.8974069
1.4465008 1.0261478 5.2267375
0.05754906 0.33402517 0.5827725
-0.78457487 0.013961278 1.0844047
-0.0009572208 -0.26287028 -3.459622
1.129808 0.5595922 0.49425268
0.53919834 -2.7611377 0.53655535
0.3753241 1.1459588 2.0765738
-0.61075425 -0.25627404 1.0065322
-0.19069016 -1.102004 -0.24313326
1.6323858 0.082792066 1.2177043
-1.2875574 1.2370923 1.1065731
-0.64819163 0.67717147 1.6054287
-0.99943376 0.6169418 0.89817244
-0.20998941 0.45638186 1.0075239
0.12952605 -0.04821589 1.3635588
0.889203 0.6404724 -1.512826
-0.30467412 1.7097707 3.0852785
1.4927155 1.4069234 1.7772517
-0.13470235 1.8729967 1.7445829
-0.09208167 0.5455856 -1.3173656
0.60597885 1.2083944 2.4597664
1.5576184 2.528161 -2.4990575
-0.70933557 0.4143632 1.5947235
0.35543138 2.1973126 3.3798525
-0.5029681 1.4656698 0.8856431
1.7948449e-05 0.85562813 1.7676909
0.11700951 0.6029923 2.9905453
0.14415343 1.8641309 -4.441709
0.55651003 -0.57015973 2.4399657
-0.84136516 1.286363 0.12648611
-0.6566014 0.2345021 2.4598677
-0.42531607 -0.22682568 -4.095429
-1.2311734 1.1219094 1.4187806
0.36042422 0.35515222 0.97306687
0.2883114 -0.1998618 1.503216
0.35563958 0.5584109 0.72763044
0.054580092 1.2298747 4.2144985
-1.0118328 1.1078942 -2.540857
-0.78681207 0.97918606 2.2307403
-0.010091156 1.443165 1.3615428
0.89481133 3.5639381 -0.62351376
0.16144928 -0.64686716 0.5740531
-1.7469927 0.95216906 0.51208484
0.19533578 0.13864556 1.5133871
-0.30679065 0.085936725 -0.5978909
0.31848127 0.35347113 1.0664508
0.66779107 1.0041311 1.555729
-1.6647756 0.81989783 0.560834
-0.6421813 1.191398 1.1951607
-0.6386408 1.68154 0.8747766
1.1663136 2.4800801 2.285547
-0.046853088 0.9514272 1.4612097
0.13590202 1.3405519 0.46198836
1.2048941 0.8790633 1.833125
0.4747596 1.6671476 1.6373088
-1.2502009 0.35889566 1.5376397
-1.0842661 2.16957 3.3998127
0.3726472 0.6642307 -2.1420834
-1.092771 1.4608517 1.0838046
0.5360867 -0.2882784 -0.47111216
0.6162827 0.40856424 2.2385314
-0.01713261 1.453259 2.45946
1.2787975 -1.0765877 3.0703952
-0.16139993 1.3474708 0.5239512
0.63480943 -0.29963237 -4.152233
-0.23399746 0.68912315 0.92303765
0.25755772 3.3312926 2.0595639
-1.2361571 0.71249896 2.0094416
2.0528784 1.8172228 5.49189
0.15650956 1.6954107 -0.32412148
-0.10480212 0.086921476 -1.3216656
-0.40636218 0.36843386 2.1449451
0.9482227 1.7910541 2.7973895
0.8806556 1.1687146 1.2777083
-0.727306 -0.35712653 0.24670884
-0.6092534 1.4184209 1.1393712
-0.8352663 1.7765468 3.9990625
-0.17994332 1.4890261 -0.35349956
-0.530444 -0.1734784 0.46529537
0.45709062 0.3933243 1.5682987
-0.22522685 0.03646747 1.1924865
2.635452 1.4594413 1.50099
0.21365315 1.9687357 -1.1784106
-0.8308779 1.0306486 0.97225136
0.95445174 2.1117585 -0.8866109
1.0545068 1.3164579 1.7691207
0.85920864 0.24387431 1.175018
-0.047923 0.5410605 1.7395732
1.2175355 2.162909 2.7942789
2.4881063 0.20052217 1.3919606
1.647018 0.12304404 1.3467585
-0.3958 -0.43850645 2.857828
0.086886734 3.8625925 -0.115126215
-0.37368107 0.16008955 0.9388513
-0.9664534 4.209672 0.020806095
-0.9518185 1.3551134 1.0449059
-0.9892077 1.0689108 4.054373
-0.71047896 1.1150964 0.10297076
0.8669078 -0.14327821 1.8034053
-0.07534795 2.263251 5.619611
0.22507232 1.2239208 2.1172376
0.59660566 0.6979859 1.2692285
-0.1903929 0.4613681 0.83256954
0.41888472 0.74048316 0.69958955
0.7348547 1.3363111 2.4034078
-1.0740888 0.5516104 2.2272892
1.0253878 3.2672346 1.2912639
-0.4946799 0.5918343 -2.9925594
1.3398323 1.0767456 5.510958
-1.2575568 0.8297536 1.7057595
1.0415721 2.1772394 -2.731718
0.8946442 1.1862249 0.85945535
-0.53615683 0.06476731 -0.6741192
1.024711 0.83943814 1.6966971
-0.6162256 0.2911617 2.003568
-0.0062308162 1.8071207 0.14136031
-0.80990857 1.8899848 2.9470804
0.9578192 -0.79436845 1.0288346
1.0779934 1.0601289 6.1324706
-0.8006573 0.8443616 1.4756873
0.6943823 0.65033597 3.145753
0.29389423 0.8633845 -1.6261986
-0.22946662 0.5651163 1.298992
1.064472 2.3520281 4.333166
-0.219794 0.70114535 0.88102216
0.50221074 0.42775348 0.5199443
0.17503577 0.30825633 0.52173245
-1.5763644 -1.293026 -2.6010952
-0.411326 2.7219038 -1.759934
-0.5649853 0.67640305 1.9565196
0.9692273 1.7697623 1.2859596
-0.8385087 0.1502051 0.41046485
0.29638952 3.5783796 1.3337262
-0.41527328 1.2025933 1.309386
0.55074704 -0.64439464 0.6318191
-0.7692906 0.31244424 0.44364566
-1.2950488 1.0058575 1.1881144
0.99981886 -2.773534 1.4859027
-0.92244256 1.813335 4.7965293
-0.7485032 1.2127943 -1.8646123
-2.4582841 1.3863592 2.5334752
0.6105824 2.4112873 -2.2884054
0.122128054 0.45200127 1.0460399
1.861485 -1.5471954 -1.9584113
0.4974002 1.8530741 0.8552399
0.2752325 0.8767599 0.7324249
-0.36089054 0.7437599 0.51227397
0.85606253 1.7127496 5.1714463
-0.6895834 1.4819108 -1.5621971
-0.4141965 1.5305389 -0.4858813
0.059483908 -0.92333645 3.3762262
-0.73323345 1.0756043 1.284872
-0.6513103 2.740297 -0.8050706
0.75652 -0.114251286 0.93575525
-1.3108642 1.445499 1.0141716
0.83243483 2.9253762 -0.89972955
-1.2759465 1.0763553 2.410818
-0.6421804 0.07875748 0.08547052
0.72927195 -0.3427608 -2.513114
0.28640693 0.25528786 1.1795609
-1.2827195 0.9740641 1.5136931
0.568124 2.7807367 2.4807863
-0.09659829 0.5734701 2.2078233
-0.22540629 1.2714007 -2.0143464
-1.1630887 0.87095726 1.4374152
1.9091895 3.0724006 2.9744217
-0.5515406 0.4290396 1.2736753
2.1614537 0.24337465 1.077201
-0.9305597 1.5223194 -3.0313091
-1.2759951 0.36391503 0.74747324
-1.6183882 1.4606631 0.7658323
0.57662594 1.7092218 1.1715465
0.17923743 1.3110994 1.1493318
2.2837288 1.0418857 3.6235328
-1.4892075 1.3955691 1.0428606
-0.35171774 1.1781207 3.9402425
-2.0354035 0.24068998 1.0312707
-0.14170039 0.77400124 2.8283093
0.99689734 0.26077422 1.4091581
-0.30810934 1.0050414 2.13106
-1.0111485 0.5446086 -2.3194919
0.2205728 -0.1741176 3.9883752
-0.25942138 0.23015425 2.9018998
-0.42683047 1.9539697 -0.3698316
1.3538499 0.7904497 0.70224816
-0.2923736 0.43831897 -0.32864845
-0.08366017 1.1375899 1.2077827
0.47507048 -0.5547327 2.0305433
-2.551717 1.5075377 1.330157
0.008453295 -0.09803483 4.865874
-1.737374 -0.89259964 3.3042643
1.1233884 -0.06862206 0.77035725
-0.57422566 0.63121337 1.0852059
0.6149221 0.6941623 0.076690085
0.39819798 0.9050793 2.1192236
0.42897615 -0.82953125 0.9132386
0.66924244 1.7678207 -1.0791873
-0.4904466 0.6956577 0.18576927
-0.013248526 0.5569336 1.2380732
-2.0371473 0.33592063 2.4661248
0.0883968 -1.1004744 3.2581856
1.517179 1.4447263 -4.043236
-0.42280942 1.446423 1.726322
0.7957053 0.21517701 0.7188381
0.029251128 3.8401659 0.20164141
-0.21097063 1.581546 0.90211344
-0.7210249 1.0643454 1.2439611
-1.2489191 0.9418644 -0.19601625
-0.76330256 1.3899868 -2.1481547
-0.07320452 0.7692145 2.4696739
0.16584787 1.488922 0.12879403
0.38409138 -0.028368965 1.2362024
-0.6937767 1.5404074 0.7757381
-0.5313868 0.6816212 2.7081702
-0.6992486 1.0123457 0.3443873
-0.75095373 0.9826022 1.3673418
0.29579234 0.1694422 2.5188522
-1.4074234 0.97197473 -1.0882269
-1.3370107 0.8943679 1.9731004
1.4732947 1.5823365 5.100083
1.0265867 1.8604654 4.5499964
0.34547275 0.6979479 -0.21223913
-0.5998653 -1.0920215 5.0444646
-0.016604125 0.8225294 -3.8315382
0.2406039 0.39713642 1.047651
0.30389193 -1.9601194 0.09951742
-0.15879071 0.739946 0.8329697
-0.23159392 0.29495475 1.0921348
0.68744844 -1.927282 0.10009062
-1.0178117 1.598671 0.4166611
-1.1263402 1.7054303 2.6111913
0.117124274 1.0435995 1.3695117
-1.0482446 -1.4466729 4.3721604
-0.27648452 -0.2950272 1.8419026
0.6890691 1.275516 1.3745313
1.222467 3.3262072 1.3889275
0.12865093 0.7560119 1.3627162
1.396103 1.9383802 -1.7304534
-1.3345433 0.90929794 -0.57525325
0.5297674 1.912483 -0.5066074
-0.596029 1.0481268 0.5397423
-0.88691956 -0.71209645 3.4437156
2.5539708 -0.020271048 0.9910186
-0.46464774 0.91493344 1.402862
0.48299465 2.4963088 2.351738
0.6164633 -3.4953191 1.2365294
-0.24559766 0.59895444 0.55912554
-0.09486083 1.8496815 1.7438169
0.044132106 1.2295629 1.2299852
1.4130298 1.7991456 2.342653
-0.8279624 1.680994 -0.38579407
2.9680858 1.5106328 0.84041387
-0.4498563 0.81719244 1.8470364
-1.9015015 -2.314212 1.052195
-1.9334302 1.0236682 1.0120254
-0.10604803 0.6029083 0.47143593
-0.40613323 0.9104062 1.0864774
-0.14899606 -2.5250378 2.2752948
-0.6184087 0.97741914 1.0060105
-0.8096901 -0.5356579 -0.7891429
0.7833591 -0.011283867 1.1035218
0.85687983 0.33607382 3.243011
0.46195072 -0.736003 2.9671102
-1.3897097 1.1697572 0.6569519
-0.7377602 0.84981024 1.2947532
1.7530965 0.7116646 2.0742927
-0.06490309 -2.58643 1.448651
0.5897322 -0.32537973 -0.110564604
-1.1822456 2.2642589 1.2119604
0.39460987 0.05016073 -1.341586
1.461337 0.52270246 1.2409506
-0.30310792 1.9874688 -0.72797257
1.0085312 0.8619493 1.3807638
0.10596707 0.5937171 3.3858411
-0.36227039 4.1689873 -0.64843315
0.5152933 1.038297 1.2651248
0.19386345 2.0666342 0.10343986
-2.0052867 1.8043222 3.6280148
0.28138527 0.8355148 -0.80266774
0.2902628 0.6414379 0.64459336
0.3580587 1.4440368 0.8964268
0.3669614 0.32713923 2.9838948
0.91064835 0.29184353 0.57291204
0.397724 1.1475124 0.60255814
-0.275887 1.203018 0.21982124
-1.0710135 1.3493702 0.55666256
-0.9744569 0.28590685 1.4249169
-0.33754775 -0.0028405488 0.109270275
-1.2947154 -1.0858165 2.0427604
0.6576047 -0.19542205 3.4590156
0.5780463 0.6325572 1.6104156
-0.52718854 1.6723644 -0.44824168
-0.86583555 -0.49418145 3.800385
1.5514892 0.7535912 3.874536
0.56702596 -0.57209814 0.46194658
-1.6340096 1.3826393 -2.6965408
0.7694963 2.2562544 2.3308587
0.32211623 0.8938531 1.1980386
2.9465804 2.4373214 4.8237553
0.31255493 2.2490842 3.4171674
0.45402974 0.901872 2.223
-0.69690454 1.0185478 1.0125927
0.38624156 2.67193 3.3963706
0.4137825 0.63938916 1.1338253
-2.0776052 -0.3948836 -2.4293208
0.41581437 0.2618692 1.0738361
0.94309664 -0.788857 2.8666322
0.14503522 -0.32454184 1.1131657
1.0281978 1.0011204 -1.6757197
-0.6455396 1.6672341 0.93998146
0.03605526 0.4492236 -0.97272336
-0.87352693 0.54492426 1.211018
-2.0090017 1.7587857 -0.8566162
-0.70257753 1.05758 2.0396585
1.1322354 -0.44172502 1.7437059
-0.039693154 0.96360976 1.194205
-0.57398444 2.8551226 1.3716204
0.42255127 0.56711775 1.160927
-0.8488616 2.0966918 3.2840512
-1.3145132 1.2660255 -2.5726314
0.28767624 -0.055213988 2.0656402
-1.4744678 0.7049204 1.9727701
0.5021385 -3.1564364 1.5780445
-0.84493625 2.015008 1.617501
0.8295338 2.1178036 5.292593
-0.53010875 2.4122195 4.866286
0.1707128 1.1028006 0.32555148
-1.6112351 0.54995024 2.9548564
-1.6115153 1.2007644 1.6048814
0.44428584 0.9288513 1.7331989
0.44183812 0.50396043 0.5171448
-0.25097373 1.8467562 -2.78707
0.65316325 0.98747146 2.9395907
-0.57669574 0.8830279 1.1604394
0.71839654 1.6127315 -1.0153079
2.6449847 0.1456878 1.3606149
1.5946498 1.2394192 -0.038729187
0.12963551 0.67671216 0.92332786
0.22488362 0.8777578 1.0987393
-0.1873574 0.5799152 4.9640713
-0.13048977 0.8846242 1.1288145
0.18790263 0.16110477 1.1803259
-0.91170204 -0.24225086 -1.8424691
0.40862188 -3.4161453 0.997776
0.18270656 0.33247593 3.192018
-1.0610529 0.80202675 1.7468868
2.2702532 0.03537032 1.4020783
1.3539968 1.3103445 0.92479527
0.49652755 -0.13485235 1.4268245
0.61404 0.3766794 1.7575243
0.857873 0.8436136 -3.8195307
0.9506663 1.8218244 1.2636372
0.18134624 0.14893779 2.0996525
0.9493899 0.8620231 1.3484939
-0.8004826 0.29451615 3.9327133
-1.5698626 -0.016712487 0.6058059
0.049358495 0.4044005 0.3271705
-0.61579955 0.13992333 3.9861357
0.57870287 -1.0696838 -1.2223058
-0.255081 0.35717964 1.238563
-0.28720617 1.1890901 4.1222115
-0.3317389 0.2758727 1.9615259
2.034888 0.26002634 1.0053599
-0.9132487 -0.040647 -0.23564823
0.6743054 0.2364458 1.0116646
-1.6382785 0.41081166 2.1522763
0.7396428 0.96629006 1.3924834
0.24150366 0.019275948 1.0679224
-0.97724 1.1668621 1.2279601
0.6460192 0.12594981 1.0936291
-0.8704644 0.92623746 0.8316356
0.21110888 0.3021883 1.2395215
-0.7382013 1.8037868 0.68057185
1.5778317 1.7745087 -0.06944747
-0.31727087 0.011095561 1.2774003
0.58228266 1.5023625 0.82932943
-0.3915058 2.6701403 1.811555
0.80712116 1.0284564 0.52951753
0.73851424 1.6314641 0.21479681
-0.89641684 -0.18656895 1.9626819
2.069334 0.72466826 1.9186529
-0.68205786 1.6894916 0.5445006
-1.1708612 2.142418 4.117623
-0.32367134 -0.18064234 4.5920916
1.0953302 0.018427461 1.2458253
-0.9417957 2.1787229 3.701963
-0.4118453 1.0560638 0.85492325
0.25411436 -1.5489718 -2.1271675
-0.2657027 0.40109348 1.8972538
0.053564705 2.572452 -0.13418277
0.99439543 1.5148147 4.3735194
-0.43099213 1.1468792 0.6766363
0.18863443 1.5467322 1.0817877
-0.68932694 0.7915825 4.613892
1.4954131 1.1714039 5.5167074
-1.9796499 1.132339 1.4639479
-0.06953606 -0.02465994 -1.1629025
-0.13527441 0.95867133 1.1677511
0.3105854 0.50321925 1.2249831
-0.6709192 1.7644906 1.226486
1.1698245 1.5132706 3.6046138
0.049146853 0.8584679 2.0738862
0.11766548 -0.9408477 2.1606426
-1.895405 1.109402 1.6388503
0.037735015 0.924978 1.2133989
-1.0510373 1.1578082 1.0337647
0.32839948 -0.08010013 1.2522918
0.44062307 0.23388395 1.0335784
-0.91076624 0.89879495 0.65133923
1.1738791 1.4262723 -0.3780555
0.9496577 0.25227416 1.6445087
0.2511681 0.3665282 0.2126445
-0.5842681 1.4530495 -0.016478337
0.27685016 0.97007513 1.2242645
0.442478 0.733997 1.3933012
1.5636933 1.5936189 1.7847066
-0.55030566 0.452884 0.47040683
-0.48046842 0.52726305 1.7540635
-0.6706351 1.8809723 0.50223464
0.7894063 0.22408971 1.2901405
0.57196975 1.4660443 -0.17359579
-1.4923534 0.798163 0.13941318
0.9292194 -2.342542 0.5977305
0.8857907 0.80919003 1.383862
-0.4978789 2.1391742 2.510015
-1.657023 0.37430197 1.134685
-2.2490008 0.90399855 0.52977073
0.11302192 0.054826066 1.2835782
0.86141646 1.2379961 3.103675
0.7540548 0.09594908 1.4468305
-0.03229616 0.47027385 0.8792608
-1.8404075 0.6896597 0.71444136
-1.7052679 2.4933612 4.255911
0.7194452 1.1205574 1.2889824
0.31639397 0.67601454 0.079195276
-0.028436437 0.27268624 2.142678
0.4644611 0.3343084 3.6144586
0.34370375 0.894181 -1.5741827
0.4958207 0.36745635 1.186261
-0.32257932 0.229058 1.6418954
0.79924655 1.128299 1.6289288
1.2427452 0.97763765 1.3210864
0.49846697 -1.4371413 -0.21004859
-1.3926824 1.3151133 0.031538233
1.4520367 0.6541392 -0.9744771
-0.07069982 0.30641124 0.6010419
-0.9644017 2.0284066 -2.517813
2.3464265 -1.1493825 -1.5519605
0.00079586357 1.0324857 1.013085
1.1883734 1.1747394 2.3970284
-1.3743123 0.0009883866 3.78724
0.038457707 1.2880006 1.5862012
1.213529 0.35159796 0.871868
0.47687298 1.4893069 0.9273224
1.5600313 0.22339283 1.3469039
-0.19885668 0.1690129 3.484103
0.6031277 1.8874075 -3.604401
-1.512395 1.4381657 -0.4397843
-1.0029685 0.46126494 1.0541221
0.79343826 -2.9026716 0.9489125
0.39712125 1.1551301 1.148113
0.2807997 0.70013714 1.6357396
-0.2988994 1.2807587 1.1471725
0.604644 1.0213159 1.6660072
-1.2444931 0.6288952 1.9427985
-0.6480992 0.64057297 0.19014019
-0.5675725 0.4807499 0.40966418
-1.1074393 1.1223748 1.1514184
-0.08236047 0.64547235 1.3487592
-1.7007761 0.41531515 4.456319
-1.3293797 -0.13031156 0.53110045
-0.002986446 2.2979968 3.8002656
-0.13330552 -1.7724622 -0.5791188
0.30364835 -1.159388 2.9386163
0.67870086 0.7803107 1.7641268
0.454243 0.595471 0.24040724
-0.39033484 1.3125608 0.47201407
-1.9173597 1.1844805 1.4734954
0.5077265 1.1552366 1.2106317
-1.5619422 0.24755397 2.8684406
0.8687115 0.95815617 0.35068092
1.7807399 -0.026071213 1.6352037
-1.1664172 1.1966958 1.734305
1.4086815 -0.5151307 1.4147509
0.48861152 1.6242609 -0.5876327
0.7494286 0.53136605 1.716736
-0.76161647 1.6338835 0.06469932
-0.9966153 0.8727358 2.2752037
-0.6469443 1.846409 0.87198764
1.186752 -0.7503379 0.5385066
0.8519076 1.2569294 5.086989
-0.9192717 2.3330026 3.9219275
-0.76013935 2.9380114 0.77512383
-1.3282859 0.08477962 0.43663803
-0.7757151 -0.805419 3.3957179
1.1948963 -1.3109369 -3.9406297
-0.23075439 2.625837 1.0915985
0.26506823 1.2774681 6.4942636
0.27315426 2.069194 2.6499078
-0.58994025 2.1979918 0.45454234
0.45911857 1.9482541 2.5089622
-0.39116925 0.30853337 4.32614
0.4658247 -1.2581837 2.179938
0.5199131 0.11477374 1.5882912
-0.09133563 0.0033660159 1.4160645

