1.5468123 0.68499106 0.797959 -0.044009067 1.524372 0.14559169
0.0 0.0 0.0 0.0 0.0 0.0
0.0 0.0 0.0 0.0 0.0 0.0
0.0 0.0 0.0 0.0 0.0 0.0
0.0 0.0 0.0 0.0 0.0 0.0
0.0 0.0 0.0 0.0 0.0 0.0
0.0 0.0 0.0 0.0 0.0 0.0

2.3338156 -0.23295818 -0.7280742 1.6454996 1.3589033 0.14694944
1.8319044 0.3851152 -0.31566805 1.6520379 1.2748204 0.14713003
2.2875767 -0.35704067 -0.8796574 1.646974 1.5972937 0.14812814
2.1416564 -0.90166736 -0.9566837 1.4928846 1.3738774 0.13694997
0.0 0.0 0.0 0.0 0.0 0.0
0.0 0.0 0.0 0.0 0.0 0.0
0.0 0.0 0.0 0.0 0.0 0.0

2.7572978 -0.7010976 1.8521972 0.3712671 1.0078952 0.1316231
0.0 0.0 0.0 0.0 0.0 0.0
0.0 0.0 0.0 0.0 0.0 0.0
0.0 0.0 0.0 0.0 0.0 0.0
0.0 0.0 0.0 0.0 0.0 0.0
0.0 0.0 0.0 0.0 0.0 0.0
0.0 0.0 0.0 0.0 0.0 0.0

2.6966684 -0.9765271 -0.13190877 -0.013573786 1.4423337 0.14014496
-1.6772952 -1.0547686 -2.2812474 -0.15201154 1.1665106 0.13222203
-1.7037963 -1.0084355 -2.0178013 0.08354217 1.3830893 0.14107974
0.0 0.0 0.0 0.0 0.0 0.0
0.0 0.0 0.0 0.0 0.0 0.0
0.0 0.0 0.0 0.0 0.0 0.0
0.0 0.0 0.0 0.0 0.0 0.0

2.3048003 -0.39622927 -1.2815125 0.21073574 1.6319553 0.14558104
0.0 0.0 0.0 0.0 0.0 0.0
0.0 0.0 0.0 0.0 0.0 0.0
0.0 0.0 0.0 0.0 0.0 0.0
0.0 0.0 0.0 0.0 0.0 0.0
0.0 0.0 0.0 0.0 0.0 0.0
0.0 0.0 0.0 0.0 0.0 0.0

-2.2326152 -0.6539567 0.15135175 -0.10875341 0.97564065 0.13533998
2.0007823 0.3931402 2.9837956 0.07742034 0.8456866 0.13985893
2.309449 0.22103837 -3.1357696 -0.18395366 0.86785126 0.14474696
1.5698305 -0.3241298 2.876773 -0.2167313 0.92981005 0.14724551
0.0 0.0 0.0 0.0 0.0 0.0
0.0 0.0 0.0 0.0 0.0 0.0
0.0 0.0 0.0 0.0 0.0 0.0

-2.067697 0.31364498 2.1263626 1.6236129 1.5063801 0.13684046
-1.7149231 0.2638972 2.0637295 1.4801153 1.581814 0.13692313
1.607797 0.7304519 -0.7366019 1.6213907 1.4137261 0.14830674
0.0 0.0 0.0 0.0 0.0 0.0
0.0 0.0 0.0 0.0 0.0 0.0
0.0 0.0 0.0 0.0 0.0 0.0
0.0 0.0 0.0 0.0 0.0 0.0

1.7807966 0.43007478 -3.0832095 1.2988261 1.1564367 0.13387129
0.0 0.0 0.0 0.0 0.0 0.0
0.0 0.0 0.0 0.0 0.0 0.0
0.0 0.0 0.0 0.0 0.0 0.0
0.0 0.0 0.0 0.0 0.0 0.0
0.0 0.0 0.0 0.0 0.0 0.0
0.0 0.0 0.0 0.0 0.0 0.0

1.6359446 -0.3487799 -1.8218037 1.4096276 1.5090525 0.14050247
2.2834015 0.015520499 -1.4299847 1.6291629 1.463424 0.14594926
0.0 0.0 0.0 0.0 0.0 0.0
0.0 0.0 0.0 0.0 0.0 0.0
0.0 0.0 0.0 0.0 0.0 0.0
0.0 0.0 0.0 0.0 0.0 0.0
0.0 0.0 0.0 0.0 0.0 0.0

2.2651942 0.36091727 -1.2586769 1.5642406 1.2909317 0.1444026
-2.1712592 -0.26681626 1.7683522 1.4051886 1.2527233 0.13718356
1.6256355 0.6653019 -0.8352539 1.4174553 1.0682449 0.14464927
0.0 0.0 0.0 0.0 0.0 0.0
0.0 0.0 0.0 0.0 0.0 0.0
0.0 0.0 0.0 0.0 0.0 0.0
0.0 0.0 0.0 0.0 0.0 0.0

2.0166976 -0.10021667 2.7652733 0.41900787 1.0585523 0.13865192
2.234935 -0.20986538 2.5352628 0.26635677 0.9562333 0.13322812
0.0 0.0 0.0 0.0 0.0 0.0
0.0 0.0 0.0 0.0 0.0 0.0
0.0 0.0 0.0 0.0 0.0 0.0
0.0 0.0 0.0 0.0 0.0 0.0
0.0 0.0 0.0 0.0 0.0 0.0

1.4912001 -0.4387883 -0.28767073 1.0929675 1.3640505 0.14705108
0.0 0.0 0.0 0.0 0.0 0.0
0.0 0.0 0.0 0.0 0.0 0.0
0.0 0.0 0.0 0.0 0.0 0.0
0.0 0.0 0.0 0.0 0.0 0.0
0.0 0.0 0.0 0.0 0.0 0.0
0.0 0.0 0.0 0.0 0.0 0.0

1.6118419 0.023472566 -0.24291535 1.4985874 1.5516241 0.13580775
2.0747797 -0.72764504 -0.91423243 1.466005 1.4928578 0.13510717
-1.6901907 0.5710016 2.337581 1.4159416 1.5059088 0.14280091
0.0 0.0 0.0 0.0 0.0 0.0
0.0 0.0 0.0 0.0 0.0 0.0
0.0 0.0 0.0 0.0 0.0 0.0
0.0 0.0 0.0 0.0 0.0 0.0

-1.9419234 0.86209303 1.6512299 1.7099655 1.5717748 0.13581051
-1.7381736 -0.9842887 2.073988 1.4133012 1.5616126 0.13537829
0.0 0.0 0.0 0.0 0.0 0.0
0.0 0.0 0.0 0.0 0.0 0.0
0.0 0.0 0.0 0.0 0.0 0.0
0.0 0.0 0.0 0.0 0.0 0.0
0.0 0.0 0.0 0.0 0.0 0.0

1.9864074 0.3258568 -2.3171215 1.6814668 1.1486006 0.13968422
0.0 0.0 0.0 0.0 0.0 0.0
0.0 0.0 0.0 0.0 0.0 0.0
0.0 0.0 0.0 0.0 0.0 0.0
0.0 0.0 0.0 0.0 0.0 0.0
0.0 0.0 0.0 0.0 0.0 0.0
0.0 0.0 0.0 0.0 0.0 0.0

1.9055882 0.1036711 -2.124611 1.0518625 0.8864405 0.14351445
1.9622921 -0.37776196 2.8702672 1.2621669 1.035019 0.13798766
1.4309952 -0.5357076 -2.2093391 1.1845151 1.0539157 0.14459114
2.3814087 -1.0669509 2.4090333 1.5879683 1.1434556 0.13912368
0.0 0.0 0.0 0.0 0.0 0.0
0.0 0.0 0.0 0.0 0.0 0.0
0.0 0.0 0.0 0.0 0.0 0.0

1.7139475 -0.32463482 2.533704 -0.14593577 1.0228083 0.13505879
-2.115611 0.8042468 -0.9361898 -0.071611755 0.94322336 0.14450252
1.746289 -0.60666424 1.8254703 0.15356603 0.8645211 0.14103957
2.2066002 0.4033088 -3.0386279 -0.19977063 0.8645718 0.13398018
1.6227821 -0.58573574 2.230368 0.04108144 0.85967684 0.14474449
1.5262578 0.12057676 2.2535205 0.14024056 0.91066235 0.14771189
-2.0016603 -1.0038238 -0.5322111 0.13590476 0.93150234 0.13421822

2.414507 -0.44029632 0.009244253 -0.054395046 1.5407008 0.14553857
-2.6443906 -0.9032898 -1.4759225 -0.07867361 1.5446188 0.14189078
0.0 0.0 0.0 0.0 0.0 0.0
0.0 0.0 0.0 0.0 0.0 0.0
0.0 0.0 0.0 0.0 0.0 0.0
0.0 0.0 0.0 0.0 0.0 0.0
0.0 0.0 0.0 0.0 0.0 0.0

1.6950535 -0.1279924 2.613306 0.15192239 1.0402604 0.13395394
0.0 0.0 0.0 0.0 0.0 0.0
0.0 0.0 0.0 0.0 0.0 0.0
0.0 0.0 0.0 0.0 0.0 0.0
0.0 0.0 0.0 0.0 0.0 0.0
0.0 0.0 0.0 0.0 0.0 0.0
0.0 0.0 0.0 0.0 0.0 0.0

1.7720422 -0.15323241 2.6266794 0.06659937 1.0110524 0.13664602
-2.0435169 0.59411854 -0.34910917 -0.052969452 0.9204725 0.14634202
1.6656231 -0.12301913 2.388342 0.085501485 1.0978022 0.1382329
0.0 0.0 0.0 0.0 0.0 0.0
0.0 0.0 0.0 0.0 0.0 0.0
0.0 0.0 0.0 0.0 0.0 0.0
0.0 0.0 0.0 0.0 0.0 0.0

-2.4857807 0.6688964 2.9749563 0.39861363 1.6162618 0.14792822
2.3572762 0.8486595 1.3104442 0.40763575 1.3717481 0.13372418
1.8507077 0.4234331 0.6656487 0.42826822 1.3173844 0.13271737
0.0 0.0 0.0 0.0 0.0 0.0
0.0 0.0 0.0 0.0 0.0 0.0
0.0 0.0 0.0 0.0 0.0 0.0
0.0 0.0 0.0 0.0 0.0 0.0

2.44311 -0.27711508 -0.79710805 1.3196582 1.4080329 0.14046647
2.2971258 0.5543845 1.1229224 1.5782577 1.4815136 0.14163457
0.0 0.0 0.0 0.0 0.0 0.0
0.0 0.0 0.0 0.0 0.0 0.0
0.0 0.0 0.0 0.0 0.0 0.0
0.0 0.0 0.0 0.0 0.0 0.0
0.0 0.0 0.0 0.0 0.0 0.0

-1.5199261 -0.9769531 -2.2038171 0.008349765 1.6405401 0.14614804
-1.7765539 1.0884138 -2.3937144 -0.23423108 1.6497437 0.1369097
1.8131021 0.28894988 0.7474892 -0.09639512 1.4596808 0.13378485
-1.2620829 -1.0323117 -2.2781143 0.012047236 1.6514409 0.14295322
0.0 0.0 0.0 0.0 0.0 0.0
0.0 0.0 0.0 0.0 0.0 0.0
0.0 0.0 0.0 0.0 0.0 0.0

2.4774864 0.4045214 2.9195044 -0.09727088 1.1294034 0.1324588
0.0 0.0 0.0 0.0 0.0 0.0
0.0 0.0 0.0 0.0 0.0 0.0
0.0 0.0 0.0 0.0 0.0 0.0
0.0 0.0 0.0 0.0 0.0 0.0
0.0 0.0 0.0 0.0 0.0 0.0
0.0 0.0 0.0 0.0 0.0 0.0

2.648739 -0.7513015 -0.48605782 0.8564547 1.587078 0.13915968
-1.5125087 0.36535797 -2.6217635 1.0542847 1.4218841 0.13826749
1.9218667 0.97663414 0.26689333 0.74742424 1.5775414 0.14621004
0.0 0.0 0.0 0.0 0.0 0.0
0.0 0.0 0.0 0.0 0.0 0.0
0.0 0.0 0.0 0.0 0.0 0.0
0.0 0.0 0.0 0.0 0.0 0.0

1.460081 -0.4142656 -1.4160761 1.515036 0.9780695 0.14734839
0.0 0.0 0.0 0.0 0.0 0.0
0.0 0.0 0.0 0.0 0.0 0.0
0.0 0.0 0.0 0.0 0.0 0.0
0.0 0.0 0.0 0.0 0.0 0.0
0.0 0.0 0.0 0.0 0.0 0.0
0.0 0.0 0.0 0.0 0.0 0.0

2.3270416 0.24579705 2.7231736 -0.16896136 1.0038009 0.13558817
1.8283259 0.76222414 2.221385 0.024118334 1.0581595 0.1468342
-1.4991168 0.8474116 -1.0326655 0.063562706 0.97377264 0.14458728
0.0 0.0 0.0 0.0 0.0 0.0
0.0 0.0 0.0 0.0 0.0 0.0
0.0 0.0 0.0 0.0 0.0 0.0
0.0 0.0 0.0 0.0 0.0 0.0

1.6705526 0.7216786 -2.7620223 0.97903806 1.1633867 0.13389237
0.0 0.0 0.0 0.0 0.0 0.0
0.0 0.0 0.0 0.0 0.0 0.0
0.0 0.0 0.0 0.0 0.0 0.0
0.0 0.0 0.0 0.0 0.0 0.0
0.0 0.0 0.0 0.0 0.0 0.0
0.0 0.0 0.0 0.0 0.0 0.0

1.4093496 -0.6018233 -0.61395675 1.5495523 1.6440029 0.1424291
1.3716112 -1.1841328 -0.47677618 1.6799928 1.4689667 0.13931508
1.8627911 -0.70115507 -1.0733309 1.5375437 1.6420883 0.13421701
0.0 0.0 0.0 0.0 0.0 0.0
0.0 0.0 0.0 0.0 0.0 0.0
0.0 0.0 0.0 0.0 0.0 0.0
0.0 0.0 0.0 0.0 0.0 0.0

0.856885 0.5237142 2.579733 0.4956749 0.98408294 0.14592427
1.7585841 -0.6737007 -2.9331768 0.22400273 0.9850686 0.14520112
0.0 0.0 0.0 0.0 0.0 0.0
0.0 0.0 0.0 0.0 0.0 0.0
0.0 0.0 0.0 0.0 0.0 0.0
0.0 0.0 0.0 0.0 0.0 0.0
0.0 0.0 0.0 0.0 0.0 0.0

-1.8496629 -0.90243256 -1.2844604 0.08502954 1.3809462 0.14709182
2.2083354 0.031712923 1.6844041 -0.046030253 1.2856749 0.14874943
1.6848284 1.023807 1.321948 0.050347853 1.015974 0.13135645
0.0 0.0 0.0 0.0 0.0 0.0
0.0 0.0 0.0 0.0 0.0 0.0
0.0 0.0 0.0 0.0 0.0 0.0
0.0 0.0 0.0 0.0 0.0 0.0

1.181892 -0.337104 -0.4944609 1.5480084 1.3213806 0.14387435
2.4894938 -0.29577553 -1.5488851 1.6225324 1.4797956 0.13748853
0.0 0.0 0.0 0.0 0.0 0.0
0.0 0.0 0.0 0.0 0.0 0.0
0.0 0.0 0.0 0.0 0.0 0.0
0.0 0.0 0.0 0.0 0.0 0.0
0.0 0.0 0.0 0.0 0.0 0.0

1.3200006 0.4104705 0.24917842 -0.08357019 1.2230136 0.14409804
2.1225753 0.6611776 2.091575 -0.107394695 1.5533454 0.14352399
2.396653 0.3294489 1.5514925 -0.12314897 1.4643775 0.13234244
1.6103843 -0.2568298 1.216837 0.121544294 1.5515385 0.13395512
0.0 0.0 0.0 0.0 0.0 0.0
0.0 0.0 0.0 0.0 0.0 0.0
0.0 0.0 0.0 0.0 0.0 0.0

2.0959435 -0.28585863 -0.80281496 1.6918758 1.4838183 0.13371041
1.5578157 0.34777805 -1.3330196 1.5051115 1.6232617 0.14511785
-1.6415392 0.7539865 2.3463287 1.5916651 1.4316956 0.14804943
-1.2154354 -0.8404857 2.2887754 1.663596 1.6341126 0.13702455
1.6447778 0.7130088 -1.1597655 1.5013874 1.5644827 0.13781163
-2.5789108 -0.41010562 2.7299428 1.5667627 1.6046999 0.14473484
0.0 0.0 0.0 0.0 0.0 0.0

2.4873 0.8876975 -1.555438 1.7238342 1.1889836 0.13524343
1.8123553 -0.5139385 -2.3367522 1.7441585 1.1267766 0.14779787
0.0 0.0 0.0 0.0 0.0 0.0
0.0 0.0 0.0 0.0 0.0 0.0
0.0 0.0 0.0 0.0 0.0 0.0
0.0 0.0 0.0 0.0 0.0 0.0
0.0 0.0 0.0 0.0 0.0 0.0

2.0147355 0.16208456 0.86262673 -0.09623429 0.9022569 0.14364217
2.1715932 -0.23040721 0.6876426 -0.14528081 1.1244444 0.14322884
-2.518811 1.0169448 3.1199336 -0.21058615 1.0602424 0.13030156
0.0 0.0 0.0 0.0 0.0 0.0
0.0 0.0 0.0 0.0 0.0 0.0
0.0 0.0 0.0 0.0 0.0 0.0
0.0 0.0 0.0 0.0 0.0 0.0

-2.0938027 -0.88198066 -1.7213913 -0.027063474 1.551533 0.1325246
0.0 0.0 0.0 0.0 0.0 0.0
0.0 0.0 0.0 0.0 0.0 0.0
0.0 0.0 0.0 0.0 0.0 0.0
0.0 0.0 0.0 0.0 0.0 0.0
0.0 0.0 0.0 0.0 0.0 0.0
0.0 0.0 0.0 0.0 0.0 0.0

-1.6688343 -0.5903276 -0.62290794 -0.12618656 1.0655458 0.13008462
1.5148413 0.28209132 2.6141856 -0.15196154 1.0674853 0.14452833
-2.0213 -1.0887082 -0.09733318 -0.2308737 1.1364292 0.13144162
1.6094072 0.4680847 1.9453404 -0.041157298 0.94099325 0.13231707
0.0 0.0 0.0 0.0 0.0 0.0
0.0 0.0 0.0 0.0 0.0 0.0
0.0 0.0 0.0 0.0 0.0 0.0

1.9058212 0.0055519333 3.1158943 1.7227043 0.8738243 0.14706922
0.0 0.0 0.0 0.0 0.0 0.0
0.0 0.0 0.0 0.0 0.0 0.0
0.0 0.0 0.0 0.0 0.0 0.0
0.0 0.0 0.0 0.0 0.0 0.0
0.0 0.0 0.0 0.0 0.0 0.0
0.0 0.0 0.0 0.0 0.0 0.0

1.0572463 0.42916858 -3.1351612 1.6391675 0.8241703 0.1341976
0.0 0.0 0.0 0.0 0.0 0.0
0.0 0.0 0.0 0.0 0.0 0.0
0.0 0.0 0.0 0.0 0.0 0.0
0.0 0.0 0.0 0.0 0.0 0.0
0.0 0.0 0.0 0.0 0.0 0.0
0.0 0.0 0.0 0.0 0.0 0.0

2.2511668 -0.02367537 -0.64782095 1.248511 1.5163802 0.13599929
0.0 0.0 0.0 0.0 0.0 0.0
0.0 0.0 0.0 0.0 0.0 0.0
0.0 0.0 0.0 0.0 0.0 0.0
0.0 0.0 0.0 0.0 0.0 0.0
0.0 0.0 0.0 0.0 0.0 0.0
0.0 0.0 0.0 0.0 0.0 0.0

2.386058 1.2330321 -1.2896143 1.5120732 1.1319047 0.14435376
0.0 0.0 0.0 0.0 0.0 0.0
0.0 0.0 0.0 0.0 0.0 0.0
0.0 0.0 0.0 0.0 0.0 0.0
0.0 0.0 0.0 0.0 0.0 0.0
0.0 0.0 0.0 0.0 0.0 0.0
0.0 0.0 0.0 0.0 0.0 0.0

-2.2423823 0.3974267 -2.4838512 -0.23734397 1.1902753 0.14951774
1.5281091 -0.33721572 0.9941203 -0.053400952 1.2089629 0.13456428
-1.7529072 -1.0806515 -1.9625211 -0.014565698 1.1929958 0.13922226
0.0 0.0 0.0 0.0 0.0 0.0
0.0 0.0 0.0 0.0 0.0 0.0
0.0 0.0 0.0 0.0 0.0 0.0
0.0 0.0 0.0 0.0 0.0 0.0

1.4011999 -0.45177996 -0.014410555 1.7460611 1.2882162 0.13366544
0.0 0.0 0.0 0.0 0.0 0.0
0.0 0.0 0.0 0.0 0.0 0.0
0.0 0.0 0.0 0.0 0.0 0.0
0.0 0.0 0.0 0.0 0.0 0.0
0.0 0.0 0.0 0.0 0.0 0.0
0.0 0.0 0.0 0.0 0.0 0.0

-1.4649025 0.86570024 -2.4047194 -0.025977774 1.353085 0.14468907
1.8051065 0.9395125 0.36146685 -0.18600449 1.4005533 0.1311947
-2.5118058 0.7847786 -3.1124814 0.060188603 1.6278883 0.13595878
-1.6214378 -0.9906934 -2.1539848 0.018264858 1.4556301 0.1332287
0.0 0.0 0.0 0.0 0.0 0.0
0.0 0.0 0.0 0.0 0.0 0.0
0.0 0.0 0.0 0.0 0.0 0.0

2.0859323 -0.7482553 -1.0035719 1.7418112 1.1114138 0.13646862
0.0 0.0 0.0 0.0 0.0 0.0
0.0 0.0 0.0 0.0 0.0 0.0
0.0 0.0 0.0 0.0 0.0 0.0
0.0 0.0 0.0 0.0 0.0 0.0
0.0 0.0 0.0 0.0 0.0 0.0
0.0 0.0 0.0 0.0 0.0 0.0

2.3136811 -0.45106548 -0.8992 1.1308894 1.4051529 0.145585
1.5482372 0.18851064 0.48108026 1.3698374 1.4531959 0.13885127
-2.186686 0.19577768 -2.778844 1.3269058 1.4817684 0.13351046
-1.3021742 0.6198393 -2.8478324 1.2169199 1.4627454 0.14652692
0.0 0.0 0.0 0.0 0.0 0.0
0.0 0.0 0.0 0.0 0.0 0.0
0.0 0.0 0.0 0.0 0.0 0.0

2.2655482 0.46711388 1.17636 -0.098998256 1.353581 0.14796385
-1.4760622 0.3871554 -2.5341449 -0.14951119 1.20484 0.13279992
0.0 0.0 0.0 0.0 0.0 0.0
0.0 0.0 0.0 0.0 0.0 0.0
0.0 0.0 0.0 0.0 0.0 0.0
0.0 0.0 0.0 0.0 0.0 0.0
0.0 0.0 0.0 0.0 0.0 0.0

2.6943166 0.98125094 -2.1080804 1.2258831 1.1328069 0.13113847
0.0 0.0 0.0 0.0 0.0 0.0
0.0 0.0 0.0 0.0 0.0 0.0
0.0 0.0 0.0 0.0 0.0 0.0
0.0 0.0 0.0 0.0 0.0 0.0
0.0 0.0 0.0 0.0 0.0 0.0
0.0 0.0 0.0 0.0 0.0 0.0

-2.134897 1.189012 2.924667 0.98525506 1.3373625 0.14298782
0.0 0.0 0.0 0.0 0.0 0.0
0.0 0.0 0.0 0.0 0.0 0.0
0.0 0.0 0.0 0.0 0.0 0.0
0.0 0.0 0.0 0.0 0.0 0.0
0.0 0.0 0.0 0.0 0.0 0.0
0.0 0.0 0.0 0.0 0.0 0.0

-1.9843725 -0.57044435 3.0610948 1.5878271 1.3507085 0.13292535
-2.328051 -0.76811564 -2.6551085 1.7287148 1.3816339 0.1460971
1.2434183 0.16876103 -0.9984986 1.657211 1.5299715 0.1338865
-1.4640272 0.62780076 2.9954765 1.7190545 1.3216687 0.13014525
0.0 0.0 0.0 0.0 0.0 0.0
0.0 0.0 0.0 0.0 0.0 0.0
0.0 0.0 0.0 0.0 0.0 0.0

-1.4109958 0.8996708 -0.035571486 -0.15542752 1.0602024 0.14417297
-1.5360243 -0.5905207 0.10494701 -0.24558695 1.1989805 0.13261697
-2.7807894 0.6948849 -0.992594 -0.1426963 1.1193073 0.13142946
1.9330082 0.6857318 2.8526003 0.3345787 0.9267236 0.14602682
1.97908 -0.18827192 2.6460361 0.08140565 1.0766466 0.14637128
0.9088921 -0.35678965 -2.6291955 -0.030955737 1.0234159 0.14785951
0.0 0.0 0.0 0.0 0.0 0.0

1.8233166 0.18367234 3.051452 0.97510755 1.1686703 0.13934256
0.0 0.0 0.0 0.0 0.0 0.0
0.0 0.0 0.0 0.0 0.0 0.0
0.0 0.0 0.0 0.0 0.0 0.0
0.0 0.0 0.0 0.0 0.0 0.0
0.0 0.0 0.0 0.0 0.0 0.0
0.0 0.0 0.0 0.0 0.0 0.0

2.2935257 0.28669196 1.2852433 -0.18141337 1.6518415 0.1339215
-2.3350973 0.98875135 -3.0505626 -0.2010612 1.532894 0.13899699
1.9859791 0.35729742 0.82351017 -0.23271845 1.3838284 0.14051971
-2.3919146 -0.6388019 -1.5907366 -0.20153074 1.6443759 0.13172664
2.075668 -1.3146385 0.20469402 -0.18983757 1.402362 0.13753267
0.0 0.0 0.0 0.0 0.0 0.0
0.0 0.0 0.0 0.0 0.0 0.0

1.2372541 -1.0311606 3.0155745 -0.14063428 0.9809984 0.13513389
2.3465354 0.9208385 3.0525627 -0.13071427 0.86448073 0.14821786
1.921813 -0.15211669 1.9192458 -0.24690041 0.88922644 0.1495266
2.3737295 -0.35254243 1.3961575 -0.2351254 0.83956414 0.1392607
1.6788689 -1.1082971 2.3537161 -0.100936234 1.0549035 0.14222066
0.0 0.0 0.0 0.0 0.0 0.0
0.0 0.0 0.0 0.0 0.0 0.0

1.5843409 0.48472416 -0.9678961 1.4395446 1.3510872 0.14138342
-1.9508494 0.81888163 2.4830983 1.7313104 1.1224803 0.13972965
2.2273421 0.68892366 -0.045027267 1.6740866 1.3029008 0.14765081
0.0 0.0 0.0 0.0 0.0 0.0
0.0 0.0 0.0 0.0 0.0 0.0
0.0 0.0 0.0 0.0 0.0 0.0
0.0 0.0 0.0 0.0 0.0 0.0

1.544469 0.57931846 2.8489232 -0.21106187 1.0476248 0.14061171
1.9261563 -1.0189862 2.364942 -0.19564037 1.0959975 0.14632075
0.0 0.0 0.0 0.0 0.0 0.0
0.0 0.0 0.0 0.0 0.0 0.0
0.0 0.0 0.0 0.0 0.0 0.0
0.0 0.0 0.0 0.0 0.0 0.0
0.0 0.0 0.0 0.0 0.0 0.0

1.0597092 0.32583398 -0.84355724 0.2476887 1.4434001 0.14367414
0.0 0.0 0.0 0.0 0.0 0.0
0.0 0.0 0.0 0.0 0.0 0.0
0.0 0.0 0.0 0.0 0.0 0.0
0.0 0.0 0.0 0.0 0.0 0.0
0.0 0.0 0.0 0.0 0.0 0.0
0.0 0.0 0.0 0.0 0.0 0.0

-2.857198 0.81655055 -1.4561101 1.2848568 0.971456 0.13809447
1.9945835 -0.38244033 1.8848114 1.6089737 0.9176062 0.1323484
0.0 0.0 0.0 0.0 0.0 0.0
0.0 0.0 0.0 0.0 0.0 0.0
0.0 0.0 0.0 0.0 0.0 0.0
0.0 0.0 0.0 0.0 0.0 0.0
0.0 0.0 0.0 0.0 0.0 0.0

-1.8038933 0.8056482 0.2312616 1.2378167 1.160278 0.13387278
0.0 0.0 0.0 0.0 0.0 0.0
0.0 0.0 0.0 0.0 0.0 0.0
0.0 0.0 0.0 0.0 0.0 0.0
0.0 0.0 0.0 0.0 0.0 0.0
0.0 0.0 0.0 0.0 0.0 0.0
0.0 0.0 0.0 0.0 0.0 0.0

2.462244 -0.5825048 -0.31957528 0.057214238 1.5011803 0.13144146
-1.9425813 0.7900593 2.841709 -0.09508771 1.2933768 0.13860497
1.670386 -0.72403914 0.8415282 0.415035 1.5914425 0.1402245
-1.6065111 0.32432744 -2.648364 0.2526507 1.3805443 0.13454431
2.1514392 -0.7533242 -0.37560654 -0.017899591 1.3152132 0.13040066
1.4764144 -0.19921397 0.12207923 -0.14630064 1.3234652 0.13949652
0.0 0.0 0.0 0.0 0.0 0.0

-2.064772 0.5820028 -0.6836834 0.2011998 1.0538951 0.14828914
2.567801 0.8402754 -3.1100776 0.34487665 0.8237565 0.13524497
0.0 0.0 0.0 0.0 0.0 0.0
0.0 0.0 0.0 0.0 0.0 0.0
0.0 0.0 0.0 0.0 0.0 0.0
0.0 0.0 0.0 0.0 0.0 0.0
0.0 0.0 0.0 0.0 0.0 0.0

1.9098389 -0.4916197 2.3860135 -0.040416636 1.0462453 0.14453274
0.0 0.0 0.0 0.0 0.0 0.0
0.0 0.0 0.0 0.0 0.0 0.0
0.0 0.0 0.0 0.0 0.0 0.0
0.0 0.0 0.0 0.0 0.0 0.0
0.0 0.0 0.0 0.0 0.0 0.0
0.0 0.0 0.0 0.0 0.0 0.0

-2.29291 -0.72894704 2.72983 -0.057879426 1.6449502 0.14712651
0.0 0.0 0.0 0.0 0.0 0.0
0.0 0.0 0.0 0.0 0.0 0.0
0.0 0.0 0.0 0.0 0.0 0.0
0.0 0.0 0.0 0.0 0.0 0.0
0.0 0.0 0.0 0.0 0.0 0.0
0.0 0.0 0.0 0.0 0.0 0.0

-1.234318 -1.0663124 -0.9034819 -0.058688063 0.8844161 0.13172346
1.8279043 -0.11198664 1.799404 -0.21285404 0.9362053 0.13754259
-1.990783 -1.2771451 -0.46020174 -0.03015442 0.903178 0.13638648
2.4278595 1.2474271 -3.0782924 -0.059410363 0.9133188 0.13971668
0.0 0.0 0.0 0.0 0.0 0.0
0.0 0.0 0.0 0.0 0.0 0.0
0.0 0.0 0.0 0.0 0.0 0.0

-2.5326855 -0.74963254 0.16479647 -0.21257333 1.0997269 0.14893803
1.5806504 0.38688204 2.5731118 -0.16813587 1.0463064 0.13191235
0.0 0.0 0.0 0.0 0.0 0.0
0.0 0.0 0.0 0.0 0.0 0.0
0.0 0.0 0.0 0.0 0.0 0.0
0.0 0.0 0.0 0.0 0.0 0.0
0.0 0.0 0.0 0.0 0.0 0.0

2.4641554 0.58455294 -1.9574746 1.5644131 1.0273293 0.13141704
-1.6572591 1.320931 0.6216258 1.1917547 0.9535408 0.1495272
2.1184473 0.7586826 -1.7585199 1.1245904 0.8745136 0.13902415
1.6576523 0.10275901 -2.850446 1.4059091 1.1191078 0.14180547
0.0 0.0 0.0 0.0 0.0 0.0
0.0 0.0 0.0 0.0 0.0 0.0
0.0 0.0 0.0 0.0 0.0 0.0

-1.929843 -0.20919675 0.63016164 1.6993291 1.0554514 0.13824056
2.0200858 0.9432436 -2.049937 1.6935756 1.0831907 0.1371674
0.0 0.0 0.0 0.0 0.0 0.0
0.0 0.0 0.0 0.0 0.0 0.0
0.0 0.0 0.0 0.0 0.0 0.0
0.0 0.0 0.0 0.0 0.0 0.0
0.0 0.0 0.0 0.0 0.0 0.0

-2.436403 1.4386251 1.6883061 1.2381994 1.4409583 0.14599663
1.2142286 -0.26905653 -0.025899433 1.3915274 1.4992231 0.14699581
0.0 0.0 0.0 0.0 0.0 0.0
0.0 0.0 0.0 0.0 0.0 0.0
0.0 0.0 0.0 0.0 0.0 0.0
0.0 0.0 0.0 0.0 0.0 0.0
0.0 0.0 0.0 0.0 0.0 0.0

2.4509106 -0.121344976 -2.1244543 1.6343468 1.5352446 0.1390793
1.9365381 0.40125674 -0.8331607 1.5276523 1.1752294 0.14013234
-2.5542724 -0.8523898 2.866589 1.6386223 1.2699215 0.13413572
2.5992966 -0.27361262 -1.8492329 1.7070656 1.1734766 0.14073002
0.0 0.0 0.0 0.0 0.0 0.0
0.0 0.0 0.0 0.0 0.0 0.0
0.0 0.0 0.0 0.0 0.0 0.0

-1.5762916 -1.0901057 -1.094839 0.08242907 0.88907224 0.14442353
2.2367353 0.41517323 2.6508424 -0.20876595 0.95388114 0.14555176
-2.2405908 0.18739349 -1.2224233 -0.20327747 0.8155114 0.13804053
1.9815913 0.3002659 3.0706484 -0.17265898 0.9828029 0.14592162
-1.4930657 0.5692597 -1.17816 0.0943467 0.8258948 0.13579805
0.0 0.0 0.0 0.0 0.0 0.0
0.0 0.0 0.0 0.0 0.0 0.0

-1.422942 -0.95387626 2.6929808 1.6105291 1.472635 0.13743539
0.0 0.0 0.0 0.0 0.0 0.0
0.0 0.0 0.0 0.0 0.0 0.0
0.0 0.0 0.0 0.0 0.0 0.0
0.0 0.0 0.0 0.0 0.0 0.0
0.0 0.0 0.0 0.0 0.0 0.0
0.0 0.0 0.0 0.0 0.0 0.0

1.9142106 -1.1769131 0.09152455 0.73442775 1.4758803 0.13411292
-2.167417 0.6483213 2.7312558 0.47621322 1.4138979 0.1365691
0.0 0.0 0.0 0.0 0.0 0.0
0.0 0.0 0.0 0.0 0.0 0.0
0.0 0.0 0.0 0.0 0.0 0.0
0.0 0.0 0.0 0.0 0.0 0.0
0.0 0.0 0.0 0.0 0.0 0.0

1.6682559 0.6388335 2.3794866 -0.027587207 0.971915 0.14411873
2.1053157 0.88586247 2.5943062 -0.2067688 0.804997 0.13607384
-1.9674526 0.45890042 -0.7948489 -0.19704814 1.0038978 0.14424114
0.0 0.0 0.0 0.0 0.0 0.0
0.0 0.0 0.0 0.0 0.0 0.0
0.0 0.0 0.0 0.0 0.0 0.0
0.0 0.0 0.0 0.0 0.0 0.0

2.584585 0.63149965 0.46074107 1.6614673 1.4914786 0.14069074
-2.0585861 -0.6322315 2.713596 1.32628 1.5606531 0.13220157
2.2940872 0.9628346 0.1127874 1.600828 1.5651069 0.14587343
1.7895277 0.6751656 -0.16911057 1.6239644 1.2927984 0.13373727
1.0945952 -0.24732967 0.1995237 1.5718466 1.5328933 0.13520826
0.0 0.0 0.0 0.0 0.0 0.0
0.0 0.0 0.0 0.0 0.0 0.0

-1.6545571 0.5208203 0.47099724 0.6759871 1.0356746 0.14734426
-2.1775577 1.1185943 0.18415874 0.76265526 1.096781 0.13503511
0.0 0.0 0.0 0.0 0.0 0.0
0.0 0.0 0.0 0.0 0.0 0.0
0.0 0.0 0.0 0.0 0.0 0.0
0.0 0.0 0.0 0.0 0.0 0.0
0.0 0.0 0.0 0.0 0.0 0.0

2.0376596 0.49192542 -3.0538273 1.4468303 1.1389502 0.13269539
-2.644881 0.5831783 -0.47617385 1.1670713 0.8276681 0.13494183
0.0 0.0 0.0 0.0 0.0 0.0
0.0 0.0 0.0 0.0 0.0 0.0
0.0 0.0 0.0 0.0 0.0 0.0
0.0 0.0 0.0 0.0 0.0 0.0
0.0 0.0 0.0 0.0 0.0 0.0

-2.2354882 -0.26036865 -1.1498135 -0.02912266 0.97476876 0.14005941
0.0 0.0 0.0 0.0 0.0 0.0
0.0 0.0 0.0 0.0 0.0 0.0
0.0 0.0 0.0 0.0 0.0 0.0
0.0 0.0 0.0 0.0 0.0 0.0
0.0 0.0 0.0 0.0 0.0 0.0
0.0 0.0 0.0 0.0 0.0 0.0

1.503538 -0.40397963 -0.3560399 1.267741 1.3725562 0.14641349
-1.4536533 -0.40684804 2.3952703 0.96399546 1.6131684 0.1384664
0.0 0.0 0.0 0.0 0.0 0.0
0.0 0.0 0.0 0.0 0.0 0.0
0.0 0.0 0.0 0.0 0.0 0.0
0.0 0.0 0.0 0.0 0.0 0.0
0.0 0.0 0.0 0.0 0.0 0.0

1.9266587 -0.15549222 0.96119237 -0.02543957 1.051909 0.14126001
0.0 0.0 0.0 0.0 0.0 0.0
0.0 0.0 0.0 0.0 0.0 0.0
0.0 0.0 0.0 0.0 0.0 0.0
0.0 0.0 0.0 0.0 0.0 0.0
0.0 0.0 0.0 0.0 0.0 0.0
0.0 0.0 0.0 0.0 0.0 0.0

2.0207708 -0.40657055 1.993538 1.2815032 0.8819152 0.13473096
0.0 0.0 0.0 0.0 0.0 0.0
0.0 0.0 0.0 0.0 0.0 0.0
0.0 0.0 0.0 0.0 0.0 0.0
0.0 0.0 0.0 0.0 0.0 0.0
0.0 0.0 0.0 0.0 0.0 0.0
0.0 0.0 0.0 0.0 0.0 0.0

-1.5284339 0.29399973 1.9820583 1.4466407 1.2185633 0.13210925
1.7889005 -0.38272902 -1.5848303 1.4238458 1.3829612 0.13620658
0.0 0.0 0.0 0.0 0.0 0.0
0.0 0.0 0.0 0.0 0.0 0.0
0.0 0.0 0.0 0.0 0.0 0.0
0.0 0.0 0.0 0.0 0.0 0.0
0.0 0.0 0.0 0.0 0.0 0.0

1.4843928 0.07600454 -1.3951378 1.665113 1.0524062 0.1474712
0.0 0.0 0.0 0.0 0.0 0.0
0.0 0.0 0.0 0.0 0.0 0.0
0.0 0.0 0.0 0.0 0.0 0.0
0.0 0.0 0.0 0.0 0.0 0.0
0.0 0.0 0.0 0.0 0.0 0.0
0.0 0.0 0.0 0.0 0.0 0.0

2.7254796 -0.36837465 2.0010755 1.1597441 0.868518 0.13428703
0.0 0.0 0.0 0.0 0.0 0.0
0.0 0.0 0.0 0.0 0.0 0.0
0.0 0.0 0.0 0.0 0.0 0.0
0.0 0.0 0.0 0.0 0.0 0.0
0.0 0.0 0.0 0.0 0.0 0.0
0.0 0.0 0.0 0.0 0.0 0.0

-2.7809687 -1.1612929 0.34055278 0.0673168 0.93417215 0.14109857
-1.6993611 -0.59661365 -0.44693583 -0.17841704 1.0517924 0.14337248
2.020833 -0.37917948 2.4149961 -0.13661295 1.1013085 0.13241765
0.99880046 0.42275473 1.4744555 -0.094537325 0.8424423 0.14882964
2.0797222 0.9939772 2.5055726 0.13721785 0.8211474 0.13012932
0.0 0.0 0.0 0.0 0.0 0.0
0.0 0.0 0.0 0.0 0.0 0.0

2.056257 0.1354817 -2.3209198 0.8271194 1.0300533 0.14689109
0.0 0.0 0.0 0.0 0.0 0.0
0.0 0.0 0.0 0.0 0.0 0.0
0.0 0.0 0.0 0.0 0.0 0.0
0.0 0.0 0.0 0.0 0.0 0.0
0.0 0.0 0.0 0.0 0.0 0.0
0.0 0.0 0.0 0.0 0.0 0.0

1.7257259 0.9789234 2.3712046 -0.17749287 0.9653544 0.13902977
-2.6205957 -0.8420899 -0.006578978 -0.19362156 1.0788388 0.13652651
0.0 0.0 0.0 0.0 0.0 0.0
0.0 0.0 0.0 0.0 0.0 0.0
0.0 0.0 0.0 0.0 0.0 0.0
0.0 0.0 0.0 0.0 0.0 0.0
0.0 0.0 0.0 0.0 0.0 0.0

1.3430126 -0.38392475 3.0336552 -0.1675183 1.1148814 0.13270675
2.6563368 1.0774727 -2.7906597 -0.2261719 1.0484169 0.13617486
2.5011013 -0.94736403 1.2604102 -0.043259557 1.0167149 0.14097483
0.0 0.0 0.0 0.0 0.0 0.0
0.0 0.0 0.0 0.0 0.0 0.0
0.0 0.0 0.0 0.0 0.0 0.0
0.0 0.0 0.0 0.0 0.0 0.0

-2.363826 0.59041655 -2.5940554 -0.09125453 1.1359743 0.13583018
2.031798 -0.31339505 0.35660598 -0.033076655 1.2035371 0.13924156
0.0 0.0 0.0 0.0 0.0 0.0
0.0 0.0 0.0 0.0 0.0 0.0
0.0 0.0 0.0 0.0 0.0 0.0
0.0 0.0 0.0 0.0 0.0 0.0
0.0 0.0 0.0 0.0 0.0 0.0

1.7074044 -0.11947863 2.2291818 1.5394404 0.95416147 0.14697163
0.0 0.0 0.0 0.0 0.0 0.0
0.0 0.0 0.0 0.0 0.0 0.0
0.0 0.0 0.0 0.0 0.0 0.0
0.0 0.0 0.0 0.0 0.0 0.0
0.0 0.0 0.0 0.0 0.0 0.0
0.0 0.0 0.0 0.0 0.0 0.0

1.7375939 -0.1427141 2.3635087 0.82873785 1.0671442 0.13631247
0.0 0.0 0.0 0.0 0.0 0.0
0.0 0.0 0.0 0.0 0.0 0.0
0.0 0.0 0.0 0.0 0.0 0.0
0.0 0.0 0.0 0.0 0.0 0.0
0.0 0.0 0.0 0.0 0.0 0.0
0.0 0.0 0.0 0.0 0.0 0.0

-1.9566973 -0.26830277 1.5844152 1.476735 1.3825264 0.13940121
1.7124252 -0.9047855 -1.6992018 1.3906105 1.1819875 0.14920864
-2.2018876 -0.851421 1.4627917 1.4634869 1.5321647 0.13731673
0.0 0.0 0.0 0.0 0.0 0.0
0.0 0.0 0.0 0.0 0.0 0.0
0.0 0.0 0.0 0.0 0.0 0.0
0.0 0.0 0.0 0.0 0.0 0.0

2.3224778 0.605012 0.022825748 1.3616387 1.646053 0.14087419
0.0 0.0 0.0 0.0 0.0 0.0
0.0 0.0 0.0 0.0 0.0 0.0
0.0 0.0 0.0 0.0 0.0 0.0
0.0 0.0 0.0 0.0 0.0 0.0
0.0 0.0 0.0 0.0 0.0 0.0
0.0 0.0 0.0 0.0 0.0 0.0

2.495838 -0.4120083 -1.7377951 1.5368625 1.1036031 0.14324336
2.4592948 -0.51608145 -1.5667205 1.7101461 1.1769581 0.13720588
0.0 0.0 0.0 0.0 0.0 0.0
0.0 0.0 0.0 0.0 0.0 0.0
0.0 0.0 0.0 0.0 0.0 0.0
0.0 0.0 0.0 0.0 0.0 0.0
0.0 0.0 0.0 0.0 0.0 0.0

1.5663918 -0.7441203 -2.0157988 1.5128354 1.1207327 0.13504317
1.8147904 -0.61762065 -2.4618592 1.535046 1.222483 0.13483694
0.94766635 0.33737326 -3.0077784 1.6664642 1.1583581 0.14567673
2.8764234 -0.82611287 2.9124467 1.7113196 0.92815447 0.13968952
0.0 0.0 0.0 0.0 0.0 0.0
0.0 0.0 0.0 0.0 0.0 0.0
0.0 0.0 0.0 0.0 0.0 0.0

2.2288916 0.06765264 -0.53681815 1.7288108 1.4287294 0.13830616
1.0371273 -0.029572932 -0.5761835 1.540518 1.6345009 0.14702784
-2.704101 0.9061547 0.9270787 1.4654415 1.6514633 0.13013865
0.0 0.0 0.0 0.0 0.0 0.0
0.0 0.0 0.0 0.0 0.0 0.0
0.0 0.0 0.0 0.0 0.0 0.0
0.0 0.0 0.0 0.0 0.0 0.0

2.280115 0.5429964 -2.3531492 1.2875419 0.9882168 0.1435067
-2.0333312 -0.23011956 0.7598831 1.152113 1.010743 0.13755271
2.1299663 -0.42298138 -2.9444373 1.2322142 1.0447701 0.13833344
0.0 0.0 0.0 0.0 0.0 0.0
0.0 0.0 0.0 0.0 0.0 0.0
0.0 0.0 0.0 0.0 0.0 0.0
0.0 0.0 0.0 0.0 0.0 0.0

-1.664541 0.57245237 -2.5223 -0.093490645 1.412287 0.13343728
1.4398311 -0.27855328 1.3139331 0.0057936637 1.5634611 0.13925822
0.0 0.0 0.0 0.0 0.0 0.0
0.0 0.0 0.0 0.0 0.0 0.0
0.0 0.0 0.0 0.0 0.0 0.0
0.0 0.0 0.0 0.0 0.0 0.0
0.0 0.0 0.0 0.0 0.0 0.0

1.6930394 0.1800082 2.885282 1.3175145 1.1457196 0.14385995
2.4558084 0.1437126 -2.9093285 1.3023053 0.98590255 0.1498437
0.0 0.0 0.0 0.0 0.0 0.0
0.0 0.0 0.0 0.0 0.0 0.0
0.0 0.0 0.0 0.0 0.0 0.0
0.0 0.0 0.0 0.0 0.0 0.0
0.0 0.0 0.0 0.0 0.0 0.0

2.0393252 -0.08119487 -2.7522707 -0.217724 1.0162994 0.13697955
0.0 0.0 0.0 0.0 0.0 0.0
0.0 0.0 0.0 0.0 0.0 0.0
0.0 0.0 0.0 0.0 0.0 0.0
0.0 0.0 0.0 0.0 0.0 0.0
0.0 0.0 0.0 0.0 0.0 0.0
0.0 0.0 0.0 0.0 0.0 0.0

2.0853853 -0.42472756 1.802175 0.018109247 0.9601435 0.14351657
-1.5139248 -0.9080685 -0.41862077 -0.22007445 1.318562 0.14952944
0.0 0.0 0.0 0.0 0.0 0.0
0.0 0.0 0.0 0.0 0.0 0.0
0.0 0.0 0.0 0.0 0.0 0.0
0.0 0.0 0.0 0.0 0.0 0.0
0.0 0.0 0.0 0.0 0.0 0.0

2.7109535 -0.84988797 1.8785567 1.3343021 0.93535966 0.14266598
1.7565974 -0.728649 2.874278 1.2846903 0.88681716 0.1475433
0.0 0.0 0.0 0.0 0.0 0.0
0.0 0.0 0.0 0.0 0.0 0.0
0.0 0.0 0.0 0.0 0.0 0.0
0.0 0.0 0.0 0.0 0.0 0.0
0.0 0.0 0.0 0.0 0.0 0.0

1.1510006 0.12731726 2.6309016 1.7101045 0.9670896 0.1398424
0.7539998 -0.62147355 -1.8673714 1.67931 0.9839879 0.13354804
0.0 0.0 0.0 0.0 0.0 0.0
0.0 0.0 0.0 0.0 0.0 0.0
0.0 0.0 0.0 0.0 0.0 0.0
0.0 0.0 0.0 0.0 0.0 0.0
0.0 0.0 0.0 0.0 0.0 0.0

2.4152565 0.34505892 -2.0534272 -0.16618975 1.0191901 0.13648096
0.0 0.0 0.0 0.0 0.0 0.0
0.0 0.0 0.0 0.0 0.0 0.0
0.0 0.0 0.0 0.0 0.0 0.0
0.0 0.0 0.0 0.0 0.0 0.0
0.0 0.0 0.0 0.0 0.0 0.0
0.0 0.0 0.0 0.0 0.0 0.0

-2.718486 -0.42214462 2.7478993 1.6338938 1.6461954 0.1408676
1.8122046 -0.10410727 -0.9620817 1.7385169 1.3509564 0.13125768
2.4902651 -0.5763286 -1.7473868 1.6756591 1.6273183 0.14563383
-1.749601 0.9051244 2.501689 1.6093807 1.381871 0.14929189
1.7070289 0.625792 -0.14926234 1.6353635 1.4283955 0.1300896
-1.8410583 0.3033954 2.2733803 1.5805507 1.405816 0.13922317
2.5286865 -0.21069717 -1.2149459 1.6116087 1.5434688 0.14949825

-1.7404839 0.98582727 -2.5181735 -0.117643975 1.3819916 0.13273472
1.7314506 0.43295008 0.7959151 -0.16060802 1.3370595 0.13415344
1.9915882 -0.6581981 0.67370605 -0.044036996 1.4954334 0.13036023
0.89053804 -0.98387367 1.8109717 -0.09971762 1.5105499 0.1460129
0.0 0.0 0.0 0.0 0.0 0.0
0.0 0.0 0.0 0.0 0.0 0.0
0.0 0.0 0.0 0.0 0.0 0.0

2.1795082 -0.04017472 -3.0777528 1.6710429 0.8234609 0.14048661
2.0784636 0.7011941 -2.3518918 1.3843665 0.87126315 0.14846061
1.9069556 -0.84731466 -2.8476424 1.4138693 0.9471513 0.14658362
-2.1791425 -0.8527014 0.6654527 1.6639197 1.0872478 0.13220927
0.0 0.0 0.0 0.0 0.0 0.0
0.0 0.0 0.0 0.0 0.0 0.0
0.0 0.0 0.0 0.0 0.0 0.0

-1.4624653 -0.22055484 -0.55922127 -0.1350009 1.0718447 0.14481443
-1.9093264 -0.32516038 -0.58318657 -0.0526576 1.0055532 0.14456098
-1.8398129 0.6212446 -0.6510668 -0.23607634 1.1462865 0.14074038
-1.9089711 0.8165979 -0.7640929 -0.2450041 1.1540823 0.13830371
2.0673559 -0.11738527 2.0462394 -0.17449556 0.9761846 0.14859413
-1.331172 0.65893924 -0.71310955 -0.17429644 1.0402254 0.13494706
0.0 0.0 0.0 0.0 0.0 0.0

-2.9804697 -0.74508893 -1.3798268 -0.05932031 1.5707988 0.13195442
0.0 0.0 0.0 0.0 0.0 0.0
0.0 0.0 0.0 0.0 0.0 0.0
0.0 0.0 0.0 0.0 0.0 0.0
0.0 0.0 0.0 0.0 0.0 0.0
0.0 0.0 0.0 0.0 0.0 0.0
0.0 0.0 0.0 0.0 0.0 0.0

2.7148712 0.9872938 1.3942697 0.5692118 1.588377 0.14931998
1.627246 0.15619382 -0.039670266 0.40478352 1.3206626 0.14386216
0.0 0.0 0.0 0.0 0.0 0.0
0.0 0.0 0.0 0.0 0.0 0.0
0.0 0.0 0.0 0.0 0.0 0.0
0.0 0.0 0.0 0.0 0.0 0.0
0.0 0.0 0.0 0.0 0.0 0.0

2.036545 -0.32868177 -0.34198278 0.12957115 1.3864758 0.13389352
2.2768157 -0.60204303 -0.90066564 0.056680094 1.5931848 0.1436456
2.3700583 0.0083741015 -0.075014 0.08305753 1.6011513 0.14514671
-2.0545623 0.83847255 2.3004756 -0.21743084 1.4742068 0.13867702
2.197973 0.42056507 0.85512376 0.19696732 1.5725503 0.14452873
0.0 0.0 0.0 0.0 0.0 0.0
0.0 0.0 0.0 0.0 0.0 0.0

-2.283012 0.28056446 -2.6069045 0.40043613 1.506415 0.13094184
1.8531096 0.47081527 0.43476558 0.17151345 1.6140918 0.14239396
0.0 0.0 0.0 0.0 0.0 0.0
0.0 0.0 0.0 0.0 0.0 0.0
0.0 0.0 0.0 0.0 0.0 0.0
0.0 0.0 0.0 0.0 0.0 0.0
0.0 0.0 0.0 0.0 0.0 0.0

2.0019896 -0.79489666 -0.8480326 0.13457763 1.4224263 0.13164328
2.1543784 0.14837186 1.013343 0.84434044 1.6492277 0.13527048
1.2827728 -0.5947006 0.83079344 0.5953597 1.4349048 0.13136962
0.0 0.0 0.0 0.0 0.0 0.0
0.0 0.0 0.0 0.0 0.0 0.0
0.0 0.0 0.0 0.0 0.0 0.0
0.0 0.0 0.0 0.0 0.0 0.0

0.91180336 1.0759645 -3.0886688 1.5926502 0.9880049 0.14701743
0.0 0.0 0.0 0.0 0.0 0.0
0.0 0.0 0.0 0.0 0.0 0.0
0.0 0.0 0.0 0.0 0.0 0.0
0.0 0.0 0.0 0.0 0.0 0.0
0.0 0.0 0.0 0.0 0.0 0.0
0.0 0.0 0.0 0.0 0.0 0.0

1.7003725 -0.38334486 -1.0010424 1.4965194 1.5207741 0.14102419
-2.4295125 0.35745975 1.8681861 1.619203 1.3497385 0.13855015
0.0 0.0 0.0 0.0 0.0 0.0
0.0 0.0 0.0 0.0 0.0 0.0
0.0 0.0 0.0 0.0 0.0 0.0
0.0 0.0 0.0 0.0 0.0 0.0
0.0 0.0 0.0 0.0 0.0 0.0

2.6925852 -0.72745687 -1.6493328 1.6716726 1.5311886 0.14040723
-2.1151924 0.3773627 2.2608786 1.5223948 1.5616395 0.14231391
0.0 0.0 0.0 0.0 0.0 0.0
0.0 0.0 0.0 0.0 0.0 0.0
0.0 0.0 0.0 0.0 0.0 0.0
0.0 0.0 0.0 0.0 0.0 0.0
0.0 0.0 0.0 0.0 0.0 0.0

1.8639808 0.713409 2.5202 0.17728771 0.8899797 0.13558121
1.7650626 0.7614995 3.0275912 0.033265512 0.99619365 0.13896261
0.0 0.0 0.0 0.0 0.0 0.0
0.0 0.0 0.0 0.0 0.0 0.0
0.0 0.0 0.0 0.0 0.0 0.0
0.0 0.0 0.0 0.0 0.0 0.0
0.0 0.0 0.0 0.0 0.0 0.0

2.038667 0.67017895 3.0853713 1.223093 1.1053475 0.13848203
-1.9348327 -0.75959194 -0.65101707 1.5935838 0.8265669 0.13603015
1.0645959 -0.12077337 -2.6096547 0.87056094 0.9187481 0.14796732
0.0 0.0 0.0 0.0 0.0 0.0
0.0 0.0 0.0 0.0 0.0 0.0
0.0 0.0 0.0 0.0 0.0 0.0
0.0 0.0 0.0 0.0 0.0 0.0

1.8325167 0.45574486 1.4590602 -0.008946515 1.343628 0.13249338
0.0 0.0 0.0 0.0 0.0 0.0
0.0 0.0 0.0 0.0 0.0 0.0
0.0 0.0 0.0 0.0 0.0 0.0
0.0 0.0 0.0 0.0 0.0 0.0
0.0 0.0 0.0 0.0 0.0 0.0
0.0 0.0 0.0 0.0 0.0 0.0

2.8295598 -0.64913696 -2.2537477 1.6321771 1.308162 0.14309725
2.3100147 0.17607617 2.8592541 1.7080308 1.6360283 0.13219506
-1.7720888 1.0955659 1.5547692 1.3450888 1.4169831 0.13451676
2.0886798 0.81830025 -0.34273186 1.7430749 0.9593647 0.13538565
-1.6597931 0.48805997 2.0185676 1.5621881 1.3912904 0.14237504
2.1661773 -0.48404035 -1.5690207 1.4728972 1.3611838 0.14984593
0.0 0.0 0.0 0.0 0.0 0.0

1.8910438 0.060485605 0.10487686 0.19122776 1.2782961 0.14195277
2.360157 -0.08199196 -0.26394698 0.04222581 1.6481961 0.13813978
-1.9207826 0.6897281 -3.0272098 0.16743204 1.48492 0.13669908
0.0 0.0 0.0 0.0 0.0 0.0
0.0 0.0 0.0 0.0 0.0 0.0
0.0 0.0 0.0 0.0 0.0 0.0
0.0 0.0 0.0 0.0 0.0 0.0

1.8109338 0.5246943 -2.4230402 1.5948092 0.86944133 0.1419448
0.0 0.0 0.0 0.0 0.0 0.0
0.0 0.0 0.0 0.0 0.0 0.0
0.0 0.0 0.0 0.0 0.0 0.0
0.0 0.0 0.0 0.0 0.0 0.0
0.0 0.0 0.0 0.0 0.0 0.0
0.0 0.0 0.0 0.0 0.0 0.0

1.48854 0.033729542 -1.4242288 1.5154097 1.2421257 0.14592661
2.4544902 -1.1123312 -2.137143 1.4344189 1.321278 0.13999237
1.6410494 0.20907164 -0.9322964 1.4264685 1.4161856 0.14885798
-2.1474528 0.27264947 1.4546436 1.4741212 1.5240661 0.1441648
-1.7280749 -0.6944839 2.0355995 1.6430092 1.4533085 0.14439051
-2.032385 0.17511435 1.6829305 1.414897 1.4296554 0.13623713
2.2763393 -0.8115051 -1.901087 1.453494 1.5539159 0.13335498

-1.4318246 0.51484716 0.63804984 0.6902083 0.9935834 0.13733192
0.0 0.0 0.0 0.0 0.0 0.0
0.0 0.0 0.0 0.0 0.0 0.0
0.0 0.0 0.0 0.0 0.0 0.0
0.0 0.0 0.0 0.0 0.0 0.0
0.0 0.0 0.0 0.0 0.0 0.0
0.0 0.0 0.0 0.0 0.0 0.0

2.1057394 0.17804071 1.7325137 -0.08215524 1.0534253 0.14211968
0.0 0.0 0.0 0.0 0.0 0.0
0.0 0.0 0.0 0.0 0.0 0.0
0.0 0.0 0.0 0.0 0.0 0.0
0.0 0.0 0.0 0.0 0.0 0.0
0.0 0.0 0.0 0.0 0.0 0.0
0.0 0.0 0.0 0.0 0.0 0.0

-2.921879 -0.99879557 -2.6586502 0.8680045 1.560571 0.14566858
2.7265985 -0.47067514 -2.162108 0.8652425 1.6526678 0.1438175
0.0 0.0 0.0 0.0 0.0 0.0
0.0 0.0 0.0 0.0 0.0 0.0
0.0 0.0 0.0 0.0 0.0 0.0
0.0 0.0 0.0 0.0 0.0 0.0
0.0 0.0 0.0 0.0 0.0 0.0

-2.0221746 0.58997077 -3.0447307 1.182995 1.4430885 0.13614869
-1.4420794 0.2810652 -2.617429 1.18647 1.5378246 0.1420767
0.85161805 0.67894346 -0.28835893 1.2405972 1.5358163 0.13598257
1.6955218 -0.29394528 0.8481285 1.416806 1.5343696 0.14064029
0.0 0.0 0.0 0.0 0.0 0.0
0.0 0.0 0.0 0.0 0.0 0.0
0.0 0.0 0.0 0.0 0.0 0.0

2.036237 -0.9493936 1.0245086 0.08989622 1.1750932 0.13813928
2.066785 -0.23630758 0.4272698 -0.09795737 1.0159824 0.13976493
0.0 0.0 0.0 0.0 0.0 0.0
0.0 0.0 0.0 0.0 0.0 0.0
0.0 0.0 0.0 0.0 0.0 0.0
0.0 0.0 0.0 0.0 0.0 0.0
0.0 0.0 0.0 0.0 0.0 0.0

-2.4169567 0.47559685 0.23684567 0.1629523 1.0110128 0.13862398
0.0 0.0 0.0 0.0 0.0 0.0
0.0 0.0 0.0 0.0 0.0 0.0
0.0 0.0 0.0 0.0 0.0 0.0
0.0 0.0 0.0 0.0 0.0 0.0
0.0 0.0 0.0 0.0 0.0 0.0
0.0 0.0 0.0 0.0 0.0 0.0

1.8742319 0.25633392 -0.7650503 1.6643742 1.2576938 0.14930582
1.7827291 -0.25664198 -0.6897634 1.7186794 1.1600555 0.13144177
-2.218882 -0.81946224 2.4149911 1.541828 1.4029241 0.14626963
1.5702959 -0.4951291 -0.95710546 1.5390816 1.3982601 0.14622022
2.16304 0.1729627 -0.7780694 1.7143817 1.370676 0.13765001
-2.0843115 -0.7804973 2.671678 1.6838583 1.3182446 0.14141321
0.0 0.0 0.0 0.0 0.0 0.0

-1.3601805 -1.0378277 2.158646 1.6168416 1.5359075 0.14526577
1.9936249 0.6459917 -0.34633756 1.7252972 1.4059618 0.13004862
1.8383951 0.28488278 -0.953959 1.5986906 1.5237468 0.1343263
2.772961 -1.0988616 -1.959081 1.6344701 1.5842632 0.13490716
2.1643553 0.26584783 -0.06492425 1.6747469 1.548481 0.13939852
0.0 0.0 0.0 0.0 0.0 0.0
0.0 0.0 0.0 0.0 0.0 0.0

-1.8414656 -0.5080158 -2.0488706 -0.07773167 1.6153033 0.14777754
2.024044 -0.5949264 0.054390952 -0.20924626 1.4625682 0.13876376
0.0 0.0 0.0 0.0 0.0 0.0
0.0 0.0 0.0 0.0 0.0 0.0
0.0 0.0 0.0 0.0 0.0 0.0
0.0 0.0 0.0 0.0 0.0 0.0
0.0 0.0 0.0 0.0 0.0 0.0

-1.3728045 -0.92218673 2.4696667 1.0132371 1.4357029 0.14973465
0.0 0.0 0.0 0.0 0.0 0.0
0.0 0.0 0.0 0.0 0.0 0.0
0.0 0.0 0.0 0.0 0.0 0.0
0.0 0.0 0.0 0.0 0.0 0.0
0.0 0.0 0.0 0.0 0.0 0.0
0.0 0.0 0.0 0.0 0.0 0.0

-1.7393017 -0.5567784 -2.5901184 1.034419 1.4466324 0.14293745
0.0 0.0 0.0 0.0 0.0 0.0
0.0 0.0 0.0 0.0 0.0 0.0
0.0 0.0 0.0 0.0 0.0 0.0
0.0 0.0 0.0 0.0 0.0 0.0
0.0 0.0 0.0 0.0 0.0 0.0
0.0 0.0 0.0 0.0 0.0 0.0

2.3329318 1.2843509 -0.89696336 1.3537458 1.1278553 0.13982615
0.0 0.0 0.0 0.0 0.0 0.0
0.0 0.0 0.0 0.0 0.0 0.0
0.0 0.0 0.0 0.0 0.0 0.0
0.0 0.0 0.0 0.0 0.0 0.0
0.0 0.0 0.0 0.0 0.0 0.0
0.0 0.0 0.0 0.0 0.0 0.0

-2.3162937 -0.17170876 2.4844398 1.7261877 1.5262871 0.13896146
1.763871 -0.43194452 -1.4001919 1.4876596 1.6054853 0.1491955
-2.0933127 -0.6029418 3.1007297 1.70388 1.3641931 0.1366927
-2.0336769 0.75567067 1.8095073 1.5369595 1.5552642 0.1325406
-2.0533998 -0.71141106 2.4358344 1.5391614 1.4941567 0.1320123
0.0 0.0 0.0 0.0 0.0 0.0
0.0 0.0 0.0 0.0 0.0 0.0

1.7760322 0.34582388 0.98337907 0.8225334 1.5677062 0.13873982
0.0 0.0 0.0 0.0 0.0 0.0
0.0 0.0 0.0 0.0 0.0 0.0
0.0 0.0 0.0 0.0 0.0 0.0
0.0 0.0 0.0 0.0 0.0 0.0
0.0 0.0 0.0 0.0 0.0 0.0
0.0 0.0 0.0 0.0 0.0 0.0

-2.1805415 0.41480774 -2.8229954 -0.1986804 1.6368238 0.14189176
2.302462 -0.3137263 0.4526631 -0.16233483 1.5450864 0.13147043
1.8586862 -0.21067396 -0.13475236 -0.11153597 1.4576735 0.14532009
1.3350577 -1.0399704 1.4690932 0.029087238 1.6225059 0.1490988
0.0 0.0 0.0 0.0 0.0 0.0
0.0 0.0 0.0 0.0 0.0 0.0
0.0 0.0 0.0 0.0 0.0 0.0

1.7731634 -0.6101632 -1.1516094 0.49217355 1.4381781 0.14119048
0.0 0.0 0.0 0.0 0.0 0.0
0.0 0.0 0.0 0.0 0.0 0.0
0.0 0.0 0.0 0.0 0.0 0.0
0.0 0.0 0.0 0.0 0.0 0.0
0.0 0.0 0.0 0.0 0.0 0.0
0.0 0.0 0.0 0.0 0.0 0.0

-1.3613073 1.0084399 -0.23789753 1.4579574 1.119117 0.13333115
2.130606 0.39809993 -2.716025 1.1618718 1.0350852 0.1384444
-1.7414579 0.47924134 -0.20947538 1.3195586 1.1673214 0.14293583
-1.7209666 1.0398569 -0.2320365 1.1131978 1.1451309 0.13653563
2.7328641 -0.68965673 1.451921 1.4916443 0.83966017 0.13466051
0.0 0.0 0.0 0.0 0.0 0.0
0.0 0.0 0.0 0.0 0.0 0.0

2.3696346 -0.45167696 -0.866661 1.4599152 1.4858017 0.1342768
0.95746326 0.18209048 -0.7354471 1.2561541 1.5271982 0.14231095
0.0 0.0 0.0 0.0 0.0 0.0
0.0 0.0 0.0 0.0 0.0 0.0
0.0 0.0 0.0 0.0 0.0 0.0
0.0 0.0 0.0 0.0 0.0 0.0
0.0 0.0 0.0 0.0 0.0 0.0

1.8201936 0.122082815 2.382054 0.49884486 1.0094093 0.1329643
0.0 0.0 0.0 0.0 0.0 0.0
0.0 0.0 0.0 0.0 0.0 0.0
0.0 0.0 0.0 0.0 0.0 0.0
0.0 0.0 0.0 0.0 0.0 0.0
0.0 0.0 0.0 0.0 0.0 0.0
0.0 0.0 0.0 0.0 0.0 0.0

-1.9325558 -0.6101231 -1.3119907 0.043619297 1.2594861 0.14121412
0.0 0.0 0.0 0.0 0.0 0.0
0.0 0.0 0.0 0.0 0.0 0.0
0.0 0.0 0.0 0.0 0.0 0.0
0.0 0.0 0.0 0.0 0.0 0.0
0.0 0.0 0.0 0.0 0.0 0.0
0.0 0.0 0.0 0.0 0.0 0.0

-2.3767176 -0.25795048 -0.2239448 1.5171679 0.8857568 0.13845707
0.0 0.0 0.0 0.0 0.0 0.0
0.0 0.0 0.0 0.0 0.0 0.0
0.0 0.0 0.0 0.0 0.0 0.0
0.0 0.0 0.0 0.0 0.0 0.0
0.0 0.0 0.0 0.0 0.0 0.0
0.0 0.0 0.0 0.0 0.0 0.0

1.2625608 0.9745727 0.31680813 -0.12619597 1.4541986 0.1327803
-1.9553249 -0.07142113 -2.4665654 -0.15711612 1.435405 0.13696507
1.4937917 0.54458594 0.7890177 -0.10872567 1.4555244 0.14953656
1.6082147 0.0010224674 0.80134165 -0.08108136 1.4938399 0.13913545
0.0 0.0 0.0 0.0 0.0 0.0
0.0 0.0 0.0 0.0 0.0 0.0
0.0 0.0 0.0 0.0 0.0 0.0

-2.4103448 -0.6135011 -0.22433396 -0.18916915 1.5135752 0.13585028
0.0 0.0 0.0 0.0 0.0 0.0
0.0 0.0 0.0 0.0 0.0 0.0
0.0 0.0 0.0 0.0 0.0 0.0
0.0 0.0 0.0 0.0 0.0 0.0
0.0 0.0 0.0 0.0 0.0 0.0
0.0 0.0 0.0 0.0 0.0 0.0

1.3009431 0.7022349 -0.72526336 1.2148939 1.6408 0.14259358
1.8405199 0.052300666 0.041658513 1.3025945 1.4083056 0.14649722
-1.4377178 -0.74417865 2.8472772 1.2896765 1.3248401 0.14099948
0.0 0.0 0.0 0.0 0.0 0.0
0.0 0.0 0.0 0.0 0.0 0.0
0.0 0.0 0.0 0.0 0.0 0.0
0.0 0.0 0.0 0.0 0.0 0.0

2.2569568 0.37652886 -2.7887354 -0.14458762 0.88691247 0.14412534
1.4590728 -0.7040747 -3.1136618 -0.20839223 1.026826 0.14996871
-1.4399503 -0.39325288 -0.35835233 -0.061179727 1.1055882 0.14616819
0.0 0.0 0.0 0.0 0.0 0.0
0.0 0.0 0.0 0.0 0.0 0.0
0.0 0.0 0.0 0.0 0.0 0.0
0.0 0.0 0.0 0.0 0.0 0.0

1.53382 0.42649502 2.195714 0.13634384 0.87640864 0.1490401
0.0 0.0 0.0 0.0 0.0 0.0
0.0 0.0 0.0 0.0 0.0 0.0
0.0 0.0 0.0 0.0 0.0 0.0
0.0 0.0 0.0 0.0 0.0 0.0
0.0 0.0 0.0 0.0 0.0 0.0
0.0 0.0 0.0 0.0 0.0 0.0

2.4006424 0.7088775 1.7768675 -0.08914348 1.5662835 0.13985088
2.2613297 -0.19592315 0.6048299 -0.24801436 1.5253584 0.14981297
-1.588883 0.8728882 -2.4627948 -5.3890733e-05 1.5667322 0.13857158
-1.7299095 0.62693506 -2.611934 -0.03572148 1.4754322 0.1442894
0.0 0.0 0.0 0.0 0.0 0.0
0.0 0.0 0.0 0.0 0.0 0.0
0.0 0.0 0.0 0.0 0.0 0.0

1.2070291 0.23638603 -2.4655902 1.5409341 0.95319563 0.14845869
-2.464709 -0.5708446 1.943131 1.6744344 0.9594392 0.13463911
-1.6758657 0.59638363 1.2947966 1.4234116 0.8761871 0.14796393
0.0 0.0 0.0 0.0 0.0 0.0
0.0 0.0 0.0 0.0 0.0 0.0
0.0 0.0 0.0 0.0 0.0 0.0
0.0 0.0 0.0 0.0 0.0 0.0

2.5535576 0.8755048 -0.68919486 1.4212166 1.4750124 0.14643799
1.7571632 0.048977446 -0.4226391 1.5193073 1.2929819 0.13688318
-2.4641125 -0.80538356 2.544164 1.5074402 1.4452436 0.14722289
0.0 0.0 0.0 0.0 0.0 0.0
0.0 0.0 0.0 0.0 0.0 0.0
0.0 0.0 0.0 0.0 0.0 0.0
0.0 0.0 0.0 0.0 0.0 0.0

-1.6114099 -0.4906987 1.0128825 1.5981143 1.0967869 0.14010003
0.0 0.0 0.0 0.0 0.0 0.0
0.0 0.0 0.0 0.0 0.0 0.0
0.0 0.0 0.0 0.0 0.0 0.0
0.0 0.0 0.0 0.0 0.0 0.0
0.0 0.0 0.0 0.0 0.0 0.0
0.0 0.0 0.0 0.0 0.0 0.0

2.6308873 -0.77910626 1.8506823 -0.18859857 0.8938628 0.13609593
-1.6056882 0.88583595 -0.54108477 -0.10262481 1.0126096 0.14759798
-2.0266945 0.6311502 -1.041308 0.008836737 0.98806494 0.14083336
1.7063819 0.12903498 2.7819364 0.113306604 0.8196699 0.13136423
-2.5083182 0.33712846 -0.7789962 -0.107251406 0.896308 0.13441393
2.0330617 -0.5915219 2.5444913 -0.13226783 0.9854159 0.14624757
0.0 0.0 0.0 0.0 0.0 0.0

1.097701 -0.19599715 -2.862435 0.8522462 1.0724777 0.14896649
2.5401182 -0.3245192 1.7139093 1.1674336 0.88009953 0.14620942
1.6196221 -0.062965326 2.9892688 1.0891259 1.0868912 0.1330133
0.0 0.0 0.0 0.0 0.0 0.0
0.0 0.0 0.0 0.0 0.0 0.0
0.0 0.0 0.0 0.0 0.0 0.0
0.0 0.0 0.0 0.0 0.0 0.0

1.7422099 -0.3147674 0.6512891 -0.13788573 1.3702135 0.14308922
-2.440043 0.8804965 3.0190363 -0.12547608 1.4164104 0.1370125
2.324683 0.78002065 1.6311287 0.02178288 1.593462 0.1379056
1.7666588 -1.0275955 0.8957969 -0.06564943 1.4560294 0.14383045
0.0 0.0 0.0 0.0 0.0 0.0
0.0 0.0 0.0 0.0 0.0 0.0
0.0 0.0 0.0 0.0 0.0 0.0

2.7872615 1.0873449 -2.4223785 1.388408 0.9675625 0.14325929
0.0 0.0 0.0 0.0 0.0 0.0
0.0 0.0 0.0 0.0 0.0 0.0
0.0 0.0 0.0 0.0 0.0 0.0
0.0 0.0 0.0 0.0 0.0 0.0
0.0 0.0 0.0 0.0 0.0 0.0
0.0 0.0 0.0 0.0 0.0 0.0

-1.5647442 0.5663007 -0.7132754 -0.12852052 1.1095629 0.14345115
0.0 0.0 0.0 0.0 0.0 0.0
0.0 0.0 0.0 0.0 0.0 0.0
0.0 0.0 0.0 0.0 0.0 0.0
0.0 0.0 0.0 0.0 0.0 0.0
0.0 0.0 0.0 0.0 0.0 0.0
0.0 0.0 0.0 0.0 0.0 0.0

2.4297185 -0.67813367 -1.6302187 1.7066791 1.3807642 0.13866058
2.6915424 0.86035794 0.1631316 1.7031546 1.4798952 0.13135876
-2.464118 -0.3896458 2.5455294 1.7479392 1.623856 0.14882429
1.9862794 0.5639032 -0.56900644 1.594285 1.3749835 0.14888498
0.0 0.0 0.0 0.0 0.0 0.0
0.0 0.0 0.0 0.0 0.0 0.0
0.0 0.0 0.0 0.0 0.0 0.0

2.479703 0.7258795 -1.6856757 1.0861031 0.80350536 0.13876458
-1.7628105 -0.6758105 0.83459663 0.8852425 0.8680434 0.13602588
1.1894464 -0.58249676 -2.201099 1.2697225 0.8316395 0.14762379
-1.3860799 0.99578124 0.28160828 1.3226357 0.9702955 0.13731095
1.7664587 0.09942975 -2.7286494 1.1728551 1.1143496 0.13534169
0.0 0.0 0.0 0.0 0.0 0.0
0.0 0.0 0.0 0.0 0.0 0.0

-1.3822083 -1.2117703 -0.935336 -0.1908637 1.2432649 0.14743611
0.0 0.0 0.0 0.0 0.0 0.0
0.0 0.0 0.0 0.0 0.0 0.0
0.0 0.0 0.0 0.0 0.0 0.0
0.0 0.0 0.0 0.0 0.0 0.0
0.0 0.0 0.0 0.0 0.0 0.0
0.0 0.0 0.0 0.0 0.0 0.0

2.4244196 0.95008016 -0.7118584 1.4753957 1.0356367 0.13793243
0.0 0.0 0.0 0.0 0.0 0.0
0.0 0.0 0.0 0.0 0.0 0.0
0.0 0.0 0.0 0.0 0.0 0.0
0.0 0.0 0.0 0.0 0.0 0.0
0.0 0.0 0.0 0.0 0.0 0.0
0.0 0.0 0.0 0.0 0.0 0.0

2.2221532 0.3213127 1.8561273 -0.17690565 1.4494745 0.13508643
0.0 0.0 0.0 0.0 0.0 0.0
0.0 0.0 0.0 0.0 0.0 0.0
0.0 0.0 0.0 0.0 0.0 0.0
0.0 0.0 0.0 0.0 0.0 0.0
0.0 0.0 0.0 0.0 0.0 0.0
0.0 0.0 0.0 0.0 0.0 0.0

1.7531751 0.5269431 -1.8888386 1.5911995 1.4933685 0.14049503
2.262192 0.49422073 -1.311829 1.5569894 1.284659 0.13549349
2.0354018 0.019868676 -1.2858396 1.4262823 1.1509079 0.14736407
0.0 0.0 0.0 0.0 0.0 0.0
0.0 0.0 0.0 0.0 0.0 0.0
0.0 0.0 0.0 0.0 0.0 0.0
0.0 0.0 0.0 0.0 0.0 0.0

-2.6357386 -1.1889653 2.0456066 1.4726523 0.835694 0.14837225
1.5657816 -0.031756204 -2.040104 1.5412595 0.91611135 0.14905803
1.5224999 -0.6852117 -2.0128198 1.5274758 0.86223537 0.13449699
-1.9447073 0.6640842 0.6032422 1.6805489 0.9888555 0.13627529
-2.2357104 0.95349604 0.023972875 1.6777188 0.9793025 0.1446824
1.7087765 -0.15043795 -2.6595933 1.6655514 1.0727164 0.13969973
-1.7786603 0.9704526 1.0999141 1.4994608 0.83415645 0.13193014

2.9189768 0.4025954 -2.6310122 -0.24089062 0.88852984 0.13376738
1.5357676 -0.99376935 2.3023896 -0.13413131 0.8574392 0.1406666
-1.5117418 -0.6555242 -0.8779403 -0.03705716 1.0243213 0.13588686
2.0277698 -0.7214688 1.2864288 0.03861397 0.8620524 0.1323398
2.4348512 0.35515082 -2.9399426 -0.23618814 1.0319579 0.14549674
0.0 0.0 0.0 0.0 0.0 0.0
0.0 0.0 0.0 0.0 0.0 0.0

2.0430553 0.13839202 -0.90092444 1.136641 1.6327851 0.14104684
0.0 0.0 0.0 0.0 0.0 0.0
0.0 0.0 0.0 0.0 0.0 0.0
0.0 0.0 0.0 0.0 0.0 0.0
0.0 0.0 0.0 0.0 0.0 0.0
0.0 0.0 0.0 0.0 0.0 0.0
0.0 0.0 0.0 0.0 0.0 0.0

2.193303 -0.35064784 0.64233077 -0.06996798 1.5328133 0.14530754
-2.6585302 -1.1157955 -1.5599953 -0.20176311 1.3349618 0.14509678
1.6567429 0.652898 0.9784807 0.08046162 1.5896344 0.1414644
0.0 0.0 0.0 0.0 0.0 0.0
0.0 0.0 0.0 0.0 0.0 0.0
0.0 0.0 0.0 0.0 0.0 0.0
0.0 0.0 0.0 0.0 0.0 0.0

2.3239048 -1.0770324 1.8128217 -0.1589703 1.0259292 0.13517936
2.3847709 -0.5108097 1.2402443 -0.07226313 0.8158155 0.13703747
-1.583476 0.6918568 -0.6880637 -0.0705447 0.8940972 0.14082776
-1.7167803 0.50759 -0.59792966 -0.111443155 0.9916104 0.13663493
2.0248413 -0.35965773 2.1620097 -0.045734107 0.8276404 0.14981578
0.0 0.0 0.0 0.0 0.0 0.0
0.0 0.0 0.0 0.0 0.0 0.0

-2.2841594 -0.5417919 -0.0711287 1.7212511 0.89163136 0.14980684
0.0 0.0 0.0 0.0 0.0 0.0
0.0 0.0 0.0 0.0 0.0 0.0
0.0 0.0 0.0 0.0 0.0 0.0
0.0 0.0 0.0 0.0 0.0 0.0
0.0 0.0 0.0 0.0 0.0 0.0
0.0 0.0 0.0 0.0 0.0 0.0

-1.3691466 -0.2223594 -0.9704868 0.024428029 1.432623 0.14633603
0.0 0.0 0.0 0.0 0.0 0.0
0.0 0.0 0.0 0.0 0.0 0.0
0.0 0.0 0.0 0.0 0.0 0.0
0.0 0.0 0.0 0.0 0.0 0.0
0.0 0.0 0.0 0.0 0.0 0.0
0.0 0.0 0.0 0.0 0.0 0.0

-1.8190548 -0.16893484 0.895199 1.3746265 0.97206014 0.13582723
-1.6164074 -1.2579337 0.99217707 1.2956712 0.8678479 0.14210217
1.4572519 0.6585189 -2.447167 1.3499033 0.92293847 0.14359565
0.0 0.0 0.0 0.0 0.0 0.0
0.0 0.0 0.0 0.0 0.0 0.0
0.0 0.0 0.0 0.0 0.0 0.0
0.0 0.0 0.0 0.0 0.0 0.0

2.5039935 0.7576908 0.30396545 -0.21093476 1.4977047 0.14955626
-2.0765834 0.660448 2.6910124 -0.14520243 1.4240109 0.1352906
0.80080783 -0.40824085 0.79576266 0.15940598 1.4575508 0.13606608
0.0 0.0 0.0 0.0 0.0 0.0
0.0 0.0 0.0 0.0 0.0 0.0
0.0 0.0 0.0 0.0 0.0 0.0
0.0 0.0 0.0 0.0 0.0 0.0

-1.4610789 -0.98185426 -2.9108543 0.06068159 1.567146 0.14815837
-1.5494597 -1.0189865 -2.6806622 0.2967223 1.3599919 0.13824259
-2.541478 1.0230252 2.577637 0.2057612 1.4037062 0.14108096
-2.597965 0.9855834 2.4523487 0.096963316 1.3554301 0.13223916
-1.9936912 -0.3693071 -2.8822818 0.036818996 1.4581726 0.14589772
0.0 0.0 0.0 0.0 0.0 0.0
0.0 0.0 0.0 0.0 0.0 0.0

-1.6301749 -1.2176555 -2.5766973 -0.10926071 1.334309 0.14060692
-1.670057 0.86009437 -2.8833697 -0.13282062 1.4008241 0.13613318
0.0 0.0 0.0 0.0 0.0 0.0
0.0 0.0 0.0 0.0 0.0 0.0
0.0 0.0 0.0 0.0 0.0 0.0
0.0 0.0 0.0 0.0 0.0 0.0
0.0 0.0 0.0 0.0 0.0 0.0

2.595458 -0.9490892 0.024576312 -0.1908687 1.2859883 0.13903947
0.0 0.0 0.0 0.0 0.0 0.0
0.0 0.0 0.0 0.0 0.0 0.0
0.0 0.0 0.0 0.0 0.0 0.0
0.0 0.0 0.0 0.0 0.0 0.0
0.0 0.0 0.0 0.0 0.0 0.0
0.0 0.0 0.0 0.0 0.0 0.0

-2.8840525 -0.72647643 -2.8106391 0.19517076 1.6396532 0.13103311
0.0 0.0 0.0 0.0 0.0 0.0
0.0 0.0 0.0 0.0 0.0 0.0
0.0 0.0 0.0 0.0 0.0 0.0
0.0 0.0 0.0 0.0 0.0 0.0
0.0 0.0 0.0 0.0 0.0 0.0
0.0 0.0 0.0 0.0 0.0 0.0

1.8310668 0.3590347 -1.3834764 1.4667555 0.98053855 0.135943
0.0 0.0 0.0 0.0 0.0 0.0
0.0 0.0 0.0 0.0 0.0 0.0
0.0 0.0 0.0 0.0 0.0 0.0
0.0 0.0 0.0 0.0 0.0 0.0
0.0 0.0 0.0 0.0 0.0 0.0
0.0 0.0 0.0 0.0 0.0 0.0

-2.2073512 0.48841494 -2.4928796 -0.077477954 1.5240699 0.1390751
0.0 0.0 0.0 0.0 0.0 0.0
0.0 0.0 0.0 0.0 0.0 0.0
0.0 0.0 0.0 0.0 0.0 0.0
0.0 0.0 0.0 0.0 0.0 0.0
0.0 0.0 0.0 0.0 0.0 0.0
0.0 0.0 0.0 0.0 0.0 0.0

1.6568867 -0.4210019 -2.7064292 1.4882991 1.052272 0.13645816
1.5817157 -0.55520654 -2.7943838 1.4809431 1.0385305 0.13905574
0.8259452 -0.7503296 -1.9184812 1.7382895 0.9101082 0.14518812
0.0 0.0 0.0 0.0 0.0 0.0
0.0 0.0 0.0 0.0 0.0 0.0
0.0 0.0 0.0 0.0 0.0 0.0
0.0 0.0 0.0 0.0 0.0 0.0

-2.1586103 -0.3397402 -0.44660926 -0.11469373 1.3135518 0.14051254
-2.0624259 0.62796706 -1.176283 -0.15197237 1.1388664 0.14343746
1.237883 0.16507068 1.3689474 0.05929007 0.8341498 0.13152134
0.0 0.0 0.0 0.0 0.0 0.0
0.0 0.0 0.0 0.0 0.0 0.0
0.0 0.0 0.0 0.0 0.0 0.0
0.0 0.0 0.0 0.0 0.0 0.0

2.1763797 -0.52071476 -0.9267616 1.7467116 1.4299759 0.14037104
0.0 0.0 0.0 0.0 0.0 0.0
0.0 0.0 0.0 0.0 0.0 0.0
0.0 0.0 0.0 0.0 0.0 0.0
0.0 0.0 0.0 0.0 0.0 0.0
0.0 0.0 0.0 0.0 0.0 0.0
0.0 0.0 0.0 0.0 0.0 0.0

1.5283382 -0.7689329 -1.964928 1.6604936 0.9234506 0.14326487
2.526684 0.8666087 -1.4600685 1.7467197 0.8161326 0.13800743
-2.0492444 -0.0400795 0.8155528 1.662617 0.9177478 0.13340405
-1.9039437 0.10410907 0.7277708 1.6424377 0.9207292 0.1395596
-2.1547902 -0.56641304 1.0467857 1.6672302 0.9836135 0.13677122
0.0 0.0 0.0 0.0 0.0 0.0
0.0 0.0 0.0 0.0 0.0 0.0

-2.0741682 -0.98307014 1.2739087 1.7084867 0.91115755 0.13850115
1.5169377 0.8648907 -2.3628817 1.6379684 0.9066275 0.13126577
0.0 0.0 0.0 0.0 0.0 0.0
0.0 0.0 0.0 0.0 0.0 0.0
0.0 0.0 0.0 0.0 0.0 0.0
0.0 0.0 0.0 0.0 0.0 0.0
0.0 0.0 0.0 0.0 0.0 0.0

1.6123781 -0.15698367 0.31477043 0.0678913 1.5018505 0.14046438
0.0 0.0 0.0 0.0 0.0 0.0
0.0 0.0 0.0 0.0 0.0 0.0
0.0 0.0 0.0 0.0 0.0 0.0
0.0 0.0 0.0 0.0 0.0 0.0
0.0 0.0 0.0 0.0 0.0 0.0
0.0 0.0 0.0 0.0 0.0 0.0

1.9966251 -0.42940062 -1.5340129 1.428588 1.5777062 0.14976159
1.3399638 -1.3075701 -1.1714565 1.4407152 1.5732625 0.13700965
0.0 0.0 0.0 0.0 0.0 0.0
0.0 0.0 0.0 0.0 0.0 0.0
0.0 0.0 0.0 0.0 0.0 0.0
0.0 0.0 0.0 0.0 0.0 0.0
0.0 0.0 0.0 0.0 0.0 0.0

-2.6309834 -0.73725545 -1.4256169 -0.08100275 1.4904085 0.14590295
1.3699509 0.2643348 0.6563747 -0.110656574 1.3201463 0.13012393
0.0 0.0 0.0 0.0 0.0 0.0
0.0 0.0 0.0 0.0 0.0 0.0
0.0 0.0 0.0 0.0 0.0 0.0
0.0 0.0 0.0 0.0 0.0 0.0
0.0 0.0 0.0 0.0 0.0 0.0

-2.7167149 -0.8748154 0.36213392 0.13252766 0.8213753 0.14614868
1.7642331 0.42728853 2.996037 0.05882514 1.1415315 0.14201503
0.0 0.0 0.0 0.0 0.0 0.0
0.0 0.0 0.0 0.0 0.0 0.0
0.0 0.0 0.0 0.0 0.0 0.0
0.0 0.0 0.0 0.0 0.0 0.0
0.0 0.0 0.0 0.0 0.0 0.0

2.2242775 0.47516635 0.57363296 0.21756342 1.5831624 0.13380583
2.5016387 -0.8386576 -1.6218692 -0.1772199 1.5421351 0.14015263
0.0 0.0 0.0 0.0 0.0 0.0
0.0 0.0 0.0 0.0 0.0 0.0
0.0 0.0 0.0 0.0 0.0 0.0
0.0 0.0 0.0 0.0 0.0 0.0
0.0 0.0 0.0 0.0 0.0 0.0

-1.8011098 -1.2114817 -0.80871916 1.4711246 0.8193272 0.13303545
0.0 0.0 0.0 0.0 0.0 0.0
0.0 0.0 0.0 0.0 0.0 0.0
0.0 0.0 0.0 0.0 0.0 0.0
0.0 0.0 0.0 0.0 0.0 0.0
0.0 0.0 0.0 0.0 0.0 0.0
0.0 0.0 0.0 0.0 0.0 0.0

1.6376497 0.4481944 2.4311957 -0.20786114 0.9847646 0.13221428
0.0 0.0 0.0 0.0 0.0 0.0
0.0 0.0 0.0 0.0 0.0 0.0
0.0 0.0 0.0 0.0 0.0 0.0
0.0 0.0 0.0 0.0 0.0 0.0
0.0 0.0 0.0 0.0 0.0 0.0
0.0 0.0 0.0 0.0 0.0 0.0

1.4811178 -0.34364074 0.9941292 0.053167406 1.6198223 0.13772906
1.4849001 0.01914949 0.08771903 -0.16907032 1.4907634 0.14649902
2.3926284 0.63126045 1.498269 -0.23595366 1.5041034 0.1304055
0.0 0.0 0.0 0.0 0.0 0.0
0.0 0.0 0.0 0.0 0.0 0.0
0.0 0.0 0.0 0.0 0.0 0.0
0.0 0.0 0.0 0.0 0.0 0.0

1.3563344 1.2687069 -0.9489279 1.4034137 1.5281512 0.13655482
1.8664608 -1.018859 -0.6632696 1.5454545 1.3899075 0.13991308
0.0 0.0 0.0 0.0 0.0 0.0
0.0 0.0 0.0 0.0 0.0 0.0
0.0 0.0 0.0 0.0 0.0 0.0
0.0 0.0 0.0 0.0 0.0 0.0
0.0 0.0 0.0 0.0 0.0 0.0

2.6940992 -0.77409065 -1.0346729 1.5961032 1.6324353 0.14211443
1.7787288 -0.6451545 -0.36784184 1.5792588 1.5347594 0.13141887
2.4828982 -0.03953968 -0.9165214 1.389994 1.6246884 0.140339
0.0 0.0 0.0 0.0 0.0 0.0
0.0 0.0 0.0 0.0 0.0 0.0
0.0 0.0 0.0 0.0 0.0 0.0
0.0 0.0 0.0 0.0 0.0 0.0

2.0690973 0.6799576 -2.1717172 1.6721433 1.015871 0.13174659
1.4841349 0.43668535 -2.7619162 1.667518 1.008204 0.13768947
2.271655 -0.58173174 -3.1324112 1.6660738 0.9179319 0.13380457
1.9370953 0.43676215 -2.4103029 1.6042404 0.9583122 0.1379772
-2.1973457 0.8603907 0.1610365 1.4994403 0.8117904 0.14549132
0.0 0.0 0.0 0.0 0.0 0.0
0.0 0.0 0.0 0.0 0.0 0.0

-1.8054914 1.231227 -2.525061 -0.031600196 1.1800771 0.1469932
1.9407359 -1.3183551 0.8133311 0.08722054 1.3159288 0.13928592
0.0 0.0 0.0 0.0 0.0 0.0
0.0 0.0 0.0 0.0 0.0 0.0
0.0 0.0 0.0 0.0 0.0 0.0
0.0 0.0 0.0 0.0 0.0 0.0
0.0 0.0 0.0 0.0 0.0 0.0

1.873068 0.82705003 3.032915 -0.042765148 1.1379336 0.14059766
-2.7611587 0.09631584 -1.4986635 -0.06065387 0.8799889 0.14457543
0.0 0.0 0.0 0.0 0.0 0.0
0.0 0.0 0.0 0.0 0.0 0.0
0.0 0.0 0.0 0.0 0.0 0.0
0.0 0.0 0.0 0.0 0.0 0.0
0.0 0.0 0.0 0.0 0.0 0.0

2.170694 -0.22426449 -2.599362 1.7463439 0.8116401 0.13892707
1.8213097 -0.74929863 -2.3095489 1.4274416 0.81932735 0.13460061
1.5618603 0.9319568 -2.5124876 1.6284616 1.0028437 0.14600188
0.0 0.0 0.0 0.0 0.0 0.0
0.0 0.0 0.0 0.0 0.0 0.0
0.0 0.0 0.0 0.0 0.0 0.0
0.0 0.0 0.0 0.0 0.0 0.0

-2.0900066 1.1931651 -0.99097335 -0.21861686 1.0671312 0.14450586
0.0 0.0 0.0 0.0 0.0 0.0
0.0 0.0 0.0 0.0 0.0 0.0
0.0 0.0 0.0 0.0 0.0 0.0
0.0 0.0 0.0 0.0 0.0 0.0
0.0 0.0 0.0 0.0 0.0 0.0
0.0 0.0 0.0 0.0 0.0 0.0

1.5660273 0.5423224 0.27174708 1.3955954 1.2997103 0.13556276
1.7140763 -0.17088327 0.21772332 1.454209 1.3685749 0.14086501
-2.1789234 0.97680414 2.827054 1.4339567 1.3794963 0.14276826
-2.1712492 -0.48604697 -2.25298 1.4218428 1.4344019 0.14881746
0.0 0.0 0.0 0.0 0.0 0.0
0.0 0.0 0.0 0.0 0.0 0.0
0.0 0.0 0.0 0.0 0.0 0.0

1.958475 0.32107982 -3.0266395 -0.1640996 0.9180956 0.14386831
1.8997903 1.2750769 3.0582454 -0.16383435 1.090383 0.14064659
0.0 0.0 0.0 0.0 0.0 0.0
0.0 0.0 0.0 0.0 0.0 0.0
0.0 0.0 0.0 0.0 0.0 0.0
0.0 0.0 0.0 0.0 0.0 0.0
0.0 0.0 0.0 0.0 0.0 0.0

-1.8872519 0.30653378 0.7212931 1.6426693 0.9323067 0.14202663
1.6426617 0.08454613 -2.3904111 1.6748962 0.9772369 0.13050368
1.6767666 0.28399953 -2.420406 1.6688321 0.97861975 0.13892435
0.0 0.0 0.0 0.0 0.0 0.0
0.0 0.0 0.0 0.0 0.0 0.0
0.0 0.0 0.0 0.0 0.0 0.0
0.0 0.0 0.0 0.0 0.0 0.0

2.4958963 -0.39068234 -1.021299 1.4472522 1.5391996 0.1398498
0.0 0.0 0.0 0.0 0.0 0.0
0.0 0.0 0.0 0.0 0.0 0.0
0.0 0.0 0.0 0.0 0.0 0.0
0.0 0.0 0.0 0.0 0.0 0.0
0.0 0.0 0.0 0.0 0.0 0.0
0.0 0.0 0.0 0.0 0.0 0.0

1.4965149 -0.2833962 2.0408173 -0.1034087 0.9767359 0.1328984
0.0 0.0 0.0 0.0 0.0 0.0
0.0 0.0 0.0 0.0 0.0 0.0
0.0 0.0 0.0 0.0 0.0 0.0
0.0 0.0 0.0 0.0 0.0 0.0
0.0 0.0 0.0 0.0 0.0 0.0
0.0 0.0 0.0 0.0 0.0 0.0

-1.7258837 -0.64111483 -2.5184762 1.3862813 1.4074119 0.14822204
1.0151525 -0.13758507 1.4668546 1.3139608 1.6371932 0.1371253
1.7483068 -0.6510872 -0.3533887 0.7629068 1.3868946 0.14630336
0.0 0.0 0.0 0.0 0.0 0.0
0.0 0.0 0.0 0.0 0.0 0.0
0.0 0.0 0.0 0.0 0.0 0.0
0.0 0.0 0.0 0.0 0.0 0.0

2.062869 -0.1752059 1.6987282 -0.057773046 0.97609574 0.13763487
1.299343 0.5050235 1.5289421 0.070663944 0.9418256 0.13241568
2.1727884 -0.36493123 1.8693843 -0.059819385 1.0770122 0.14438301
0.0 0.0 0.0 0.0 0.0 0.0
0.0 0.0 0.0 0.0 0.0 0.0
0.0 0.0 0.0 0.0 0.0 0.0
0.0 0.0 0.0 0.0 0.0 0.0

-1.5094079 -0.7457596 0.7385088 1.563976 0.9311126 0.13131268
1.9000489 0.3241064 -1.9722981 1.5351982 0.90310556 0.13203093
2.4967494 -0.18505102 -2.5466292 1.6187515 0.8420094 0.14777492
1.7665251 -0.88924575 -2.6719723 1.7385857 0.8645783 0.14921013
1.9654722 1.1626327 -1.7885578 1.4678648 0.82820857 0.13903032
2.1462612 -0.8766537 -3.0691526 1.6150423 0.9301164 0.14193028
0.0 0.0 0.0 0.0 0.0 0.0

1.5891379 0.6231191 2.4791923 1.0750414 0.9103103 0.13429412
0.0 0.0 0.0 0.0 0.0 0.0
0.0 0.0 0.0 0.0 0.0 0.0
0.0 0.0 0.0 0.0 0.0 0.0
0.0 0.0 0.0 0.0 0.0 0.0
0.0 0.0 0.0 0.0 0.0 0.0
0.0 0.0 0.0 0.0 0.0 0.0

-1.6222608 -0.6695594 -1.0507134 0.056078915 1.3034484 0.1477882
0.0 0.0 0.0 0.0 0.0 0.0
0.0 0.0 0.0 0.0 0.0 0.0
0.0 0.0 0.0 0.0 0.0 0.0
0.0 0.0 0.0 0.0 0.0 0.0
0.0 0.0 0.0 0.0 0.0 0.0
0.0 0.0 0.0 0.0 0.0 0.0

-1.8767684 -0.8187548 -1.7590001 -0.050307285 1.5487028 0.14631338
0.0 0.0 0.0 0.0 0.0 0.0
0.0 0.0 0.0 0.0 0.0 0.0
0.0 0.0 0.0 0.0 0.0 0.0
0.0 0.0 0.0 0.0 0.0 0.0
0.0 0.0 0.0 0.0 0.0 0.0
0.0 0.0 0.0 0.0 0.0 0.0

-1.4474117 -0.5407051 2.5790327 1.6380817 1.3316019 0.1463896
-2.2300084 -0.6622365 -2.9296288 1.6967943 1.376072 0.14550096
0.0 0.0 0.0 0.0 0.0 0.0
0.0 0.0 0.0 0.0 0.0 0.0
0.0 0.0 0.0 0.0 0.0 0.0
0.0 0.0 0.0 0.0 0.0 0.0
0.0 0.0 0.0 0.0 0.0 0.0

1.5272423 -0.06978221 2.0850518 0.030515656 1.5672891 0.13561305
1.8474671 -0.22863722 2.1377041 0.029953914 1.5983737 0.14805491
1.6504265 0.15726693 1.8113667 -0.06398084 1.1479545 0.14575301
0.0 0.0 0.0 0.0 0.0 0.0
0.0 0.0 0.0 0.0 0.0 0.0
0.0 0.0 0.0 0.0 0.0 0.0
0.0 0.0 0.0 0.0 0.0 0.0

2.5939972 0.75472945 -1.6467717 1.7441306 0.929266 0.13503921
-2.692047 -0.7987415 1.8009807 1.7333425 0.8851697 0.13111521
-2.3524935 0.7766662 0.3657354 1.73519 0.8880421 0.14601517
-2.3205826 -0.5988379 1.1852857 1.7232721 0.9626924 0.13531524
0.0 0.0 0.0 0.0 0.0 0.0
0.0 0.0 0.0 0.0 0.0 0.0
0.0 0.0 0.0 0.0 0.0 0.0

-2.3529196 -1.0171102 -0.22494254 -0.098589435 1.0118235 0.1489934
2.0980499 -0.541041 2.0271976 -0.04370133 0.83264565 0.13756707
-1.8871384 -0.46679282 -0.710251 -0.07674415 0.9508478 0.1421199
1.5164932 -0.91768515 2.6804104 -0.23540692 1.1010036 0.141399
0.0 0.0 0.0 0.0 0.0 0.0
0.0 0.0 0.0 0.0 0.0 0.0
0.0 0.0 0.0 0.0 0.0 0.0

2.2543895 0.049414344 1.3637837 -0.23917705 1.2250701 0.13697563
1.5736104 -0.4168774 1.1805569 -0.14295839 1.2082169 0.13908575
1.7764735 -0.6649017 0.672769 -0.025756476 1.2193525 0.13257022
2.1462 0.13847391 1.4306154 -0.011768186 1.4600053 0.13922781
2.188598 -0.6116452 0.31286764 -0.17546248 1.1308714 0.14583957
0.0 0.0 0.0 0.0 0.0 0.0
0.0 0.0 0.0 0.0 0.0 0.0

2.0235481 -0.19124584 2.992244 0.86461127 1.0437934 0.13208915
0.0 0.0 0.0 0.0 0.0 0.0
0.0 0.0 0.0 0.0 0.0 0.0
0.0 0.0 0.0 0.0 0.0 0.0
0.0 0.0 0.0 0.0 0.0 0.0
0.0 0.0 0.0 0.0 0.0 0.0
0.0 0.0 0.0 0.0 0.0 0.0

-2.2491164 0.9665774 0.3286674 0.88998777 0.9802916 0.13359931
1.5852412 0.42367435 -3.0046265 1.2086111 1.1611589 0.14426109
0.0 0.0 0.0 0.0 0.0 0.0
0.0 0.0 0.0 0.0 0.0 0.0
0.0 0.0 0.0 0.0 0.0 0.0
0.0 0.0 0.0 0.0 0.0 0.0
0.0 0.0 0.0 0.0 0.0 0.0

2.3910658 0.16444218 -1.9614723 1.5029202 0.81395036 0.13754621
2.676343 -1.1358097 2.7397587 1.5690864 0.84012467 0.14766836
0.0 0.0 0.0 0.0 0.0 0.0
0.0 0.0 0.0 0.0 0.0 0.0
0.0 0.0 0.0 0.0 0.0 0.0
0.0 0.0 0.0 0.0 0.0 0.0
0.0 0.0 0.0 0.0 0.0 0.0

1.9233575 0.67844105 1.5107365 -0.07173201 1.4900161 0.1404381
0.0 0.0 0.0 0.0 0.0 0.0
0.0 0.0 0.0 0.0 0.0 0.0
0.0 0.0 0.0 0.0 0.0 0.0
0.0 0.0 0.0 0.0 0.0 0.0
0.0 0.0 0.0 0.0 0.0 0.0
0.0 0.0 0.0 0.0 0.0 0.0

1.5660312 0.20034204 -1.453265 1.3782617 1.4946699 0.13231148
-1.9175487 0.83625776 1.6270914 1.5442349 1.3203449 0.13093108
2.6504803 0.41818243 0.11495401 1.7233645 1.1997359 0.1426251
0.0 0.0 0.0 0.0 0.0 0.0
0.0 0.0 0.0 0.0 0.0 0.0
0.0 0.0 0.0 0.0 0.0 0.0
0.0 0.0 0.0 0.0 0.0 0.0

1.5043751 -0.26089543 -0.82271737 1.5472388 1.6145424 0.1394716
-1.6362312 -0.22255903 2.2905354 1.4594246 1.5876317 0.14057367
2.3134837 -0.30607834 -1.3956058 1.6167318 1.4892839 0.1325762
1.3555821 0.5584341 -1.3760759 1.3085432 1.6344354 0.13219774
-2.0536914 0.7974705 1.7384319 1.3191078 1.5763038 0.13172902
2.3195891 0.12455559 0.64062804 1.6863616 1.5064366 0.13192259
1.7220417 -0.57220894 -0.87409467 1.3459923 1.5221503 0.13094059

-2.36701 -0.85924846 2.9087017 1.5485497 1.6403664 0.14819984
1.8952026 0.5621192 -0.53275985 1.582078 1.5423036 0.14989679
1.472066 0.20870954 -0.51588756 1.6453906 1.3630468 0.14909492
1.611366 -0.35218638 -0.72937137 1.5763528 1.403492 0.13140386
-2.2983294 -0.52335423 2.8393035 1.589295 1.5361995 0.14098656
-2.0733461 -1.1003819 2.787369 1.6295084 1.452691 0.14114411
2.0838225 0.46834785 -0.69393647 1.5947917 1.6278042 0.13257761

-2.2230425 -0.97618514 1.0175095 1.7419074 0.9185553 0.13534075
2.3304884 0.62743336 -2.0980668 1.7074485 1.0294298 0.14843598
-1.7380967 -1.1343855 0.7848244 1.5932205 0.9450135 0.13147137
1.2486956 -0.70742005 -1.5703183 1.5288745 0.82117635 0.13320091
-1.6583027 -0.6469394 0.5692889 1.7476166 1.0645164 0.1336383
-1.8647441 -0.9285988 1.0588971 1.5345329 0.9248892 0.13749015
1.7545241 0.56716275 -2.1341283 1.4697468 0.83354676 0.13980125

1.838146 0.70936817 -3.135558 1.7442344 1.031992 0.14081632
0.0 0.0 0.0 0.0 0.0 0.0
0.0 0.0 0.0 0.0 0.0 0.0
0.0 0.0 0.0 0.0 0.0 0.0
0.0 0.0 0.0 0.0 0.0 0.0
0.0 0.0 0.0 0.0 0.0 0.0
0.0 0.0 0.0 0.0 0.0 0.0

2.1313312 -1.0257914 -0.91812843 1.1216892 1.3783704 0.13751109
-2.2664893 -1.084471 2.8801644 0.89159596 1.5596933 0.13781033
-2.3553612 0.75421935 1.7883279 1.012043 1.5662102 0.13142504
-2.7652426 -0.069304936 3.105774 1.2398381 1.5363797 0.14191861
2.2322755 0.4632671 0.32719487 1.5956897 1.2931137 0.14218716
0.0 0.0 0.0 0.0 0.0 0.0
0.0 0.0 0.0 0.0 0.0 0.0

-1.6888987 -1.0131714 2.3062444 0.51800245 1.5441768 0.14954506
0.0 0.0 0.0 0.0 0.0 0.0
0.0 0.0 0.0 0.0 0.0 0.0
0.0 0.0 0.0 0.0 0.0 0.0
0.0 0.0 0.0 0.0 0.0 0.0
0.0 0.0 0.0 0.0 0.0 0.0
0.0 0.0 0.0 0.0 0.0 0.0

2.082242 0.6831167 -0.67969656 1.6881717 1.5592631 0.14270544
0.0 0.0 0.0 0.0 0.0 0.0
0.0 0.0 0.0 0.0 0.0 0.0
0.0 0.0 0.0 0.0 0.0 0.0
0.0 0.0 0.0 0.0 0.0 0.0
0.0 0.0 0.0 0.0 0.0 0.0
0.0 0.0 0.0 0.0 0.0 0.0

2.3309317 0.63588405 0.16336645 0.44226813 1.4583895 0.14324696
2.9063265 -0.07282234 -1.199311 0.5060864 1.5822837 0.14580414
0.0 0.0 0.0 0.0 0.0 0.0
0.0 0.0 0.0 0.0 0.0 0.0
0.0 0.0 0.0 0.0 0.0 0.0
0.0 0.0 0.0 0.0 0.0 0.0
0.0 0.0 0.0 0.0 0.0 0.0

-2.7205486 0.8499222 2.6566632 1.680529 1.530821 0.14755583
0.0 0.0 0.0 0.0 0.0 0.0
0.0 0.0 0.0 0.0 0.0 0.0
0.0 0.0 0.0 0.0 0.0 0.0
0.0 0.0 0.0 0.0 0.0 0.0
0.0 0.0 0.0 0.0 0.0 0.0
0.0 0.0 0.0 0.0 0.0 0.0

-1.780432 0.57948315 2.0566263 1.6524179 1.3602803 0.13584751
-2.090194 -0.26619142 2.3565693 1.5255855 1.4471017 0.1406628
1.9197866 0.27378005 -0.4128022 1.5870082 1.3685117 0.13257383
2.4139953 0.9484211 0.16527905 1.7467614 1.2533299 0.13211541
-2.3304484 1.0050766 1.9009789 1.7086048 1.2968285 0.13043207
0.0 0.0 0.0 0.0 0.0 0.0
0.0 0.0 0.0 0.0 0.0 0.0

2.2128801 0.7124562 -2.6223059 -0.15818335 1.0715616 0.14206928
0.0 0.0 0.0 0.0 0.0 0.0
0.0 0.0 0.0 0.0 0.0 0.0
0.0 0.0 0.0 0.0 0.0 0.0
0.0 0.0 0.0 0.0 0.0 0.0
0.0 0.0 0.0 0.0 0.0 0.0
0.0 0.0 0.0 0.0 0.0 0.0

-2.8984945 -0.9871961 0.47909236 -0.15446475 0.86562717 0.14021668
0.0 0.0 0.0 0.0 0.0 0.0
0.0 0.0 0.0 0.0 0.0 0.0
0.0 0.0 0.0 0.0 0.0 0.0
0.0 0.0 0.0 0.0 0.0 0.0
0.0 0.0 0.0 0.0 0.0 0.0
0.0 0.0 0.0 0.0 0.0 0.0

1.584821 0.45649266 -1.4448458 1.4399093 1.1524398 0.14286208
0.0 0.0 0.0 0.0 0.0 0.0
0.0 0.0 0.0 0.0 0.0 0.0
0.0 0.0 0.0 0.0 0.0 0.0
0.0 0.0 0.0 0.0 0.0 0.0
0.0 0.0 0.0 0.0 0.0 0.0
0.0 0.0 0.0 0.0 0.0 0.0

2.112108 -0.64050585 1.645889 -0.063407235 0.80840296 0.1389048
1.5649469 0.06508396 2.6983418 -0.13048504 1.0057034 0.14724967
-2.226474 -0.51501787 -0.49140128 -0.03326928 0.83775496 0.14455417
2.0986495 -0.7160441 2.0865848 -0.13753974 0.9506563 0.14571238
0.0 0.0 0.0 0.0 0.0 0.0
0.0 0.0 0.0 0.0 0.0 0.0
0.0 0.0 0.0 0.0 0.0 0.0

2.3433123 -0.33125192 1.6987946 -0.060570236 0.9510213 0.13365076
-2.078702 -0.74978137 -0.5609275 0.22830759 0.8225869 0.14449905
0.0 0.0 0.0 0.0 0.0 0.0
0.0 0.0 0.0 0.0 0.0 0.0
0.0 0.0 0.0 0.0 0.0 0.0
0.0 0.0 0.0 0.0 0.0 0.0
0.0 0.0 0.0 0.0 0.0 0.0

2.2911174 -0.36933967 2.8610322 1.7032852 0.9835141 0.13348174
2.1426003 0.50659925 -2.0913143 1.291793 0.92074585 0.13986492
-2.5450664 -0.52789843 0.980591 1.623583 0.8238674 0.13579349
-1.7947484 -0.35961813 0.91853917 1.2713512 0.93490183 0.14803164
2.210089 0.2442896 -2.4879 1.6599249 0.8318182 0.13445072
0.0 0.0 0.0 0.0 0.0 0.0
0.0 0.0 0.0 0.0 0.0 0.0

-1.8401786 -0.6298665 -1.1061622 -0.026334215 1.090627 0.14750211
0.0 0.0 0.0 0.0 0.0 0.0
0.0 0.0 0.0 0.0 0.0 0.0
0.0 0.0 0.0 0.0 0.0 0.0
0.0 0.0 0.0 0.0 0.0 0.0
0.0 0.0 0.0 0.0 0.0 0.0
0.0 0.0 0.0 0.0 0.0 0.0

1.8879758 -0.33919215 -2.2763553 1.6877288 1.0701119 0.14755642
-1.788108 -0.84391165 1.6640056 1.3940591 1.0397278 0.13040891
0.0 0.0 0.0 0.0 0.0 0.0
0.0 0.0 0.0 0.0 0.0 0.0
0.0 0.0 0.0 0.0 0.0 0.0
0.0 0.0 0.0 0.0 0.0 0.0
0.0 0.0 0.0 0.0 0.0 0.0

1.7556219 -0.109683946 3.0668986 0.9610213 0.9725964 0.13251567
-2.552345 -0.9726167 0.8611139 0.90537465 1.1499041 0.14154139
1.9681461 -0.21831669 2.8910127 1.0717801 1.0956302 0.14655909
-2.2009525 -0.8671283 0.66838086 0.85799414 0.9160453 0.1308114
2.215942 -0.16072468 1.7958014 1.3524617 0.8428563 0.14824174
0.0 0.0 0.0 0.0 0.0 0.0
0.0 0.0 0.0 0.0 0.0 0.0

-2.2101667 -1.0372704 2.8584836 1.5953593 1.4310824 0.13705258
-2.3624392 -1.0106068 -3.0365422 1.7474182 1.4309021 0.13716888
0.0 0.0 0.0 0.0 0.0 0.0
0.0 0.0 0.0 0.0 0.0 0.0
0.0 0.0 0.0 0.0 0.0 0.0
0.0 0.0 0.0 0.0 0.0 0.0
0.0 0.0 0.0 0.0 0.0 0.0

2.3838797 0.219188 -2.8425796 -0.15759833 0.97773737 0.14386015
1.6323241 0.83889747 2.331353 0.23008135 0.9943625 0.13474976
2.0115986 1.1336442 -3.0084548 0.01031166 1.1435914 0.13144243
0.0 0.0 0.0 0.0 0.0 0.0
0.0 0.0 0.0 0.0 0.0 0.0
0.0 0.0 0.0 0.0 0.0 0.0
0.0 0.0 0.0 0.0 0.0 0.0

2.7214892 0.77676946 -0.43957266 1.4147005 0.9145833 0.14501143
0.0 0.0 0.0 0.0 0.0 0.0
0.0 0.0 0.0 0.0 0.0 0.0
0.0 0.0 0.0 0.0 0.0 0.0
0.0 0.0 0.0 0.0 0.0 0.0
0.0 0.0 0.0 0.0 0.0 0.0
0.0 0.0 0.0 0.0 0.0 0.0

2.2821183 1.2521025 3.0930495 -0.0930389 1.3117063 0.1360026
1.675017 0.017141823 2.7600443 -0.1847053 1.337333 0.13564709
-1.759299 -0.8040466 -1.0354893 -0.05090359 0.85022074 0.13291526
0.0 0.0 0.0 0.0 0.0 0.0
0.0 0.0 0.0 0.0 0.0 0.0
0.0 0.0 0.0 0.0 0.0 0.0
0.0 0.0 0.0 0.0 0.0 0.0

2.368294 0.5093046 1.2383586 1.0829866 1.4532392 0.13435203
0.0 0.0 0.0 0.0 0.0 0.0
0.0 0.0 0.0 0.0 0.0 0.0
0.0 0.0 0.0 0.0 0.0 0.0
0.0 0.0 0.0 0.0 0.0 0.0
0.0 0.0 0.0 0.0 0.0 0.0
0.0 0.0 0.0 0.0 0.0 0.0

1.6257367 -0.12490763 -1.2008173 1.4792813 1.3346615 0.13646285
-2.389211 -0.94286793 2.8666496 1.4710003 1.2528577 0.14604884
0.0 0.0 0.0 0.0 0.0 0.0
0.0 0.0 0.0 0.0 0.0 0.0
0.0 0.0 0.0 0.0 0.0 0.0
0.0 0.0 0.0 0.0 0.0 0.0
0.0 0.0 0.0 0.0 0.0 0.0

0.848439 -0.8105377 -1.4158254 1.52862 0.8699198 0.149915
-2.168112 1.1078571 0.024851277 1.6170845 1.0860366 0.14934917
1.6120875 -0.20374073 -2.175715 1.4716971 0.94339424 0.14057982
1.7401073 0.35631704 -2.66672 1.7467083 1.1785216 0.13360783
-2.624162 0.93367136 -0.021018853 1.4851607 0.9120449 0.14120218
2.645351 0.6472083 -1.4121107 1.6635094 1.0174229 0.14253533
2.765686 -1.1612473 2.7262619 1.5892817 1.010557 0.14504838

2.0290504 0.7344816 1.8500049 0.09414544 1.4679712 0.13778575
-1.9600605 0.32876903 -1.9782152 0.008808142 1.3392537 0.13051806
-2.3661766 -1.0850846 -1.2573186 0.027283417 1.453387 0.13091718
1.4664282 -0.07288955 1.0088527 0.0071792398 1.238176 0.1362249
0.0 0.0 0.0 0.0 0.0 0.0
0.0 0.0 0.0 0.0 0.0 0.0
0.0 0.0 0.0 0.0 0.0 0.0

-2.7145839 0.74504584 1.3600425 0.2548822 1.6129727 0.14764953
0.0 0.0 0.0 0.0 0.0 0.0
0.0 0.0 0.0 0.0 0.0 0.0
0.0 0.0 0.0 0.0 0.0 0.0
0.0 0.0 0.0 0.0 0.0 0.0
0.0 0.0 0.0 0.0 0.0 0.0
0.0 0.0 0.0 0.0 0.0 0.0

2.7584994 -0.8041387 -0.9071767 1.5051652 1.562894 0.1301557
1.271308 -0.29954475 0.87857616 1.7442479 1.3997751 0.14925998
-2.201043 -0.48388594 -2.9453773 1.1416587 1.3684305 0.13959324
2.0075362 0.104641356 0.3192832 1.4817088 1.3689092 0.13276847
0.0 0.0 0.0 0.0 0.0 0.0
0.0 0.0 0.0 0.0 0.0 0.0
0.0 0.0 0.0 0.0 0.0 0.0

-2.639527 0.7972484 -0.5053959 0.7815775 1.0865561 0.14060013
-2.4226012 0.60151815 -0.40576258 0.85620654 1.1276404 0.14338331
0.0 0.0 0.0 0.0 0.0 0.0
0.0 0.0 0.0 0.0 0.0 0.0
0.0 0.0 0.0 0.0 0.0 0.0
0.0 0.0 0.0 0.0 0.0 0.0
0.0 0.0 0.0 0.0 0.0 0.0

2.1078496 0.27951846 -2.509395 0.33191907 1.0242682 0.14844102
0.0 0.0 0.0 0.0 0.0 0.0
0.0 0.0 0.0 0.0 0.0 0.0
0.0 0.0 0.0 0.0 0.0 0.0
0.0 0.0 0.0 0.0 0.0 0.0
0.0 0.0 0.0 0.0 0.0 0.0
0.0 0.0 0.0 0.0 0.0 0.0

2.4789412 -0.051789526 -0.39865297 -0.08452905 1.6507362 0.13371032
0.0 0.0 0.0 0.0 0.0 0.0
0.0 0.0 0.0 0.0 0.0 0.0
0.0 0.0 0.0 0.0 0.0 0.0
0.0 0.0 0.0 0.0 0.0 0.0
0.0 0.0 0.0 0.0 0.0 0.0
0.0 0.0 0.0 0.0 0.0 0.0

2.7046647 1.2096946 -2.6499631 -0.025355093 0.98214203 0.14462893
2.1354232 0.050360613 3.0748093 -0.23095846 0.89925724 0.13574676
0.0 0.0 0.0 0.0 0.0 0.0
0.0 0.0 0.0 0.0 0.0 0.0
0.0 0.0 0.0 0.0 0.0 0.0
0.0 0.0 0.0 0.0 0.0 0.0
0.0 0.0 0.0 0.0 0.0 0.0

-1.7738252 -0.86479294 -2.1142457 -0.08690824 1.249679 0.14397787
0.0 0.0 0.0 0.0 0.0 0.0
0.0 0.0 0.0 0.0 0.0 0.0
0.0 0.0 0.0 0.0 0.0 0.0
0.0 0.0 0.0 0.0 0.0 0.0
0.0 0.0 0.0 0.0 0.0 0.0
0.0 0.0 0.0 0.0 0.0 0.0

-0.96125156 -1.4553969 2.1394446 1.5305841 1.3387003 0.14269243
-2.4509416 0.60355943 2.0498552 1.5852238 1.6310581 0.13543034
2.3852718 -0.70104426 -1.0139576 1.5519081 1.441144 0.14154978
2.2515318 0.81721747 0.29063007 1.7353746 1.3071113 0.13872065
0.0 0.0 0.0 0.0 0.0 0.0
0.0 0.0 0.0 0.0 0.0 0.0
0.0 0.0 0.0 0.0 0.0 0.0

1.9796271 -0.43089685 -2.2779958 1.4907358 0.9708402 0.13155575
2.407963 -0.40294406 -2.9217288 1.7261044 0.89493626 0.13237286
2.2796426 0.53488576 -2.1524904 1.662471 1.0332013 0.13765654
1.9505093 -0.54883003 -2.826684 1.6786559 1.1444455 0.13570827
2.1501067 -0.7629257 3.1364427 1.6446596 1.0365245 0.14751543
1.4164803 0.2770072 -2.7221496 1.704377 1.1523348 0.14332704
-1.5597897 -0.6318739 0.39491618 1.7495039 1.1749053 0.13688305

1.4565583 0.34437695 -2.7529643 1.6925967 0.85435545 0.14533152
2.2554595 1.1114075 -1.7833086 1.3934159 0.8450245 0.14152016
-1.8118331 -1.0778863 1.062951 1.4219396 0.9327131 0.1354639
-1.4874561 -1.135784 0.3709983 1.5630189 1.0367117 0.14335144
2.23068 0.0073131933 -2.4523442 1.67974 0.8709486 0.1346258
1.7546973 -0.23834942 -2.7168067 1.3991488 0.8599126 0.13332671
0.0 0.0 0.0 0.0 0.0 0.0

2.682392 0.026424382 0.9725952 -0.21480715 1.5785663 0.14706126
2.4714735 -0.44122487 -0.0012274812 -0.15166415 1.4794863 0.14646542
0.0 0.0 0.0 0.0 0.0 0.0
0.0 0.0 0.0 0.0 0.0 0.0
0.0 0.0 0.0 0.0 0.0 0.0
0.0 0.0 0.0 0.0 0.0 0.0
0.0 0.0 0.0 0.0 0.0 0.0

-1.5732902 0.7375344 0.79949325 1.5266615 0.9490505 0.1340777
0.0 0.0 0.0 0.0 0.0 0.0
0.0 0.0 0.0 0.0 0.0 0.0
0.0 0.0 0.0 0.0 0.0 0.0
0.0 0.0 0.0 0.0 0.0 0.0
0.0 0.0 0.0 0.0 0.0 0.0
0.0 0.0 0.0 0.0 0.0 0.0

2.5359697 1.0216062 0.6161736 1.3776144 1.3128229 0.13314007
0.0 0.0 0.0 0.0 0.0 0.0
0.0 0.0 0.0 0.0 0.0 0.0
0.0 0.0 0.0 0.0 0.0 0.0
0.0 0.0 0.0 0.0 0.0 0.0
0.0 0.0 0.0 0.0 0.0 0.0
0.0 0.0 0.0 0.0 0.0 0.0

1.9924428 -0.134673 -0.46801865 -0.025724577 1.4221878 0.14025593
-2.4333 -1.1725823 -1.7820978 0.5463982 1.4159114 0.14347142
-1.7477795 -1.0708467 -2.2811348 0.71880686 1.483358 0.13597944
0.0 0.0 0.0 0.0 0.0 0.0
0.0 0.0 0.0 0.0 0.0 0.0
0.0 0.0 0.0 0.0 0.0 0.0
0.0 0.0 0.0 0.0 0.0 0.0

2.082867 -0.92579484 -2.6072981 1.5411186 1.3777249 0.13098098
1.8793161 -0.13185123 0.004572623 1.7321755 0.9548933 0.14130878
0.0 0.0 0.0 0.0 0.0 0.0
0.0 0.0 0.0 0.0 0.0 0.0
0.0 0.0 0.0 0.0 0.0 0.0
0.0 0.0 0.0 0.0 0.0 0.0
0.0 0.0 0.0 0.0 0.0 0.0

-1.8582549 1.1067575 -0.78527457 0.9987151 1.1176599 0.13393265
1.8905512 0.16267937 2.4769409 1.3261013 0.8615308 0.1459297
0.0 0.0 0.0 0.0 0.0 0.0
0.0 0.0 0.0 0.0 0.0 0.0
0.0 0.0 0.0 0.0 0.0 0.0
0.0 0.0 0.0 0.0 0.0 0.0
0.0 0.0 0.0 0.0 0.0 0.0

-1.2578266 -0.32622862 -2.5071898 -0.092284516 1.4345523 0.14768335
1.648387 0.655874 0.49813387 -0.19252594 1.3257561 0.13023609
1.6621603 -0.6612758 1.0879976 0.031782005 1.5276144 0.13674945
-2.715458 0.838773 2.6856017 -0.19181053 1.515052 0.14743707
2.1134531 -0.7519874 0.30063695 -0.09446418 1.4023765 0.13041979
0.0 0.0 0.0 0.0 0.0 0.0
0.0 0.0 0.0 0.0 0.0 0.0

1.8423107 -0.21270528 -2.4630463 1.6302834 0.9911784 0.13726658
-2.150984 -0.87469107 1.3097737 1.6318295 0.9216008 0.14599212
1.7519337 0.22709164 -1.7226894 1.6109906 0.8313289 0.13602866
0.0 0.0 0.0 0.0 0.0 0.0
0.0 0.0 0.0 0.0 0.0 0.0
0.0 0.0 0.0 0.0 0.0 0.0
0.0 0.0 0.0 0.0 0.0 0.0

-1.9565758 0.9429867 0.1129789 1.6017325 1.0903271 0.14274946
1.7302228 0.42724115 -2.501282 1.4327244 0.88757867 0.14406453
-2.0598803 -0.45591578 0.7304236 1.567092 1.0321634 0.13697107
2.141673 0.06552162 -2.0940988 1.3974946 0.8269501 0.13456063
1.3299394 0.9461749 -2.8888884 1.6369588 1.0480261 0.14814033
-2.1994996 0.25084278 0.46896285 1.5259471 0.99231744 0.14664057
0.0 0.0 0.0 0.0 0.0 0.0

-2.0913634 -0.95169026 3.007325 1.6440129 1.3095523 0.13836607
-2.0257947 -0.37271303 2.3540654 1.5593574 1.4390512 0.14330824
2.0898733 0.3289531 -0.7736899 1.6394354 1.4465286 0.1380099
2.2467034 0.54718095 -0.5653893 1.6783192 1.3892248 0.14808004
-2.1508303 -0.4686578 2.2187219 1.6055222 1.4735485 0.1367494
-2.5084503 0.8572116 1.5081254 1.6736288 1.381818 0.13256402
0.0 0.0 0.0 0.0 0.0 0.0

-1.9231755 -0.79602987 2.331209 1.466585 1.459567 0.14975953
2.1470802 -0.54656845 -1.8566229 1.6547836 1.6269298 0.14020596
2.1559508 -0.5963451 -1.2406286 1.64915 1.4040072 0.14981796
2.373855 -0.22126575 -1.6435065 1.656908 1.4905807 0.14102153
0.0 0.0 0.0 0.0 0.0 0.0
0.0 0.0 0.0 0.0 0.0 0.0
0.0 0.0 0.0 0.0 0.0 0.0

2.4819512 -0.63668346 0.9003605 -0.10300456 1.278616 0.13601346
-2.3511996 -0.78499496 -1.3441793 -0.0062342314 0.9580146 0.14230515
0.0 0.0 0.0 0.0 0.0 0.0
0.0 0.0 0.0 0.0 0.0 0.0
0.0 0.0 0.0 0.0 0.0 0.0
0.0 0.0 0.0 0.0 0.0 0.0
0.0 0.0 0.0 0.0 0.0 0.0

1.5758207 0.9853917 -2.3650992 0.46761248 0.96544665 0.14919594
0.0 0.0 0.0 0.0 0.0 0.0
0.0 0.0 0.0 0.0 0.0 0.0
0.0 0.0 0.0 0.0 0.0 0.0
0.0 0.0 0.0 0.0 0.0 0.0
0.0 0.0 0.0 0.0 0.0 0.0
0.0 0.0 0.0 0.0 0.0 0.0

1.4251955 0.4562101 1.3790584 0.033825044 0.84119445 0.13369668
0.0 0.0 0.0 0.0 0.0 0.0
0.0 0.0 0.0 0.0 0.0 0.0
0.0 0.0 0.0 0.0 0.0 0.0
0.0 0.0 0.0 0.0 0.0 0.0
0.0 0.0 0.0 0.0 0.0 0.0
0.0 0.0 0.0 0.0 0.0 0.0

-1.9517475 -0.49459323 -0.17135485 0.5918353 0.9355638 0.13372327
0.0 0.0 0.0 0.0 0.0 0.0
0.0 0.0 0.0 0.0 0.0 0.0
0.0 0.0 0.0 0.0 0.0 0.0
0.0 0.0 0.0 0.0 0.0 0.0
0.0 0.0 0.0 0.0 0.0 0.0
0.0 0.0 0.0 0.0 0.0 0.0

2.774956 -0.6683738 -0.8971719 0.6410657 1.4096274 0.14708243
2.453571 0.9451475 1.6782155 0.9256784 1.4494609 0.14951095
0.0 0.0 0.0 0.0 0.0 0.0
0.0 0.0 0.0 0.0 0.0 0.0
0.0 0.0 0.0 0.0 0.0 0.0
0.0 0.0 0.0 0.0 0.0 0.0
0.0 0.0 0.0 0.0 0.0 0.0

2.154058 -1.0009888 -2.9905863 1.6159357 0.87469757 0.13106917
-1.6920621 1.0780766 0.5295647 1.6498066 0.98027223 0.14784539
1.7522821 1.1024804 -1.930095 1.5249614 0.836089 0.1357499
0.0 0.0 0.0 0.0 0.0 0.0
0.0 0.0 0.0 0.0 0.0 0.0
0.0 0.0 0.0 0.0 0.0 0.0
0.0 0.0 0.0 0.0 0.0 0.0

1.8663081 0.46705204 -0.6422039 1.5885398 1.2756245 0.14718959
-2.338387 0.52498406 1.4373282 1.5473552 1.646704 0.14768273
0.0 0.0 0.0 0.0 0.0 0.0
0.0 0.0 0.0 0.0 0.0 0.0
0.0 0.0 0.0 0.0 0.0 0.0
0.0 0.0 0.0 0.0 0.0 0.0
0.0 0.0 0.0 0.0 0.0 0.0

-2.08352 0.87243116 -3.0965595 -0.22691181 1.2956904 0.13818204
1.4085709 0.6348873 0.44003648 -0.21969078 1.2458392 0.14127406
0.0 0.0 0.0 0.0 0.0 0.0
0.0 0.0 0.0 0.0 0.0 0.0
0.0 0.0 0.0 0.0 0.0 0.0
0.0 0.0 0.0 0.0 0.0 0.0
0.0 0.0 0.0 0.0 0.0 0.0

-1.7554443 0.47704348 2.2165706 1.5116038 0.80657506 0.14323615
-1.9577326 0.40431494 1.7186537 1.4447005 0.98042035 0.13567027
0.0 0.0 0.0 0.0 0.0 0.0
0.0 0.0 0.0 0.0 0.0 0.0
0.0 0.0 0.0 0.0 0.0 0.0
0.0 0.0 0.0 0.0 0.0 0.0
0.0 0.0 0.0 0.0 0.0 0.0

-2.5800734 1.0657399 1.7871481 1.048935 1.5228693 0.1388714
0.0 0.0 0.0 0.0 0.0 0.0
0.0 0.0 0.0 0.0 0.0 0.0
0.0 0.0 0.0 0.0 0.0 0.0
0.0 0.0 0.0 0.0 0.0 0.0
0.0 0.0 0.0 0.0 0.0 0.0
0.0 0.0 0.0 0.0 0.0 0.0

-1.4408357 0.75758696 -2.55608 -0.15739898 1.3517181 0.14543393
-1.9160135 -0.68467057 -2.186367 -0.073056 1.4200917 0.13969827
-1.4176644 0.53260833 -2.1689205 -0.067585304 1.4766536 0.13712272
-1.7217416 0.20982376 -2.3301122 -0.09830385 1.3825829 0.13821976
2.4402766 -0.1270283 0.76708055 -0.10389397 1.649648 0.14878897
2.1890707 -1.0211678 0.56118983 -0.010703335 1.5032525 0.1304992
-2.6290653 1.1999998 3.0547936 -0.120721 1.501088 0.14662409

1.9916728 0.53172624 -2.3561263 0.9321398 0.9380368 0.13608368
2.092568 0.23100811 -2.4491441 0.9740516 1.0138736 0.14928627
1.6144501 0.71844083 -3.0911121 1.1499234 1.1229854 0.13766634
0.0 0.0 0.0 0.0 0.0 0.0
0.0 0.0 0.0 0.0 0.0 0.0
0.0 0.0 0.0 0.0 0.0 0.0
0.0 0.0 0.0 0.0 0.0 0.0

2.0730119 0.36629847 0.9647755 1.6835402 1.627125 0.14761192
0.0 0.0 0.0 0.0 0.0 0.0
0.0 0.0 0.0 0.0 0.0 0.0
0.0 0.0 0.0 0.0 0.0 0.0
0.0 0.0 0.0 0.0 0.0 0.0
0.0 0.0 0.0 0.0 0.0 0.0
0.0 0.0 0.0 0.0 0.0 0.0

2.7291157 0.98084205 -1.5262761 0.5234527 0.9829697 0.1412518
2.4578736 0.7554673 -2.2092283 0.56315035 0.9907116 0.13378048
0.0 0.0 0.0 0.0 0.0 0.0
0.0 0.0 0.0 0.0 0.0 0.0
0.0 0.0 0.0 0.0 0.0 0.0
0.0 0.0 0.0 0.0 0.0 0.0
0.0 0.0 0.0 0.0 0.0 0.0

-1.9175876 -0.796908 1.9892164 1.4124424 1.4814796 0.13882114
2.1525095 0.525124 -0.7013924 1.4908227 1.3878313 0.14329362
1.6167227 0.097667255 -0.9209448 1.6684258 1.0617884 0.13130718
2.0572152 -1.1689419 -1.4303584 1.5370868 1.1765994 0.14356984
2.1885154 0.81901884 -0.32230857 1.6471387 1.087301 0.1490269
1.7429115 0.26204142 -0.99107105 1.4866458 1.3290954 0.13986816
0.0 0.0 0.0 0.0 0.0 0.0

1.6341959 -0.35310972 2.3286464 1.743315 0.99578017 0.13176793
0.0 0.0 0.0 0.0 0.0 0.0
0.0 0.0 0.0 0.0 0.0 0.0
0.0 0.0 0.0 0.0 0.0 0.0
0.0 0.0 0.0 0.0 0.0 0.0
0.0 0.0 0.0 0.0 0.0 0.0
0.0 0.0 0.0 0.0 0.0 0.0

1.9473184 0.25440863 -0.5977959 1.6105878 1.3188295 0.1375502
-2.2257633 -0.51127833 2.1571329 1.4836559 1.2892646 0.1454495
0.0 0.0 0.0 0.0 0.0 0.0
0.0 0.0 0.0 0.0 0.0 0.0
0.0 0.0 0.0 0.0 0.0 0.0
0.0 0.0 0.0 0.0 0.0 0.0
0.0 0.0 0.0 0.0 0.0 0.0

-1.562463 -0.874989 -1.4376117 0.058826365 0.8394461 0.14912966
0.0 0.0 0.0 0.0 0.0 0.0
0.0 0.0 0.0 0.0 0.0 0.0
0.0 0.0 0.0 0.0 0.0 0.0
0.0 0.0 0.0 0.0 0.0 0.0
0.0 0.0 0.0 0.0 0.0 0.0
0.0 0.0 0.0 0.0 0.0 0.0

1.5920326 0.43920758 -1.9396322 1.5405225 0.9424278 0.1422521
0.0 0.0 0.0 0.0 0.0 0.0
0.0 0.0 0.0 0.0 0.0 0.0
0.0 0.0 0.0 0.0 0.0 0.0
0.0 0.0 0.0 0.0 0.0 0.0
0.0 0.0 0.0 0.0 0.0 0.0
0.0 0.0 0.0 0.0 0.0 0.0

-2.3744543 0.23975097 -2.9081178 0.39662334 1.5869483 0.13288774
0.0 0.0 0.0 0.0 0.0 0.0
0.0 0.0 0.0 0.0 0.0 0.0
0.0 0.0 0.0 0.0 0.0 0.0
0.0 0.0 0.0 0.0 0.0 0.0
0.0 0.0 0.0 0.0 0.0 0.0
0.0 0.0 0.0 0.0 0.0 0.0

1.6847697 0.33305362 -2.0391839 1.3249364 0.96805966 0.14779429
-2.072344 -1.2257475 0.8880025 1.4790174 1.133479 0.13833952
1.9776276 -0.6265624 -2.7213342 1.2645856 0.91960424 0.13704331
0.0 0.0 0.0 0.0 0.0 0.0
0.0 0.0 0.0 0.0 0.0 0.0
0.0 0.0 0.0 0.0 0.0 0.0
0.0 0.0 0.0 0.0 0.0 0.0

-1.8695353 -1.0643402 2.291846 1.4776064 1.3020927 0.1397252
2.341387 -0.28436348 -1.5582271 1.724662 1.5470228 0.1498094
0.0 0.0 0.0 0.0 0.0 0.0
0.0 0.0 0.0 0.0 0.0 0.0
0.0 0.0 0.0 0.0 0.0 0.0
0.0 0.0 0.0 0.0 0.0 0.0
0.0 0.0 0.0 0.0 0.0 0.0

-1.9319831 -0.35096943 -1.771013 0.0872988 1.6106889 0.14902386
-2.4389513 -1.06264 -1.0717922 -0.092939764 1.6505882 0.14723513
2.689422 -0.68736386 -0.014835566 -0.22186172 1.6442599 0.14921662
1.7529327 -0.42915586 1.1033869 -0.062752694 1.395364 0.13532467
0.0 0.0 0.0 0.0 0.0 0.0
0.0 0.0 0.0 0.0 0.0 0.0
0.0 0.0 0.0 0.0 0.0 0.0

2.0389347 0.0053537143 2.4818249 -0.20378487 0.8493588 0.13671649
-2.9584706 -0.50660825 0.2718626 -0.24179272 0.84368527 0.14826225
0.0 0.0 0.0 0.0 0.0 0.0
0.0 0.0 0.0 0.0 0.0 0.0
0.0 0.0 0.0 0.0 0.0 0.0
0.0 0.0 0.0 0.0 0.0 0.0
0.0 0.0 0.0 0.0 0.0 0.0

1.0622501 -0.65881956 0.19712743 1.593387 1.5210009 0.13525252
0.0 0.0 0.0 0.0 0.0 0.0
0.0 0.0 0.0 0.0 0.0 0.0
0.0 0.0 0.0 0.0 0.0 0.0
0.0 0.0 0.0 0.0 0.0 0.0
0.0 0.0 0.0 0.0 0.0 0.0
0.0 0.0 0.0 0.0 0.0 0.0

2.293154 0.9066659 -1.5059065 1.6100707 1.0652621 0.13935207
1.9659871 0.9478162 -2.0233493 1.5793724 1.3184788 0.1383039
-1.544139 -1.2309157 0.72691596 1.7078718 1.2439426 0.14570862
2.0358658 0.3614316 -1.878877 1.5097706 1.0913293 0.13531764
0.0 0.0 0.0 0.0 0.0 0.0
0.0 0.0 0.0 0.0 0.0 0.0
0.0 0.0 0.0 0.0 0.0 0.0

1.6351438 -0.4681726 -2.1855912 1.5434251 1.1373848 0.13477913
2.2955043 -0.9592796 -2.7768288 1.5950304 0.9056029 0.14897856
0.0 0.0 0.0 0.0 0.0 0.0
0.0 0.0 0.0 0.0 0.0 0.0
0.0 0.0 0.0 0.0 0.0 0.0
0.0 0.0 0.0 0.0 0.0 0.0
0.0 0.0 0.0 0.0 0.0 0.0

-2.6631775 -0.2834045 -1.7820699 -0.19890513 1.5653927 0.14868663
1.7596754 -0.02569087 0.052505165 -0.031210879 1.3290399 0.13496864
1.6303896 0.17318912 0.18589412 0.054253086 1.35899 0.1486662
-2.605404 -0.8346746 -1.6413823 0.057186328 1.5281875 0.13834345
0.0 0.0 0.0 0.0 0.0 0.0
0.0 0.0 0.0 0.0 0.0 0.0
0.0 0.0 0.0 0.0 0.0 0.0

-2.389295 -0.908905 -1.5263286 -0.018763997 1.4478195 0.13544117
1.292509 0.282458 0.5656276 -0.12959346 1.5319953 0.13153838
2.0878394 1.0540541 1.3511419 -0.010806955 1.4208966 0.14453673
1.679385 0.7664992 1.2614326 0.0837712 1.6331482 0.14601162
1.2573702 -0.18168923 1.6639296 -0.043066896 1.6214842 0.14932875
0.0 0.0 0.0 0.0 0.0 0.0
0.0 0.0 0.0 0.0 0.0 0.0

0.92155445 -0.13307947 0.4515168 1.5896704 1.4563622 0.14956999
-1.616132 -0.75830144 2.4170964 1.169081 1.5474449 0.13307407
0.0 0.0 0.0 0.0 0.0 0.0
0.0 0.0 0.0 0.0 0.0 0.0
0.0 0.0 0.0 0.0 0.0 0.0
0.0 0.0 0.0 0.0 0.0 0.0
0.0 0.0 0.0 0.0 0.0 0.0

-2.0512552 0.8375965 0.15533511 1.5807154 1.0566164 0.13501655
-2.5877278 -0.7694359 1.670572 1.5214056 0.824021 0.14344828
0.0 0.0 0.0 0.0 0.0 0.0
0.0 0.0 0.0 0.0 0.0 0.0
0.0 0.0 0.0 0.0 0.0 0.0
0.0 0.0 0.0 0.0 0.0 0.0
0.0 0.0 0.0 0.0 0.0 0.0

-1.9049716 -0.708285 -2.3856907 -0.06014245 1.567849 0.1497301
0.0 0.0 0.0 0.0 0.0 0.0
0.0 0.0 0.0 0.0 0.0 0.0
0.0 0.0 0.0 0.0 0.0 0.0
0.0 0.0 0.0 0.0 0.0 0.0
0.0 0.0 0.0 0.0 0.0 0.0
0.0 0.0 0.0 0.0 0.0 0.0

2.4853315 -0.004000784 2.1110466 -0.049063236 0.8736957 0.14141005
1.810074 -1.0019406 2.31814 -0.045726273 1.0424489 0.14029826
2.5646906 1.3203249 -2.734739 -0.058302913 1.0492738 0.14330539
0.0 0.0 0.0 0.0 0.0 0.0
0.0 0.0 0.0 0.0 0.0 0.0
0.0 0.0 0.0 0.0 0.0 0.0
0.0 0.0 0.0 0.0 0.0 0.0

1.273596 0.8066245 2.6859345 0.04663342 1.0975617 0.14568724
0.0 0.0 0.0 0.0 0.0 0.0
0.0 0.0 0.0 0.0 0.0 0.0
0.0 0.0 0.0 0.0 0.0 0.0
0.0 0.0 0.0 0.0 0.0 0.0
0.0 0.0 0.0 0.0 0.0 0.0
0.0 0.0 0.0 0.0 0.0 0.0

-1.7657725 -0.6207787 0.8734085 1.4303527 0.8702395 0.14727123
0.0 0.0 0.0 0.0 0.0 0.0
0.0 0.0 0.0 0.0 0.0 0.0
0.0 0.0 0.0 0.0 0.0 0.0
0.0 0.0 0.0 0.0 0.0 0.0
0.0 0.0 0.0 0.0 0.0 0.0
0.0 0.0 0.0 0.0 0.0 0.0

-2.7676008 0.8083859 -0.53640515 1.5721303 0.9081883 0.13433576
-2.3621562 -1.1229484 1.4070575 1.4987731 1.0014272 0.14816444
-2.64547 -0.85776836 1.13322 1.746626 0.9490555 0.14875828
0.0 0.0 0.0 0.0 0.0 0.0
0.0 0.0 0.0 0.0 0.0 0.0
0.0 0.0 0.0 0.0 0.0 0.0
0.0 0.0 0.0 0.0 0.0 0.0

2.8125484 -0.15463787 1.091202 -0.18050592 1.0496116 0.13870546
-1.3859792 0.9066382 -0.70445395 -0.120682836 1.2722647 0.1332615
0.0 0.0 0.0 0.0 0.0 0.0
0.0 0.0 0.0 0.0 0.0 0.0
0.0 0.0 0.0 0.0 0.0 0.0
0.0 0.0 0.0 0.0 0.0 0.0
0.0 0.0 0.0 0.0 0.0 0.0

-1.6446242 -0.36457995 -0.98422474 0.15046519 0.9043956 0.14259358
0.0 0.0 0.0 0.0 0.0 0.0
0.0 0.0 0.0 0.0 0.0 0.0
0.0 0.0 0.0 0.0 0.0 0.0
0.0 0.0 0.0 0.0 0.0 0.0
0.0 0.0 0.0 0.0 0.0 0.0
0.0 0.0 0.0 0.0 0.0 0.0

-1.2456778 0.61377233 -2.6653256 -0.15105264 1.3829639 0.1487282
-2.876813 1.1089033 2.4237578 -0.022960551 1.5291393 0.14734498
1.5575238 0.3636245 0.3162443 0.06657218 1.5286202 0.13271971
0.0 0.0 0.0 0.0 0.0 0.0
0.0 0.0 0.0 0.0 0.0 0.0
0.0 0.0 0.0 0.0 0.0 0.0
0.0 0.0 0.0 0.0 0.0 0.0

1.3507801 -0.6786094 -0.508983 0.7336861 1.6173971 0.13428898
0.0 0.0 0.0 0.0 0.0 0.0
0.0 0.0 0.0 0.0 0.0 0.0
0.0 0.0 0.0 0.0 0.0 0.0
0.0 0.0 0.0 0.0 0.0 0.0
0.0 0.0 0.0 0.0 0.0 0.0
0.0 0.0 0.0 0.0 0.0 0.0

2.4078445 0.012264151 2.6520362 1.7435626 1.1073673 0.14784451
-2.2365248 -0.3139165 1.8741199 1.4995874 0.84942424 0.13237454
-2.1907277 -0.42260092 1.7521576 1.5933559 0.9106486 0.14043906
0.0 0.0 0.0 0.0 0.0 0.0
0.0 0.0 0.0 0.0 0.0 0.0
0.0 0.0 0.0 0.0 0.0 0.0
0.0 0.0 0.0 0.0 0.0 0.0

2.6318855 -0.3717 -1.7116144 1.6830268 1.6333648 0.14628688
2.624508 0.7089935 0.50518215 1.7269187 1.4405392 0.14829342
-1.4713875 0.9823252 2.1041138 1.461002 1.6169807 0.13996649
0.0 0.0 0.0 0.0 0.0 0.0
0.0 0.0 0.0 0.0 0.0 0.0
0.0 0.0 0.0 0.0 0.0 0.0
0.0 0.0 0.0 0.0 0.0 0.0

-2.7919846 0.7867906 2.95635 -0.11341956 1.6507136 0.13493851
2.5709453 -0.509276 0.06186885 -0.20219555 1.6407316 0.14490528
2.1657765 -0.1586214 0.332728 -0.22944188 1.6393552 0.13960312
2.0575652 -0.5840128 0.20384994 -0.22572431 1.3680861 0.13025756
0.0 0.0 0.0 0.0 0.0 0.0
0.0 0.0 0.0 0.0 0.0 0.0
0.0 0.0 0.0 0.0 0.0 0.0

1.5506126 0.17128758 0.6074861 1.512937 1.4757147 0.14949317
-1.488695 1.2392784 -2.7800546 1.5630258 1.2758034 0.1461088
-1.7855195 0.6060881 -3.0893416 1.4672725 1.4313432 0.14374317
-2.0750537 -0.85546374 -2.8620155 1.1697613 1.3113108 0.14409727
0.91786045 -0.16194367 1.1564152 1.4677762 1.4911414 0.14310038
0.0 0.0 0.0 0.0 0.0 0.0
0.0 0.0 0.0 0.0 0.0 0.0

2.3691611 -1.1645027 -0.939141 1.3095866 1.2908047 0.1372904
0.0 0.0 0.0 0.0 0.0 0.0
0.0 0.0 0.0 0.0 0.0 0.0
0.0 0.0 0.0 0.0 0.0 0.0
0.0 0.0 0.0 0.0 0.0 0.0
0.0 0.0 0.0 0.0 0.0 0.0
0.0 0.0 0.0 0.0 0.0 0.0

2.0050898 -0.45925143 0.0002724906 0.98114413 1.3207645 0.14562897
0.0 0.0 0.0 0.0 0.0 0.0
0.0 0.0 0.0 0.0 0.0 0.0
0.0 0.0 0.0 0.0 0.0 0.0
0.0 0.0 0.0 0.0 0.0 0.0
0.0 0.0 0.0 0.0 0.0 0.0
0.0 0.0 0.0 0.0 0.0 0.0

-1.9372698 -0.937515 -0.6517531 0.055668954 0.8296749 0.14792347
2.403425 0.23894916 -2.3061576 -0.22790922 0.85707045 0.1482458
0.0 0.0 0.0 0.0 0.0 0.0
0.0 0.0 0.0 0.0 0.0 0.0
0.0 0.0 0.0 0.0 0.0 0.0
0.0 0.0 0.0 0.0 0.0 0.0
0.0 0.0 0.0 0.0 0.0 0.0

2.7854576 0.92642504 -2.679988 -0.17681 1.058335 0.14792204
-2.6587102 -0.7594691 0.025837293 -0.14991142 0.8764368 0.13912457
-2.0166562 0.83642346 -1.4207135 0.025394592 0.8518099 0.1452322
1.5028737 -0.7531068 2.6307402 -0.23325126 1.1472034 0.14383243
0.0 0.0 0.0 0.0 0.0 0.0
0.0 0.0 0.0 0.0 0.0 0.0
0.0 0.0 0.0 0.0 0.0 0.0

2.4436934 -0.29168406 -1.7819476 1.4544766 1.6130866 0.1315184
1.6555358 -0.6555088 -0.083636254 1.5961723 1.3911635 0.13463646
-2.0423107 0.4531017 2.3790529 1.365852 1.5309845 0.14314766
-1.9896226 -0.6542743 2.83557 1.402991 1.5756377 0.13618973
0.0 0.0 0.0 0.0 0.0 0.0
0.0 0.0 0.0 0.0 0.0 0.0
0.0 0.0 0.0 0.0 0.0 0.0

2.4526236 0.9637553 -3.1200159 -0.041870374 1.018824 0.13210264
2.2864993 0.24954666 2.707496 -0.09524353 0.8623425 0.13186781
-2.319421 0.16172792 -0.7342876 -0.21992274 1.0932369 0.13757028
1.9558159 1.0457675 2.8945246 -0.18413082 1.1291016 0.13396508
0.0 0.0 0.0 0.0 0.0 0.0
0.0 0.0 0.0 0.0 0.0 0.0
0.0 0.0 0.0 0.0 0.0 0.0

2.7967927 -0.9300901 -0.49710333 1.5227457 1.5817143 0.13075435
1.9261019 0.5705577 0.85721946 1.5670022 1.4726716 0.13434908
0.0 0.0 0.0 0.0 0.0 0.0
0.0 0.0 0.0 0.0 0.0 0.0
0.0 0.0 0.0 0.0 0.0 0.0
0.0 0.0 0.0 0.0 0.0 0.0
0.0 0.0 0.0 0.0 0.0 0.0

2.0525377 0.48727226 0.273464 1.5819765 1.3791451 0.13984938
1.3423455 0.49009603 -1.089207 1.4483078 1.454447 0.14941297
-2.125721 -0.54578847 2.7209678 1.3324484 1.5081334 0.13248268
2.5531836 -0.84258336 -1.3556548 1.395347 1.4916362 0.13802844
-2.235289 1.2036213 1.8106462 1.4072634 1.6029656 0.14987856
-2.1407645 -0.58831936 -2.9181905 1.6879673 1.4881573 0.13627961
1.8223406 0.9368124 0.06424796 1.6438422 1.2827027 0.14482395

-1.8833418 -1.2869942 2.0163739 1.3511516 1.4443171 0.1415261
1.7919543 -1.0544305 -1.3618877 1.4676211 1.145292 0.13606712
0.0 0.0 0.0 0.0 0.0 0.0
0.0 0.0 0.0 0.0 0.0 0.0
0.0 0.0 0.0 0.0 0.0 0.0
0.0 0.0 0.0 0.0 0.0 0.0
0.0 0.0 0.0 0.0 0.0 0.0

1.4877995 -0.39112574 2.7449236 -0.091296 1.09633 0.14394619
1.4847233 0.10266411 2.128216 -0.10126427 1.055846 0.14481741
-2.4184473 0.5847747 -1.1358216 0.0018364346 0.96281844 0.14783031
1.506834 -0.42848742 -3.0998487 -0.24191065 1.1277211 0.13805944
0.0 0.0 0.0 0.0 0.0 0.0
0.0 0.0 0.0 0.0 0.0 0.0
0.0 0.0 0.0 0.0 0.0 0.0

1.5216755 -0.5737699 -0.5529788 1.6268424 1.4727106 0.13743731
1.77566 0.22877792 -0.37128085 1.5518856 1.6307194 0.13346161
-1.5262179 0.45457685 2.2875798 1.6367637 1.4918872 0.13489042
0.0 0.0 0.0 0.0 0.0 0.0
0.0 0.0 0.0 0.0 0.0 0.0
0.0 0.0 0.0 0.0 0.0 0.0
0.0 0.0 0.0 0.0 0.0 0.0

2.214225 -0.039141327 -1.3970957 1.5365763 1.1029975 0.13958535
0.0 0.0 0.0 0.0 0.0 0.0
0.0 0.0 0.0 0.0 0.0 0.0
0.0 0.0 0.0 0.0 0.0 0.0
0.0 0.0 0.0 0.0 0.0 0.0
0.0 0.0 0.0 0.0 0.0 0.0
0.0 0.0 0.0 0.0 0.0 0.0

-1.5155195 -1.1296347 1.0604297 1.4849106 0.92183554 0.14991044
-1.3743067 1.0445441 1.1343877 1.5213135 0.9462433 0.13889994
2.460519 -0.58479685 -2.8332007 1.74157 0.8197001 0.1434799
0.0 0.0 0.0 0.0 0.0 0.0
0.0 0.0 0.0 0.0 0.0 0.0
0.0 0.0 0.0 0.0 0.0 0.0
0.0 0.0 0.0 0.0 0.0 0.0

1.3987037 -0.445701 -2.943877 1.4940814 1.1962029 0.14250505
0.0 0.0 0.0 0.0 0.0 0.0
0.0 0.0 0.0 0.0 0.0 0.0
0.0 0.0 0.0 0.0 0.0 0.0
0.0 0.0 0.0 0.0 0.0 0.0
0.0 0.0 0.0 0.0 0.0 0.0
0.0 0.0 0.0 0.0 0.0 0.0

2.1685705 -0.3541805 -0.4132196 1.7217067 1.3917339 0.14440975
0.0 0.0 0.0 0.0 0.0 0.0
0.0 0.0 0.0 0.0 0.0 0.0
0.0 0.0 0.0 0.0 0.0 0.0
0.0 0.0 0.0 0.0 0.0 0.0
0.0 0.0 0.0 0.0 0.0 0.0
0.0 0.0 0.0 0.0 0.0 0.0

2.764831 -0.97041404 1.4431611 -0.04463246 0.8829879 0.14086676
0.0 0.0 0.0 0.0 0.0 0.0
0.0 0.0 0.0 0.0 0.0 0.0
0.0 0.0 0.0 0.0 0.0 0.0
0.0 0.0 0.0 0.0 0.0 0.0
0.0 0.0 0.0 0.0 0.0 0.0
0.0 0.0 0.0 0.0 0.0 0.0

1.4644564 1.0605417 -2.4499717 1.6440526 0.8787846 0.1363855
0.7023556 1.2426184 3.1301033 1.5985805 0.89774245 0.13339289
0.0 0.0 0.0 0.0 0.0 0.0
0.0 0.0 0.0 0.0 0.0 0.0
0.0 0.0 0.0 0.0 0.0 0.0
0.0 0.0 0.0 0.0 0.0 0.0
0.0 0.0 0.0 0.0 0.0 0.0

-2.02016 0.19303775 -2.569544 -0.18069942 1.564594 0.13657011
-2.0932198 0.21906339 -2.4336994 -0.16809335 1.5978763 0.13965693
1.5370815 -0.4160023 1.1102233 -0.14801273 1.5380678 0.1412264
0.0 0.0 0.0 0.0 0.0 0.0
0.0 0.0 0.0 0.0 0.0 0.0
0.0 0.0 0.0 0.0 0.0 0.0
0.0 0.0 0.0 0.0 0.0 0.0

-2.3854883 -0.34408313 -2.0617409 -0.24063984 1.6396947 0.14378735
-2.6277635 1.0642146 3.0379245 -0.07708329 1.6167194 0.14588678
1.3923799 -0.4572935 1.0866797 -0.10412936 1.5889693 0.14109117
0.0 0.0 0.0 0.0 0.0 0.0
0.0 0.0 0.0 0.0 0.0 0.0
0.0 0.0 0.0 0.0 0.0 0.0
0.0 0.0 0.0 0.0 0.0 0.0

2.7665985 0.8422074 -0.5011006 1.5371715 1.5105745 0.13151462
1.7175852 0.13183966 -1.1959716 1.5786766 1.5688425 0.1436762
1.7405814 -0.50813025 -1.5301442 1.4062785 1.4726117 0.13913564
-1.9874003 1.2420566 0.9990982 1.3769314 1.6258864 0.13645324
0.0 0.0 0.0 0.0 0.0 0.0
0.0 0.0 0.0 0.0 0.0 0.0
0.0 0.0 0.0 0.0 0.0 0.0

2.4268718 -0.65022546 0.96597284 -0.15948002 0.9234739 0.1385721
0.0 0.0 0.0 0.0 0.0 0.0
0.0 0.0 0.0 0.0 0.0 0.0
0.0 0.0 0.0 0.0 0.0 0.0
0.0 0.0 0.0 0.0 0.0 0.0
0.0 0.0 0.0 0.0 0.0 0.0
0.0 0.0 0.0 0.0 0.0 0.0

2.1227348 0.14050733 -0.17035191 1.5966756 1.471765 0.13727851
2.6135302 0.21313018 -0.2519846 1.5541689 1.6464767 0.14411426
2.0089786 -1.0519706 -1.1838038 1.3275194 1.5586466 0.14418101
2.0233934 0.328206 -1.0068103 1.3248038 1.6212186 0.13141641
-1.5977259 -1.2677919 2.214732 1.3717021 1.5933865 0.14628518
0.0 0.0 0.0 0.0 0.0 0.0
0.0 0.0 0.0 0.0 0.0 0.0

-2.1629872 -0.3329973 2.3733244 1.5393635 1.5631771 0.13713013
-2.0605586 0.39531723 2.4055867 1.6429305 1.4254533 0.1473729
2.0773618 -0.71817464 -1.1916884 1.494089 1.615086 0.14342925
2.2226567 1.3340292 -0.15847193 1.6641333 1.5612912 0.13151053
0.0 0.0 0.0 0.0 0.0 0.0
0.0 0.0 0.0 0.0 0.0 0.0
0.0 0.0 0.0 0.0 0.0 0.0

1.8562343 -0.4594608 2.1597176 -0.16888943 0.9745245 0.13835436
2.0460382 -0.13040535 1.70069 -0.025801618 0.8067927 0.14444394
1.5612034 -0.26394644 2.4762197 -0.17721142 1.0205699 0.13133374
2.1447845 -0.22586635 2.196137 -0.19996895 0.96519095 0.13612267
-1.7348279 -0.4980317 -0.64677685 -0.0956477 0.9645522 0.13708358
-2.4259346 -1.0134817 0.3177232 -0.21625566 1.0459789 0.14026141
2.1049037 -0.7707657 2.2441554 -0.2267574 0.98136526 0.13480091

2.160036 -0.65607834 1.7770047 0.06749758 0.9211908 0.14350575
1.8172525 0.9221838 2.0562625 0.09817746 0.8940077 0.13872279
-2.0562758 -0.2271913 -0.78340393 -0.003181046 1.0122662 0.14256857
0.0 0.0 0.0 0.0 0.0 0.0
0.0 0.0 0.0 0.0 0.0 0.0
0.0 0.0 0.0 0.0 0.0 0.0
0.0 0.0 0.0 0.0 0.0 0.0

-2.2156029 -0.51663387 -0.5052446 -0.0017749843 0.84779364 0.14596018
0.0 0.0 0.0 0.0 0.0 0.0
0.0 0.0 0.0 0.0 0.0 0.0
0.0 0.0 0.0 0.0 0.0 0.0
0.0 0.0 0.0 0.0 0.0 0.0
0.0 0.0 0.0 0.0 0.0 0.0
0.0 0.0 0.0 0.0 0.0 0.0

-2.0956032 -0.9091614 2.9352298 1.5800077 1.4457698 0.13551737
0.0 0.0 0.0 0.0 0.0 0.0
0.0 0.0 0.0 0.0 0.0 0.0
0.0 0.0 0.0 0.0 0.0 0.0
0.0 0.0 0.0 0.0 0.0 0.0
0.0 0.0 0.0 0.0 0.0 0.0
0.0 0.0 0.0 0.0 0.0 0.0

2.5855448 0.77420765 -1.1454955 1.5471933 0.97779065 0.13458504
-2.0682487 0.83039844 0.86145914 1.4437889 1.0585707 0.13871802
-1.5613354 -0.3257294 0.83296967 1.6990209 1.0277699 0.13160399
0.0 0.0 0.0 0.0 0.0 0.0
0.0 0.0 0.0 0.0 0.0 0.0
0.0 0.0 0.0 0.0 0.0 0.0
0.0 0.0 0.0 0.0 0.0 0.0

-1.9617763 1.1523082 -0.88047427 -0.10895354 1.0594915 0.13298716
0.0 0.0 0.0 0.0 0.0 0.0
0.0 0.0 0.0 0.0 0.0 0.0
0.0 0.0 0.0 0.0 0.0 0.0
0.0 0.0 0.0 0.0 0.0 0.0
0.0 0.0 0.0 0.0 0.0 0.0
0.0 0.0 0.0 0.0 0.0 0.0

1.7483013 0.6271677 -0.79152054 1.6119459 1.5520791 0.13112575
0.0 0.0 0.0 0.0 0.0 0.0
0.0 0.0 0.0 0.0 0.0 0.0
0.0 0.0 0.0 0.0 0.0 0.0
0.0 0.0 0.0 0.0 0.0 0.0
0.0 0.0 0.0 0.0 0.0 0.0
0.0 0.0 0.0 0.0 0.0 0.0

1.4872143 1.1033136 2.0683846 -0.028539743 0.93919486 0.14816374
-2.1421824 -1.1459335 -0.28584868 -0.08449784 1.0814395 0.1472916
-0.7524006 1.4272268 0.039170086 -0.13570777 1.0773096 0.13964547
-2.023007 1.2616953 -1.3564808 5.8842732e-05 0.9543895 0.14626376
2.0149117 0.0712678 2.452544 -0.09537341 0.9240297 0.14260575
1.610785 -0.78311014 2.5896192 -0.13623194 1.0037712 0.13358098
0.0 0.0 0.0 0.0 0.0 0.0

1.7031645 0.4640434 -2.25757 -0.20790409 1.0431995 0.14571096
0.0 0.0 0.0 0.0 0.0 0.0
0.0 0.0 0.0 0.0 0.0 0.0
0.0 0.0 0.0 0.0 0.0 0.0
0.0 0.0 0.0 0.0 0.0 0.0
0.0 0.0 0.0 0.0 0.0 0.0
0.0 0.0 0.0 0.0 0.0 0.0

2.6367447 -0.752478 2.80086 1.2783073 0.9023826 0.13942604
0.0 0.0 0.0 0.0 0.0 0.0
0.0 0.0 0.0 0.0 0.0 0.0
0.0 0.0 0.0 0.0 0.0 0.0
0.0 0.0 0.0 0.0 0.0 0.0
0.0 0.0 0.0 0.0 0.0 0.0
0.0 0.0 0.0 0.0 0.0 0.0

-2.3700542 0.8455253 -0.06263193 1.4031563 0.856165 0.14345773
0.0 0.0 0.0 0.0 0.0 0.0
0.0 0.0 0.0 0.0 0.0 0.0
0.0 0.0 0.0 0.0 0.0 0.0
0.0 0.0 0.0 0.0 0.0 0.0
0.0 0.0 0.0 0.0 0.0 0.0
0.0 0.0 0.0 0.0 0.0 0.0

1.7025113 -0.28527293 -0.3342047 1.6886213 0.8195119 0.1459116
-2.4375446 0.95950454 1.7774274 1.7186155 0.89497596 0.14090864
2.210733 -0.052814554 -2.1150746 1.4832554 1.4145614 0.14304055
0.0 0.0 0.0 0.0 0.0 0.0
0.0 0.0 0.0 0.0 0.0 0.0
0.0 0.0 0.0 0.0 0.0 0.0
0.0 0.0 0.0 0.0 0.0 0.0

-2.298101 -0.6277348 -0.31942925 -0.16865985 1.6120918 0.13991916
0.0 0.0 0.0 0.0 0.0 0.0
0.0 0.0 0.0 0.0 0.0 0.0
0.0 0.0 0.0 0.0 0.0 0.0
0.0 0.0 0.0 0.0 0.0 0.0
0.0 0.0 0.0 0.0 0.0 0.0
0.0 0.0 0.0 0.0 0.0 0.0

2.669804 0.24762131 -0.78144366 1.5714611 1.3474263 0.13649009
2.636166 -0.03809845 -3.1003277 1.6739745 1.5148323 0.14747874
0.0 0.0 0.0 0.0 0.0 0.0
0.0 0.0 0.0 0.0 0.0 0.0
0.0 0.0 0.0 0.0 0.0 0.0
0.0 0.0 0.0 0.0 0.0 0.0
0.0 0.0 0.0 0.0 0.0 0.0

1.4247402 -1.3733504 0.60341823 0.97825676 1.3634835 0.14995536
0.0 0.0 0.0 0.0 0.0 0.0
0.0 0.0 0.0 0.0 0.0 0.0
0.0 0.0 0.0 0.0 0.0 0.0
0.0 0.0 0.0 0.0 0.0 0.0
0.0 0.0 0.0 0.0 0.0 0.0
0.0 0.0 0.0 0.0 0.0 0.0

-2.0205295 0.51413864 -1.2550687 -0.049605515 0.826874 0.14357316
1.7155123 -0.3624367 2.1951046 0.029286839 0.89756566 0.13607548
-1.7391359 0.9389163 -0.78055626 -0.17632924 1.028872 0.14240155
1.7888159 -0.28482896 1.6436411 -0.054688666 0.86634344 0.1456806
2.4048722 0.51219875 2.9450176 -0.15442 0.9776933 0.14090282
-1.8717437 -0.5872214 -0.33421686 -0.21420154 1.080413 0.14491387
0.0 0.0 0.0 0.0 0.0 0.0

2.848088 -0.39898226 -0.77222914 1.4644965 1.5372685 0.14259113
0.0 0.0 0.0 0.0 0.0 0.0
0.0 0.0 0.0 0.0 0.0 0.0
0.0 0.0 0.0 0.0 0.0 0.0
0.0 0.0 0.0 0.0 0.0 0.0
0.0 0.0 0.0 0.0 0.0 0.0
0.0 0.0 0.0 0.0 0.0 0.0

2.1731334 -0.6282097 -0.6048124 -0.17550468 1.4085414 0.14510372
-2.2717583 -0.44674286 3.062411 -0.053268265 1.4296885 0.13091137
0.0 0.0 0.0 0.0 0.0 0.0
0.0 0.0 0.0 0.0 0.0 0.0
0.0 0.0 0.0 0.0 0.0 0.0
0.0 0.0 0.0 0.0 0.0 0.0
0.0 0.0 0.0 0.0 0.0 0.0

2.2192628 0.5676967 1.7657864 -0.04031804 0.99109095 0.14674716
1.3886912 -0.10896661 2.5426672 -0.051341753 1.5421083 0.13173608
1.5377238 0.121051475 1.800811 -0.16445081 1.4670169 0.14859717
2.5583987 0.85205466 2.1332705 -0.22185351 1.1560111 0.14485072
0.0 0.0 0.0 0.0 0.0 0.0
0.0 0.0 0.0 0.0 0.0 0.0
0.0 0.0 0.0 0.0 0.0 0.0

2.3004954 0.4518368 3.0409758 -0.16220096 1.3764 0.1396952
0.0 0.0 0.0 0.0 0.0 0.0
0.0 0.0 0.0 0.0 0.0 0.0
0.0 0.0 0.0 0.0 0.0 0.0
0.0 0.0 0.0 0.0 0.0 0.0
0.0 0.0 0.0 0.0 0.0 0.0
0.0 0.0 0.0 0.0 0.0 0.0

